MA01404 2020052400 0018 0019 0123 9999 9999 0072 0187              
MA01421 2020052400 0018 0047 0136 9999 9999 0089 0198              
MA01427 2020052400 0018 0044 0156 9999 9999 9999 0242              
MA01428 2020052400 0018 0026 0118 0099 0044 0078 0161              
MA01430 2020052400 0018 0099 0119 0104 0041 0089 0165              
MA01440 2020052400 0018 0011 0149 9999 9999 9999 0190              
MA01445 2020052400 0018 9999 0134 9999 9999 0042 0176              
MA01404 2020052500 0018 0000 0146 9999 9999 0055 0201              
MA01421 2020052500 0018 0000 0146 9999 9999 0058 0194              
MA01427 2020052500 0018 0000 0169 9999 9999 9999 0234              
MA01428 2020052500 0018 0000 0121 0359 0043 0043 0149              
MA01430 2020052500 0018 0000 0123 0343 0031 0045 0149              
MA01440 2020052500 0018 0001 0164 9999 9999 9999 0213              
MA01445 2020052500 0018 9999 0130 9999 9999 0049 0160              
MA01404 2020052600 0018 0070 0113 9999 9999 0058 0164              
MA01421 2020052600 0018 0001 0113 9999 9999 0079 0172              
MA01427 2020052600 0018 0002 0135 9999 9999 9999 0202              
MA01428 2020052600 0018 0002 0081 0032 0055 0070 0121              
MA01430 2020052600 0018 0001 0082 0027 0023 0069 0129              
MA01440 2020052600 0018 0045 0126 9999 9999 9999 0171              
MA01445 2020052600 0018 9999 0086 9999 9999 0079 0141              
MA01404 2020052700 0018 0000 0120 9999 9999 0061 0176              
MA01421 2020052700 0018 0024 0116 9999 9999 0077 0163              
MA01427 2020052700 0018 0018 0137 9999 9999 9999 0193              
MA01428 2020052700 0018 0006 0091 0049 0051 0072 0112              
MA01430 2020052700 0018 0019 0088 0050 0030 0074 0109              
MA01440 2020052700 0018 0000 0137 9999 9999 9999 0172              
MA01445 2020052700 0018 9999 0097 9999 9999 0072 0126              
MA01404 2020052800 0018 0000 0137 9999 9999 0056 0190              
MA01421 2020052800 0018 0001 0139 9999 9999 0068 0183              
MA01427 2020052800 0018 0000 0163 9999 9999 9999 0221              
MA01428 2020052800 0018 0000 0119 0067 0012 0055 0136              
MA01430 2020052800 0018 0000 0113 0051 0005 0056 0145              
MA01440 2020052800 0018 0000 0160 9999 9999 9999 0198              
MA01445 2020052800 0018 9999 0114 9999 9999 0062 0150              
MA01404 2020052900 0018 1563 0089 9999 9999 0094 0119              
MA01421 2020052900 0018 0000 0094 9999 9999 0098 0148              
MA01427 2020052900 0018 0332 0123 9999 9999 9999 0175              
MA01428 2020052900 0018 0008 0076 0122 0040 0088 0116              
MA01430 2020052900 0018 0021 0074 0115 0043 0087 0110              
MA01440 2020052900 0018 0045 0112 9999 9999 9999 0116              
MA01445 2020052900 0018 9999 0078 9999 9999 0089 0113              
MA01404 2020053000 0018 0189 0107 9999 9999 0080 0168              
MA01421 2020053000 0018 0095 0107 9999 9999 0100 0155              
MA01427 2020053000 0018 0027 0134 9999 9999 9999 0192              
MA01428 2020053000 0018 0049 0092 0094 0051 0086 0104              
MA01430 2020053000 0018 0082 0086 0090 0039 0089 0103              
MA01440 2020053000 0018 0061 0118 9999 9999 9999 0163              
MA01445 2020053000 0018 9999 0098 9999 9999 0086 0117              
MA01404 2020053100 0018 0023 0113 9999 9999 0074 0181              
MA01421 2020053100 0018 0001 0121 9999 9999 0090 0165              
MA01427 2020053100 0018 0064 0142 9999 9999 9999 0195              
MA01428 2020053100 0018 0048 0098 0328 0019 0079 0120              
MA01430 2020053100 0018 0043 0100 0327 0021 0074 0116              
MA01440 2020053100 0018 0083 0142 9999 9999 9999 0172              
MA01445 2020053100 0018 9999 0109 9999 9999 0092 0137              
MA01404 2020060100 0018 0028 0127 9999 9999 0076 0181              
MA01421 2020060100 0018 0002 0126 9999 9999 0088 0174              
MA01427 2020060100 0018 0000 0149 9999 9999 9999 0188              
MA01428 2020060100 0018 0000 0105 0054 0033 0087 0127              
MA01430 2020060100 0018 0004 0099 0048 0018 0097 0134              
MA01440 2020060100 0018 0002 0153 9999 9999 9999 0192              
MA01445 2020060100 0018 9999 0115 9999 9999 0084 0133              
MA01404 2020060200 0018 0000 0157 9999 9999 0066 0209              
MA01421 2020060200 0018 0004 0157 9999 9999 0087 0199              
MA01427 2020060200 0018 0000 0180 9999 9999 9999 0231              
MA01428 2020060200 0018 0002 0141 0021 0033 0073 0150              
MA01430 2020060200 0018 0001 0126 0008 0022 0081 0149              
MA01440 2020060200 0018 0051 0180 9999 9999 9999 0215              
MA01445 2020060200 0018 9999 0142 9999 9999 0077 0168              
MA01404 2020060300 0018 0047 0159 9999 9999 0061 0212              
MA01421 2020060300 0018 0036 0170 9999 9999 0064 0223              
MA01427 2020060300 0018 0011 0169 9999 9999 9999 0251              
MA01428 2020060300 0018 0022 0139 0234 0067 0074 0169              
MA01430 2020060300 0018 0019 0141 0246 0048 0071 0172              
MA01440 2020060300 0018 0002 0169 9999 9999 9999 0221              
MA01445 2020060300 0018 9999 0163 9999 9999 0057 0185              
MA01404 2020060400 0018 0011 0149 9999 9999 0083 0193              
MA01421 2020060400 0018 0001 0162 9999 9999 0074 0214              
MA01427 2020060400 0018 0004 0169 9999 9999 9999 0252              
MA01428 2020060400 0018 0000 0135 0208 0105 0087 0175              
MA01430 2020060400 0018 0000 0138 0215 0074 0085 0186              
MA01440 2020060400 0018 0033 0157 9999 9999 9999 0185              
MA01445 2020060400 0018 9999 0151 9999 9999 0079 0180              
MA01404 2020060500 0018 0812 0138 9999 9999 0082 0190              
MA01421 2020060500 0018 0050 0143 9999 9999 0078 0198              
MA01427 2020060500 0018 0089 0160 9999 9999 9999 0226              
MA01428 2020060500 0018 0050 0112 0231 0034 0075 0150              
MA01430 2020060500 0018 0041 0115 0257 0026 0073 0151              
MA01440 2020060500 0018 0006 0154 9999 9999 9999 0188              
MA01445 2020060500 0018 9999 0128 9999 9999 0071 0169              
MA01404 2020060600 0018 0000 0170 9999 9999 0065 0215              
MA01421 2020060600 0018 0001 0179 9999 9999 0072 0232              
MA01427 2020060600 0018 0003 0202 9999 9999 9999 0266              
MA01428 2020060600 0018 0005 0155 0256 0048 0078 0187              
MA01430 2020060600 0018 0003 0150 0257 0040 0072 0186              
MA01440 2020060600 0018 0029 0162 9999 9999 9999 0230              
MA01445 2020060600 0018 9999 0163 9999 9999 0078 0201              
MA01404 2020060700 0018 0009 0174 9999 9999 0080 0206              
MA01421 2020060700 0018 0011 0172 9999 9999 0085 0231              
MA01427 2020060700 0018 0009 0189 9999 9999 9999 0252              
MA01428 2020060700 0018 0000 0159 0200 0024 0076 0188              
MA01430 2020060700 0018 0000 0150 0204 0023 0081 0192              
MA01440 2020060700 0018 0008 0175 9999 9999 9999 0222              
MA01445 2020060700 0018 9999 0165 9999 9999 0079 0205              
MA01404 2020060800 0018 0597 0147 9999 9999 0082 0167              
MA01421 2020060800 0018 0009 0158 9999 9999 0091 0198              
MA01427 2020060800 0018 0133 0162 9999 9999 9999 0220              
MA01428 2020060800 0018 0055 0124 0227 0044 0084 0161              
MA01430 2020060800 0018 0089 0131 0253 0028 0086 0169              
MA01440 2020060800 0018 0280 0157 9999 9999 9999 0184              
MA01445 2020060800 0018 9999 0148 9999 9999 0078 0184              
MA01404 2020060900 0018 9999 9999 9999 9999 9999 9999              
MA01421 2020060900 0018 9999 9999 9999 9999 9999 9999              
MA01427 2020060900 0018 9999 9999 9999 9999 9999 9999              
MA01428 2020060900 0018 9999 9999 9999 9999 9999 9999              
MA01430 2020060900 0018 9999 9999 9999 9999 9999 9999              
MA01440 2020060900 0018 9999 9999 9999 9999 9999 9999              
MA01445 2020060900 0018 9999 9999 9999 9999 9999 9999              
MA01404 2020061000 0018 9999 9999 9999 9999 9999 9999              
MA01421 2020061000 0018 9999 9999 9999 9999 9999 9999              
MA01427 2020061000 0018 9999 9999 9999 9999 9999 9999              
MA01428 2020061000 0018 9999 9999 9999 9999 9999 9999              
MA01430 2020061000 0018 9999 9999 9999 9999 9999 9999              
MA01440 2020061000 0018 9999 9999 9999 9999 9999 9999              
MA01445 2020061000 0018 9999 9999 9999 9999 9999 9999              
MA01404 2020061100 0018 9999 9999 9999 9999 9999 9999              
MA01421 2020061100 0018 9999 9999 9999 9999 9999 9999              
MA01427 2020061100 0018 9999 9999 9999 9999 9999 9999              
MA01428 2020061100 0018 9999 9999 9999 9999 9999 9999              
MA01430 2020061100 0018 9999 9999 9999 9999 9999 9999              
MA01440 2020061100 0018 9999 9999 9999 9999 9999 9999              
MA01445 2020061100 0018 9999 9999 9999 9999 9999 9999              
MA01404 2020061200 0018 9999 9999 9999 9999 9999 9999              
MA01421 2020061200 0018 9999 9999 9999 9999 9999 9999              
MA01427 2020061200 0018 9999 9999 9999 9999 9999 9999              
MA01428 2020061200 0018 9999 9999 9999 9999 9999 9999              
MA01430 2020061200 0018 9999 9999 9999 9999 9999 9999              
MA01440 2020061200 0018 9999 9999 9999 9999 9999 9999              
MA01445 2020061200 0018 9999 9999 9999 9999 9999 9999              
MA01404 2020061300 0018 9999 9999 9999 9999 9999 9999              
MA01421 2020061300 0018 9999 9999 9999 9999 9999 9999              
MA01427 2020061300 0018 9999 9999 9999 9999 9999 9999              
MA01428 2020061300 0018 9999 9999 9999 9999 9999 9999              
MA01430 2020061300 0018 9999 9999 9999 9999 9999 9999              
MA01440 2020061300 0018 9999 9999 9999 9999 9999 9999              
MA01445 2020061300 0018 9999 9999 9999 9999 9999 9999              
MA01404 2020061400 0018 9999 9999 9999 9999 9999 9999              
MA01421 2020061400 0018 9999 9999 9999 9999 9999 9999              
MA01427 2020061400 0018 9999 9999 9999 9999 9999 9999              
MA01428 2020061400 0018 9999 9999 9999 9999 9999 9999              
MA01430 2020061400 0018 9999 9999 9999 9999 9999 9999              
MA01440 2020061400 0018 9999 9999 9999 9999 9999 9999              
MA01445 2020061400 0018 9999 9999 9999 9999 9999 9999              
MA01404 2020061500 0018 9999 9999 9999 9999 9999 9999              
MA01421 2020061500 0018 9999 9999 9999 9999 9999 9999              
MA01427 2020061500 0018 9999 9999 9999 9999 9999 9999              
MA01428 2020061500 0018 9999 9999 9999 9999 9999 9999              
MA01430 2020061500 0018 9999 9999 9999 9999 9999 9999              
MA01440 2020061500 0018 9999 9999 9999 9999 9999 9999              
MA01445 2020061500 0018 9999 9999 9999 9999 9999 9999              
MA01404 2020061600 0018 9999 9999 9999 9999 9999 9999              
MA01421 2020061600 0018 9999 9999 9999 9999 9999 9999              
MA01427 2020061600 0018 9999 9999 9999 9999 9999 9999              
MA01428 2020061600 0018 9999 9999 9999 9999 9999 9999              
MA01430 2020061600 0018 9999 9999 9999 9999 9999 9999              
MA01440 2020061600 0018 9999 9999 9999 9999 9999 9999              
MA01445 2020061600 0018 9999 9999 9999 9999 9999 9999              
MA01404 2020061700 0018 9999 9999 9999 9999 9999 9999              
MA01421 2020061700 0018 9999 9999 9999 9999 9999 9999              
MA01427 2020061700 0018 9999 9999 9999 9999 9999 9999              
MA01428 2020061700 0018 9999 9999 9999 9999 9999 9999              
MA01430 2020061700 0018 9999 9999 9999 9999 9999 9999              
MA01440 2020061700 0018 9999 9999 9999 9999 9999 9999              
MA01445 2020061700 0018 9999 9999 9999 9999 9999 9999              
MA01404 2020061800 0018 9999 9999 9999 9999 9999 9999              
MA01421 2020061800 0018 9999 9999 9999 9999 9999 9999              
MA01427 2020061800 0018 9999 9999 9999 9999 9999 9999              
MA01428 2020061800 0018 9999 9999 9999 9999 9999 9999              
MA01430 2020061800 0018 9999 9999 9999 9999 9999 9999              
MA01440 2020061800 0018 9999 9999 9999 9999 9999 9999              
MA01445 2020061800 0018 9999 9999 9999 9999 9999 9999              
MA01404 2020061900 0018 9999 9999 9999 9999 9999 9999              
MA01421 2020061900 0018 9999 9999 9999 9999 9999 9999              
MA01427 2020061900 0018 9999 9999 9999 9999 9999 9999              
MA01428 2020061900 0018 9999 9999 9999 9999 9999 9999              
MA01430 2020061900 0018 9999 9999 9999 9999 9999 9999              
MA01440 2020061900 0018 9999 9999 9999 9999 9999 9999              
MA01445 2020061900 0018 9999 9999 9999 9999 9999 9999              
MA01404 2020062000 0018 9999 9999 9999 9999 9999 9999              
MA01421 2020062000 0018 9999 9999 9999 9999 9999 9999              
MA01427 2020062000 0018 9999 9999 9999 9999 9999 9999              
MA01428 2020062000 0018 9999 9999 9999 9999 9999 9999              
MA01430 2020062000 0018 9999 9999 9999 9999 9999 9999              
MA01440 2020062000 0018 9999 9999 9999 9999 9999 9999              
MA01445 2020062000 0018 9999 9999 9999 9999 9999 9999              
MA01404 2020062100 0018 9999 9999 9999 9999 9999 9999              
MA01421 2020062100 0018 9999 9999 9999 9999 9999 9999              
MA01427 2020062100 0018 9999 9999 9999 9999 9999 9999              
MA01428 2020062100 0018 9999 9999 9999 9999 9999 9999              
MA01430 2020062100 0018 9999 9999 9999 9999 9999 9999              
MA01440 2020062100 0018 9999 9999 9999 9999 9999 9999              
MA01445 2020062100 0018 9999 9999 9999 9999 9999 9999              
MA01404 2020062200 0018 9999 9999 9999 9999 9999 9999              
MA01421 2020062200 0018 9999 9999 9999 9999 9999 9999              
MA01427 2020062200 0018 9999 9999 9999 9999 9999 9999              
MA01428 2020062200 0018 9999 9999 9999 9999 9999 9999              
MA01430 2020062200 0018 9999 9999 9999 9999 9999 9999              
MA01440 2020062200 0018 9999 9999 9999 9999 9999 9999              
MA01445 2020062200 0018 9999 9999 9999 9999 9999 9999              
MA01404 2020062300 0018 9999 9999 9999 9999 9999 9999              
MA01421 2020062300 0018 9999 9999 9999 9999 9999 9999              
MA01427 2020062300 0018 9999 9999 9999 9999 9999 9999              
MA01428 2020062300 0018 9999 9999 9999 9999 9999 9999              
MA01430 2020062300 0018 9999 9999 9999 9999 9999 9999              
MA01440 2020062300 0018 9999 9999 9999 9999 9999 9999              
MA01445 2020062300 0018 9999 9999 9999 9999 9999 9999              
