MA01404 2020052300 0030 0285 0164 9999 9999 0069 0145              
MA01421 2020052300 0030 0002 0175 9999 9999 0078 0171              
MA01427 2020052300 0030 0004 0119 9999 9999 9999 0118              
MA01428 2020052300 0030 0000 0146 0263 0051 0080 0137              
MA01430 2020052300 0030 0000 0151 0270 0065 0076 0132              
MA01440 2020052300 0030 0000 0136 9999 9999 9999 0136              
MA01445 2020052300 0030 9999 0165 9999 9999 0073 0162              
MA01404 2020052400 0030 0019 0135 9999 9999 0068 0101              
MA01421 2020052400 0030 0047 0130 9999 9999 0055 0125              
MA01427 2020052400 0030 0044 0069 9999 9999 9999 0010              
MA01428 2020052400 0030 0026 0101 0115 0066 0053 0088              
MA01430 2020052400 0030 0099 0116 0116 0054 0056 0095              
MA01440 2020052400 0030 0011 0142 9999 9999 9999 0111              
MA01445 2020052400 0030 9999 0131 9999 9999 0051 0107              
MA01404 2020052500 0030 0000 0109 9999 9999 0062 0109              
MA01421 2020052500 0030 0000 0103 9999 9999 0098 0103              
MA01427 2020052500 0030 0000 0091 9999 9999 9999 0090              
MA01428 2020052500 0030 0000 0073 0035 0035 0071 0073              
MA01430 2020052500 0030 0000 0097 0028 0037 0085 0077              
MA01440 2020052500 0030 0001 0151 9999 9999 9999 0104              
MA01445 2020052500 0030 9999 0110 9999 9999 0090 0094              
MA01404 2020052600 0030 0070 0105 9999 9999 0074 0080              
MA01421 2020052600 0030 0027 0088 9999 9999 0100 0086              
MA01427 2020052600 0030 0009 0091 9999 9999 9999 0071              
MA01428 2020052600 0030 0004 0065 0020 0065 0092 0047              
MA01430 2020052600 0030 0006 0080 0014 0047 0090 0053              
MA01440 2020052600 0030 0048 0128 9999 9999 9999 0088              
MA01445 2020052600 0030 9999 0099 9999 9999 0085 0072              
MA01404 2020052700 0030 0000 0131 9999 9999 0059 0094              
MA01421 2020052700 0030 0024 0117 9999 9999 0069 0096              
MA01427 2020052700 0030 0018 0106 9999 9999 9999 0077              
MA01428 2020052700 0030 0006 0094 0027 0034 0058 0060              
MA01430 2020052700 0030 0019 0102 0027 0035 0057 0058              
MA01440 2020052700 0030 0000 0157 9999 9999 9999 0103              
MA01445 2020052700 0030 9999 0124 9999 9999 0057 0079              
MA01404 2020052800 0030 0040 0120 9999 9999 0079 0104              
MA01421 2020052800 0030 0001 0120 9999 9999 0072 0111              
MA01427 2020052800 0030 0000 0101 9999 9999 9999 0081              
MA01428 2020052800 0030 0000 0094 0074 0023 0071 0083              
MA01430 2020052800 0030 0000 0088 0064 0023 0066 0083              
MA01440 2020052800 0030 0079 0108 9999 9999 9999 0103              
MA01445 2020052800 0030 9999 0119 9999 9999 0062 0102              
MA01404 2020052900 0030 1705 0101 9999 9999 0083 0067              
MA01421 2020052900 0030 0523 0105 9999 9999 0100 0078              
MA01427 2020052900 0030 0467 0097 9999 9999 9999 0065              
MA01428 2020052900 0030 0027 0079 0053 0030 0098 0053              
MA01430 2020052900 0030 0064 0086 0052 0030 0099 0054              
MA01440 2020052900 0030 0074 0108 9999 9999 9999 0094              
MA01445 2020052900 0030 9999 0111 9999 9999 0090 0062              
MA01404 2020053000 0030 0189 0130 9999 9999 0047 0079              
MA01421 2020053000 0030 0095 0119 9999 9999 0076 0090              
MA01427 2020053000 0030 0027 0105 9999 9999 9999 0094              
MA01428 2020053000 0030 0049 0090 0091 0027 0065 0054              
MA01430 2020053000 0030 0082 0091 0079 0032 0071 0064              
MA01440 2020053000 0030 0064 0129 9999 9999 9999 0095              
MA01445 2020053000 0030 9999 0116 9999 9999 0061 0077              
MA01404 2020053100 0030 0023 0111 9999 9999 0076 0083              
MA01421 2020053100 0030 0001 0105 9999 9999 0089 0095              
MA01427 2020053100 0030 0064 0100 9999 9999 9999 0058              
MA01428 2020053100 0030 0048 0080 0005 0058 0086 0062              
MA01430 2020053100 0030 0043 0088 0002 0047 0094 0064              
MA01440 2020053100 0030 0083 0149 9999 9999 9999 0099              
MA01445 2020053100 0030 9999 0111 9999 9999 0081 0081              
MA01404 2020060100 0030 0028 0148 9999 9999 0068 0104              
MA01421 2020060100 0030 0002 0129 9999 9999 0064 0099              
MA01427 2020060100 0030 0000 0112 9999 9999 9999 0073              
MA01428 2020060100 0030 0000 0109 0061 0019 0065 0068              
MA01430 2020060100 0030 0004 0118 0057 0021 0061 0070              
MA01440 2020060100 0030 0002 0185 9999 9999 9999 0120              
MA01445 2020060100 0030 9999 0139 9999 9999 0061 0083              
MA01404 2020060200 0030 0000 0145 9999 9999 0077 0127              
MA01421 2020060200 0030 0004 0157 9999 9999 0071 0132              
MA01427 2020060200 0030 0001 0119 9999 9999 9999 0119              
MA01428 2020060200 0030 0002 0134 0271 0024 0057 0099              
MA01430 2020060200 0030 0001 0138 0291 0024 0058 0093              
MA01440 2020060200 0030 0051 0170 9999 9999 9999 0128              
MA01445 2020060200 0030 9999 0164 9999 9999 0047 0112              
MA01404 2020060300 0030 0055 0138 9999 9999 0086 0124              
MA01421 2020060300 0030 0036 0131 9999 9999 0077 0126              
MA01427 2020060300 0030 0011 0117 9999 9999 9999 0095              
MA01428 2020060300 0030 0022 0122 0209 0108 0068 0108              
MA01430 2020060300 0030 0019 0110 0210 0060 0073 0109              
MA01440 2020060300 0030 0003 0142 9999 9999 9999 0121              
MA01445 2020060300 0030 9999 0133 9999 9999 0064 0123              
MA01404 2020060400 0030 0589 0126 9999 9999 0073 0122              
MA01421 2020060400 0030 0075 0128 9999 9999 0079 0128              
MA01427 2020060400 0030 0402 0110 9999 9999 9999 0104              
MA01428 2020060400 0030 0140 0114 0233 0053 0083 0110              
MA01430 2020060400 0030 0207 0119 0235 0055 0083 0107              
MA01440 2020060400 0030 0475 0146 9999 9999 9999 0120              
MA01445 2020060400 0030 9999 0131 9999 9999 0070 0118              
MA01404 2020060500 0030 0812 0126 9999 9999 0074 0126              
MA01421 2020060500 0030 0050 0149 9999 9999 0063 0135              
MA01427 2020060500 0030 0089 0117 9999 9999 9999 0084              
MA01428 2020060500 0030 0050 0127 0244 0012 0065 0105              
MA01430 2020060500 0030 0041 0128 0269 0013 0059 0114              
MA01440 2020060500 0030 0006 0162 9999 9999 9999 0123              
MA01445 2020060500 0030 9999 0150 9999 9999 0063 0133              
MA01404 2020060600 0030 0000 0146 9999 9999 0075 0128              
MA01421 2020060600 0030 0001 0164 9999 9999 0062 0133              
MA01427 2020060600 0030 0003 0133 9999 9999 9999 0091              
MA01428 2020060600 0030 0005 0152 0242 0035 0057 0109              
MA01430 2020060600 0030 0003 0159 0248 0031 0058 0112              
MA01440 2020060600 0030 0029 0161 9999 9999 9999 0117              
MA01445 2020060600 0030 9999 0173 9999 9999 0056 0123              
MA01404 2020060700 0030 0129 0137 9999 9999 0085 0137              
MA01421 2020060700 0030 0017 0138 9999 9999 0098 0138              
MA01427 2020060700 0030 0056 0126 9999 9999 9999 0101              
MA01428 2020060700 0030 0031 0129 0195 0014 0092 0114              
MA01430 2020060700 0030 0054 0124 0188 0018 0088 0108              
MA01440 2020060700 0030 0053 0162 9999 9999 9999 0131              
MA01445 2020060700 0030 9999 0132 9999 9999 0081 0132              
MA01404 2020060800 0030 0636 0130 9999 9999 0072 0113              
MA01421 2020060800 0030 0039 0145 9999 9999 0071 0140              
MA01427 2020060800 0030 0133 0133 9999 9999 9999 0102              
MA01428 2020060800 0030 0059 0120 0218 0006 0086 0112              
MA01430 2020060800 0030 0231 0128 0226 0016 0060 0116              
MA01440 2020060800 0030 0287 0129 9999 9999 9999 0117              
MA01445 2020060800 0030 9999 0146 9999 9999 0056 0127              
MA01404 2020060900 0030 9999 9999 9999 9999 9999 9999              
MA01421 2020060900 0030 9999 9999 9999 9999 9999 9999              
MA01427 2020060900 0030 9999 9999 9999 9999 9999 9999              
MA01428 2020060900 0030 9999 9999 9999 9999 9999 9999              
MA01430 2020060900 0030 9999 9999 9999 9999 9999 9999              
MA01440 2020060900 0030 9999 9999 9999 9999 9999 9999              
MA01445 2020060900 0030 9999 9999 9999 9999 9999 9999              
MA01404 2020061000 0030 9999 9999 9999 9999 9999 9999              
MA01421 2020061000 0030 9999 9999 9999 9999 9999 9999              
MA01427 2020061000 0030 9999 9999 9999 9999 9999 9999              
MA01428 2020061000 0030 9999 9999 9999 9999 9999 9999              
MA01430 2020061000 0030 9999 9999 9999 9999 9999 9999              
MA01440 2020061000 0030 9999 9999 9999 9999 9999 9999              
MA01445 2020061000 0030 9999 9999 9999 9999 9999 9999              
MA01404 2020061100 0030 9999 9999 9999 9999 9999 9999              
MA01421 2020061100 0030 9999 9999 9999 9999 9999 9999              
MA01427 2020061100 0030 9999 9999 9999 9999 9999 9999              
MA01428 2020061100 0030 9999 9999 9999 9999 9999 9999              
MA01430 2020061100 0030 9999 9999 9999 9999 9999 9999              
MA01440 2020061100 0030 9999 9999 9999 9999 9999 9999              
MA01445 2020061100 0030 9999 9999 9999 9999 9999 9999              
MA01404 2020061200 0030 9999 9999 9999 9999 9999 9999              
MA01421 2020061200 0030 9999 9999 9999 9999 9999 9999              
MA01427 2020061200 0030 9999 9999 9999 9999 9999 9999              
MA01428 2020061200 0030 9999 9999 9999 9999 9999 9999              
MA01430 2020061200 0030 9999 9999 9999 9999 9999 9999              
MA01440 2020061200 0030 9999 9999 9999 9999 9999 9999              
MA01445 2020061200 0030 9999 9999 9999 9999 9999 9999              
MA01404 2020061300 0030 9999 9999 9999 9999 9999 9999              
MA01421 2020061300 0030 9999 9999 9999 9999 9999 9999              
MA01427 2020061300 0030 9999 9999 9999 9999 9999 9999              
MA01428 2020061300 0030 9999 9999 9999 9999 9999 9999              
MA01430 2020061300 0030 9999 9999 9999 9999 9999 9999              
MA01440 2020061300 0030 9999 9999 9999 9999 9999 9999              
MA01445 2020061300 0030 9999 9999 9999 9999 9999 9999              
MA01404 2020061400 0030 9999 9999 9999 9999 9999 9999              
MA01421 2020061400 0030 9999 9999 9999 9999 9999 9999              
MA01427 2020061400 0030 9999 9999 9999 9999 9999 9999              
MA01428 2020061400 0030 9999 9999 9999 9999 9999 9999              
MA01430 2020061400 0030 9999 9999 9999 9999 9999 9999              
MA01440 2020061400 0030 9999 9999 9999 9999 9999 9999              
MA01445 2020061400 0030 9999 9999 9999 9999 9999 9999              
MA01404 2020061500 0030 9999 9999 9999 9999 9999 9999              
MA01421 2020061500 0030 9999 9999 9999 9999 9999 9999              
MA01427 2020061500 0030 9999 9999 9999 9999 9999 9999              
MA01428 2020061500 0030 9999 9999 9999 9999 9999 9999              
MA01430 2020061500 0030 9999 9999 9999 9999 9999 9999              
MA01440 2020061500 0030 9999 9999 9999 9999 9999 9999              
MA01445 2020061500 0030 9999 9999 9999 9999 9999 9999              
MA01404 2020061600 0030 9999 9999 9999 9999 9999 9999              
MA01421 2020061600 0030 9999 9999 9999 9999 9999 9999              
MA01427 2020061600 0030 9999 9999 9999 9999 9999 9999              
MA01428 2020061600 0030 9999 9999 9999 9999 9999 9999              
MA01430 2020061600 0030 9999 9999 9999 9999 9999 9999              
MA01440 2020061600 0030 9999 9999 9999 9999 9999 9999              
MA01445 2020061600 0030 9999 9999 9999 9999 9999 9999              
MA01404 2020061700 0030 9999 9999 9999 9999 9999 9999              
MA01421 2020061700 0030 9999 9999 9999 9999 9999 9999              
MA01427 2020061700 0030 9999 9999 9999 9999 9999 9999              
MA01428 2020061700 0030 9999 9999 9999 9999 9999 9999              
MA01430 2020061700 0030 9999 9999 9999 9999 9999 9999              
MA01440 2020061700 0030 9999 9999 9999 9999 9999 9999              
MA01445 2020061700 0030 9999 9999 9999 9999 9999 9999              
MA01404 2020061800 0030 9999 9999 9999 9999 9999 9999              
MA01421 2020061800 0030 9999 9999 9999 9999 9999 9999              
MA01427 2020061800 0030 9999 9999 9999 9999 9999 9999              
MA01428 2020061800 0030 9999 9999 9999 9999 9999 9999              
MA01430 2020061800 0030 9999 9999 9999 9999 9999 9999              
MA01440 2020061800 0030 9999 9999 9999 9999 9999 9999              
MA01445 2020061800 0030 9999 9999 9999 9999 9999 9999              
MA01404 2020061900 0030 9999 9999 9999 9999 9999 9999              
MA01421 2020061900 0030 9999 9999 9999 9999 9999 9999              
MA01427 2020061900 0030 9999 9999 9999 9999 9999 9999              
MA01428 2020061900 0030 9999 9999 9999 9999 9999 9999              
MA01430 2020061900 0030 9999 9999 9999 9999 9999 9999              
MA01440 2020061900 0030 9999 9999 9999 9999 9999 9999              
MA01445 2020061900 0030 9999 9999 9999 9999 9999 9999              
MA01404 2020062000 0030 9999 9999 9999 9999 9999 9999              
MA01421 2020062000 0030 9999 9999 9999 9999 9999 9999              
MA01427 2020062000 0030 9999 9999 9999 9999 9999 9999              
MA01428 2020062000 0030 9999 9999 9999 9999 9999 9999              
MA01430 2020062000 0030 9999 9999 9999 9999 9999 9999              
MA01440 2020062000 0030 9999 9999 9999 9999 9999 9999              
MA01445 2020062000 0030 9999 9999 9999 9999 9999 9999              
MA01404 2020062100 0030 9999 9999 9999 9999 9999 9999              
MA01421 2020062100 0030 9999 9999 9999 9999 9999 9999              
MA01427 2020062100 0030 9999 9999 9999 9999 9999 9999              
MA01428 2020062100 0030 9999 9999 9999 9999 9999 9999              
MA01430 2020062100 0030 9999 9999 9999 9999 9999 9999              
MA01440 2020062100 0030 9999 9999 9999 9999 9999 9999              
MA01445 2020062100 0030 9999 9999 9999 9999 9999 9999              
MA01404 2020062200 0030 9999 9999 9999 9999 9999 9999              
MA01421 2020062200 0030 9999 9999 9999 9999 9999 9999              
MA01427 2020062200 0030 9999 9999 9999 9999 9999 9999              
MA01428 2020062200 0030 9999 9999 9999 9999 9999 9999              
MA01430 2020062200 0030 9999 9999 9999 9999 9999 9999              
MA01440 2020062200 0030 9999 9999 9999 9999 9999 9999              
MA01445 2020062200 0030 9999 9999 9999 9999 9999 9999              
