0.001    -81.0884    -41.3799    -99.1370    -62.0042
0.002    -40.0294    -20.2148    -49.0395    -30.5004
0.003    -26.3431    -13.1597    -32.3408    -20.0007
0.004    -19.4999     -9.6322    -23.9917    -14.7492
0.005    -15.3940     -7.5157    -18.9823    -11.5978
0.006    -12.6567     -6.1047    -15.6426     -9.4975
0.007    -10.7015     -5.0968    -13.2575     -7.9965
0.008     -9.2351     -4.3409    -11.4701     -6.8702
0.009     -8.0946     -3.7530    -10.0798     -5.9942
0.010     -7.1822     -3.2827     -8.9676     -5.2934
0.011     -6.4357     -2.8979     -8.0577     -4.7200
0.012     -5.8136     -2.5772     -7.2993     -4.2422
0.013     -5.2872     -2.3058     -6.6577     -3.8372
0.014     -4.8360     -2.0733     -6.1077     -3.4896
0.015     -4.4449     -1.8717     -5.6311     -3.1884
0.016     -4.1028     -1.6953     -5.2140     -2.9253
0.017     -3.8009     -1.5397     -4.8451     -2.6946
0.018     -3.5325     -1.4013     -4.5170     -2.4895
0.019     -3.2924     -1.2776     -4.2235     -2.3057
0.020     -3.0763     -1.1662     -3.9593     -2.1393
0.021     -2.8808     -1.0654     -3.7203     -1.9887
0.022     -2.7030     -0.9738     -3.5030     -1.8518
0.023     -2.5407     -0.8901     -3.3060     -1.7267
0.024     -2.3920     -0.8134     -3.1254     -1.6121
0.025     -2.2551     -0.7429     -2.9592     -1.5067
0.026     -2.1288     -0.6778     -2.8058     -1.4093
0.027     -2.0118     -0.6175     -2.6638     -1.3192
0.028     -1.9032     -0.5615     -2.5319     -1.2355
0.029     -1.8020     -0.5093     -2.4091     -1.1579
0.030     -1.7077     -0.4607     -2.2945     -1.0856
0.031     -1.6194     -0.4152     -2.1868     -1.0180
0.032     -1.5366     -0.3725     -2.0859     -0.9546
0.033     -1.4588     -0.3324     -1.9911     -0.8952
0.034     -1.3856     -0.2947     -1.9019     -0.8394
0.035     -1.3166     -0.2591     -1.8178     -0.7867
0.036     -1.2514     -0.2255     -1.7384     -0.7369
0.037     -1.1898     -0.1937     -1.6632     -0.6898
0.038     -1.1314     -0.1636     -1.5920     -0.6452
0.039     -1.0760     -0.1351     -1.5245     -0.6029
0.040     -1.0233     -0.1079     -1.4603     -0.5627
0.041     -0.9733     -0.0821     -1.3993     -0.5244
0.042     -0.9256     -0.0575     -1.3412     -0.4878
0.043     -0.8801     -0.0341     -1.2857     -0.4529
0.044     -0.8367     -0.0117     -1.2328     -0.4195
0.045     -0.7952      0.0097     -1.1823     -0.3877
0.046     -0.7556      0.0301     -1.1339     -0.3572
0.047     -0.7176      0.0497     -1.0876     -0.3280
0.048     -0.6812      0.0685     -1.0432     -0.3001
0.049     -0.6463      0.0865     -1.0007     -0.2733
0.050     -0.6127      0.1037     -0.9598     -0.2475
0.051     -0.5805      0.1203     -0.9206     -0.2228
0.052     -0.5496      0.1363     -0.8827     -0.1990
0.053     -0.5198      0.1517     -0.8461     -0.1761
0.054     -0.4911      0.1664     -0.8107     -0.1541
0.055     -0.4634      0.1807     -0.7767     -0.1328
0.056     -0.4368      0.1944     -0.7438     -0.1124
0.057     -0.4111      0.2077     -0.7121     -0.0926
0.058     -0.3862      0.2205     -0.6815     -0.0736
0.059     -0.3622      0.2329     -0.6520     -0.0552
0.060     -0.3390      0.2448     -0.6234     -0.0374
0.061     -0.3166      0.2564     -0.5958     -0.0203
0.062     -0.2949      0.2676     -0.5690     -0.0036
0.063     -0.2738      0.2784     -0.5431      0.0125
0.064     -0.2535      0.2889     -0.5180      0.0281
0.065     -0.2337      0.2991     -0.4938      0.0433
0.066     -0.2146      0.3090     -0.4708      0.0582
0.067     -0.1960      0.3185     -0.4481      0.0726
0.068     -0.1780      0.3278     -0.4258      0.0864
0.069     -0.1605      0.3369     -0.4042      0.0998
0.070     -0.1435      0.3456     -0.3832      0.1129
0.071     -0.1270      0.3541     -0.3628      0.1256
0.072     -0.1109      0.3624     -0.3430      0.1379
0.073     -0.0953      0.3705     -0.3237      0.1500
0.074     -0.0801      0.3783     -0.3049      0.1617
0.075     -0.0653      0.3859     -0.2867      0.1731
0.076     -0.0509      0.3934     -0.2689      0.1842
0.077     -0.0369      0.4006     -0.2515      0.1950
0.078     -0.0232      0.4076     -0.2347      0.2056
0.079     -0.0099      0.4145     -0.2182      0.2158
0.080      0.0031      0.4212     -0.2022      0.2258
0.081      0.0158      0.4277     -0.1867      0.2353
0.082      0.0282      0.4341     -0.1719      0.2448
0.083      0.0402      0.4403     -0.1574      0.2540
0.084      0.0520      0.4464     -0.1433      0.2630
0.085      0.0635      0.4523     -0.1295      0.2718
0.086      0.0748      0.4581     -0.1161      0.2803
0.087      0.0857      0.4638     -0.1029      0.2886
0.088      0.0965      0.4693     -0.0901      0.2969
0.089      0.1069      0.4747     -0.0775      0.3050
0.090      0.1172      0.4800     -0.0652      0.3129
0.091      0.1272      0.4852     -0.0532      0.3205
0.092      0.1370      0.4902     -0.0415      0.3279
0.093      0.1466      0.4952     -0.0300      0.3352
0.094      0.1560      0.5000     -0.0185      0.3427
0.095      0.1652      0.5048     -0.0072      0.3499
0.096      0.1742      0.5094      0.0039      0.3569
0.097      0.1830      0.5139      0.0147      0.3637
0.098      0.1917      0.5184      0.0253      0.3703
0.099      0.2001      0.5228      0.0357      0.3768
0.100      0.2084      0.5270      0.0459      0.3832
0.101      0.2166      0.5312      0.0559      0.3895
0.102      0.2245      0.5353      0.0657      0.3956
0.103      0.2324      0.5394      0.0754      0.4016
0.104      0.2400      0.5433      0.0848      0.4075
0.105      0.2475      0.5472      0.0940      0.4133
0.106      0.2549      0.5510      0.1031      0.4189
0.107      0.2622      0.5547      0.1120      0.4245
0.108      0.2693      0.5584      0.1205      0.4300
0.109      0.2762      0.5620      0.1288      0.4355
0.110      0.2831      0.5655      0.1370      0.4409
0.111      0.2898      0.5690      0.1450      0.4461
0.112      0.2964      0.5724      0.1529      0.4512
0.113      0.3029      0.5757      0.1606      0.4562
0.114      0.3093      0.5790      0.1684      0.4611
0.115      0.3155      0.5822      0.1759      0.4659
0.116      0.3217      0.5854      0.1832      0.4707
0.117      0.3278      0.5885      0.1904      0.4754
0.118      0.3337      0.5916      0.1975      0.4799
0.119      0.3395      0.5946      0.2045      0.4845
0.120      0.3453      0.5976      0.2115      0.4889
0.121      0.3510      0.6005      0.2185      0.4933
0.122      0.3565      0.6034      0.2253      0.4976
0.123      0.3620      0.6062      0.2320      0.5018
0.124      0.3674      0.6090      0.2386      0.5059
0.125      0.3727      0.6117      0.2451      0.5100
0.126      0.3779      0.6144      0.2515      0.5140
0.127      0.3830      0.6170      0.2576      0.5180
0.128      0.3881      0.6196      0.2637      0.5219
0.129      0.3930      0.6222      0.2696      0.5257
0.130      0.3979      0.6247      0.2755      0.5295
0.131      0.4028      0.6272      0.2812      0.5332
0.132      0.4075      0.6297      0.2869      0.5369
0.133      0.4122      0.6321      0.2925      0.5405
0.134      0.4168      0.6344      0.2980      0.5441
0.135      0.4213      0.6368      0.3034      0.5476
0.136      0.4258      0.6391      0.3087      0.5510
0.137      0.4302      0.6414      0.3140      0.5544
0.138      0.4346      0.6436      0.3192      0.5578
0.139      0.4388      0.6458      0.3243      0.5611
0.140      0.4431      0.6480      0.3294      0.5643
0.141      0.4472      0.6501      0.3343      0.5675
0.142      0.4513      0.6522      0.3392      0.5707
0.143      0.4554      0.6543      0.3441      0.5738
0.144      0.4594      0.6564      0.3488      0.5769
0.145      0.4633      0.6584      0.3535      0.5799
0.146      0.4672      0.6604      0.3582      0.5829
0.147      0.4710      0.6624      0.3627      0.5859
0.148      0.4748      0.6643      0.3672      0.5888
0.149      0.4785      0.6662      0.3717      0.5917
0.150      0.4822      0.6681      0.3761      0.5945
0.151      0.4858      0.6700      0.3806      0.5973
0.152      0.4894      0.6718      0.3851      0.6001
0.153      0.4929      0.6737      0.3896      0.6028
0.154      0.4964      0.6755      0.3940      0.6054
0.155      0.4998      0.6772      0.3983      0.6080
0.156      0.5032      0.6790      0.4026      0.6106
0.157      0.5066      0.6807      0.4068      0.6132
0.158      0.5099      0.6824      0.4110      0.6159
0.159      0.5132      0.6841      0.4151      0.6184
0.160      0.5164      0.6858      0.4192      0.6209
0.161      0.5196      0.6874      0.4232      0.6234
0.162      0.5227      0.6890      0.4272      0.6258
0.163      0.5258      0.6906      0.4311      0.6282
0.164      0.5289      0.6922      0.4349      0.6306
0.165      0.5319      0.6938      0.4388      0.6329
0.166      0.5349      0.6953      0.4425      0.6352
0.167      0.5379      0.6969      0.4462      0.6375
0.168      0.5408      0.6984      0.4497      0.6398
0.169      0.5437      0.6999      0.4532      0.6420
0.170      0.5466      0.7013      0.4566      0.6442
0.171      0.5494      0.7028      0.4600      0.6464
0.172      0.5522      0.7042      0.4634      0.6485
0.173      0.5549      0.7057      0.4666      0.6507
0.174      0.5577      0.7071      0.4698      0.6528
0.175      0.5604      0.7084      0.4730      0.6549
0.176      0.5630      0.7098      0.4762      0.6569
0.177      0.5657      0.7112      0.4796      0.6590
0.178      0.5683      0.7125      0.4828      0.6610
0.179      0.5709      0.7139      0.4860      0.6630
0.180      0.5734      0.7152      0.4890      0.6649
0.181      0.5759      0.7165      0.4921      0.6669
0.182      0.5784      0.7178      0.4951      0.6688
0.183      0.5809      0.7190      0.4981      0.6707
0.184      0.5833      0.7203      0.5010      0.6726
0.185      0.5857      0.7215      0.5039      0.6744
0.186      0.5881      0.7228      0.5068      0.6762
0.187      0.5905      0.7240      0.5104      0.6767
0.188      0.5928      0.7252      0.5140      0.6784
0.189      0.5951      0.7264      0.5170      0.6793
0.190      0.5974      0.7275      0.5203      0.6811
0.191      0.5997      0.7287      0.5238      0.6829
0.192      0.6019      0.7299      0.5267      0.6846
0.193      0.6041      0.7310      0.5293      0.6863
0.194      0.6063      0.7321      0.5319      0.6880
0.195      0.6085      0.7333      0.5353      0.6881
0.196      0.6106      0.7344      0.5380      0.6880
0.197      0.6128      0.7355      0.5404      0.6897
0.198      0.6149      0.7365      0.5443      0.6902
0.199      0.6170      0.7376      0.5470      0.6903
0.200      0.6190      0.7387      0.5494      0.6914
0.201      0.6211      0.7397      0.5525      0.6928
0.202      0.6231      0.7408      0.5549      0.6939
0.203      0.6251      0.7418      0.5584      0.6947
0.204      0.6271      0.7428      0.5612      0.6955
0.205      0.6290      0.7438      0.5645      0.6970
0.206      0.6310      0.7448      0.5680      0.6976
0.207      0.6329      0.7458      0.5715      0.6991
0.208      0.6348      0.7468      0.5747      0.6993
0.209      0.6367      0.7478      0.5769      0.6993
0.210      0.6386      0.7488      0.5795      0.7001
0.211      0.6404      0.7497      0.5830      0.7003
0.212      0.6423      0.7507      0.5850      0.7010
0.213      0.6441      0.7516      0.5885      0.7015
0.214      0.6459      0.7525      0.5904      0.7016
0.215      0.6472      0.7521      0.5921      0.7032
0.216      0.6469      0.7516      0.5930      0.7020
0.217      0.6466      0.7510      0.5923      0.7011
0.218      0.6462      0.7505      0.5925      0.7007
0.219      0.6459      0.7499      0.5911      0.7002
0.220      0.6456      0.7494      0.5902      0.6999
0.221      0.6453      0.7488      0.5889      0.6988
0.222      0.6450      0.7483      0.5887      0.6994
0.223      0.6447      0.7477      0.5885      0.6992
0.224      0.6443      0.7471      0.5881      0.6993
0.225      0.6440      0.7466      0.5869      0.6996
0.226      0.6437      0.7460      0.5864      0.6997
0.227      0.6434      0.7454      0.5860      0.6994
0.228      0.6431      0.7449      0.5853      0.6991
0.229      0.6427      0.7443      0.5847      0.6988
0.230      0.6424      0.7437      0.5844      0.6991
0.231      0.6421      0.7432      0.5839      0.7003
0.232      0.6418      0.7426      0.5830      0.7002
0.233      0.6414      0.7420      0.5812      0.6999
0.234      0.6411      0.7415      0.5809      0.6998
0.235      0.6408      0.7409      0.5808      0.6995
0.236      0.6405      0.7403      0.5801      0.6990
0.237      0.6401      0.7397      0.5795      0.6989
0.238      0.6398      0.7391      0.5790      0.6992
0.239      0.6395      0.7386      0.5786      0.6990
0.240      0.6391      0.7380      0.5782      0.6988
0.241      0.6388      0.7374      0.5773      0.6990
0.242      0.6385      0.7368      0.5769      0.6986
0.243      0.6381      0.7362      0.5767      0.6983
0.244      0.6378      0.7356      0.5764      0.6980
0.245      0.6375      0.7350      0.5762      0.6978
0.246      0.6371      0.7344      0.5758      0.6976
0.247      0.6368      0.7338      0.5756      0.6974
0.248      0.6364      0.7332      0.5751      0.6971
0.249      0.6361      0.7327      0.5746      0.6968
0.250      0.6358      0.7321      0.5741      0.6964
0.251      0.6354      0.7315      0.5737      0.6961
0.252      0.6351      0.7308      0.5733      0.6957
0.253      0.6347      0.7302      0.5729      0.6954
0.254      0.6344      0.7296      0.5726      0.6951
0.255      0.6340      0.7290      0.5723      0.6947
0.256      0.6337      0.7284      0.5718      0.6944
0.257      0.6334      0.7278      0.5714      0.6940
0.258      0.6330      0.7272      0.5710      0.6936
0.259      0.6327      0.7266      0.5706      0.6934
0.260      0.6323      0.7260      0.5701      0.6930
0.261      0.6320      0.7253      0.5697      0.6927
0.262      0.6316      0.7247      0.5693      0.6923
0.263      0.6313      0.7241      0.5689      0.6919
0.264      0.6309      0.7235      0.5684      0.6914
0.265      0.6305      0.7229      0.5680      0.6911
0.266      0.6302      0.7222      0.5676      0.6907
0.267      0.6298      0.7216      0.5671      0.6903
0.268      0.6295      0.7210      0.5667      0.6900
0.269      0.6291      0.7203      0.5663      0.6896
0.270      0.6288      0.7197      0.5658      0.6892
0.271      0.6284      0.7191      0.5654      0.6889
0.272      0.6280      0.7184      0.5649      0.6885
0.273      0.6277      0.7178      0.5645      0.6881
0.274      0.6273      0.7172      0.5641      0.6878
0.275      0.6269      0.7165      0.5637      0.6875
0.276      0.6266      0.7159      0.5632      0.6873
0.277      0.6262      0.7152      0.5627      0.6871
0.278      0.6258      0.7146      0.5623      0.6867
0.279      0.6255      0.7139      0.5619      0.6863
0.280      0.6251      0.7133      0.5615      0.6860
0.281      0.6247      0.7126      0.5612      0.6856
0.282      0.6244      0.7120      0.5608      0.6853
0.283      0.6240      0.7113      0.5604      0.6849
0.284      0.6236      0.7107      0.5600      0.6845
0.285      0.6232      0.7100      0.5596      0.6842
0.286      0.6229      0.7093      0.5592      0.6838
0.287      0.6225      0.7087      0.5588      0.6834
0.288      0.6221      0.7080      0.5584      0.6831
0.289      0.6217      0.7074      0.5580      0.6828
0.290      0.6213      0.7067      0.5576      0.6825
0.291      0.6210      0.7060      0.5572      0.6823
0.292      0.6206      0.7053      0.5569      0.6821
0.293      0.6202      0.7047      0.5564      0.6818
0.294      0.6198      0.7040      0.5560      0.6816
0.295      0.6194      0.7033      0.5556      0.6814
0.296      0.6190      0.7026      0.5552      0.6811
0.297      0.6187      0.7019      0.5548      0.6809
0.298      0.6183      0.7013      0.5544      0.6806
0.299      0.6179      0.7006      0.5539      0.6804
0.300      0.6175      0.6999      0.5535      0.6802
0.301      0.6171      0.6992      0.5531      0.6799
0.302      0.6167      0.6985      0.5527      0.6797
0.303      0.6163      0.6978      0.5522      0.6794
0.304      0.6159      0.6971      0.5518      0.6792
0.305      0.6155      0.6964      0.5514      0.6790
0.306      0.6151      0.6957      0.5510      0.6787
0.307      0.6147      0.6950      0.5505      0.6785
0.308      0.6143      0.6943      0.5499      0.6782
0.309      0.6139      0.6936      0.5494      0.6779
0.310      0.6135      0.6929      0.5489      0.6775
0.311      0.6131      0.6922      0.5484      0.6771
0.312      0.6127      0.6915      0.5480      0.6767
0.313      0.6123      0.6908      0.5476      0.6763
0.314      0.6119      0.6900      0.5471      0.6759
0.315      0.6115      0.6893      0.5465      0.6755
0.316      0.6111      0.6886      0.5459      0.6751
0.317      0.6107      0.6879      0.5454      0.6748
0.318      0.6102      0.6872      0.5448      0.6745
0.319      0.6098      0.6864      0.5442      0.6742
0.320      0.6094      0.6857      0.5437      0.6740
0.321      0.6090      0.6850      0.5431      0.6737
0.322      0.6086      0.6842      0.5425      0.6734
0.323      0.6082      0.6835      0.5421      0.6730
0.324      0.6077      0.6828      0.5417      0.6725
0.325      0.6073      0.6820      0.5414      0.6720
0.326      0.6069      0.6813      0.5410      0.6715
0.327      0.6065      0.6805      0.5406      0.6710
0.328      0.6061      0.6798      0.5402      0.6706
0.329      0.6056      0.6790      0.5399      0.6703
0.330      0.6052      0.6783      0.5395      0.6700
0.331      0.6048      0.6775      0.5391      0.6697
0.332      0.6043      0.6768      0.5387      0.6693
0.333      0.6039      0.6760      0.5383      0.6690
0.334      0.6035      0.6753      0.5380      0.6687
0.335      0.6031      0.6745      0.5376      0.6684
0.336      0.6026      0.6737      0.5371      0.6681
0.337      0.6022      0.6730      0.5367      0.6677
0.338      0.6017      0.6722      0.5362      0.6674
0.339      0.6013      0.6714      0.5357      0.6672
0.340      0.6009      0.6707      0.5352      0.6670
0.341      0.6004      0.6699      0.5348      0.6667
0.342      0.6000      0.6691      0.5343      0.6665
0.343      0.5995      0.6683      0.5337      0.6662
0.344      0.5991      0.6675      0.5332      0.6658
0.345      0.5986      0.6667      0.5327      0.6654
0.346      0.5982      0.6660      0.5321      0.6650
0.347      0.5977      0.6652      0.5316      0.6646
0.348      0.5973      0.6644      0.5310      0.6643
0.349      0.5968      0.6636      0.5305      0.6639
0.350      0.5964      0.6628      0.5299      0.6635
0.351      0.5959      0.6620      0.5294      0.6632
0.352      0.5955      0.6612      0.5288      0.6629
0.353      0.5950      0.6604      0.5283      0.6625
0.354      0.5946      0.6596      0.5277      0.6621
0.355      0.5941      0.6588      0.5273      0.6617
0.356      0.5936      0.6579      0.5269      0.6614
0.357      0.5932      0.6571      0.5265      0.6611
0.358      0.5927      0.6563      0.5261      0.6608
0.359      0.5922      0.6555      0.5257      0.6605
0.360      0.5918      0.6547      0.5253      0.6602
0.361      0.5913      0.6538      0.5248      0.6599
0.362      0.5908      0.6530      0.5244      0.6596
0.363      0.5904      0.6522      0.5239      0.6593
0.364      0.5899      0.6513      0.5234      0.6590
0.365      0.5894      0.6505      0.5229      0.6587
0.366      0.5889      0.6497      0.5224      0.6584
0.367      0.5885      0.6488      0.5219      0.6581
0.368      0.5880      0.6480      0.5214      0.6578
0.369      0.5875      0.6471      0.5208      0.6575
0.370      0.5870      0.6463      0.5203      0.6572
0.371      0.5865      0.6454      0.5198      0.6569
0.372      0.5860      0.6446      0.5193      0.6566
0.373      0.5856      0.6437      0.5188      0.6562
0.374      0.5851      0.6429      0.5182      0.6559
0.375      0.5846      0.6420      0.5177      0.6556
0.376      0.5841      0.6411      0.5172      0.6553
0.377      0.5836      0.6403      0.5167      0.6550
0.378      0.5831      0.6394      0.5161      0.6547
0.379      0.5826      0.6385      0.5156      0.6543
0.380      0.5821      0.6376      0.5150      0.6540
0.381      0.5816      0.6368      0.5145      0.6537
0.382      0.5811      0.6359      0.5140      0.6534
0.383      0.5806      0.6350      0.5133      0.6531
0.384      0.5801      0.6341      0.5124      0.6526
0.385      0.5796      0.6332      0.5115      0.6521
0.386      0.5791      0.6323      0.5107      0.6516
0.387      0.5786      0.6314      0.5098      0.6511
0.388      0.5781      0.6305      0.5089      0.6509
0.389      0.5775      0.6296      0.5080      0.6507
0.390      0.5770      0.6287      0.5074      0.6505
0.391      0.5765      0.6278      0.5068      0.6503
0.392      0.5760      0.6269      0.5063      0.6501
0.393      0.5755      0.6260      0.5057      0.6496
0.394      0.5749      0.6251      0.5052      0.6491
0.395      0.5744      0.6241      0.5046      0.6486
0.396      0.5739      0.6232      0.5040      0.6480
0.397      0.5734      0.6223      0.5034      0.6475
0.398      0.5728      0.6214      0.5029      0.6472
0.399      0.5723      0.6204      0.5023      0.6467
0.400      0.5718      0.6195      0.5018      0.6462
0.401      0.5712      0.6185      0.5013      0.6457
0.402      0.5707      0.6176      0.5008      0.6452
0.403      0.5702      0.6167      0.5003      0.6447
0.404      0.5696      0.6157      0.4998      0.6442
0.405      0.5691      0.6148      0.4994      0.6437
0.406      0.5685      0.6138      0.4989      0.6432
0.407      0.5680      0.6128      0.4984      0.6427
0.408      0.5675      0.6119      0.4979      0.6425
0.409      0.5669      0.6109      0.4974      0.6422
0.410      0.5664      0.6099      0.4969      0.6419
0.411      0.5658      0.6090      0.4964      0.6414
0.412      0.5653      0.6080      0.4956      0.6408
0.413      0.5647      0.6070      0.4949      0.6402
0.414      0.5641      0.6060      0.4943      0.6397
0.415      0.5636      0.6051      0.4936      0.6393
0.416      0.5630      0.6041      0.4929      0.6389
0.417      0.5625      0.6031      0.4921      0.6385
0.418      0.5619      0.6021      0.4914      0.6381
0.419      0.5613      0.6011      0.4907      0.6378
0.420      0.5607      0.6001      0.4900      0.6374
0.421      0.5602      0.5991      0.4892      0.6370
0.422      0.5596      0.5981      0.4885      0.6366
0.423      0.5590      0.5971      0.4879      0.6362
0.424      0.5584      0.5960      0.4870      0.6359
0.425      0.5579      0.5950      0.4862      0.6355
0.426      0.5573      0.5940      0.4855      0.6351
0.427      0.5567      0.5930      0.4847      0.6348
0.428      0.5561      0.5919      0.4840      0.6343
0.429      0.5555      0.5909      0.4832      0.6338
0.430      0.5549      0.5899      0.4826      0.6335
0.431      0.5543      0.5888      0.4818      0.6332
0.432      0.5538      0.5878      0.4810      0.6327
0.433      0.5532      0.5867      0.4802      0.6322
0.434      0.5526      0.5857      0.4794      0.6317
0.435      0.5520      0.5846      0.4786      0.6313
0.436      0.5514      0.5836      0.4779      0.6308
0.437      0.5508      0.5825      0.4771      0.6303
0.438      0.5501      0.5814      0.4763      0.6297
0.439      0.5495      0.5804      0.4755      0.6293
0.440      0.5489      0.5793      0.4749      0.6288
0.441      0.5483      0.5782      0.4741      0.6283
0.442      0.5477      0.5771      0.4732      0.6278
0.443      0.5471      0.5760      0.4724      0.6273
0.444      0.5465      0.5749      0.4716      0.6268
0.445      0.5458      0.5739      0.4708      0.6263
0.446      0.5452      0.5728      0.4700      0.6257
0.447      0.5446      0.5717      0.4694      0.6252
0.448      0.5440      0.5705      0.4686      0.6247
0.449      0.5433      0.5694      0.4677      0.6242
0.450      0.5427      0.5683      0.4671      0.6237
0.451      0.5421      0.5672      0.4663      0.6233
0.452      0.5414      0.5661      0.4654      0.6229
0.453      0.5408      0.5650      0.4645      0.6225
0.454      0.5401      0.5638      0.4636      0.6221
0.455      0.5395      0.5627      0.4628      0.6217
0.456      0.5388      0.5615      0.4620      0.6212
0.457      0.5382      0.5604      0.4613      0.6208
0.458      0.5375      0.5593      0.4605      0.6204
0.459      0.5369      0.5581      0.4598      0.6202
0.460      0.5362      0.5570      0.4591      0.6198
0.461      0.5356      0.5558      0.4583      0.6194
0.462      0.5349      0.5546      0.4576      0.6191
0.463      0.5342      0.5535      0.4568      0.6189
0.464      0.5336      0.5523      0.4559      0.6186
0.465      0.5329      0.5511      0.4549      0.6181
0.466      0.5322      0.5499      0.4540      0.6175
0.467      0.5316      0.5487      0.4530      0.6170
0.468      0.5309      0.5475      0.4520      0.6164
0.469      0.5302      0.5464      0.4511      0.6158
0.470      0.5295      0.5452      0.4502      0.6153
0.471      0.5288      0.5439      0.4493      0.6148
0.472      0.5282      0.5427      0.4483      0.6144
0.473      0.5275      0.5415      0.4473      0.6139
0.474      0.5268      0.5403      0.4465      0.6135
0.475      0.5261      0.5391      0.4457      0.6130
0.476      0.5254      0.5379      0.4449      0.6126
0.477      0.5247      0.5366      0.4441      0.6121
0.478      0.5240      0.5354      0.4433      0.6117
0.479      0.5233      0.5341      0.4424      0.6112
0.480      0.5226      0.5329      0.4416      0.6106
0.481      0.5218      0.5316      0.4408      0.6100
0.482      0.5211      0.5304      0.4397      0.6093
0.483      0.5204      0.5291      0.4386      0.6088
0.484      0.5197      0.5279      0.4375      0.6083
0.485      0.5190      0.5266      0.4364      0.6078
0.486      0.5183      0.5253      0.4354      0.6073
0.487      0.5175      0.5240      0.4345      0.6068
0.488      0.5168      0.5228      0.4337      0.6063
0.489      0.5161      0.5215      0.4328      0.6058
0.490      0.5153      0.5202      0.4319      0.6053
0.491      0.5146      0.5189      0.4310      0.6049
0.492      0.5138      0.5176      0.4301      0.6044
0.493      0.5131      0.5162      0.4292      0.6039
0.494      0.5123      0.5149      0.4283      0.6034
0.495      0.5116      0.5136      0.4274      0.6029
0.496      0.5108      0.5123      0.4265      0.6025
0.497      0.5101      0.5110      0.4254      0.6020
0.498      0.5093      0.5096      0.4244      0.6015
0.499      0.5086      0.5083      0.4233      0.6010
0.500      0.5078      0.5069      0.4225      0.6005
0.501      0.5070      0.5056      0.4217      0.6002
0.502      0.5063      0.5042      0.4206      0.5999
0.503      0.5055      0.5028      0.4195      0.5995
0.504      0.5047      0.5015      0.4186      0.5992
0.505      0.5039      0.5001      0.4176      0.5988
0.506      0.5031      0.4987      0.4166      0.5982
0.507      0.5023      0.4973      0.4155      0.5977
0.508      0.5016      0.4959      0.4145      0.5972
0.509      0.5008      0.4945      0.4134      0.5966
0.510      0.5000      0.4931      0.4123      0.5961
0.511      0.4992      0.4917      0.4113      0.5955
0.512      0.4984      0.4903      0.4102      0.5950
0.513      0.4975      0.4889      0.4091      0.5944
0.514      0.4967      0.4875      0.4081      0.5939
0.515      0.4959      0.4860      0.4070      0.5933
0.516      0.4951      0.4846      0.4059      0.5928
0.517      0.4943      0.4832      0.4048      0.5922
0.518      0.4935      0.4817      0.4037      0.5916
0.519      0.4926      0.4802      0.4026      0.5910
0.520      0.4918      0.4788      0.4015      0.5903
0.521      0.4910      0.4773      0.4004      0.5897
0.522      0.4901      0.4758      0.3992      0.5891
0.523      0.4893      0.4744      0.3981      0.5886
0.524      0.4884      0.4729      0.3971      0.5880
0.525      0.4876      0.4714      0.3962      0.5875
0.526      0.4867      0.4699      0.3952      0.5869
0.527      0.4859      0.4684      0.3943      0.5864
0.528      0.4850      0.4669      0.3933      0.5857
0.529      0.4842      0.4653      0.3924      0.5850
0.530      0.4833      0.4638      0.3914      0.5843
0.531      0.4824      0.4623      0.3904      0.5836
0.532      0.4815      0.4607      0.3893      0.5829
0.533      0.4807      0.4592      0.3881      0.5821
0.534      0.4798      0.4576      0.3870      0.5814
0.535      0.4789      0.4561      0.3860      0.5806
0.536      0.4780      0.4545      0.3851      0.5799
0.537      0.4771      0.4530      0.3840      0.5792
0.538      0.4762      0.4514      0.3827      0.5784
0.539      0.4753      0.4498      0.3814      0.5777
0.540      0.4744      0.4482      0.3800      0.5769
0.541      0.4735      0.4466      0.3786      0.5761
0.542      0.4726      0.4450      0.3772      0.5754
0.543      0.4717      0.4434      0.3759      0.5747
0.544      0.4707      0.4418      0.3745      0.5741
0.545      0.4698      0.4401      0.3730      0.5735
0.546      0.4689      0.4385      0.3718      0.5728
0.547      0.4680      0.4369      0.3706      0.5722
0.548      0.4670      0.4352      0.3694      0.5715
0.549      0.4661      0.4335      0.3681      0.5708
0.550      0.4651      0.4319      0.3669      0.5702
0.551      0.4642      0.4302      0.3657      0.5695
0.552      0.4632      0.4285      0.3645      0.5688
0.553      0.4623      0.4268      0.3633      0.5682
0.554      0.4613      0.4251      0.3621      0.5675
0.555      0.4603      0.4234      0.3609      0.5665
0.556      0.4594      0.4217      0.3597      0.5655
0.557      0.4584      0.4200      0.3585      0.5648
0.558      0.4574      0.4183      0.3571      0.5641
0.559      0.4564      0.4166      0.3558      0.5635
0.560      0.4554      0.4148      0.3545      0.5629
0.561      0.4544      0.4131      0.3532      0.5622
0.562      0.4534      0.4113      0.3519      0.5616
0.563      0.4524      0.4096      0.3507      0.5610
0.564      0.4514      0.4078      0.3496      0.5603
0.565      0.4504      0.4060      0.3484      0.5596
0.566      0.4494      0.4042      0.3470      0.5590
0.567      0.4484      0.4024      0.3457      0.5583
0.568      0.4474      0.4006      0.3444      0.5576
0.569      0.4463      0.3988      0.3431      0.5569
0.570      0.4453      0.3970      0.3419      0.5560
0.571      0.4443      0.3951      0.3406      0.5551
0.572      0.4432      0.3933      0.3394      0.5546
0.573      0.4422      0.3915      0.3381      0.5539
0.574      0.4411      0.3896      0.3368      0.5531
0.575      0.4400      0.3877      0.3355      0.5523
0.576      0.4390      0.3859      0.3342      0.5514
0.577      0.4379      0.3840      0.3329      0.5506
0.578      0.4368      0.3821      0.3316      0.5497
0.579      0.4358      0.3802      0.3303      0.5489
0.580      0.4347      0.3783      0.3290      0.5480
0.581      0.4336      0.3764      0.3276      0.5472
0.582      0.4325      0.3744      0.3263      0.5463
0.583      0.4314      0.3725      0.3249      0.5455
0.584      0.4303      0.3705      0.3236      0.5446
0.585      0.4292      0.3686      0.3222      0.5437
0.586      0.4280      0.3666      0.3206      0.5428
0.587      0.4269      0.3647      0.3191      0.5420
0.588      0.4258      0.3627      0.3174      0.5411
0.589      0.4247      0.3607      0.3157      0.5403
0.590      0.4235      0.3587      0.3140      0.5396
0.591      0.4224      0.3567      0.3126      0.5389
0.592      0.4212      0.3546      0.3111      0.5382
0.593      0.4201      0.3526      0.3094      0.5375
0.594      0.4189      0.3506      0.3078      0.5367
0.595      0.4177      0.3485      0.3062      0.5360
0.596      0.4166      0.3464      0.3045      0.5353
0.597      0.4154      0.3444      0.3029      0.5346
0.598      0.4142      0.3423      0.3014      0.5338
0.599      0.4130      0.3402      0.2999      0.5331
0.600      0.4118      0.3381      0.2983      0.5324
0.601      0.4106      0.3360      0.2968      0.5316
0.602      0.4094      0.3338      0.2952      0.5309
0.603      0.4082      0.3317      0.2937      0.5301
0.604      0.4070      0.3295      0.2921      0.5294
0.605      0.4057      0.3274      0.2905      0.5286
0.606      0.4045      0.3252      0.2889      0.5277
0.607      0.4033      0.3230      0.2873      0.5268
0.608      0.4020      0.3208      0.2856      0.5259
0.609      0.4008      0.3186      0.2839      0.5250
0.610      0.3995      0.3164      0.2822      0.5240
0.611      0.3982      0.3142      0.2805      0.5231
0.612      0.3970      0.3120      0.2788      0.5221
0.613      0.3957      0.3097      0.2770      0.5212
0.614      0.3944      0.3075      0.2753      0.5202
0.615      0.3931      0.3052      0.2735      0.5192
0.616      0.3918      0.3029      0.2717      0.5183
0.617      0.3905      0.3006      0.2700      0.5173
0.618      0.3892      0.2983      0.2682      0.5166
0.619      0.3879      0.2960      0.2664      0.5158
0.620      0.3866      0.2936      0.2646      0.5150
0.621      0.3852      0.2913      0.2627      0.5142
0.622      0.3839      0.2889      0.2609      0.5133
0.623      0.3825      0.2866      0.2591      0.5123
0.624      0.3812      0.2842      0.2572      0.5112
0.625      0.3798      0.2818      0.2554      0.5102
0.626      0.3785      0.2794      0.2535      0.5091
0.627      0.3771      0.2770      0.2516      0.5081
0.628      0.3757      0.2745      0.2497      0.5070
0.629      0.3743      0.2721      0.2478      0.5059
0.630      0.3729      0.2696      0.2459      0.5048
0.631      0.3715      0.2672      0.2440      0.5037
0.632      0.3701      0.2647      0.2421      0.5026
0.633      0.3687      0.2622      0.2401      0.5016
0.634      0.3672      0.2597      0.2382      0.5007
0.635      0.3658      0.2571      0.2362      0.4997
0.636      0.3644      0.2546      0.2343      0.4988
0.637      0.3629      0.2520      0.2323      0.4979
0.638      0.3614      0.2495      0.2306      0.4970
0.639      0.3600      0.2469      0.2288      0.4961
0.640      0.3585      0.2443      0.2271      0.4953
0.641      0.3570      0.2417      0.2250      0.4945
0.642      0.3555      0.2390      0.2230      0.4936
0.643      0.3540      0.2364      0.2209      0.4926
0.644      0.3525      0.2337      0.2188      0.4915
0.645      0.3510      0.2311      0.2167      0.4906
0.646      0.3495      0.2284      0.2145      0.4897
0.647      0.3479      0.2257      0.2123      0.4887
0.648      0.3464      0.2230      0.2101      0.4878
0.649      0.3448      0.2202      0.2079      0.4868
0.650      0.3433      0.2175      0.2056      0.4859
0.651      0.3417      0.2147      0.2034      0.4849
0.652      0.3401      0.2119      0.2012      0.4840
0.653      0.3385      0.2091      0.1990      0.4828
0.654      0.3369      0.2063      0.1969      0.4816
0.655      0.3353      0.2035      0.1948      0.4805
0.656      0.3337      0.2006      0.1927      0.4797
0.657      0.3321      0.1978      0.1904      0.4788
0.658      0.3304      0.1949      0.1882      0.4777
0.659      0.3288      0.1920      0.1859      0.4764
0.660      0.3271      0.1891      0.1838      0.4752
0.661      0.3255      0.1862      0.1817      0.4741
0.662      0.3238      0.1832      0.1796      0.4731
0.663      0.3221      0.1803      0.1775      0.4721
0.664      0.3204      0.1773      0.1753      0.4711
0.665      0.3187      0.1743      0.1731      0.4701
0.666      0.3170      0.1713      0.1708      0.4691
0.667      0.3153      0.1682      0.1686      0.4681
0.668      0.3135      0.1652      0.1661      0.4670
0.669      0.3118      0.1621      0.1636      0.4660
0.670      0.3100      0.1590      0.1610      0.4646
0.671      0.3082      0.1559      0.1585      0.4635
0.672      0.3065      0.1528      0.1558      0.4627
0.673      0.3047      0.1496      0.1533      0.4618
0.674      0.3029      0.1464      0.1507      0.4607
0.675      0.3011      0.1433      0.1480      0.4597
0.676      0.2992      0.1400      0.1454      0.4586
0.677      0.2974      0.1368      0.1429      0.4575
0.678      0.2956      0.1336      0.1404      0.4564
0.679      0.2937      0.1303      0.1379      0.4553
0.680      0.2918      0.1270      0.1353      0.4542
0.681      0.2900      0.1237      0.1328      0.4531
0.682      0.2881      0.1204      0.1302      0.4520
0.683      0.2862      0.1170      0.1276      0.4509
0.684      0.2842      0.1137      0.1251      0.4496
0.685      0.2823      0.1103      0.1227      0.4483
0.686      0.2804      0.1069      0.1201      0.4470
0.687      0.2784      0.1034      0.1173      0.4456
0.688      0.2765      0.1000      0.1145      0.4443
0.689      0.2745      0.0965      0.1119      0.4430
0.690      0.2725      0.0930      0.1093      0.4416
0.691      0.2705      0.0895      0.1067      0.4403
0.692      0.2685      0.0859      0.1041      0.4389
0.693      0.2664      0.0823      0.1014      0.4378
0.694      0.2644      0.0787      0.0988      0.4366
0.695      0.2623      0.0751      0.0961      0.4351
0.696      0.2603      0.0715      0.0933      0.4336
0.697      0.2582      0.0678      0.0906      0.4321
0.698      0.2561      0.0641      0.0879      0.4307
0.699      0.2540      0.0604      0.0851      0.4291
0.700      0.2518      0.0567      0.0822      0.4276
0.701      0.2497      0.0529      0.0789      0.4261
0.702      0.2476      0.0491      0.0758      0.4246
0.703      0.2454      0.0453      0.0729      0.4230
0.704      0.2432      0.0415      0.0700      0.4215
0.705      0.2410      0.0376      0.0671      0.4199
0.706      0.2388      0.0337      0.0641      0.4183
0.707      0.2366      0.0298      0.0612      0.4169
0.708      0.2343      0.0258      0.0582      0.4155
0.709      0.2321      0.0219      0.0552      0.4142
0.710      0.2298      0.0179      0.0521      0.4126
0.711      0.2275      0.0138      0.0491      0.4111
0.712      0.2252      0.0098      0.0459      0.4095
0.713      0.2229      0.0057      0.0425      0.4080
0.714      0.2205      0.0016      0.0392      0.4066
0.715      0.2182     -0.0026      0.0358      0.4051
0.716      0.2158     -0.0067      0.0324      0.4036
0.717      0.2134     -0.0110      0.0296      0.4021
0.718      0.2110     -0.0152      0.0267      0.4005
0.719      0.2086     -0.0194      0.0238      0.3990
0.720      0.2061     -0.0237      0.0206      0.3975
0.721      0.2037     -0.0281      0.0173      0.3959
0.722      0.2012     -0.0324      0.0140      0.3943
0.723      0.1987     -0.0368      0.0107      0.3927
0.724      0.1962     -0.0412      0.0074      0.3912
0.725      0.1937     -0.0457      0.0040      0.3896
0.726      0.1911     -0.0501      0.0006      0.3879
0.727      0.1886     -0.0547     -0.0028      0.3863
0.728      0.1860     -0.0592     -0.0063      0.3847
0.729      0.1834     -0.0638     -0.0098      0.3830
0.730      0.1807     -0.0684     -0.0136      0.3814
0.731      0.1781     -0.0731     -0.0174      0.3797
0.732      0.1754     -0.0777     -0.0213      0.3780
0.733      0.1728     -0.0825     -0.0252      0.3763
0.734      0.1701     -0.0872     -0.0291      0.3746
0.735      0.1673     -0.0920     -0.0330      0.3729
0.736      0.1646     -0.0968     -0.0370      0.3711
0.737      0.1618     -0.1017     -0.0410      0.3694
0.738      0.1590     -0.1066     -0.0450      0.3676
0.739      0.1562     -0.1115     -0.0491      0.3658
0.740      0.1534     -0.1165     -0.0532      0.3640
0.741      0.1506     -0.1215     -0.0573      0.3622
0.742      0.1477     -0.1266     -0.0613      0.3604
0.743      0.1448     -0.1317     -0.0653      0.3586
0.744      0.1419     -0.1368     -0.0690      0.3567
0.745      0.1389     -0.1420     -0.0727      0.3548
0.746      0.1360     -0.1472     -0.0764      0.3527
0.747      0.1330     -0.1524     -0.0802      0.3506
0.748      0.1300     -0.1577     -0.0840      0.3486
0.749      0.1269     -0.1631     -0.0878      0.3464
0.750      0.1239     -0.1685     -0.0917      0.3443
0.751      0.1208     -0.1739     -0.0956      0.3422
0.752      0.1177     -0.1794     -0.0995      0.3400
0.753      0.1145     -0.1849     -0.1035      0.3379
0.754      0.1114     -0.1904     -0.1075      0.3357
0.755      0.1082     -0.1960     -0.1115      0.3335
0.756      0.1050     -0.2017     -0.1155      0.3312
0.757      0.1018     -0.2074     -0.1196      0.3290
0.758      0.0985     -0.2131     -0.1237      0.3267
0.759      0.0952     -0.2189     -0.1279      0.3245
0.760      0.0919     -0.2247     -0.1321      0.3222
0.761      0.0885     -0.2306     -0.1366      0.3198
0.762      0.0852     -0.2366     -0.1412      0.3175
0.763      0.0818     -0.2426     -0.1459      0.3152
0.764      0.0783     -0.2486     -0.1506      0.3128
0.765      0.0749     -0.2547     -0.1554      0.3104
0.766      0.0714     -0.2608     -0.1602      0.3083
0.767      0.0678     -0.2670     -0.1651      0.3064
0.768      0.0643     -0.2733     -0.1700      0.3045
0.769      0.0607     -0.2796     -0.1749      0.3025
0.770      0.0571     -0.2859     -0.1799      0.3006
0.771      0.0535     -0.2923     -0.1849      0.2986
0.772      0.0498     -0.2988     -0.1899      0.2966
0.773      0.0461     -0.3053     -0.1950      0.2946
0.774      0.0423     -0.3119     -0.2002      0.2926
0.775      0.0386     -0.3185     -0.2054      0.2905
0.776      0.0347     -0.3252     -0.2106      0.2885
0.777      0.0309     -0.3320     -0.2159      0.2864
0.778      0.0270     -0.3388     -0.2213      0.2840
0.779      0.0231     -0.3457     -0.2267      0.2815
0.780      0.0192     -0.3527     -0.2321      0.2790
0.781      0.0152     -0.3597     -0.2376      0.2765
0.782      0.0112     -0.3667     -0.2430      0.2739
0.783      0.0071     -0.3739     -0.2481      0.2713
0.784      0.0030     -0.3811     -0.2533      0.2687
0.785     -0.0011     -0.3884     -0.2585      0.2661
0.786     -0.0053     -0.3957     -0.2638      0.2635
0.787     -0.0095     -0.4031     -0.2691      0.2608
0.788     -0.0138     -0.4106     -0.2745      0.2581
0.789     -0.0181     -0.4181     -0.2799      0.2554
0.790     -0.0224     -0.4258     -0.2854      0.2526
0.791     -0.0268     -0.4334     -0.2910      0.2499
0.792     -0.0312     -0.4412     -0.2965      0.2471
0.793     -0.0356     -0.4491     -0.3022      0.2443
0.794     -0.0401     -0.4570     -0.3079      0.2414
0.795     -0.0447     -0.4650     -0.3142      0.2385
0.796     -0.0493     -0.4730     -0.3206      0.2356
0.797     -0.0539     -0.4812     -0.3271      0.2327
0.798     -0.0586     -0.4894     -0.3336      0.2297
0.799     -0.0633     -0.4978     -0.3403      0.2267
0.800     -0.0681     -0.5062     -0.3470      0.2237
0.801     -0.0729     -0.5146     -0.3539      0.2206
0.802     -0.0778     -0.5232     -0.3609      0.2175
0.803     -0.0827     -0.5319     -0.3680      0.2144
0.804     -0.0877     -0.5406     -0.3751      0.2113
0.805     -0.0927     -0.5494     -0.3823      0.2081
0.806     -0.0978     -0.5584     -0.3896      0.2049
0.807     -0.1029     -0.5674     -0.3970      0.2016
0.808     -0.1081     -0.5765     -0.4039      0.1983
0.809     -0.1133     -0.5857     -0.4109      0.1950
0.810     -0.1186     -0.5950     -0.4180      0.1917
0.811     -0.1240     -0.6044     -0.4253      0.1883
0.812     -0.1294     -0.6139     -0.4329      0.1849
0.813     -0.1348     -0.6235     -0.4405      0.1814
0.814     -0.1403     -0.6332     -0.4483      0.1780
0.815     -0.1459     -0.6431     -0.4558      0.1744
0.816     -0.1515     -0.6530     -0.4632      0.1708
0.817     -0.1573     -0.6630     -0.4707      0.1672
0.818     -0.1630     -0.6731     -0.4783      0.1635
0.819     -0.1688     -0.6834     -0.4860      0.1598
0.820     -0.1747     -0.6938     -0.4938      0.1561
0.821     -0.1807     -0.7042     -0.5017      0.1523
0.822     -0.1867     -0.7148     -0.5096      0.1485
0.823     -0.1928     -0.7256     -0.5177      0.1447
0.824     -0.1990     -0.7364     -0.5258      0.1408
0.825     -0.2052     -0.7474     -0.5340      0.1368
0.826     -0.2115     -0.7585     -0.5423      0.1328
0.827     -0.2179     -0.7697     -0.5508      0.1288
0.828     -0.2243     -0.7810     -0.5594      0.1247
0.829     -0.2309     -0.7925     -0.5681      0.1205
0.830     -0.2375     -0.8041     -0.5769      0.1164
0.831     -0.2441     -0.8159     -0.5859      0.1121
0.832     -0.2509     -0.8278     -0.5951      0.1078
0.833     -0.2578     -0.8398     -0.6044      0.1035
0.834     -0.2647     -0.8520     -0.6139      0.0991
0.835     -0.2717     -0.8643     -0.6234      0.0947
0.836     -0.2788     -0.8768     -0.6331      0.0902
0.837     -0.2860     -0.8894     -0.6429      0.0856
0.838     -0.2932     -0.9022     -0.6528      0.0810
0.839     -0.3006     -0.9152     -0.6629      0.0764
0.840     -0.3080     -0.9283     -0.6730      0.0717
0.841     -0.3156     -0.9415     -0.6833      0.0671
0.842     -0.3232     -0.9550     -0.6938      0.0622
0.843     -0.3310     -0.9686     -0.7043      0.0571
0.844     -0.3388     -0.9824     -0.7150      0.0522
0.845     -0.3467     -0.9964     -0.7258      0.0474
0.846     -0.3548     -1.0105     -0.7368      0.0426
0.847     -0.3629     -1.0248     -0.7479      0.0377
0.848     -0.3712     -1.0394     -0.7592      0.0327
0.849     -0.3795     -1.0541     -0.7706      0.0277
0.850     -0.3880     -1.0690     -0.7822      0.0226
0.851     -0.3966     -1.0841     -0.7939      0.0174
0.852     -0.4053     -1.0994     -0.8058      0.0121
0.853     -0.4141     -1.1149     -0.8178      0.0068
0.854     -0.4231     -1.1307     -0.8300      0.0014
0.855     -0.4322     -1.1466     -0.8424     -0.0045
0.856     -0.4413     -1.1628     -0.8549     -0.0104
0.857     -0.4507     -1.1792     -0.8676     -0.0164
0.858     -0.4601     -1.1958     -0.8805     -0.0225
0.859     -0.4697     -1.2127     -0.8936     -0.0287
0.860     -0.4794     -1.2298     -0.9069     -0.0349
0.861     -0.4893     -1.2471     -0.9204     -0.0413
0.862     -0.4993     -1.2647     -0.9340     -0.0477
0.863     -0.5095     -1.2826     -0.9479     -0.0542
0.864     -0.5198     -1.3007     -0.9619     -0.0609
0.865     -0.5302     -1.3191     -0.9762     -0.0676
0.866     -0.5408     -1.3378     -0.9907     -0.0744
0.867     -0.5516     -1.3567     -1.0054     -0.0814
0.868     -0.5625     -1.3760     -1.0203     -0.0885
0.869     -0.5736     -1.3955     -1.0354     -0.0955
0.870     -0.5849     -1.4153     -1.0508     -0.1028
0.871     -0.5964     -1.4355     -1.0664     -0.1102
0.872     -0.6080     -1.4559     -1.0823     -0.1176
0.873     -0.6198     -1.4767     -1.0984     -0.1253
0.874     -0.6318     -1.4978     -1.1148     -0.1330
0.875     -0.6440     -1.5192     -1.1314     -0.1408
0.876     -0.6564     -1.5410     -1.1483     -0.1484
0.877     -0.6689     -1.5632     -1.1655     -0.1559
0.878     -0.6817     -1.5857     -1.1829     -0.1636
0.879     -0.6947     -1.6085     -1.2007     -0.1714
0.880     -0.7080     -1.6318     -1.2187     -0.1794
0.881     -0.7214     -1.6554     -1.2371     -0.1880
0.882     -0.7351     -1.6795     -1.2557     -0.1968
0.883     -0.7490     -1.7040     -1.2747     -0.2057
0.884     -0.7631     -1.7288     -1.2940     -0.2148
0.885     -0.7775     -1.7541     -1.3136     -0.2240
0.886     -0.7922     -1.7799     -1.3336     -0.2334
0.887     -0.8071     -1.8061     -1.3539     -0.2430
0.888     -0.8222     -1.8328     -1.3746     -0.2527
0.889     -0.8377     -1.8600     -1.3957     -0.2626
0.890     -0.8534     -1.8876     -1.4171     -0.2727
0.891     -0.8694     -1.9158     -1.4390     -0.2830
0.892     -0.8857     -1.9445     -1.4612     -0.2935
0.893     -0.9023     -1.9737     -1.4840     -0.3042
0.894     -0.9192     -2.0035     -1.5073     -0.3138
0.895     -0.9365     -2.0338     -1.5310     -0.3244
0.896     -0.9541     -2.0647     -1.5552     -0.3361
0.897     -0.9720     -2.0963     -1.5799     -0.3480
0.898     -0.9903     -2.1284     -1.6050     -0.3601
0.899     -1.0089     -2.1612     -1.6306     -0.3724
0.900     -1.0279     -2.1946     -1.6568     -0.3845
0.901     -1.0473     -2.2287     -1.6835     -0.3968
0.902     -1.0671     -2.2635     -1.7107     -0.4093
0.903     -1.0873     -2.2991     -1.7385     -0.4221
0.904     -1.1079     -2.3353     -1.7666     -0.4352
0.905     -1.1289     -2.3723     -1.7951     -0.4485
0.906     -1.1504     -2.4102     -1.8243     -0.4621
0.907     -1.1724     -2.4488     -1.8541     -0.4760
0.908     -1.1948     -2.4883     -1.8846     -0.4903
0.909     -1.2177     -2.5286     -1.9157     -0.5041
0.910     -1.2412     -2.5698     -1.9475     -0.5182
0.911     -1.2651     -2.6120     -1.9800     -0.5335
0.912     -1.2897     -2.6551     -2.0133     -0.5493
0.913     -1.3147     -2.6992     -2.0473     -0.5654
0.914     -1.3404     -2.7443     -2.0821     -0.5807
0.915     -1.3666     -2.7905     -2.1178     -0.5964
0.916     -1.3935     -2.8378     -2.1543     -0.6125
0.917     -1.4211     -2.8863     -2.1917     -0.6289
0.918     -1.4493     -2.9359     -2.2302     -0.6458
0.919     -1.4782     -2.9867     -2.2697     -0.6631
0.920     -1.5078     -3.0388     -2.3101     -0.6808
0.921     -1.5382     -3.0923     -2.3515     -0.6990
0.922     -1.5693     -3.1471     -2.3940     -0.7176
0.923     -1.6013     -3.2033     -2.4376     -0.7367
0.924     -1.6341     -3.2610     -2.4824     -0.7563
0.925     -1.6678     -3.3203     -2.5284     -0.7764
0.926     -1.7023     -3.3811     -2.5756     -0.7971
0.927     -1.7379     -3.4436     -2.6240     -0.8184
0.928     -1.7744     -3.5079     -2.6737     -0.8402
0.929     -1.8120     -3.5739     -2.7243     -0.8627
0.930     -1.8506     -3.6419     -2.7765     -0.8858
0.931     -1.8903     -3.7118     -2.8301     -0.9107
0.932     -1.9312     -3.7838     -2.8853     -0.9364
0.933     -1.9734     -3.8579     -2.9422     -0.9629
0.934     -2.0168     -3.9342     -3.0007     -0.9902
0.935     -2.0615     -4.0130     -3.0611     -1.0183
0.936     -2.1077     -4.0941     -3.1235     -1.0473
0.937     -2.1553     -4.1779     -3.1881     -1.0772
0.938     -2.2044     -4.2643     -3.2548     -1.1080
0.939     -2.2552     -4.3536     -3.3237     -1.1399
0.940     -2.3076     -4.4459     -3.3949     -1.1729
0.941     -2.3619     -4.5413     -3.4685     -1.2069
0.942     -2.4180     -4.6400     -3.5446     -1.2422
0.943     -2.4760     -4.7421     -3.6234     -1.2787
0.944     -2.5362     -4.8479     -3.7051     -1.3164
0.945     -2.5985     -4.9576     -3.7897     -1.3556
0.946     -2.6631     -5.0713     -3.8774     -1.3962
0.947     -2.7302     -5.1892     -3.9684     -1.4383
0.948     -2.7998     -5.3118     -4.0630     -1.4821
0.949     -2.8722     -5.4391     -4.1612     -1.5275
0.950     -2.9475     -5.5715     -4.2634     -1.5748
0.951     -3.0259     -5.7094     -4.3697     -1.6241
0.952     -3.1075     -5.8530     -4.4813     -1.6753
0.953     -3.1926     -6.0027     -4.5978     -1.7288
0.954     -3.2813     -6.1588     -4.7193     -1.7846
0.955     -3.3741     -6.3220     -4.8462     -1.8428
0.956     -3.4710     -6.4925     -4.9789     -1.9037
0.957     -3.5725     -6.6710     -5.1177     -1.9674
0.958     -3.6788     -6.8580     -5.2632     -2.0342
0.959     -3.7903     -7.0541     -5.4158     -2.1042
0.960     -3.9073     -7.2600     -5.5760     -2.1778
0.961     -4.0304     -7.4765     -5.7444     -2.2546
0.962     -4.1599     -7.7043     -5.9217     -2.3338
0.963     -4.2964     -7.9445     -6.1085     -2.4171
0.964     -4.4405     -8.1980     -6.3057     -2.5067
0.965     -4.5929     -8.4661     -6.5142     -2.6045
0.966     -4.7542     -8.7498     -6.7350     -2.7081
0.967     -4.9253     -9.0508     -6.9692     -2.8173
0.968     -5.1071     -9.3706     -7.2180     -2.9314
0.969     -5.3006     -9.7110     -7.4828     -3.0530
0.970     -5.5070    -10.0741     -7.7653     -3.1827
0.971     -5.7276    -10.4623     -8.0673     -3.3213
0.972     -5.9640    -10.8781     -8.3906     -3.4698
0.973     -6.2180    -11.3248     -8.7371     -3.6293
0.974     -6.4914    -11.8059     -9.1102     -3.8025
0.975     -6.7867    -12.3254     -9.5131     -3.9899
0.976     -7.1067    -12.8883     -9.9497     -4.1930
0.977     -7.4544    -13.5000    -10.4242     -4.4136
0.978     -7.8338    -14.1674    -10.9418     -4.6543
0.979     -8.2493    -14.8983    -11.5088     -4.9180
0.980     -8.7063    -15.7023    -12.1324     -5.2080
0.981     -9.2115    -16.5910    -12.8217     -5.5286
0.982     -9.7728    -17.5785    -13.5876     -5.8792
0.983    -10.4001    -18.6820    -14.4435     -6.2711
0.984    -11.1058    -19.9235    -15.4065     -6.7118
0.985    -11.9057    -21.3306    -16.4973     -7.2115
0.986    -12.8198    -22.9387    -17.7435     -7.7854
0.987    -13.8745    -24.7941    -19.1844     -8.4505
0.988    -15.1051    -26.9587    -20.8634     -9.2264
0.989    -16.5593    -29.5170    -22.8477    -10.1431
0.990    -18.3044    -32.5872    -25.2288    -11.2434
0.991    -20.4374    -36.3392    -28.1395    -12.5884
0.992    -23.1035    -41.0295    -31.7771    -14.2692
0.993    -26.5312    -47.0599    -36.4544    -16.4306
0.994    -31.1019    -55.0998    -42.6904    -19.3118
0.995    -37.5008    -66.3573    -51.4189    -23.3464
0.996    -47.0987    -83.2413    -64.5126    -29.3982
0.997    -63.0962   -111.3832    -86.3335    -39.4846
0.998    -95.0890   -167.6679   -129.9789    -59.6588
0.999   -191.0764   -336.5298   -260.9209   -120.1559
