0.001     -8.0719     -7.2587     -9.3733     -6.7543
0.002     -3.5345     -3.1286     -4.1852     -2.8768
0.003     -2.0221     -1.7520     -2.4555     -1.5843
0.004     -1.2658     -1.0636     -1.5906     -0.9380
0.005     -0.8121     -0.6506     -1.0716     -0.5500
0.006     -0.5096     -0.3753     -0.7256     -0.2912
0.007     -0.2935     -0.1786     -0.4785     -0.1063
0.008     -0.1315     -0.0311     -0.2932      0.0323
0.009     -0.0055      0.0836     -0.1490      0.1402
0.010      0.0954      0.1754     -0.0337      0.2265
0.011      0.1779      0.2505      0.0607      0.2969
0.012      0.2466      0.3131      0.1393      0.3556
0.013      0.3048      0.3660      0.2058      0.4053
0.014      0.3547      0.4114      0.2629      0.4478
0.015      0.3979      0.4507      0.3124      0.4847
0.016      0.4357      0.4851      0.3557      0.5170
0.017      0.4690      0.5155      0.3939      0.5456
0.018      0.4987      0.5425      0.4278      0.5710
0.019      0.5252      0.5667      0.4581      0.5937
0.020      0.5491      0.5884      0.4854      0.6142
0.021      0.5707      0.6081      0.5101      0.6327
0.022      0.5904      0.6259      0.5326      0.6492
0.023      0.6083      0.6423      0.5577      0.6597
0.024      0.6130      0.6421      0.5672      0.6619
0.025      0.6127      0.6418      0.5672      0.6617
0.026      0.6124      0.6415      0.5669      0.6614
0.027      0.6122      0.6412      0.5666      0.6611
0.028      0.6119      0.6409      0.5662      0.6609
0.029      0.6116      0.6406      0.5659      0.6606
0.030      0.6113      0.6403      0.5656      0.6603
0.031      0.6110      0.6399      0.5653      0.6601
0.032      0.6108      0.6396      0.5650      0.6598
0.033      0.6105      0.6393      0.5647      0.6595
0.034      0.6102      0.6390      0.5644      0.6592
0.035      0.6099      0.6387      0.5641      0.6590
0.036      0.6096      0.6384      0.5638      0.6587
0.037      0.6094      0.6381      0.5634      0.6584
0.038      0.6091      0.6378      0.5631      0.6581
0.039      0.6088      0.6374      0.5628      0.6579
0.040      0.6085      0.6371      0.5625      0.6576
0.041      0.6082      0.6368      0.5622      0.6573
0.042      0.6080      0.6365      0.5619      0.6570
0.043      0.6077      0.6362      0.5615      0.6568
0.044      0.6074      0.6359      0.5612      0.6565
0.045      0.6071      0.6355      0.5609      0.6562
0.046      0.6068      0.6352      0.5606      0.6559
0.047      0.6065      0.6349      0.5603      0.6556
0.048      0.6062      0.6346      0.5600      0.6554
0.049      0.6059      0.6343      0.5596      0.6551
0.050      0.6057      0.6339      0.5593      0.6549
0.051      0.6054      0.6336      0.5590      0.6546
0.052      0.6051      0.6333      0.5587      0.6542
0.053      0.6048      0.6330      0.5583      0.6540
0.054      0.6045      0.6326      0.5580      0.6537
0.055      0.6042      0.6323      0.5577      0.6534
0.056      0.6039      0.6320      0.5574      0.6531
0.057      0.6036      0.6317      0.5570      0.6528
0.058      0.6033      0.6313      0.5567      0.6525
0.059      0.6030      0.6310      0.5564      0.6522
0.060      0.6027      0.6307      0.5560      0.6520
0.061      0.6024      0.6303      0.5557      0.6517
0.062      0.6021      0.6300      0.5554      0.6514
0.063      0.6018      0.6297      0.5551      0.6511
0.064      0.6015      0.6294      0.5547      0.6508
0.065      0.6012      0.6290      0.5544      0.6505
0.066      0.6009      0.6287      0.5541      0.6502
0.067      0.6006      0.6284      0.5537      0.6499
0.068      0.6003      0.6280      0.5534      0.6497
0.069      0.6000      0.6277      0.5531      0.6494
0.070      0.5997      0.6273      0.5527      0.6492
0.071      0.5994      0.6270      0.5524      0.6488
0.072      0.5991      0.6267      0.5520      0.6485
0.073      0.5988      0.6263      0.5517      0.6482
0.074      0.5985      0.6260      0.5514      0.6479
0.075      0.5982      0.6257      0.5510      0.6476
0.076      0.5979      0.6253      0.5507      0.6473
0.077      0.5976      0.6250      0.5503      0.6469
0.078      0.5973      0.6246      0.5500      0.6466
0.079      0.5970      0.6243      0.5497      0.6463
0.080      0.5967      0.6239      0.5493      0.6460
0.081      0.5964      0.6236      0.5490      0.6457
0.082      0.5961      0.6233      0.5486      0.6453
0.083      0.5958      0.6229      0.5483      0.6450
0.084      0.5955      0.6226      0.5479      0.6447
0.085      0.5951      0.6222      0.5476      0.6444
0.086      0.5948      0.6219      0.5472      0.6440
0.087      0.5945      0.6215      0.5469      0.6437
0.088      0.5942      0.6212      0.5465      0.6434
0.089      0.5939      0.6208      0.5462      0.6431
0.090      0.5936      0.6205      0.5458      0.6427
0.091      0.5933      0.6201      0.5455      0.6424
0.092      0.5929      0.6198      0.5451      0.6421
0.093      0.5926      0.6194      0.5448      0.6418
0.094      0.5923      0.6191      0.5444      0.6414
0.095      0.5920      0.6187      0.5441      0.6411
0.096      0.5917      0.6183      0.5437      0.6407
0.097      0.5913      0.6180      0.5434      0.6403
0.098      0.5910      0.6176      0.5431      0.6400
0.099      0.5907      0.6173      0.5428      0.6396
0.100      0.5904      0.6169      0.5425      0.6392
0.101      0.5901      0.6166      0.5422      0.6388
0.102      0.5897      0.6162      0.5419      0.6385
0.103      0.5894      0.6158      0.5416      0.6382
0.104      0.5891      0.6155      0.5412      0.6379
0.105      0.5888      0.6151      0.5407      0.6377
0.106      0.5884      0.6147      0.5402      0.6374
0.107      0.5881      0.6144      0.5398      0.6370
0.108      0.5878      0.6140      0.5395      0.6367
0.109      0.5874      0.6136      0.5392      0.6364
0.110      0.5871      0.6133      0.5389      0.6360
0.111      0.5868      0.6129      0.5386      0.6357
0.112      0.5865      0.6125      0.5383      0.6353
0.113      0.5861      0.6122      0.5380      0.6350
0.114      0.5858      0.6118      0.5377      0.6346
0.115      0.5855      0.6114      0.5374      0.6343
0.116      0.5851      0.6111      0.5371      0.6339
0.117      0.5848      0.6107      0.5368      0.6336
0.118      0.5845      0.6103      0.5365      0.6332
0.119      0.5841      0.6099      0.5362      0.6329
0.120      0.5838      0.6096      0.5358      0.6325
0.121      0.5834      0.6092      0.5354      0.6322
0.122      0.5831      0.6088      0.5350      0.6318
0.123      0.5828      0.6084      0.5346      0.6315
0.124      0.5824      0.6081      0.5341      0.6311
0.125      0.5821      0.6077      0.5337      0.6308
0.126      0.5817      0.6073      0.5333      0.6306
0.127      0.5814      0.6069      0.5329      0.6303
0.128      0.5811      0.6065      0.5325      0.6301
0.129      0.5807      0.6061      0.5321      0.6299
0.130      0.5804      0.6058      0.5318      0.6296
0.131      0.5800      0.6054      0.5314      0.6293
0.132      0.5797      0.6050      0.5311      0.6290
0.133      0.5793      0.6046      0.5308      0.6287
0.134      0.5790      0.6042      0.5304      0.6284
0.135      0.5786      0.6038      0.5301      0.6281
0.136      0.5783      0.6034      0.5298      0.6278
0.137      0.5779      0.6031      0.5294      0.6275
0.138      0.5776      0.6027      0.5290      0.6271
0.139      0.5772      0.6023      0.5287      0.6268
0.140      0.5769      0.6019      0.5283      0.6265
0.141      0.5765      0.6015      0.5279      0.6262
0.142      0.5762      0.6011      0.5275      0.6258
0.143      0.5758      0.6007      0.5271      0.6254
0.144      0.5755      0.6003      0.5267      0.6252
0.145      0.5751      0.5999      0.5263      0.6249
0.146      0.5747      0.5995      0.5259      0.6246
0.147      0.5744      0.5991      0.5255      0.6243
0.148      0.5740      0.5987      0.5250      0.6240
0.149      0.5737      0.5983      0.5246      0.6236
0.150      0.5733      0.5979      0.5241      0.6233
0.151      0.5729      0.5975      0.5237      0.6229
0.152      0.5726      0.5971      0.5233      0.6226
0.153      0.5722      0.5967      0.5229      0.6222
0.154      0.5719      0.5963      0.5224      0.6219
0.155      0.5715      0.5959      0.5220      0.6215
0.156      0.5711      0.5955      0.5215      0.6212
0.157      0.5708      0.5950      0.5211      0.6208
0.158      0.5704      0.5946      0.5206      0.6204
0.159      0.5700      0.5942      0.5202      0.6201
0.160      0.5697      0.5938      0.5197      0.6197
0.161      0.5693      0.5934      0.5193      0.6194
0.162      0.5689      0.5930      0.5188      0.6190
0.163      0.5685      0.5926      0.5184      0.6186
0.164      0.5682      0.5922      0.5181      0.6183
0.165      0.5678      0.5917      0.5177      0.6179
0.166      0.5674      0.5913      0.5173      0.6175
0.167      0.5670      0.5909      0.5169      0.6172
0.168      0.5667      0.5905      0.5165      0.6168
0.169      0.5663      0.5901      0.5161      0.6164
0.170      0.5659      0.5896      0.5157      0.6161
0.171      0.5655      0.5892      0.5154      0.6157
0.172      0.5651      0.5888      0.5150      0.6153
0.173      0.5648      0.5884      0.5146      0.6150
0.174      0.5644      0.5879      0.5142      0.6146
0.175      0.5640      0.5875      0.5138      0.6142
0.176      0.5636      0.5871      0.5134      0.6138
0.177      0.5632      0.5867      0.5130      0.6135
0.178      0.5628      0.5862      0.5126      0.6131
0.179      0.5625      0.5858      0.5122      0.6127
0.180      0.5621      0.5854      0.5118      0.6123
0.181      0.5617      0.5849      0.5114      0.6120
0.182      0.5613      0.5845      0.5110      0.6116
0.183      0.5609      0.5841      0.5106      0.6112
0.184      0.5605      0.5836      0.5102      0.6108
0.185      0.5601      0.5832      0.5098      0.6104
0.186      0.5597      0.5827      0.5094      0.6100
0.187      0.5593      0.5823      0.5090      0.6097
0.188      0.5589      0.5819      0.5086      0.6093
0.189      0.5585      0.5814      0.5082      0.6089
0.190      0.5581      0.5810      0.5078      0.6085
0.191      0.5577      0.5805      0.5074      0.6081
0.192      0.5573      0.5801      0.5070      0.6077
0.193      0.5569      0.5796      0.5065      0.6072
0.194      0.5565      0.5792      0.5061      0.6067
0.195      0.5561      0.5788      0.5057      0.6062
0.196      0.5557      0.5783      0.5053      0.6058
0.197      0.5553      0.5779      0.5049      0.6054
0.198      0.5549      0.5774      0.5045      0.6051
0.199      0.5545      0.5769      0.5041      0.6048
0.200      0.5541      0.5765      0.5036      0.6046
0.201      0.5537      0.5760      0.5031      0.6042
0.202      0.5533      0.5756      0.5026      0.6038
0.203      0.5529      0.5751      0.5021      0.6034
0.204      0.5525      0.5747      0.5016      0.6030
0.205      0.5521      0.5742      0.5011      0.6026
0.206      0.5516      0.5737      0.5005      0.6022
0.207      0.5512      0.5733      0.5000      0.6018
0.208      0.5508      0.5728      0.4995      0.6014
0.209      0.5504      0.5724      0.4990      0.6010
0.210      0.5500      0.5719      0.4985      0.6005
0.211      0.5496      0.5714      0.4979      0.6001
0.212      0.5491      0.5710      0.4974      0.5998
0.213      0.5487      0.5705      0.4969      0.5996
0.214      0.5483      0.5700      0.4963      0.5992
0.215      0.5479      0.5695      0.4958      0.5989
0.216      0.5474      0.5691      0.4953      0.5986
0.217      0.5470      0.5686      0.4947      0.5983
0.218      0.5466      0.5681      0.4942      0.5980
0.219      0.5462      0.5676      0.4937      0.5975
0.220      0.5457      0.5672      0.4931      0.5970
0.221      0.5453      0.5667      0.4926      0.5965
0.222      0.5449      0.5662      0.4921      0.5961
0.223      0.5444      0.5657      0.4915      0.5956
0.224      0.5440      0.5652      0.4910      0.5951
0.225      0.5436      0.5648      0.4904      0.5948
0.226      0.5431      0.5643      0.4899      0.5945
0.227      0.5427      0.5638      0.4893      0.5943
0.228      0.5423      0.5633      0.4888      0.5939
0.229      0.5418      0.5628      0.4882      0.5934
0.230      0.5414      0.5623      0.4877      0.5929
0.231      0.5409      0.5618      0.4872      0.5925
0.232      0.5405      0.5613      0.4868      0.5922
0.233      0.5401      0.5608      0.4864      0.5920
0.234      0.5396      0.5603      0.4860      0.5917
0.235      0.5392      0.5598      0.4855      0.5915
0.236      0.5387      0.5593      0.4851      0.5912
0.237      0.5383      0.5589      0.4846      0.5909
0.238      0.5378      0.5583      0.4840      0.5905
0.239      0.5374      0.5578      0.4834      0.5901
0.240      0.5369      0.5573      0.4828      0.5897
0.241      0.5365      0.5568      0.4823      0.5893
0.242      0.5360      0.5563      0.4817      0.5889
0.243      0.5356      0.5558      0.4812      0.5885
0.244      0.5351      0.5553      0.4807      0.5880
0.245      0.5346      0.5548      0.4802      0.5876
0.246      0.5342      0.5543      0.4797      0.5871
0.247      0.5337      0.5538      0.4792      0.5866
0.248      0.5333      0.5533      0.4786      0.5862
0.249      0.5328      0.5528      0.4781      0.5857
0.250      0.5323      0.5522      0.4776      0.5852
0.251      0.5319      0.5517      0.4771      0.5848
0.252      0.5314      0.5512      0.4766      0.5844
0.253      0.5309      0.5507      0.4761      0.5840
0.254      0.5305      0.5502      0.4755      0.5836
0.255      0.5300      0.5496      0.4750      0.5832
0.256      0.5295      0.5491      0.4745      0.5828
0.257      0.5291      0.5486      0.4740      0.5824
0.258      0.5286      0.5481      0.4734      0.5820
0.259      0.5281      0.5475      0.4729      0.5816
0.260      0.5276      0.5470      0.4724      0.5812
0.261      0.5272      0.5465      0.4718      0.5808
0.262      0.5267      0.5459      0.4713      0.5804
0.263      0.5262      0.5454      0.4708      0.5800
0.264      0.5257      0.5449      0.4702      0.5796
0.265      0.5252      0.5443      0.4697      0.5792
0.266      0.5247      0.5438      0.4692      0.5788
0.267      0.5243      0.5432      0.4686      0.5784
0.268      0.5238      0.5427      0.4681      0.5780
0.269      0.5233      0.5422      0.4675      0.5776
0.270      0.5228      0.5416      0.4670      0.5773
0.271      0.5223      0.5411      0.4664      0.5770
0.272      0.5218      0.5405      0.4659      0.5765
0.273      0.5213      0.5400      0.4653      0.5759
0.274      0.5208      0.5394      0.4648      0.5755
0.275      0.5203      0.5389      0.4642      0.5751
0.276      0.5198      0.5383      0.4637      0.5747
0.277      0.5193      0.5377      0.4631      0.5742
0.278      0.5188      0.5372      0.4626      0.5738
0.279      0.5183      0.5366      0.4620      0.5734
0.280      0.5178      0.5361      0.4614      0.5730
0.281      0.5173      0.5355      0.4609      0.5725
0.282      0.5168      0.5349      0.4603      0.5721
0.283      0.5163      0.5344      0.4598      0.5717
0.284      0.5158      0.5338      0.4592      0.5712
0.285      0.5153      0.5332      0.4586      0.5708
0.286      0.5148      0.5327      0.4580      0.5704
0.287      0.5143      0.5321      0.4575      0.5700
0.288      0.5138      0.5315      0.4569      0.5695
0.289      0.5132      0.5310      0.4563      0.5691
0.290      0.5127      0.5304      0.4557      0.5686
0.291      0.5122      0.5298      0.4552      0.5682
0.292      0.5117      0.5292      0.4546      0.5678
0.293      0.5112      0.5286      0.4540      0.5673
0.294      0.5106      0.5281      0.4534      0.5669
0.295      0.5101      0.5275      0.4528      0.5664
0.296      0.5096      0.5269      0.4523      0.5660
0.297      0.5091      0.5263      0.4517      0.5656
0.298      0.5085      0.5257      0.4511      0.5651
0.299      0.5080      0.5251      0.4505      0.5647
0.300      0.5075      0.5245      0.4499      0.5642
0.301      0.5069      0.5239      0.4493      0.5638
0.302      0.5064      0.5233      0.4487      0.5633
0.303      0.5059      0.5227      0.4481      0.5629
0.304      0.5053      0.5221      0.4475      0.5624
0.305      0.5048      0.5215      0.4469      0.5619
0.306      0.5042      0.5209      0.4463      0.5615
0.307      0.5037      0.5203      0.4457      0.5610
0.308      0.5031      0.5197      0.4451      0.5606
0.309      0.5026      0.5191      0.4445      0.5601
0.310      0.5021      0.5185      0.4439      0.5596
0.311      0.5015      0.5179      0.4433      0.5592
0.312      0.5010      0.5173      0.4426      0.5587
0.313      0.5004      0.5167      0.4420      0.5582
0.314      0.4998      0.5160      0.4414      0.5578
0.315      0.4993      0.5154      0.4408      0.5573
0.316      0.4987      0.5148      0.4402      0.5568
0.317      0.4982      0.5142      0.4395      0.5564
0.318      0.4976      0.5135      0.4389      0.5559
0.319      0.4971      0.5129      0.4383      0.5554
0.320      0.4965      0.5123      0.4377      0.5549
0.321      0.4959      0.5117      0.4370      0.5545
0.322      0.4954      0.5110      0.4364      0.5540
0.323      0.4948      0.5104      0.4358      0.5535
0.324      0.4942      0.5098      0.4351      0.5530
0.325      0.4936      0.5091      0.4345      0.5525
0.326      0.4931      0.5085      0.4339      0.5521
0.327      0.4925      0.5078      0.4332      0.5516
0.328      0.4919      0.5072      0.4326      0.5511
0.329      0.4913      0.5066      0.4319      0.5506
0.330      0.4908      0.5059      0.4313      0.5501
0.331      0.4902      0.5053      0.4306      0.5496
0.332      0.4896      0.5046      0.4300      0.5491
0.333      0.4890      0.5039      0.4293      0.5487
0.334      0.4884      0.5033      0.4287      0.5482
0.335      0.4878      0.5026      0.4280      0.5477
0.336      0.4872      0.5020      0.4273      0.5473
0.337      0.4866      0.5013      0.4266      0.5468
0.338      0.4860      0.5007      0.4259      0.5463
0.339      0.4854      0.5000      0.4253      0.5458
0.340      0.4848      0.4993      0.4246      0.5453
0.341      0.4842      0.4987      0.4239      0.5447
0.342      0.4836      0.4980      0.4232      0.5443
0.343      0.4830      0.4973      0.4225      0.5438
0.344      0.4824      0.4966      0.4218      0.5433
0.345      0.4818      0.4960      0.4211      0.5428
0.346      0.4812      0.4953      0.4204      0.5423
0.347      0.4806      0.4946      0.4197      0.5418
0.348      0.4800      0.4939      0.4190      0.5413
0.349      0.4794      0.4932      0.4183      0.5408
0.350      0.4788      0.4925      0.4175      0.5403
0.351      0.4781      0.4918      0.4168      0.5398
0.352      0.4775      0.4912      0.4161      0.5393
0.353      0.4769      0.4905      0.4154      0.5388
0.354      0.4763      0.4898      0.4147      0.5383
0.355      0.4756      0.4891      0.4139      0.5378
0.356      0.4750      0.4884      0.4132      0.5373
0.357      0.4744      0.4877      0.4125      0.5368
0.358      0.4738      0.4870      0.4117      0.5363
0.359      0.4731      0.4863      0.4110      0.5358
0.360      0.4725      0.4855      0.4102      0.5353
0.361      0.4718      0.4848      0.4095      0.5348
0.362      0.4712      0.4841      0.4088      0.5343
0.363      0.4706      0.4834      0.4080      0.5338
0.364      0.4699      0.4827      0.4073      0.5332
0.365      0.4693      0.4820      0.4065      0.5327
0.366      0.4686      0.4812      0.4057      0.5322
0.367      0.4680      0.4805      0.4050      0.5317
0.368      0.4673      0.4798      0.4042      0.5312
0.369      0.4667      0.4791      0.4035      0.5306
0.370      0.4660      0.4783      0.4027      0.5301
0.371      0.4653      0.4776      0.4019      0.5296
0.372      0.4647      0.4769      0.4012      0.5290
0.373      0.4640      0.4761      0.4004      0.5285
0.374      0.4634      0.4754      0.3996      0.5280
0.375      0.4627      0.4746      0.3988      0.5274
0.376      0.4620      0.4739      0.3980      0.5269
0.377      0.4613      0.4731      0.3973      0.5264
0.378      0.4607      0.4724      0.3965      0.5258
0.379      0.4600      0.4716      0.3957      0.5253
0.380      0.4593      0.4709      0.3949      0.5247
0.381      0.4586      0.4701      0.3941      0.5242
0.382      0.4580      0.4694      0.3933      0.5236
0.383      0.4573      0.4686      0.3925      0.5231
0.384      0.4566      0.4678      0.3916      0.5225
0.385      0.4559      0.4671      0.3906      0.5220
0.386      0.4552      0.4663      0.3896      0.5214
0.387      0.4545      0.4655      0.3887      0.5209
0.388      0.4538      0.4647      0.3877      0.5203
0.389      0.4531      0.4640      0.3867      0.5197
0.390      0.4524      0.4632      0.3858      0.5192
0.391      0.4517      0.4624      0.3848      0.5186
0.392      0.4510      0.4616      0.3839      0.5181
0.393      0.4503      0.4608      0.3831      0.5175
0.394      0.4496      0.4600      0.3823      0.5169
0.395      0.4489      0.4592      0.3814      0.5163
0.396      0.4482      0.4584      0.3805      0.5158
0.397      0.4474      0.4576      0.3797      0.5152
0.398      0.4467      0.4568      0.3788      0.5146
0.399      0.4460      0.4560      0.3781      0.5140
0.400      0.4453      0.4552      0.3771      0.5135
0.401      0.4445      0.4544      0.3762      0.5129
0.402      0.4438      0.4536      0.3753      0.5123
0.403      0.4431      0.4528      0.3744      0.5117
0.404      0.4424      0.4520      0.3734      0.5111
0.405      0.4416      0.4511      0.3724      0.5105
0.406      0.4409      0.4503      0.3714      0.5099
0.407      0.4401      0.4495      0.3704      0.5093
0.408      0.4394      0.4487      0.3694      0.5087
0.409      0.4386      0.4478      0.3686      0.5081
0.410      0.4379      0.4470      0.3678      0.5075
0.411      0.4371      0.4462      0.3670      0.5069
0.412      0.4364      0.4453      0.3662      0.5063
0.413      0.4356      0.4445      0.3654      0.5057
0.414      0.4349      0.4436      0.3646      0.5051
0.415      0.4341      0.4428      0.3637      0.5045
0.416      0.4333      0.4419      0.3628      0.5039
0.417      0.4326      0.4411      0.3619      0.5033
0.418      0.4318      0.4402      0.3610      0.5026
0.419      0.4310      0.4394      0.3600      0.5020
0.420      0.4303      0.4385      0.3589      0.5014
0.421      0.4295      0.4376      0.3579      0.5008
0.422      0.4287      0.4368      0.3568      0.5002
0.423      0.4279      0.4359      0.3557      0.4996
0.424      0.4271      0.4350      0.3546      0.4991
0.425      0.4263      0.4341      0.3535      0.4985
0.426      0.4256      0.4333      0.3527      0.4980
0.427      0.4248      0.4324      0.3516      0.4974
0.428      0.4240      0.4315      0.3506      0.4969
0.429      0.4232      0.4306      0.3496      0.4963
0.430      0.4224      0.4297      0.3487      0.4955
0.431      0.4216      0.4288      0.3478      0.4949
0.432      0.4207      0.4279      0.3468      0.4943
0.433      0.4199      0.4270      0.3457      0.4937
0.434      0.4191      0.4261      0.3446      0.4932
0.435      0.4183      0.4252      0.3436      0.4926
0.436      0.4175      0.4243      0.3425      0.4920
0.437      0.4167      0.4233      0.3414      0.4915
0.438      0.4158      0.4224      0.3403      0.4908
0.439      0.4150      0.4215      0.3392      0.4900
0.440      0.4142      0.4206      0.3381      0.4893
0.441      0.4133      0.4196      0.3370      0.4885
0.442      0.4125      0.4187      0.3359      0.4879
0.443      0.4117      0.4178      0.3349      0.4873
0.444      0.4108      0.4168      0.3339      0.4867
0.445      0.4100      0.4159      0.3328      0.4861
0.446      0.4091      0.4149      0.3318      0.4855
0.447      0.4083      0.4140      0.3308      0.4849
0.448      0.4074      0.4130      0.3297      0.4843
0.449      0.4066      0.4121      0.3287      0.4837
0.450      0.4057      0.4111      0.3276      0.4831
0.451      0.4048      0.4102      0.3266      0.4826
0.452      0.4040      0.4092      0.3255      0.4821
0.453      0.4031      0.4082      0.3244      0.4815
0.454      0.4022      0.4072      0.3234      0.4807
0.455      0.4013      0.4063      0.3224      0.4801
0.456      0.4005      0.4053      0.3215      0.4795
0.457      0.3996      0.4043      0.3205      0.4789
0.458      0.3987      0.4033      0.3196      0.4783
0.459      0.3978      0.4023      0.3187      0.4777
0.460      0.3969      0.4013      0.3176      0.4770
0.461      0.3960      0.4003      0.3165      0.4764
0.462      0.3951      0.3993      0.3153      0.4758
0.463      0.3942      0.3983      0.3141      0.4752
0.464      0.3933      0.3973      0.3130      0.4745
0.465      0.3924      0.3963      0.3118      0.4739
0.466      0.3915      0.3953      0.3106      0.4733
0.467      0.3906      0.3942      0.3094      0.4726
0.468      0.3896      0.3932      0.3082      0.4720
0.469      0.3887      0.3922      0.3070      0.4713
0.470      0.3878      0.3912      0.3058      0.4707
0.471      0.3868      0.3901      0.3047      0.4700
0.472      0.3859      0.3891      0.3037      0.4694
0.473      0.3850      0.3880      0.3027      0.4687
0.474      0.3840      0.3870      0.3017      0.4681
0.475      0.3831      0.3859      0.3007      0.4674
0.476      0.3821      0.3849      0.2997      0.4667
0.477      0.3812      0.3838      0.2986      0.4660
0.478      0.3802      0.3827      0.2976      0.4651
0.479      0.3793      0.3817      0.2966      0.4643
0.480      0.3783      0.3806      0.2956      0.4635
0.481      0.3773      0.3795      0.2943      0.4627
0.482      0.3764      0.3784      0.2930      0.4619
0.483      0.3754      0.3773      0.2917      0.4611
0.484      0.3744      0.3763      0.2904      0.4603
0.485      0.3734      0.3752      0.2891      0.4594
0.486      0.3724      0.3741      0.2878      0.4586
0.487      0.3714      0.3730      0.2864      0.4578
0.488      0.3705      0.3719      0.2851      0.4570
0.489      0.3695      0.3707      0.2838      0.4561
0.490      0.3685      0.3696      0.2824      0.4553
0.491      0.3674      0.3685      0.2811      0.4544
0.492      0.3664      0.3674      0.2798      0.4536
0.493      0.3654      0.3662      0.2785      0.4527
0.494      0.3644      0.3651      0.2773      0.4519
0.495      0.3634      0.3640      0.2760      0.4510
0.496      0.3624      0.3628      0.2748      0.4502
0.497      0.3613      0.3617      0.2735      0.4493
0.498      0.3603      0.3605      0.2723      0.4484
0.499      0.3593      0.3594      0.2710      0.4476
0.500      0.3582      0.3582      0.2697      0.4467
0.501      0.3572      0.3570      0.2685      0.4460
0.502      0.3561      0.3559      0.2672      0.4453
0.503      0.3551      0.3547      0.2659      0.4446
0.504      0.3540      0.3535      0.2646      0.4439
0.505      0.3529      0.3523      0.2633      0.4431
0.506      0.3519      0.3511      0.2620      0.4421
0.507      0.3508      0.3499      0.2607      0.4413
0.508      0.3497      0.3487      0.2594      0.4405
0.509      0.3486      0.3475      0.2581      0.4398
0.510      0.3475      0.3463      0.2567      0.4390
0.511      0.3465      0.3451      0.2554      0.4382
0.512      0.3454      0.3439      0.2541      0.4374
0.513      0.3443      0.3427      0.2527      0.4366
0.514      0.3432      0.3414      0.2514      0.4357
0.515      0.3421      0.3402      0.2500      0.4348
0.516      0.3409      0.3390      0.2487      0.4338
0.517      0.3398      0.3377      0.2473      0.4328
0.518      0.3387      0.3365      0.2459      0.4318
0.519      0.3376      0.3352      0.2446      0.4308
0.520      0.3364      0.3340      0.2432      0.4299
0.521      0.3353      0.3327      0.2418      0.4289
0.522      0.3342      0.3314      0.2405      0.4279
0.523      0.3330      0.3301      0.2392      0.4269
0.524      0.3319      0.3289      0.2378      0.4259
0.525      0.3307      0.3276      0.2364      0.4248
0.526      0.3296      0.3263      0.2351      0.4240
0.527      0.3284      0.3250      0.2337      0.4233
0.528      0.3272      0.3237      0.2324      0.4225
0.529      0.3260      0.3224      0.2310      0.4218
0.530      0.3249      0.3211      0.2296      0.4210
0.531      0.3237      0.3197      0.2282      0.4203
0.532      0.3225      0.3184      0.2267      0.4195
0.533      0.3213      0.3171      0.2250      0.4187
0.534      0.3201      0.3157      0.2233      0.4177
0.535      0.3189      0.3144      0.2218      0.4167
0.536      0.3177      0.3130      0.2203      0.4157
0.537      0.3165      0.3117      0.2188      0.4148
0.538      0.3152      0.3103      0.2174      0.4140
0.539      0.3140      0.3090      0.2159      0.4131
0.540      0.3128      0.3076      0.2144      0.4123
0.541      0.3115      0.3062      0.2129      0.4114
0.542      0.3103      0.3048      0.2113      0.4106
0.543      0.3091      0.3034      0.2098      0.4097
0.544      0.3078      0.3020      0.2083      0.4088
0.545      0.3065      0.3006      0.2068      0.4080
0.546      0.3053      0.2992      0.2051      0.4071
0.547      0.3040      0.2978      0.2035      0.4062
0.548      0.3027      0.2964      0.2018      0.4053
0.549      0.3015      0.2950      0.2001      0.4045
0.550      0.3002      0.2935      0.1985      0.4036
0.551      0.2989      0.2921      0.1968      0.4027
0.552      0.2976      0.2906      0.1951      0.4018
0.553      0.2963      0.2892      0.1933      0.4009
0.554      0.2950      0.2877      0.1914      0.4000
0.555      0.2936      0.2863      0.1895      0.3991
0.556      0.2923      0.2848      0.1877      0.3982
0.557      0.2910      0.2833      0.1861      0.3973
0.558      0.2897      0.2818      0.1844      0.3963
0.559      0.2883      0.2803      0.1828      0.3954
0.560      0.2870      0.2788      0.1811      0.3945
0.561      0.2856      0.2773      0.1795      0.3936
0.562      0.2843      0.2758      0.1778      0.3926
0.563      0.2829      0.2743      0.1760      0.3917
0.564      0.2815      0.2728      0.1742      0.3907
0.565      0.2802      0.2712      0.1724      0.3898
0.566      0.2788      0.2697      0.1706      0.3887
0.567      0.2774      0.2681      0.1688      0.3876
0.568      0.2760      0.2666      0.1670      0.3865
0.569      0.2746      0.2650      0.1652      0.3854
0.570      0.2732      0.2635      0.1633      0.3842
0.571      0.2718      0.2619      0.1615      0.3831
0.572      0.2703      0.2603      0.1596      0.3820
0.573      0.2689      0.2587      0.1578      0.3808
0.574      0.2675      0.2571      0.1559      0.3797
0.575      0.2660      0.2555      0.1540      0.3785
0.576      0.2646      0.2539      0.1521      0.3774
0.577      0.2631      0.2522      0.1502      0.3762
0.578      0.2617      0.2506      0.1483      0.3751
0.579      0.2602      0.2490      0.1465      0.3739
0.580      0.2587      0.2473      0.1447      0.3727
0.581      0.2572      0.2457      0.1429      0.3715
0.582      0.2557      0.2440      0.1411      0.3703
0.583      0.2542      0.2423      0.1393      0.3691
0.584      0.2527      0.2407      0.1375      0.3679
0.585      0.2512      0.2390      0.1357      0.3667
0.586      0.2497      0.2373      0.1339      0.3655
0.587      0.2482      0.2356      0.1320      0.3643
0.588      0.2466      0.2339      0.1302      0.3631
0.589      0.2451      0.2322      0.1283      0.3619
0.590      0.2435      0.2304      0.1265      0.3606
0.591      0.2420      0.2287      0.1246      0.3594
0.592      0.2404      0.2270      0.1227      0.3581
0.593      0.2388      0.2252      0.1208      0.3569
0.594      0.2373      0.2234      0.1189      0.3556
0.595      0.2357      0.2217      0.1170      0.3544
0.596      0.2341      0.2199      0.1151      0.3531
0.597      0.2325      0.2181      0.1131      0.3518
0.598      0.2309      0.2163      0.1112      0.3505
0.599      0.2292      0.2145      0.1092      0.3492
0.600      0.2276      0.2127      0.1073      0.3479
0.601      0.2260      0.2109      0.1051      0.3466
0.602      0.2243      0.2090      0.1030      0.3453
0.603      0.2227      0.2072      0.1008      0.3440
0.604      0.2210      0.2053      0.0986      0.3427
0.605      0.2193      0.2035      0.0964      0.3413
0.606      0.2177      0.2016      0.0942      0.3400
0.607      0.2160      0.1997      0.0920      0.3387
0.608      0.2143      0.1978      0.0897      0.3373
0.609      0.2126      0.1959      0.0875      0.3360
0.610      0.2109      0.1940      0.0852      0.3346
0.611      0.2091      0.1921      0.0830      0.3332
0.612      0.2074      0.1902      0.0807      0.3318
0.613      0.2057      0.1882      0.0784      0.3305
0.614      0.2039      0.1863      0.0762      0.3291
0.615      0.2022      0.1843      0.0741      0.3277
0.616      0.2004      0.1824      0.0719      0.3262
0.617      0.1986      0.1804      0.0698      0.3248
0.618      0.1968      0.1784      0.0676      0.3234
0.619      0.1950      0.1764      0.0654      0.3220
0.620      0.1932      0.1744      0.0632      0.3205
0.621      0.1914      0.1724      0.0610      0.3191
0.622      0.1896      0.1703      0.0588      0.3176
0.623      0.1878      0.1683      0.0566      0.3162
0.624      0.1859      0.1662      0.0544      0.3147
0.625      0.1841      0.1642      0.0521      0.3132
0.626      0.1822      0.1621      0.0499      0.3118
0.627      0.1803      0.1600      0.0475      0.3103
0.628      0.1785      0.1579      0.0450      0.3088
0.629      0.1766      0.1558      0.0425      0.3073
0.630      0.1747      0.1537      0.0400      0.3057
0.631      0.1728      0.1516      0.0374      0.3042
0.632      0.1708      0.1494      0.0348      0.3027
0.633      0.1689      0.1473      0.0323      0.3011
0.634      0.1670      0.1451      0.0297      0.2996
0.635      0.1650      0.1429      0.0271      0.2980
0.636      0.1630      0.1407      0.0244      0.2965
0.637      0.1611      0.1385      0.0219      0.2951
0.638      0.1591      0.1363      0.0196      0.2937
0.639      0.1571      0.1341      0.0172      0.2923
0.640      0.1551      0.1318      0.0148      0.2909
0.641      0.1530      0.1296      0.0123      0.2895
0.642      0.1510      0.1273      0.0099      0.2880
0.643      0.1490      0.1250      0.0075      0.2866
0.644      0.1469      0.1228      0.0050      0.2852
0.645      0.1448      0.1205      0.0025      0.2837
0.646      0.1428      0.1181      0.0000      0.2822
0.647      0.1407      0.1158     -0.0025      0.2808
0.648      0.1386      0.1135     -0.0050      0.2793
0.649      0.1365      0.1111     -0.0075      0.2778
0.650      0.1343      0.1087     -0.0101      0.2763
0.651      0.1322      0.1064     -0.0126      0.2748
0.652      0.1300      0.1040     -0.0152      0.2733
0.653      0.1279      0.1016     -0.0178      0.2718
0.654      0.1257      0.0991     -0.0204      0.2702
0.655      0.1235      0.0967     -0.0230      0.2687
0.656      0.1213      0.0942     -0.0256      0.2671
0.657      0.1191      0.0918     -0.0283      0.2656
0.658      0.1169      0.0893     -0.0310      0.2640
0.659      0.1146      0.0868     -0.0336      0.2624
0.660      0.1124      0.0843     -0.0363      0.2608
0.661      0.1101      0.0818     -0.0390      0.2592
0.662      0.1078      0.0792     -0.0418      0.2576
0.663      0.1055      0.0767     -0.0445      0.2560
0.664      0.1032      0.0741     -0.0473      0.2544
0.665      0.1009      0.0715     -0.0501      0.2528
0.666      0.0986      0.0689     -0.0529      0.2511
0.667      0.0962      0.0663     -0.0558      0.2495
0.668      0.0939      0.0637     -0.0589      0.2478
0.669      0.0915      0.0610     -0.0620      0.2461
0.670      0.0891      0.0583     -0.0651      0.2444
0.671      0.0867      0.0557     -0.0683      0.2428
0.672      0.0843      0.0530     -0.0714      0.2410
0.673      0.0818      0.0503     -0.0746      0.2393
0.674      0.0794      0.0475     -0.0778      0.2376
0.675      0.0769      0.0448     -0.0811      0.2355
0.676      0.0744      0.0420     -0.0843      0.2334
0.677      0.0719      0.0392     -0.0876      0.2315
0.678      0.0694      0.0364     -0.0909      0.2298
0.679      0.0669      0.0336     -0.0941      0.2280
0.680      0.0644      0.0308     -0.0972      0.2263
0.681      0.0618      0.0279     -0.1003      0.2245
0.682      0.0592      0.0251     -0.1035      0.2227
0.683      0.0566      0.0222     -0.1066      0.2210
0.684      0.0540      0.0193     -0.1098      0.2192
0.685      0.0514      0.0163     -0.1130      0.2173
0.686      0.0488      0.0134     -0.1163      0.2155
0.687      0.0461      0.0104     -0.1195      0.2137
0.688      0.0434      0.0075     -0.1228      0.2119
0.689      0.0407      0.0045     -0.1261      0.2100
0.690      0.0380      0.0014     -0.1294      0.2081
0.691      0.0353     -0.0016     -0.1327      0.2063
0.692      0.0326     -0.0047     -0.1361      0.2044
0.693      0.0298     -0.0077     -0.1395      0.2025
0.694      0.0270     -0.0108     -0.1429      0.2006
0.695      0.0242     -0.0139     -0.1463      0.1986
0.696      0.0214     -0.0171     -0.1497      0.1967
0.697      0.0186     -0.0202     -0.1532      0.1947
0.698      0.0157     -0.0234     -0.1570      0.1928
0.699      0.0128     -0.0266     -0.1609      0.1908
0.700      0.0100     -0.0299     -0.1647      0.1888
0.701      0.0070     -0.0331     -0.1686      0.1868
0.702      0.0041     -0.0364     -0.1725      0.1847
0.703      0.0012     -0.0397     -0.1764      0.1825
0.704     -0.0018     -0.0430     -0.1804      0.1804
0.705     -0.0048     -0.0463     -0.1844      0.1781
0.706     -0.0078     -0.0496     -0.1884      0.1757
0.707     -0.0109     -0.0530     -0.1924      0.1733
0.708     -0.0139     -0.0564     -0.1965      0.1710
0.709     -0.0170     -0.0599     -0.2006      0.1686
0.710     -0.0201     -0.0633     -0.2047      0.1661
0.711     -0.0232     -0.0668     -0.2089      0.1637
0.712     -0.0263     -0.0703     -0.2131      0.1613
0.713     -0.0295     -0.0738     -0.2173      0.1588
0.714     -0.0327     -0.0773     -0.2215      0.1563
0.715     -0.0359     -0.0809     -0.2258      0.1538
0.716     -0.0391     -0.0845     -0.2301      0.1513
0.717     -0.0424     -0.0881     -0.2344      0.1487
0.718     -0.0456     -0.0918     -0.2388      0.1465
0.719     -0.0489     -0.0954     -0.2432      0.1442
0.720     -0.0522     -0.0991     -0.2476      0.1420
0.721     -0.0556     -0.1029     -0.2521      0.1397
0.722     -0.0590     -0.1066     -0.2566      0.1374
0.723     -0.0623     -0.1104     -0.2611      0.1351
0.724     -0.0658     -0.1142     -0.2656      0.1327
0.725     -0.0692     -0.1180     -0.2702      0.1304
0.726     -0.0727     -0.1219     -0.2749      0.1280
0.727     -0.0762     -0.1258     -0.2795      0.1256
0.728     -0.0797     -0.1297     -0.2842      0.1232
0.729     -0.0832     -0.1337     -0.2889      0.1205
0.730     -0.0868     -0.1376     -0.2937      0.1177
0.731     -0.0904     -0.1417     -0.2985      0.1149
0.732     -0.0940     -0.1457     -0.3033      0.1121
0.733     -0.0977     -0.1498     -0.3082      0.1092
0.734     -0.1013     -0.1539     -0.3131      0.1065
0.735     -0.1050     -0.1580     -0.3180      0.1039
0.736     -0.1088     -0.1621     -0.3230      0.1013
0.737     -0.1125     -0.1663     -0.3280      0.0987
0.738     -0.1163     -0.1706     -0.3331      0.0960
0.739     -0.1201     -0.1748     -0.3382      0.0934
0.740     -0.1240     -0.1791     -0.3433      0.0907
0.741     -0.1279     -0.1834     -0.3482      0.0880
0.742     -0.1318     -0.1878     -0.3531      0.0852
0.743     -0.1357     -0.1922     -0.3580      0.0825
0.744     -0.1397     -0.1966     -0.3630      0.0797
0.745     -0.1437     -0.2011     -0.3681      0.0769
0.746     -0.1477     -0.2055     -0.3732      0.0741
0.747     -0.1518     -0.2101     -0.3783      0.0713
0.748     -0.1559     -0.2146     -0.3835      0.0684
0.749     -0.1600     -0.2192     -0.3887      0.0655
0.750     -0.1642     -0.2239     -0.3939      0.0626
0.751     -0.1684     -0.2286     -0.3992      0.0597
0.752     -0.1726     -0.2333     -0.4045      0.0567
0.753     -0.1769     -0.2380     -0.4099      0.0537
0.754     -0.1812     -0.2428     -0.4153      0.0507
0.755     -0.1855     -0.2476     -0.4208      0.0477
0.756     -0.1899     -0.2525     -0.4263      0.0447
0.757     -0.1943     -0.2574     -0.4318      0.0416
0.758     -0.1987     -0.2624     -0.4374      0.0385
0.759     -0.2032     -0.2674     -0.4431      0.0354
0.760     -0.2077     -0.2724     -0.4488      0.0322
0.761     -0.2123     -0.2775     -0.4545      0.0290
0.762     -0.2169     -0.2826     -0.4603      0.0258
0.763     -0.2215     -0.2877     -0.4661      0.0226
0.764     -0.2262     -0.2929     -0.4720      0.0193
0.765     -0.2309     -0.2982     -0.4779      0.0160
0.766     -0.2356     -0.3035     -0.4839      0.0128
0.767     -0.2404     -0.3088     -0.4900      0.0096
0.768     -0.2452     -0.3142     -0.4961      0.0064
0.769     -0.2501     -0.3196     -0.5022      0.0032
0.770     -0.2550     -0.3251     -0.5084      0.0000
0.771     -0.2600     -0.3306     -0.5146     -0.0033
0.772     -0.2650     -0.3362     -0.5209     -0.0065
0.773     -0.2700     -0.3418     -0.5273     -0.0101
0.774     -0.2751     -0.3475     -0.5337     -0.0139
0.775     -0.2803     -0.3532     -0.5402     -0.0177
0.776     -0.2854     -0.3590     -0.5467     -0.0216
0.777     -0.2907     -0.3648     -0.5534     -0.0255
0.778     -0.2960     -0.3707     -0.5603     -0.0294
0.779     -0.3013     -0.3766     -0.5672     -0.0332
0.780     -0.3066     -0.3826     -0.5743     -0.0369
0.781     -0.3121     -0.3887     -0.5814     -0.0407
0.782     -0.3175     -0.3948     -0.5885     -0.0445
0.783     -0.3231     -0.4009     -0.5957     -0.0484
0.784     -0.3286     -0.4071     -0.6030     -0.0523
0.785     -0.3343     -0.4134     -0.6104     -0.0562
0.786     -0.3399     -0.4197     -0.6177     -0.0602
0.787     -0.3457     -0.4261     -0.6249     -0.0642
0.788     -0.3515     -0.4326     -0.6321     -0.0682
0.789     -0.3573     -0.4391     -0.6394     -0.0723
0.790     -0.3632     -0.4456     -0.6468     -0.0765
0.791     -0.3691     -0.4523     -0.6543     -0.0811
0.792     -0.3751     -0.4590     -0.6618     -0.0851
0.793     -0.3812     -0.4657     -0.6694     -0.0892
0.794     -0.3873     -0.4725     -0.6771     -0.0933
0.795     -0.3935     -0.4794     -0.6849     -0.0976
0.796     -0.3998     -0.4864     -0.6927     -0.1020
0.797     -0.4061     -0.4934     -0.7006     -0.1066
0.798     -0.4124     -0.5005     -0.7086     -0.1112
0.799     -0.4189     -0.5077     -0.7167     -0.1159
0.800     -0.4254     -0.5149     -0.7248     -0.1206
0.801     -0.4319     -0.5222     -0.7331     -0.1250
0.802     -0.4386     -0.5296     -0.7414     -0.1294
0.803     -0.4453     -0.5371     -0.7498     -0.1338
0.804     -0.4520     -0.5446     -0.7583     -0.1384
0.805     -0.4589     -0.5522     -0.7668     -0.1434
0.806     -0.4658     -0.5599     -0.7755     -0.1484
0.807     -0.4727     -0.5677     -0.7842     -0.1535
0.808     -0.4798     -0.5756     -0.7931     -0.1587
0.809     -0.4869     -0.5835     -0.8020     -0.1639
0.810     -0.4941     -0.5915     -0.8110     -0.1691
0.811     -0.5014     -0.5996     -0.8202     -0.1744
0.812     -0.5087     -0.6078     -0.8294     -0.1798
0.813     -0.5162     -0.6161     -0.8387     -0.1852
0.814     -0.5237     -0.6245     -0.8481     -0.1907
0.815     -0.5313     -0.6329     -0.8576     -0.1962
0.816     -0.5389     -0.6415     -0.8673     -0.2018
0.817     -0.5467     -0.6501     -0.8770     -0.2075
0.818     -0.5545     -0.6588     -0.8868     -0.2132
0.819     -0.5625     -0.6677     -0.8968     -0.2190
0.820     -0.5705     -0.6766     -0.9068     -0.2249
0.821     -0.5786     -0.6857     -0.9170     -0.2308
0.822     -0.5868     -0.6948     -0.9273     -0.2368
0.823     -0.5951     -0.7040     -0.9378     -0.2428
0.824     -0.6035     -0.7134     -0.9486     -0.2490
0.825     -0.6119     -0.7228     -0.9596     -0.2551
0.826     -0.6205     -0.7324     -0.9707     -0.2609
0.827     -0.6292     -0.7420     -0.9820     -0.2668
0.828     -0.6380     -0.7518     -0.9934     -0.2728
0.829     -0.6469     -0.7617     -1.0049     -0.2789
0.830     -0.6558     -0.7717     -1.0165     -0.2850
0.831     -0.6649     -0.7819     -1.0283     -0.2912
0.832     -0.6741     -0.7921     -1.0402     -0.2975
0.833     -0.6834     -0.8025     -1.0523     -0.3039
0.834     -0.6929     -0.8130     -1.0645     -0.3105
0.835     -0.7024     -0.8236     -1.0768     -0.3176
0.836     -0.7120     -0.8344     -1.0893     -0.3248
0.837     -0.7218     -0.8453     -1.1020     -0.3321
0.838     -0.7317     -0.8563     -1.1148     -0.3394
0.839     -0.7417     -0.8674     -1.1278     -0.3469
0.840     -0.7519     -0.8787     -1.1409     -0.3545
0.841     -0.7621     -0.8902     -1.1542     -0.3621
0.842     -0.7725     -0.9018     -1.1677     -0.3699
0.843     -0.7831     -0.9135     -1.1813     -0.3777
0.844     -0.7937     -0.9254     -1.1952     -0.3857
0.845     -0.8045     -0.9374     -1.2092     -0.3937
0.846     -0.8155     -0.9496     -1.2233     -0.4019
0.847     -0.8266     -0.9620     -1.2377     -0.4102
0.848     -0.8378     -0.9745     -1.2523     -0.4185
0.849     -0.8492     -0.9872     -1.2670     -0.4270
0.850     -0.8607     -1.0000     -1.2819     -0.4356
0.851     -0.8724     -1.0130     -1.2971     -0.4442
0.852     -0.8842     -1.0262     -1.3124     -0.4528
0.853     -0.8962     -1.0396     -1.3280     -0.4615
0.854     -0.9084     -1.0532     -1.3437     -0.4703
0.855     -0.9207     -1.0669     -1.3597     -0.4792
0.856     -0.9333     -1.0808     -1.3759     -0.4883
0.857     -0.9459     -1.0950     -1.3924     -0.4975
0.858     -0.9588     -1.1093     -1.4088     -0.5068
0.859     -0.9718     -1.1238     -1.4252     -0.5162
0.860     -0.9851     -1.1386     -1.4418     -0.5257
0.861     -0.9985     -1.1535     -1.4586     -0.5351
0.862     -1.0121     -1.1687     -1.4757     -0.5446
0.863     -1.0259     -1.1841     -1.4930     -0.5542
0.864     -1.0399     -1.1997     -1.5106     -0.5640
0.865     -1.0542     -1.2156     -1.5284     -0.5740
0.866     -1.0686     -1.2317     -1.5465     -0.5841
0.867     -1.0833     -1.2480     -1.5649     -0.5943
0.868     -1.0981     -1.2646     -1.5836     -0.6047
0.869     -1.1133     -1.2814     -1.6025     -0.6152
0.870     -1.1286     -1.2985     -1.6217     -0.6259
0.871     -1.1442     -1.3159     -1.6413     -0.6368
0.872     -1.1600     -1.3335     -1.6611     -0.6479
0.873     -1.1760     -1.3514     -1.6813     -0.6591
0.874     -1.1924     -1.3696     -1.7017     -0.6705
0.875     -1.2090     -1.3881     -1.7225     -0.6821
0.876     -1.2258     -1.4068     -1.7437     -0.6939
0.877     -1.2429     -1.4259     -1.7652     -0.7058
0.878     -1.2603     -1.4453     -1.7870     -0.7180
0.879     -1.2780     -1.4650     -1.8092     -0.7303
0.880     -1.2960     -1.4851     -1.8317     -0.7429
0.881     -1.3143     -1.5055     -1.8547     -0.7557
0.882     -1.3329     -1.5262     -1.8788     -0.7687
0.883     -1.3518     -1.5473     -1.9034     -0.7819
0.884     -1.3711     -1.5687     -1.9283     -0.7953
0.885     -1.3907     -1.5905     -1.9537     -0.8090
0.886     -1.4106     -1.6127     -1.9795     -0.8229
0.887     -1.4309     -1.6353     -2.0051     -0.8371
0.888     -1.4515     -1.6583     -2.0311     -0.8515
0.889     -1.4725     -1.6817     -2.0576     -0.8662
0.890     -1.4939     -1.7056     -2.0845     -0.8811
0.891     -1.5157     -1.7298     -2.1120     -0.8963
0.892     -1.5379     -1.7546     -2.1399     -0.9118
0.893     -1.5605     -1.7797     -2.1684     -0.9276
0.894     -1.5835     -1.8054     -2.1980     -0.9441
0.895     -1.6070     -1.8316     -2.2281     -0.9611
0.896     -1.6309     -1.8582     -2.2589     -0.9784
0.897     -1.6553     -1.8854     -2.2902     -0.9960
0.898     -1.6801     -1.9131     -2.3222     -1.0140
0.899     -1.7055     -1.9413     -2.3548     -1.0324
0.900     -1.7313     -1.9701     -2.3881     -1.0511
0.901     -1.7577     -1.9995     -2.4220     -1.0702
0.902     -1.7846     -2.0295     -2.4566     -1.0897
0.903     -1.8121     -2.0602     -2.4919     -1.1096
0.904     -1.8402     -2.0914     -2.5280     -1.1299
0.905     -1.8688     -2.1233     -2.5648     -1.1506
0.906     -1.8981     -2.1559     -2.6018     -1.1718
0.907     -1.9279     -2.1892     -2.6392     -1.1934
0.908     -1.9585     -2.2232     -2.6775     -1.2155
0.909     -1.9897     -2.2580     -2.7167     -1.2381
0.910     -2.0216     -2.2935     -2.7567     -1.2612
0.911     -2.0542     -2.3299     -2.7976     -1.2848
0.912     -2.0875     -2.3670     -2.8394     -1.3090
0.913     -2.1216     -2.4050     -2.8822     -1.3337
0.914     -2.1565     -2.4439     -2.9260     -1.3589
0.915     -2.1923     -2.4838     -2.9708     -1.3848
0.916     -2.2289     -2.5245     -3.0185     -1.4113
0.917     -2.2663     -2.5663     -3.0672     -1.4384
0.918     -2.3047     -2.6090     -3.1172     -1.4662
0.919     -2.3440     -2.6528     -3.1683     -1.4947
0.920     -2.3843     -2.6978     -3.2196     -1.5239
0.921     -2.4257     -2.7438     -3.2721     -1.5538
0.922     -2.4680     -2.7910     -3.3259     -1.5845
0.923     -2.5115     -2.8395     -3.3811     -1.6159
0.924     -2.5562     -2.8892     -3.4378     -1.6483
0.925     -2.6020     -2.9403     -3.4960     -1.6814
0.926     -2.6491     -2.9927     -3.5558     -1.7155
0.927     -2.6974     -3.0466     -3.6172     -1.7505
0.928     -2.7471     -3.1020     -3.6803     -1.7865
0.929     -2.7982     -3.1589     -3.7452     -1.8235
0.930     -2.8508     -3.2175     -3.8119     -1.8615
0.931     -2.9048     -3.2777     -3.8806     -1.9007
0.932     -2.9605     -3.3398     -3.9513     -1.9410
0.933     -3.0178     -3.4037     -4.0241     -1.9825
0.934     -3.0769     -3.4695     -4.0991     -2.0252
0.935     -3.1378     -3.5373     -4.1764     -2.0693
0.936     -3.2006     -3.6073     -4.2562     -2.1151
0.937     -3.2653     -3.6795     -4.3384     -2.1624
0.938     -3.3322     -3.7540     -4.4233     -2.2112
0.939     -3.4013     -3.8309     -4.5111     -2.2616
0.940     -3.4726     -3.9105     -4.6017     -2.3137
0.941     -3.5464     -3.9927     -4.6954     -2.3676
0.942     -3.6227     -4.0777     -4.7923     -2.4233
0.943     -3.7018     -4.1658     -4.8927     -2.4810
0.944     -3.7836     -4.2569     -4.9966     -2.5405
0.945     -3.8684     -4.3514     -5.1043     -2.6011
0.946     -3.9563     -4.4494     -5.2159     -2.6639
0.947     -4.0476     -4.5511     -5.3318     -2.7291
0.948     -4.1424     -4.6567     -5.4522     -2.7968
0.949     -4.2409     -4.7665     -5.5773     -2.8671
0.950     -4.3433     -4.8806     -5.7074     -2.9403
0.951     -4.4499     -4.9994     -5.8428     -3.0165
0.952     -4.5609     -5.1231     -5.9838     -3.0958
0.953     -4.6767     -5.2521     -6.1308     -3.1785
0.954     -4.7975     -5.3868     -6.2842     -3.2648
0.955     -4.9237     -5.5274     -6.4445     -3.3549
0.956     -5.0556     -5.6744     -6.6120     -3.4491
0.957     -5.1937     -5.8282     -6.7873     -3.5477
0.958     -5.3383     -5.9894     -6.9710     -3.6510
0.959     -5.4900     -6.1584     -7.1638     -3.7594
0.960     -5.6493     -6.3358     -7.3676     -3.8731
0.961     -5.8167     -6.5224     -7.5820     -3.9927
0.962     -5.9929     -6.7188     -7.8076     -4.1186
0.963     -6.1787     -6.9258     -8.0453     -4.2513
0.964     -6.3748     -7.1443     -8.2963     -4.3914
0.965     -6.5821     -7.3753     -8.5617     -4.5395
0.966     -6.8016     -7.6199     -8.8426     -4.6962
0.967     -7.0344     -7.8793     -9.1406     -4.8625
0.968     -7.2817     -8.1549     -9.4572     -5.0392
0.969     -7.5450     -8.4482     -9.7942     -5.2273
0.970     -7.8259     -8.7612    -10.1537     -5.4279
0.971     -8.1261     -9.0958    -10.5380     -5.6423
0.972     -8.4478     -9.4542    -10.9497     -5.8721
0.973     -8.7933     -9.8392    -11.3885     -6.1189
0.974     -9.1654    -10.2538    -11.8610     -6.3847
0.975     -9.5672    -10.7015    -12.3713     -6.6716
0.976    -10.0025    -11.1866    -12.9242     -6.9826
0.977    -10.4757    -11.7138    -13.5251     -7.3206
0.978    -10.9919    -12.2891    -14.1836     -7.6893
0.979    -11.5572    -12.9190    -14.9050     -8.0931
0.980    -12.1791    -13.6120    -15.6986     -8.5374
0.981    -12.8665    -14.3779    -16.5757     -9.0283
0.982    -13.6303    -15.2289    -17.5503     -9.5738
0.983    -14.4838    -16.1800    -18.6394    -10.1835
0.984    -15.4441    -17.2500    -19.8648    -10.8694
0.985    -16.5324    -18.4628    -21.2537    -11.6468
0.986    -17.7762    -19.8487    -22.8408    -12.5353
0.987    -19.2113    -21.4479    -24.6721    -13.5602
0.988    -20.8857    -23.3135    -26.8086    -14.7563
0.989    -22.8643    -25.5183    -29.3335    -16.1696
0.990    -25.2391    -28.1643    -32.3637    -17.8658
0.991    -28.1411    -31.3983    -36.0667    -19.9388
0.992    -31.7689    -35.4405    -40.6961    -22.5300
0.993    -36.4329    -40.6376    -46.6478    -25.8610
0.994    -42.6520    -47.5670    -54.5833    -30.3038
0.995    -51.3587    -57.2698    -65.6932    -36.5226
0.996    -64.4191    -71.8221    -82.3592    -45.8510
0.997    -86.1845    -96.0756   -110.1318    -61.3983
0.998   -129.7188   -144.5816   -165.6846    -92.4917
0.999   -260.3287   -290.1153   -332.3397   -185.7722
