0.001    -90.3826   -127.2637   -118.2471    -61.5863
0.002    -44.7009    -63.1086    -58.6223    -30.3101
0.003    -29.4737    -41.7236    -38.7473    -19.8847
0.004    -21.8600    -31.0311    -28.8099    -14.6720
0.005    -17.2919    -24.6156    -22.8452    -11.5444
0.006    -14.2464    -20.3386    -18.8681     -9.4593
0.007    -12.0711    -17.2836    -16.0272     -7.9700
0.008    -10.4396    -14.9924    -13.8966     -6.8530
0.009     -9.1707    -13.2103    -12.2395     -5.9842
0.010     -8.1555    -11.7846    -10.9138     -5.2891
0.011     -7.3249    -10.6181     -9.8291     -4.7205
0.012     -6.6328     -9.6461     -8.9252     -4.2466
0.013     -6.0471     -8.8236     -8.1603     -3.8456
0.014     -5.5451     -8.1186     -7.5048     -3.5019
0.015     -5.1101     -7.5076     -6.9366     -3.2041
0.016     -4.7294     -6.9730     -6.4395     -2.9434
0.017     -4.3935     -6.5012     -6.0008     -2.7135
0.018     -4.0949     -6.0819     -5.6109     -2.5093
0.019     -3.8278     -5.7068     -5.2620     -2.3278
0.020     -3.5873     -5.3691     -4.9480     -2.1645
0.021     -3.3698     -5.0636     -4.6639     -2.0167
0.022     -3.1720     -4.7859     -4.4057     -1.8823
0.023     -2.9915     -4.5323     -4.1699     -1.7597
0.024     -2.8260     -4.2998     -3.9537     -1.6472
0.025     -2.6737     -4.0860     -3.7549     -1.5438
0.026     -2.5331     -3.8886     -3.5713     -1.4483
0.027     -2.4030     -3.7058     -3.4013     -1.3599
0.028     -2.2821     -3.5361     -3.2435     -1.2768
0.029     -2.1696     -3.3781     -3.0966     -1.1993
0.030     -2.0646     -3.2306     -2.9594     -1.1271
0.031     -1.9664     -3.0926     -2.8311     -1.0595
0.032     -1.8743     -2.9633     -2.7109     -0.9961
0.033     -1.7878     -2.8418     -2.5979     -0.9366
0.034     -1.7063     -2.7274     -2.4924     -0.8806
0.035     -1.6295     -2.6196     -2.3929     -0.8277
0.036     -1.5570     -2.5178     -2.2989     -0.7778
0.037     -1.4884     -2.4214     -2.2101     -0.7306
0.038     -1.4235     -2.3302     -2.1258     -0.6859
0.039     -1.3618     -2.2436     -2.0460     -0.6435
0.040     -1.3032     -2.1613     -1.9701     -0.6035
0.041     -1.2475     -2.0831     -1.8979     -0.5660
0.042     -1.1945     -2.0086     -1.8291     -0.5302
0.043     -1.1439     -1.9375     -1.7635     -0.4962
0.044     -1.0956     -1.8697     -1.7010     -0.4637
0.045     -1.0495     -1.8049     -1.6412     -0.4326
0.046     -1.0053     -1.7429     -1.5840     -0.4029
0.047     -0.9631     -1.6836     -1.5292     -0.3745
0.048     -0.9226     -1.6267     -1.4767     -0.3472
0.049     -0.8837     -1.5722     -1.4264     -0.3211
0.050     -0.8464     -1.5198     -1.3781     -0.2960
0.051     -0.8106     -1.4695     -1.3316     -0.2719
0.052     -0.7762     -1.4211     -1.2870     -0.2484
0.053     -0.7430     -1.3745     -1.2440     -0.2256
0.054     -0.7111     -1.3297     -1.2027     -0.2036
0.055     -0.6803     -1.2865     -1.1628     -0.1824
0.056     -0.6507     -1.2448     -1.1242     -0.1620
0.057     -0.6220     -1.2046     -1.0867     -0.1423
0.058     -0.5944     -1.1658     -1.0505     -0.1233
0.059     -0.5677     -1.1283     -1.0155     -0.1049
0.060     -0.5419     -1.0921     -0.9817     -0.0871
0.061     -0.5169     -1.0570     -0.9490     -0.0699
0.062     -0.4928     -1.0231     -0.9174     -0.0533
0.063     -0.4694     -0.9903     -0.8867     -0.0372
0.064     -0.4467     -0.9584     -0.8570     -0.0216
0.065     -0.4248     -0.9276     -0.8283     -0.0064
0.066     -0.4035     -0.8977     -0.8004      0.0082
0.067     -0.3828     -0.8687     -0.7733      0.0225
0.068     -0.3627     -0.8405     -0.7470      0.0363
0.069     -0.3433     -0.8132     -0.7218      0.0497
0.070     -0.3244     -0.7866     -0.6974      0.0627
0.071     -0.3060     -0.7608     -0.6736      0.0754
0.072     -0.2881     -0.7357     -0.6505      0.0877
0.073     -0.2707     -0.7113     -0.6280      0.0997
0.074     -0.2538     -0.6875     -0.6062      0.1113
0.075     -0.2373     -0.6644     -0.5849      0.1226
0.076     -0.2213     -0.6419     -0.5642      0.1337
0.077     -0.2057     -0.6200     -0.5440      0.1444
0.078     -0.1905     -0.5986     -0.5243      0.1549
0.079     -0.1757     -0.5778     -0.5051      0.1651
0.080     -0.1612     -0.5575     -0.4864      0.1751
0.081     -0.1471     -0.5377     -0.4682      0.1848
0.082     -0.1334     -0.5183     -0.4504      0.1943
0.083     -0.1199     -0.4995     -0.4331      0.2035
0.084     -0.1068     -0.4811     -0.4161      0.2125
0.085     -0.0940     -0.4631     -0.3996      0.2213
0.086     -0.0815     -0.4456     -0.3834      0.2299
0.087     -0.0693     -0.4284     -0.3676      0.2384
0.088     -0.0574     -0.4117     -0.3522      0.2466
0.089     -0.0457     -0.3953     -0.3371      0.2546
0.090     -0.0343     -0.3793     -0.3224      0.2625
0.091     -0.0232     -0.3636     -0.3079      0.2702
0.092     -0.0122     -0.3483     -0.2936      0.2777
0.093     -0.0016     -0.3333     -0.2797      0.2850
0.094      0.0089     -0.3186     -0.2660      0.2922
0.095      0.0191     -0.3042     -0.2527      0.2993
0.096      0.0291     -0.2902     -0.2396      0.3062
0.097      0.0389     -0.2764     -0.2268      0.3129
0.098      0.0486     -0.2629     -0.2143      0.3195
0.099      0.0580     -0.2497     -0.2022      0.3260
0.100      0.0672     -0.2367     -0.1904      0.3324
0.101      0.0762     -0.2240     -0.1788      0.3386
0.102      0.0851     -0.2115     -0.1671      0.3447
0.103      0.0938     -0.1993     -0.1557      0.3507
0.104      0.1023     -0.1873     -0.1444      0.3566
0.105      0.1107     -0.1756     -0.1334      0.3623
0.106      0.1189     -0.1641     -0.1226      0.3680
0.107      0.1270     -0.1527     -0.1120      0.3735
0.108      0.1349     -0.1416     -0.1016      0.3790
0.109      0.1426     -0.1307     -0.0915      0.3843
0.110      0.1503     -0.1200     -0.0815      0.3896
0.111      0.1577     -0.1095     -0.0718      0.3947
0.112      0.1651     -0.0992     -0.0622      0.3998
0.113      0.1723     -0.0891     -0.0527      0.4048
0.114      0.1794     -0.0791     -0.0435      0.4097
0.115      0.1864     -0.0693     -0.0344      0.4145
0.116      0.1932     -0.0597     -0.0254      0.4192
0.117      0.2000     -0.0503     -0.0168      0.4238
0.118      0.2066     -0.0410     -0.0084      0.4284
0.119      0.2131     -0.0318      0.0002      0.4330
0.120      0.2195     -0.0228      0.0088      0.4377
0.121      0.2258     -0.0140      0.0170      0.4423
0.122      0.2320     -0.0053      0.0251      0.4468
0.123      0.2380      0.0032      0.0331      0.4510
0.124      0.2440      0.0117      0.0409      0.4552
0.125      0.2499      0.0199      0.0486      0.4594
0.126      0.2557      0.0281      0.0561      0.4634
0.127      0.2614      0.0361      0.0636      0.4674
0.128      0.2671      0.0440      0.0709      0.4713
0.129      0.2726      0.0518      0.0782      0.4752
0.130      0.2780      0.0594      0.0853      0.4790
0.131      0.2834      0.0669      0.0923      0.4828
0.132      0.2887      0.0744      0.0992      0.4865
0.133      0.2939      0.0817      0.1060      0.4901
0.134      0.2990      0.0889      0.1126      0.4936
0.135      0.3041      0.0960      0.1192      0.4969
0.136      0.3090      0.1030      0.1257      0.5001
0.137      0.3140      0.1098      0.1321      0.5033
0.138      0.3188      0.1166      0.1385      0.5065
0.139      0.3235      0.1233      0.1448      0.5096
0.140      0.3282      0.1299      0.1510      0.5127
0.141      0.3329      0.1364      0.1572      0.5157
0.142      0.3374      0.1428      0.1632      0.5187
0.143      0.3419      0.1491      0.1692      0.5216
0.144      0.3464      0.1554      0.1751      0.5246
0.145      0.3507      0.1615      0.1809      0.5277
0.146      0.3551      0.1676      0.1866      0.5306
0.147      0.3593      0.1736      0.1923      0.5336
0.148      0.3635      0.1794      0.1977      0.5365
0.149      0.3677      0.1853      0.2030      0.5393
0.150      0.3717      0.1910      0.2083      0.5421
0.151      0.3758      0.1967      0.2135      0.5448
0.152      0.3798      0.2023      0.2187      0.5474
0.153      0.3837      0.2078      0.2239      0.5500
0.154      0.3876      0.2132      0.2291      0.5526
0.155      0.3914      0.2186      0.2342      0.5551
0.156      0.3952      0.2239      0.2392      0.5577
0.157      0.3989      0.2291      0.2442      0.5601
0.158      0.4026      0.2343      0.2491      0.5626
0.159      0.4062      0.2394      0.2540      0.5650
0.160      0.4098      0.2445      0.2588      0.5674
0.161      0.4134      0.2495      0.2635      0.5698
0.162      0.4169      0.2544      0.2682      0.5721
0.163      0.4203      0.2592      0.2728      0.5744
0.164      0.4237      0.2640      0.2774      0.5767
0.165      0.4271      0.2688      0.2819      0.5789
0.166      0.4305      0.2735      0.2863      0.5811
0.167      0.4338      0.2781      0.2907      0.5833
0.168      0.4370      0.2827      0.2951      0.5855
0.169      0.4402      0.2872      0.2993      0.5876
0.170      0.4434      0.2916      0.3036      0.5896
0.171      0.4465      0.2961      0.3078      0.5917
0.172      0.4497      0.3004      0.3119      0.5938
0.173      0.4527      0.3047      0.3160      0.5959
0.174      0.4558      0.3090      0.3201      0.5979
0.175      0.4588      0.3132      0.3241      0.5999
0.176      0.4617      0.3174      0.3280      0.6018
0.177      0.4647      0.3215      0.3319      0.6037
0.178      0.4676      0.3256      0.3358      0.6057
0.179      0.4704      0.3296      0.3396      0.6075
0.180      0.4733      0.3336      0.3434      0.6094
0.181      0.4761      0.3375      0.3472      0.6113
0.182      0.4788      0.3414      0.3509      0.6131
0.183      0.4816      0.3453      0.3545      0.6149
0.184      0.4843      0.3491      0.3580      0.6167
0.185      0.4870      0.3528      0.3614      0.6184
0.186      0.4896      0.3566      0.3647      0.6202
0.187      0.4923      0.3603      0.3680      0.6219
0.188      0.4949      0.3639      0.3712      0.6236
0.189      0.4974      0.3675      0.3746      0.6253
0.190      0.5000      0.3711      0.3780      0.6270
0.191      0.5025      0.3746      0.3813      0.6287
0.192      0.5050      0.3781      0.3846      0.6303
0.193      0.5075      0.3816      0.3879      0.6319
0.194      0.5099      0.3850      0.3912      0.6335
0.195      0.5123      0.3884      0.3944      0.6351
0.196      0.5147      0.3918      0.3976      0.6367
0.197      0.5171      0.3951      0.4008      0.6383
0.198      0.5194      0.3984      0.4036      0.6398
0.199      0.5217      0.4016      0.4065      0.6413
0.200      0.5240      0.4049      0.4094      0.6428
0.201      0.5263      0.4081      0.4122      0.6443
0.202      0.5285      0.4112      0.4152      0.6458
0.203      0.5308      0.4143      0.4182      0.6473
0.204      0.5330      0.4174      0.4212      0.6487
0.205      0.5352      0.4205      0.4241      0.6502
0.206      0.5373      0.4235      0.4270      0.6516
0.207      0.5395      0.4266      0.4299      0.6530
0.208      0.5416      0.4295      0.4328      0.6544
0.209      0.5437      0.4325      0.4356      0.6558
0.210      0.5458      0.4354      0.4384      0.6572
0.211      0.5478      0.4383      0.4412      0.6585
0.212      0.5499      0.4412      0.4440      0.6599
0.213      0.5519      0.4440      0.4467      0.6612
0.214      0.5539      0.4468      0.4494      0.6625
0.215      0.5559      0.4496      0.4521      0.6638
0.216      0.5579      0.4524      0.4548      0.6651
0.217      0.5598      0.4551      0.4574      0.6664
0.218      0.5617      0.4578      0.4600      0.6677
0.219      0.5637      0.4605      0.4625      0.6689
0.220      0.5656      0.4632      0.4649      0.6702
0.221      0.5674      0.4658      0.4673      0.6715
0.222      0.5693      0.4684      0.4696      0.6728
0.223      0.5711      0.4710      0.4720      0.6742
0.224      0.5730      0.4736      0.4743      0.6756
0.225      0.5748      0.4761      0.4766      0.6769
0.226      0.5766      0.4787      0.4789      0.6782
0.227      0.5784      0.4812      0.4812      0.6795
0.228      0.5801      0.4836      0.4833      0.6807
0.229      0.5819      0.4861      0.4855      0.6818
0.230      0.5836      0.4885      0.4876      0.6830
0.231      0.5853      0.4910      0.4897      0.6841
0.232      0.5870      0.4933      0.4918      0.6853
0.233      0.5887      0.4957      0.4939      0.6864
0.234      0.5904      0.4981      0.4960      0.6875
0.235      0.5921      0.5004      0.4980      0.6886
0.236      0.5937      0.5027      0.5000      0.6897
0.237      0.5953      0.5050      0.5020      0.6908
0.238      0.5970      0.5073      0.5040      0.6919
0.239      0.5986      0.5095      0.5060      0.6929
0.240      0.6002      0.5118      0.5080      0.6940
0.241      0.6017      0.5140      0.5099      0.6950
0.242      0.6033      0.5162      0.5118      0.6961
0.243      0.6049      0.5184      0.5137      0.6971
0.244      0.6064      0.5205      0.5156      0.6981
0.245      0.6079      0.5227      0.5175      0.6991
0.246      0.6094      0.5248      0.5194      0.7002
0.247      0.6109      0.5269      0.5213      0.7012
0.248      0.6124      0.5290      0.5232      0.7021
0.249      0.6139      0.5311      0.5252      0.7031
0.250      0.6154      0.5332      0.5271      0.7042
0.251      0.6168      0.5352      0.5291      0.7053
0.252      0.6183      0.5372      0.5309      0.7064
0.253      0.6197      0.5393      0.5327      0.7075
0.254      0.6211      0.5413      0.5345      0.7086
0.255      0.6226      0.5432      0.5364      0.7097
0.256      0.6239      0.5452      0.5382      0.7108
0.257      0.6253      0.5471      0.5401      0.7118
0.258      0.6267      0.5491      0.5419      0.7129
0.259      0.6281      0.5510      0.5437      0.7140
0.260      0.6294      0.5529      0.5455      0.7150
0.261      0.6308      0.5548      0.5473      0.7161
0.262      0.6321      0.5567      0.5491      0.7171
0.263      0.6334      0.5585      0.5508      0.7181
0.264      0.6348      0.5604      0.5526      0.7192
0.265      0.6361      0.5622      0.5543      0.7202
0.266      0.6374      0.5640      0.5560      0.7212
0.267      0.6387      0.5658      0.5577      0.7222
0.268      0.6399      0.5676      0.5594      0.7232
0.269      0.6412      0.5694      0.5611      0.7242
0.270      0.6425      0.5712      0.5628      0.7252
0.271      0.6437      0.5729      0.5644      0.7261
0.272      0.6449      0.5747      0.5659      0.7271
0.273      0.6462      0.5764      0.5674      0.7280
0.274      0.6474      0.5781      0.5689      0.7290
0.275      0.6486      0.5798      0.5703      0.7299
0.276      0.6498      0.5815      0.5718      0.7308
0.277      0.6510      0.5832      0.5734      0.7316
0.278      0.6522      0.5849      0.5749      0.7324
0.279      0.6534      0.5865      0.5764      0.7332
0.280      0.6545      0.5882      0.5778      0.7339
0.281      0.6557      0.5898      0.5793      0.7347
0.282      0.6569      0.5914      0.5807      0.7355
0.283      0.6580      0.5930      0.5821      0.7362
0.284      0.6591      0.5946      0.5836      0.7370
0.285      0.6603      0.5962      0.5851      0.7377
0.286      0.6614      0.5978      0.5866      0.7385
0.287      0.6625      0.5993      0.5881      0.7393
0.288      0.6636      0.6009      0.5896      0.7401
0.289      0.6647      0.6024      0.5910      0.7410
0.290      0.6658      0.6040      0.5925      0.7418
0.291      0.6669      0.6055      0.5939      0.7426
0.292      0.6679      0.6070      0.5954      0.7434
0.293      0.6690      0.6085      0.5968      0.7442
0.294      0.6701      0.6100      0.5981      0.7450
0.295      0.6711      0.6115      0.5995      0.7457
0.296      0.6722      0.6129      0.6008      0.7464
0.297      0.6732      0.6144      0.6021      0.7472
0.298      0.6742      0.6158      0.6034      0.7480
0.299      0.6753      0.6173      0.6047      0.7488
0.300      0.6763      0.6187      0.6060      0.7496
0.301      0.6773      0.6201      0.6073      0.7504
0.302      0.6783      0.6215      0.6086      0.7511
0.303      0.6793      0.6229      0.6098      0.7518
0.304      0.6803      0.6243      0.6110      0.7526
0.305      0.6813      0.6257      0.6121      0.7533
0.306      0.6823      0.6271      0.6133      0.7541
0.307      0.6832      0.6285      0.6144      0.7549
0.308      0.6842      0.6298      0.6156      0.7557
0.309      0.6852      0.6312      0.6167      0.7565
0.310      0.6861      0.6325      0.6180      0.7572
0.311      0.6871      0.6338      0.6193      0.7579
0.312      0.6880      0.6352      0.6207      0.7587
0.313      0.6889      0.6365      0.6218      0.7594
0.314      0.6899      0.6378      0.6229      0.7601
0.315      0.6908      0.6391      0.6240      0.7607
0.316      0.6917      0.6404      0.6252      0.7613
0.317      0.6926      0.6416      0.6264      0.7618
0.318      0.6935      0.6429      0.6276      0.7625
0.319      0.6944      0.6442      0.6287      0.7631
0.320      0.6953      0.6454      0.6299      0.7638
0.321      0.6962      0.6467      0.6311      0.7644
0.322      0.6971      0.6479      0.6322      0.7650
0.323      0.6980      0.6492      0.6334      0.7656
0.324      0.6989      0.6504      0.6345      0.7662
0.325      0.6997      0.6516      0.6356      0.7668
0.326      0.7006      0.6528      0.6368      0.7673
0.327      0.7014      0.6540      0.6379      0.7679
0.328      0.7023      0.6552      0.6390      0.7685
0.329      0.7031      0.6564      0.6401      0.7685
0.330      0.7040      0.6576      0.6411      0.7690
0.331      0.7048      0.6588      0.6421      0.7696
0.332      0.7056      0.6599      0.6431      0.7702
0.333      0.7065      0.6611      0.6445      0.7709
0.334      0.7073      0.6622      0.6455      0.7716
0.335      0.7081      0.6634      0.6466      0.7722
0.336      0.7089      0.6645      0.6476      0.7729
0.337      0.7097      0.6657      0.6486      0.7734
0.338      0.7105      0.6668      0.6497      0.7739
0.339      0.7113      0.6679      0.6508      0.7742
0.340      0.7121      0.6690      0.6518      0.7748
0.341      0.7129      0.6701      0.6531      0.7747
0.342      0.7137      0.6712      0.6541      0.7753
0.343      0.7145      0.6723      0.6551      0.7758
0.344      0.7152      0.6734      0.6564      0.7762
0.345      0.7160      0.6745      0.6586      0.7766
0.346      0.7168      0.6756      0.6601      0.7768
0.347      0.7175      0.6766      0.6611      0.7774
0.348      0.7183      0.6777      0.6620      0.7779
0.349      0.7191      0.6788      0.6634      0.7778
0.350      0.7198      0.6798      0.6647      0.7774
0.351      0.7205      0.6809      0.6660      0.7778
0.352      0.7213      0.6819      0.6672      0.7778
0.353      0.7220      0.6829      0.6685      0.7783
0.354      0.7227      0.6840      0.6697      0.7781
0.355      0.7235      0.6850      0.6713      0.7780
0.356      0.7242      0.6860      0.6736      0.7775
0.357      0.7249      0.6870      0.6750      0.7770
0.358      0.7256      0.6880      0.6764      0.7770
0.359      0.7263      0.6890      0.6778      0.7775
0.360      0.7271      0.6900      0.6795      0.7772
0.361      0.7278      0.6910      0.6804      0.7771
0.362      0.7285      0.6920      0.6813      0.7767
0.363      0.7291      0.6929      0.6831      0.7766
0.364      0.7298      0.6939      0.6849      0.7766
0.365      0.7305      0.6949      0.6863      0.7765
0.366      0.7307      0.6958      0.6871      0.7759
0.367      0.7302      0.6968      0.6879      0.7750
0.368      0.7298      0.6977      0.6881      0.7733
0.369      0.7293      0.6987      0.6888      0.7721
0.370      0.7288      0.6996      0.6886      0.7708
0.371      0.7283      0.7006      0.6876      0.7695
0.372      0.7278      0.7015      0.6872      0.7684
0.373      0.7273      0.7024      0.6879      0.7679
0.374      0.7269      0.7033      0.6876      0.7673
0.375      0.7264      0.7042      0.6876      0.7674
0.376      0.7259      0.7052      0.6875      0.7668
0.377      0.7254      0.7053      0.6867      0.7657
0.378      0.7249      0.7050      0.6865      0.7653
0.379      0.7244      0.7046      0.6856      0.7650
0.380      0.7239      0.7043      0.6845      0.7654
0.381      0.7234      0.7039      0.6832      0.7649
0.382      0.7229      0.7036      0.6818      0.7645
0.383      0.7224      0.7032      0.6814      0.7646
0.384      0.7219      0.7028      0.6803      0.7645
0.385      0.7214      0.7025      0.6795      0.7648
0.386      0.7209      0.7021      0.6789      0.7641
0.387      0.7204      0.7018      0.6783      0.7637
0.388      0.7198      0.7014      0.6779      0.7640
0.389      0.7193      0.7010      0.6770      0.7636
0.390      0.7188      0.7007      0.6761      0.7632
0.391      0.7183      0.7003      0.6754      0.7628
0.392      0.7178      0.6999      0.6748      0.7627
0.393      0.7173      0.6996      0.6740      0.7629
0.394      0.7167      0.6992      0.6730      0.7631
0.395      0.7162      0.6988      0.6723      0.7627
0.396      0.7157      0.6985      0.6717      0.7627
0.397      0.7152      0.6981      0.6711      0.7623
0.398      0.7146      0.6977      0.6705      0.7619
0.399      0.7141      0.6973      0.6699      0.7615
0.400      0.7136      0.6970      0.6693      0.7611
0.401      0.7130      0.6966      0.6687      0.7607
0.402      0.7125      0.6962      0.6681      0.7607
0.403      0.7120      0.6958      0.6675      0.7607
0.404      0.7114      0.6955      0.6666      0.7608
0.405      0.7109      0.6951      0.6660      0.7603
0.406      0.7103      0.6947      0.6653      0.7598
0.407      0.7098      0.6943      0.6643      0.7592
0.408      0.7093      0.6939      0.6638      0.7587
0.409      0.7087      0.6935      0.6633      0.7582
0.410      0.7082      0.6931      0.6625      0.7576
0.411      0.7076      0.6927      0.6620      0.7572
0.412      0.7071      0.6924      0.6614      0.7567
0.413      0.7065      0.6920      0.6607      0.7563
0.414      0.7059      0.6916      0.6600      0.7558
0.415      0.7054      0.6912      0.6593      0.7553
0.416      0.7048      0.6908      0.6586      0.7549
0.417      0.7043      0.6904      0.6579      0.7544
0.418      0.7037      0.6900      0.6573      0.7540
0.419      0.7031      0.6896      0.6566      0.7535
0.420      0.7026      0.6892      0.6560      0.7530
0.421      0.7020      0.6888      0.6554      0.7526
0.422      0.7014      0.6884      0.6548      0.7521
0.423      0.7008      0.6880      0.6541      0.7516
0.424      0.7003      0.6875      0.6535      0.7512
0.425      0.6997      0.6871      0.6529      0.7507
0.426      0.6991      0.6867      0.6522      0.7502
0.427      0.6985      0.6863      0.6516      0.7497
0.428      0.6979      0.6859      0.6510      0.7492
0.429      0.6973      0.6855      0.6503      0.7488
0.430      0.6967      0.6851      0.6497      0.7483
0.431      0.6962      0.6846      0.6490      0.7477
0.432      0.6956      0.6842      0.6484      0.7472
0.433      0.6950      0.6838      0.6477      0.7466
0.434      0.6944      0.6834      0.6471      0.7460
0.435      0.6938      0.6830      0.6465      0.7456
0.436      0.6932      0.6825      0.6458      0.7451
0.437      0.6926      0.6821      0.6451      0.7446
0.438      0.6920      0.6817      0.6444      0.7442
0.439      0.6914      0.6812      0.6438      0.7437
0.440      0.6907      0.6808      0.6431      0.7432
0.441      0.6901      0.6804      0.6423      0.7427
0.442      0.6895      0.6799      0.6416      0.7422
0.443      0.6889      0.6795      0.6408      0.7418
0.444      0.6883      0.6791      0.6402      0.7412
0.445      0.6877      0.6786      0.6395      0.7406
0.446      0.6870      0.6782      0.6387      0.7401
0.447      0.6864      0.6777      0.6380      0.7395
0.448      0.6858      0.6773      0.6373      0.7389
0.449      0.6851      0.6769      0.6366      0.7384
0.450      0.6845      0.6764      0.6359      0.7378
0.451      0.6839      0.6760      0.6353      0.7372
0.452      0.6832      0.6755      0.6346      0.7366
0.453      0.6826      0.6751      0.6339      0.7360
0.454      0.6820      0.6746      0.6332      0.7354
0.455      0.6813      0.6741      0.6325      0.7348
0.456      0.6807      0.6737      0.6317      0.7343
0.457      0.6800      0.6732      0.6309      0.7337
0.458      0.6794      0.6728      0.6301      0.7331
0.459      0.6787      0.6723      0.6294      0.7325
0.460      0.6781      0.6718      0.6286      0.7319
0.461      0.6774      0.6714      0.6278      0.7313
0.462      0.6767      0.6709      0.6270      0.7307
0.463      0.6761      0.6704      0.6262      0.7301
0.464      0.6754      0.6700      0.6254      0.7295
0.465      0.6747      0.6695      0.6246      0.7290
0.466      0.6741      0.6690      0.6238      0.7284
0.467      0.6734      0.6685      0.6230      0.7279
0.468      0.6727      0.6681      0.6223      0.7273
0.469      0.6720      0.6676      0.6214      0.7266
0.470      0.6714      0.6671      0.6206      0.7260
0.471      0.6707      0.6666      0.6199      0.7255
0.472      0.6700      0.6661      0.6191      0.7249
0.473      0.6693      0.6656      0.6183      0.7244
0.474      0.6686      0.6652      0.6175      0.7238
0.475      0.6679      0.6647      0.6167      0.7233
0.476      0.6672      0.6642      0.6159      0.7227
0.477      0.6665      0.6637      0.6151      0.7221
0.478      0.6658      0.6632      0.6143      0.7216
0.479      0.6651      0.6627      0.6134      0.7211
0.480      0.6644      0.6622      0.6126      0.7205
0.481      0.6637      0.6617      0.6119      0.7199
0.482      0.6630      0.6612      0.6111      0.7193
0.483      0.6623      0.6607      0.6102      0.7187
0.484      0.6615      0.6602      0.6094      0.7181
0.485      0.6608      0.6596      0.6086      0.7175
0.486      0.6601      0.6591      0.6077      0.7170
0.487      0.6594      0.6586      0.6068      0.7164
0.488      0.6586      0.6581      0.6060      0.7158
0.489      0.6579      0.6576      0.6051      0.7153
0.490      0.6572      0.6571      0.6044      0.7147
0.491      0.6564      0.6565      0.6036      0.7141
0.492      0.6557      0.6560      0.6028      0.7135
0.493      0.6549      0.6555      0.6020      0.7129
0.494      0.6542      0.6550      0.6012      0.7122
0.495      0.6534      0.6544      0.6004      0.7115
0.496      0.6527      0.6539      0.5996      0.7108
0.497      0.6519      0.6534      0.5988      0.7102
0.498      0.6512      0.6528      0.5980      0.7096
0.499      0.6504      0.6523      0.5972      0.7090
0.500      0.6496      0.6517      0.5963      0.7083
0.501      0.6489      0.6512      0.5953      0.7077
0.502      0.6481      0.6507      0.5943      0.7071
0.503      0.6473      0.6501      0.5933      0.7064
0.504      0.6465      0.6496      0.5923      0.7058
0.505      0.6458      0.6490      0.5912      0.7051
0.506      0.6450      0.6484      0.5903      0.7045
0.507      0.6442      0.6479      0.5894      0.7038
0.508      0.6434      0.6473      0.5884      0.7031
0.509      0.6426      0.6468      0.5875      0.7024
0.510      0.6418      0.6462      0.5866      0.7017
0.511      0.6410      0.6456      0.5857      0.7010
0.512      0.6402      0.6451      0.5848      0.7003
0.513      0.6394      0.6445      0.5838      0.6996
0.514      0.6386      0.6439      0.5829      0.6989
0.515      0.6378      0.6433      0.5820      0.6981
0.516      0.6370      0.6428      0.5811      0.6974
0.517      0.6361      0.6422      0.5802      0.6967
0.518      0.6353      0.6416      0.5794      0.6960
0.519      0.6345      0.6410      0.5785      0.6953
0.520      0.6337      0.6404      0.5776      0.6945
0.521      0.6328      0.6398      0.5767      0.6939
0.522      0.6320      0.6393      0.5757      0.6934
0.523      0.6311      0.6387      0.5747      0.6928
0.524      0.6303      0.6381      0.5737      0.6923
0.525      0.6294      0.6375      0.5728      0.6917
0.526      0.6286      0.6369      0.5719      0.6910
0.527      0.6277      0.6363      0.5709      0.6903
0.528      0.6269      0.6356      0.5699      0.6896
0.529      0.6260      0.6350      0.5688      0.6889
0.530      0.6252      0.6344      0.5677      0.6882
0.531      0.6243      0.6338      0.5666      0.6874
0.532      0.6234      0.6332      0.5655      0.6867
0.533      0.6225      0.6326      0.5644      0.6860
0.534      0.6216      0.6319      0.5634      0.6853
0.535      0.6208      0.6313      0.5624      0.6845
0.536      0.6199      0.6307      0.5613      0.6838
0.537      0.6190      0.6301      0.5603      0.6831
0.538      0.6181      0.6294      0.5593      0.6823
0.539      0.6172      0.6288      0.5582      0.6816
0.540      0.6163      0.6281      0.5572      0.6808
0.541      0.6154      0.6275      0.5562      0.6801
0.542      0.6145      0.6269      0.5551      0.6793
0.543      0.6135      0.6262      0.5541      0.6786
0.544      0.6126      0.6256      0.5531      0.6778
0.545      0.6117      0.6249      0.5521      0.6771
0.546      0.6108      0.6242      0.5511      0.6763
0.547      0.6098      0.6236      0.5500      0.6755
0.548      0.6089      0.6229      0.5490      0.6748
0.549      0.6080      0.6223      0.5480      0.6740
0.550      0.6070      0.6216      0.5469      0.6733
0.551      0.6061      0.6209      0.5459      0.6725
0.552      0.6051      0.6202      0.5448      0.6718
0.553      0.6042      0.6196      0.5437      0.6711
0.554      0.6032      0.6189      0.5427      0.6703
0.555      0.6022      0.6182      0.5416      0.6696
0.556      0.6013      0.6175      0.5405      0.6689
0.557      0.6003      0.6168      0.5395      0.6680
0.558      0.5993      0.6161      0.5384      0.6671
0.559      0.5983      0.6154      0.5373      0.6663
0.560      0.5973      0.6147      0.5362      0.6656
0.561      0.5963      0.6140      0.5351      0.6649
0.562      0.5953      0.6133      0.5338      0.6642
0.563      0.5943      0.6126      0.5326      0.6634
0.564      0.5933      0.6119      0.5313      0.6627
0.565      0.5923      0.6112      0.5301      0.6619
0.566      0.5913      0.6105      0.5288      0.6612
0.567      0.5903      0.6098      0.5275      0.6605
0.568      0.5893      0.6090      0.5263      0.6597
0.569      0.5882      0.6083      0.5250      0.6589
0.570      0.5872      0.6076      0.5237      0.6581
0.571      0.5861      0.6068      0.5225      0.6572
0.572      0.5851      0.6061      0.5213      0.6563
0.573      0.5841      0.6053      0.5201      0.6554
0.574      0.5830      0.6046      0.5189      0.6544
0.575      0.5819      0.6039      0.5176      0.6534
0.576      0.5809      0.6031      0.5164      0.6526
0.577      0.5798      0.6023      0.5152      0.6517
0.578      0.5787      0.6016      0.5140      0.6508
0.579      0.5777      0.6008      0.5128      0.6499
0.580      0.5766      0.6001      0.5115      0.6491
0.581      0.5755      0.5993      0.5102      0.6483
0.582      0.5744      0.5985      0.5089      0.6474
0.583      0.5733      0.5977      0.5077      0.6466
0.584      0.5722      0.5969      0.5064      0.6457
0.585      0.5711      0.5962      0.5051      0.6449
0.586      0.5700      0.5954      0.5038      0.6440
0.587      0.5688      0.5946      0.5025      0.6432
0.588      0.5677      0.5938      0.5012      0.6423
0.589      0.5666      0.5930      0.4999      0.6414
0.590      0.5654      0.5922      0.4986      0.6406
0.591      0.5643      0.5914      0.4973      0.6397
0.592      0.5631      0.5905      0.4960      0.6388
0.593      0.5620      0.5897      0.4946      0.6379
0.594      0.5608      0.5889      0.4932      0.6370
0.595      0.5597      0.5881      0.4917      0.6361
0.596      0.5585      0.5873      0.4905      0.6351
0.597      0.5573      0.5864      0.4893      0.6341
0.598      0.5561      0.5856      0.4879      0.6332
0.599      0.5549      0.5847      0.4865      0.6322
0.600      0.5537      0.5839      0.4851      0.6312
0.601      0.5525      0.5830      0.4838      0.6302
0.602      0.5513      0.5822      0.4824      0.6292
0.603      0.5501      0.5813      0.4809      0.6283
0.604      0.5489      0.5805      0.4795      0.6273
0.605      0.5477      0.5796      0.4782      0.6263
0.606      0.5464      0.5787      0.4767      0.6252
0.607      0.5452      0.5779      0.4753      0.6242
0.608      0.5439      0.5770      0.4739      0.6232
0.609      0.5427      0.5761      0.4725      0.6222
0.610      0.5414      0.5752      0.4711      0.6212
0.611      0.5402      0.5743      0.4696      0.6201
0.612      0.5389      0.5734      0.4681      0.6191
0.613      0.5376      0.5725      0.4666      0.6181
0.614      0.5363      0.5716      0.4651      0.6171
0.615      0.5351      0.5707      0.4635      0.6161
0.616      0.5338      0.5698      0.4620      0.6150
0.617      0.5325      0.5688      0.4605      0.6140
0.618      0.5311      0.5679      0.4590      0.6130
0.619      0.5298      0.5670      0.4575      0.6119
0.620      0.5285      0.5660      0.4559      0.6109
0.621      0.5272      0.5651      0.4543      0.6098
0.622      0.5258      0.5642      0.4528      0.6087
0.623      0.5245      0.5632      0.4512      0.6077
0.624      0.5231      0.5622      0.4496      0.6066
0.625      0.5218      0.5613      0.4480      0.6055
0.626      0.5204      0.5603      0.4464      0.6044
0.627      0.5190      0.5593      0.4448      0.6033
0.628      0.5176      0.5584      0.4430      0.6023
0.629      0.5163      0.5574      0.4412      0.6011
0.630      0.5149      0.5564      0.4394      0.5999
0.631      0.5135      0.5554      0.4376      0.5987
0.632      0.5120      0.5544      0.4357      0.5975
0.633      0.5106      0.5534      0.4339      0.5963
0.634      0.5092      0.5524      0.4322      0.5951
0.635      0.5078      0.5514      0.4304      0.5939
0.636      0.5063      0.5504      0.4286      0.5927
0.637      0.5049      0.5493      0.4270      0.5914
0.638      0.5034      0.5483      0.4252      0.5901
0.639      0.5019      0.5473      0.4234      0.5889
0.640      0.5005      0.5462      0.4216      0.5876
0.641      0.4990      0.5452      0.4198      0.5864
0.642      0.4975      0.5441      0.4180      0.5852
0.643      0.4960      0.5430      0.4162      0.5839
0.644      0.4945      0.5420      0.4144      0.5827
0.645      0.4930      0.5409      0.4126      0.5815
0.646      0.4914      0.5398      0.4107      0.5802
0.647      0.4899      0.5387      0.4089      0.5790
0.648      0.4883      0.5376      0.4071      0.5777
0.649      0.4868      0.5365      0.4053      0.5764
0.650      0.4852      0.5354      0.4036      0.5751
0.651      0.4837      0.5343      0.4018      0.5739
0.652      0.4821      0.5332      0.4000      0.5726
0.653      0.4805      0.5321      0.3982      0.5713
0.654      0.4789      0.5310      0.3964      0.5700
0.655      0.4773      0.5298      0.3946      0.5686
0.656      0.4757      0.5287      0.3928      0.5673
0.657      0.4740      0.5275      0.3910      0.5660
0.658      0.4724      0.5264      0.3891      0.5646
0.659      0.4708      0.5252      0.3873      0.5632
0.660      0.4691      0.5240      0.3854      0.5618
0.661      0.4675      0.5229      0.3835      0.5605
0.662      0.4658      0.5217      0.3816      0.5592
0.663      0.4641      0.5205      0.3795      0.5578
0.664      0.4624      0.5193      0.3774      0.5565
0.665      0.4607      0.5181      0.3753      0.5551
0.666      0.4590      0.5169      0.3731      0.5537
0.667      0.4573      0.5156      0.3709      0.5522
0.668      0.4555      0.5144      0.3687      0.5508
0.669      0.4538      0.5132      0.3665      0.5496
0.670      0.4520      0.5119      0.3643      0.5483
0.671      0.4503      0.5107      0.3621      0.5470
0.672      0.4485      0.5094      0.3598      0.5457
0.673      0.4467      0.5082      0.3577      0.5444
0.674      0.4449      0.5069      0.3556      0.5431
0.675      0.4431      0.5056      0.3535      0.5418
0.676      0.4413      0.5043      0.3514      0.5404
0.677      0.4394      0.5030      0.3493      0.5391
0.678      0.4376      0.5017      0.3472      0.5377
0.679      0.4357      0.5004      0.3451      0.5363
0.680      0.4339      0.4991      0.3429      0.5349
0.681      0.4320      0.4978      0.3408      0.5334
0.682      0.4301      0.4964      0.3386      0.5320
0.683      0.4282      0.4951      0.3364      0.5305
0.684      0.4263      0.4937      0.3341      0.5291
0.685      0.4243      0.4924      0.3318      0.5276
0.686      0.4224      0.4910      0.3294      0.5261
0.687      0.4205      0.4896      0.3270      0.5246
0.688      0.4185      0.4882      0.3246      0.5231
0.689      0.4165      0.4868      0.3222      0.5215
0.690      0.4145      0.4854      0.3198      0.5197
0.691      0.4125      0.4840      0.3173      0.5179
0.692      0.4105      0.4826      0.3149      0.5161
0.693      0.4085      0.4811      0.3124      0.5143
0.694      0.4064      0.4797      0.3099      0.5125
0.695      0.4044      0.4782      0.3075      0.5107
0.696      0.4023      0.4768      0.3051      0.5088
0.697      0.4002      0.4753      0.3027      0.5070
0.698      0.3981      0.4738      0.3002      0.5051
0.699      0.3960      0.4723      0.2976      0.5032
0.700      0.3939      0.4708      0.2950      0.5014
0.701      0.3918      0.4693      0.2923      0.4999
0.702      0.3896      0.4678      0.2897      0.4983
0.703      0.3874      0.4663      0.2870      0.4965
0.704      0.3853      0.4647      0.2843      0.4946
0.705      0.3831      0.4632      0.2816      0.4927
0.706      0.3808      0.4616      0.2788      0.4907
0.707      0.3786      0.4600      0.2762      0.4888
0.708      0.3764      0.4584      0.2736      0.4868
0.709      0.3741      0.4568      0.2709      0.4848
0.710      0.3718      0.4552      0.2683      0.4831
0.711      0.3696      0.4536      0.2657      0.4813
0.712      0.3673      0.4520      0.2630      0.4795
0.713      0.3649      0.4503      0.2603      0.4777
0.714      0.3626      0.4487      0.2576      0.4759
0.715      0.3602      0.4470      0.2549      0.4741
0.716      0.3579      0.4453      0.2522      0.4722
0.717      0.3555      0.4437      0.2494      0.4703
0.718      0.3531      0.4420      0.2466      0.4681
0.719      0.3507      0.4402      0.2438      0.4658
0.720      0.3482      0.4385      0.2410      0.4636
0.721      0.3458      0.4368      0.2381      0.4618
0.722      0.3433      0.4350      0.2350      0.4599
0.723      0.3408      0.4333      0.2320      0.4581
0.724      0.3383      0.4315      0.2289      0.4562
0.725      0.3358      0.4297      0.2258      0.4543
0.726      0.3332      0.4279      0.2227      0.4523
0.727      0.3307      0.4261      0.2196      0.4504
0.728      0.3281      0.4243      0.2167      0.4485
0.729      0.3255      0.4224      0.2137      0.4465
0.730      0.3229      0.4206      0.2107      0.4445
0.731      0.3202      0.4187      0.2077      0.4425
0.732      0.3176      0.4168      0.2047      0.4405
0.733      0.3149      0.4149      0.2016      0.4385
0.734      0.3122      0.4130      0.1985      0.4365
0.735      0.3095      0.4111      0.1951      0.4344
0.736      0.3067      0.4092      0.1916      0.4324
0.737      0.3039      0.4072      0.1883      0.4303
0.738      0.3012      0.4052      0.1852      0.4282
0.739      0.2984      0.4032      0.1820      0.4260
0.740      0.2955      0.4012      0.1788      0.4238
0.741      0.2927      0.3992      0.1756      0.4216
0.742      0.2898      0.3972      0.1724      0.4194
0.743      0.2869      0.3952      0.1691      0.4171
0.744      0.2840      0.3931      0.1658      0.4149
0.745      0.2811      0.3910      0.1625      0.4126
0.746      0.2781      0.3889      0.1590      0.4103
0.747      0.2751      0.3868      0.1557      0.4080
0.748      0.2721      0.3847      0.1523      0.4057
0.749      0.2691      0.3825      0.1489      0.4033
0.750      0.2660      0.3804      0.1452      0.4009
0.751      0.2629      0.3782      0.1414      0.3985
0.752      0.2598      0.3760      0.1376      0.3959
0.753      0.2567      0.3738      0.1337      0.3934
0.754      0.2535      0.3715      0.1298      0.3908
0.755      0.2504      0.3693      0.1258      0.3882
0.756      0.2472      0.3670      0.1218      0.3856
0.757      0.2439      0.3647      0.1178      0.3830
0.758      0.2407      0.3624      0.1138      0.3804
0.759      0.2374      0.3601      0.1097      0.3777
0.760      0.2341      0.3578      0.1056      0.3750
0.761      0.2307      0.3554      0.1015      0.3723
0.762      0.2273      0.3530      0.0973      0.3693
0.763      0.2239      0.3506      0.0931      0.3664
0.764      0.2205      0.3482      0.0889      0.3634
0.765      0.2171      0.3457      0.0847      0.3607
0.766      0.2136      0.3433      0.0805      0.3580
0.767      0.2100      0.3408      0.0764      0.3553
0.768      0.2065      0.3383      0.0723      0.3526
0.769      0.2029      0.3357      0.0682      0.3497
0.770      0.1993      0.3332      0.0640      0.3468
0.771      0.1957      0.3306      0.0598      0.3438
0.772      0.1920      0.3280      0.0556      0.3408
0.773      0.1883      0.3254      0.0513      0.3378
0.774      0.1845      0.3227      0.0470      0.3348
0.775      0.1808      0.3201      0.0427      0.3317
0.776      0.1770      0.3174      0.0383      0.3286
0.777      0.1731      0.3147      0.0339      0.3255
0.778      0.1693      0.3119      0.0294      0.3224
0.779      0.1653      0.3092      0.0249      0.3192
0.780      0.1614      0.3064      0.0203      0.3160
0.781      0.1574      0.3035      0.0157      0.3128
0.782      0.1534      0.3007      0.0111      0.3095
0.783      0.1493      0.2978      0.0063      0.3062
0.784      0.1453      0.2949      0.0015      0.3029
0.785      0.1411      0.2920     -0.0032      0.2995
0.786      0.1370      0.2891     -0.0079      0.2961
0.787      0.1327      0.2861     -0.0127      0.2927
0.788      0.1285      0.2831     -0.0176      0.2893
0.789      0.1242      0.2801     -0.0225      0.2858
0.790      0.1199      0.2770     -0.0275      0.2823
0.791      0.1155      0.2739     -0.0326      0.2787
0.792      0.1111      0.2708     -0.0376      0.2751
0.793      0.1066      0.2676     -0.0428      0.2715
0.794      0.1022      0.2644     -0.0480      0.2679
0.795      0.0976      0.2612     -0.0532      0.2642
0.796      0.0930      0.2580     -0.0586      0.2607
0.797      0.0884      0.2547     -0.0642      0.2571
0.798      0.0837      0.2514     -0.0699      0.2534
0.799      0.0790      0.2481     -0.0757      0.2497
0.800      0.0742      0.2447     -0.0815      0.2460
0.801      0.0694      0.2413     -0.0873      0.2423
0.802      0.0645      0.2378     -0.0933      0.2385
0.803      0.0596      0.2344     -0.0993      0.2346
0.804      0.0546      0.2308     -0.1053      0.2308
0.805      0.0496      0.2273     -0.1110      0.2269
0.806      0.0446      0.2237     -0.1169      0.2229
0.807      0.0394      0.2201     -0.1228      0.2189
0.808      0.0343      0.2164     -0.1288      0.2149
0.809      0.0290      0.2127     -0.1348      0.2108
0.810      0.0237      0.2090     -0.1409      0.2067
0.811      0.0184      0.2052     -0.1473      0.2025
0.812      0.0130      0.2014     -0.1538      0.1983
0.813      0.0075      0.1975     -0.1603      0.1941
0.814      0.0020      0.1936     -0.1669      0.1898
0.815     -0.0035      0.1897     -0.1736      0.1855
0.816     -0.0092      0.1857     -0.1803      0.1811
0.817     -0.0149      0.1817     -0.1872      0.1767
0.818     -0.0206      0.1776     -0.1941      0.1723
0.819     -0.0265      0.1735     -0.2012      0.1678
0.820     -0.0323      0.1693     -0.2084      0.1630
0.821     -0.0383      0.1651     -0.2154      0.1586
0.822     -0.0443      0.1608     -0.2225      0.1539
0.823     -0.0504      0.1565     -0.2298      0.1492
0.824     -0.0566      0.1522     -0.2372      0.1444
0.825     -0.0628      0.1478     -0.2447      0.1396
0.826     -0.0691      0.1433     -0.2522      0.1347
0.827     -0.0755      0.1388     -0.2599      0.1298
0.828     -0.0819      0.1342     -0.2676      0.1248
0.829     -0.0884      0.1296     -0.2755      0.1197
0.830     -0.0950      0.1250     -0.2834      0.1146
0.831     -0.1017      0.1202     -0.2914      0.1094
0.832     -0.1085      0.1155     -0.2995      0.1042
0.833     -0.1153      0.1106     -0.3078      0.0989
0.834     -0.1222      0.1057     -0.3161      0.0935
0.835     -0.1292      0.1008     -0.3243      0.0880
0.836     -0.1363      0.0958     -0.3327      0.0822
0.837     -0.1435      0.0907     -0.3413      0.0764
0.838     -0.1507      0.0855     -0.3501      0.0708
0.839     -0.1581      0.0803     -0.3589      0.0650
0.840     -0.1655      0.0751     -0.3678      0.0592
0.841     -0.1731      0.0697     -0.3768      0.0534
0.842     -0.1807      0.0643     -0.3860      0.0474
0.843     -0.1884      0.0589     -0.3953      0.0414
0.844     -0.1963      0.0533     -0.4045      0.0353
0.845     -0.2042      0.0477     -0.4138      0.0291
0.846     -0.2122      0.0420     -0.4232      0.0229
0.847     -0.2204      0.0363     -0.4327      0.0165
0.848     -0.2286      0.0304     -0.4423      0.0101
0.849     -0.2370      0.0245     -0.4521      0.0035
0.850     -0.2455      0.0185     -0.4620     -0.0032
0.851     -0.2540      0.0125     -0.4719     -0.0101
0.852     -0.2627      0.0063     -0.4820     -0.0170
0.853     -0.2716      0.0001     -0.4922     -0.0239
0.854     -0.2805     -0.0062     -0.5026     -0.0309
0.855     -0.2896     -0.0126     -0.5130     -0.0379
0.856     -0.2987     -0.0191     -0.5238     -0.0449
0.857     -0.3081     -0.0257     -0.5350     -0.0520
0.858     -0.3175     -0.0324     -0.5461     -0.0593
0.859     -0.3271     -0.0392     -0.5573     -0.0666
0.860     -0.3368     -0.0461     -0.5689     -0.0742
0.861     -0.3467     -0.0530     -0.5806     -0.0818
0.862     -0.3567     -0.0601     -0.5926     -0.0896
0.863     -0.3668     -0.0673     -0.6046     -0.0975
0.864     -0.3771     -0.0746     -0.6169     -0.1055
0.865     -0.3875     -0.0820     -0.6294     -0.1137
0.866     -0.3981     -0.0895     -0.6420     -0.1219
0.867     -0.4089     -0.0971     -0.6548     -0.1303
0.868     -0.4198     -0.1048     -0.6679     -0.1388
0.869     -0.4309     -0.1127     -0.6811     -0.1475
0.870     -0.4422     -0.1206     -0.6945     -0.1563
0.871     -0.4536     -0.1287     -0.7081     -0.1652
0.872     -0.4652     -0.1369     -0.7220     -0.1742
0.873     -0.4770     -0.1453     -0.7361     -0.1834
0.874     -0.4890     -0.1538     -0.7503     -0.1928
0.875     -0.5012     -0.1624     -0.7649     -0.2028
0.876     -0.5136     -0.1711     -0.7796     -0.2129
0.877     -0.5262     -0.1800     -0.7946     -0.2232
0.878     -0.5389     -0.1891     -0.8098     -0.2330
0.879     -0.5519     -0.1983     -0.8253     -0.2427
0.880     -0.5651     -0.2076     -0.8411     -0.2525
0.881     -0.5786     -0.2171     -0.8571     -0.2625
0.882     -0.5922     -0.2268     -0.8734     -0.2734
0.883     -0.6061     -0.2366     -0.8899     -0.2845
0.884     -0.6203     -0.2466     -0.9068     -0.2957
0.885     -0.6346     -0.2568     -0.9243     -0.3072
0.886     -0.6493     -0.2671     -0.9422     -0.3188
0.887     -0.6642     -0.2776     -0.9605     -0.3307
0.888     -0.6793     -0.2884     -0.9790     -0.3427
0.889     -0.6947     -0.2993     -0.9979     -0.3550
0.890     -0.7104     -0.3104     -1.0171     -0.3675
0.891     -0.7264     -0.3217     -1.0360     -0.3802
0.892     -0.7427     -0.3332     -1.0552     -0.3932
0.893     -0.7593     -0.3450     -1.0749     -0.4064
0.894     -0.7762     -0.3569     -1.0948     -0.4199
0.895     -0.7935     -0.3691     -1.1152     -0.4336
0.896     -0.8110     -0.3816     -1.1360     -0.4473
0.897     -0.8290     -0.3942     -1.1572     -0.4613
0.898     -0.8472     -0.4071     -1.1787     -0.4756
0.899     -0.8658     -0.4203     -1.2008     -0.4901
0.900     -0.8848     -0.4337     -1.2232     -0.5050
0.901     -0.9042     -0.4474     -1.2461     -0.5201
0.902     -0.9240     -0.4614     -1.2695     -0.5356
0.903     -0.9441     -0.4757     -1.2934     -0.5514
0.904     -0.9647     -0.4903     -1.3177     -0.5675
0.905     -0.9858     -0.5052     -1.3426     -0.5839
0.906     -1.0072     -0.5203     -1.3681     -0.6007
0.907     -1.0292     -0.5359     -1.3942     -0.6178
0.908     -1.0516     -0.5517     -1.4209     -0.6354
0.909     -1.0745     -0.5679     -1.4482     -0.6533
0.910     -1.0979     -0.5845     -1.4762     -0.6716
0.911     -1.1219     -0.6014     -1.5047     -0.6903
0.912     -1.1464     -0.6188     -1.5339     -0.7095
0.913     -1.1714     -0.6365     -1.5637     -0.7291
0.914     -1.1971     -0.6546     -1.5940     -0.7491
0.915     -1.2233     -0.6732     -1.6249     -0.7700
0.916     -1.2502     -0.6922     -1.6565     -0.7915
0.917     -1.2777     -0.7117     -1.6888     -0.8134
0.918     -1.3059     -0.7316     -1.7224     -0.8359
0.919     -1.3347     -0.7520     -1.7568     -0.8590
0.920     -1.3643     -0.7730     -1.7921     -0.8826
0.921     -1.3947     -0.7944     -1.8283     -0.9068
0.922     -1.4258     -0.8164     -1.8654     -0.9317
0.923     -1.4577     -0.8390     -1.9035     -0.9571
0.924     -1.4905     -0.8622     -1.9426     -0.9833
0.925     -1.5242     -0.8860     -1.9831     -1.0102
0.926     -1.5587     -0.9105     -2.0246     -1.0377
0.927     -1.5942     -0.9356     -2.0673     -1.0661
0.928     -1.6307     -0.9614     -2.1107     -1.0952
0.929     -1.6683     -0.9879     -2.1550     -1.1252
0.930     -1.7069     -1.0153     -2.2007     -1.1560
0.931     -1.7466     -1.0433     -2.2478     -1.1877
0.932     -1.7874     -1.0723     -2.2966     -1.2195
0.933     -1.8295     -1.1020     -2.3474     -1.2522
0.934     -1.8729     -1.1327     -2.3994     -1.2860
0.935     -1.9176     -1.1644     -2.4519     -1.3207
0.936     -1.9637     -1.1970     -2.5067     -1.3566
0.937     -2.0113     -1.2306     -2.5634     -1.3936
0.938     -2.0604     -1.2654     -2.6219     -1.4318
0.939     -2.1111     -1.3012     -2.6824     -1.4718
0.940     -2.1635     -1.3383     -2.7448     -1.5133
0.941     -2.2177     -1.3766     -2.8091     -1.5553
0.942     -2.2738     -1.4163     -2.8756     -1.5987
0.943     -2.3318     -1.4573     -2.9445     -1.6436
0.944     -2.3919     -1.4998     -3.0158     -1.6902
0.945     -2.4542     -1.5439     -3.0898     -1.7385
0.946     -2.5187     -1.5896     -3.1664     -1.7885
0.947     -2.5858     -1.6370     -3.2460     -1.8404
0.948     -2.6554     -1.6862     -3.3286     -1.8944
0.949     -2.7277     -1.7374     -3.4145     -1.9506
0.950     -2.8029     -1.7906     -3.5038     -2.0091
0.951     -2.8812     -1.8460     -3.5967     -2.0700
0.952     -2.9627     -1.9037     -3.6935     -2.1339
0.953     -3.0478     -1.9638     -3.7945     -2.2008
0.954     -3.1365     -2.0266     -3.8998     -2.2706
0.955     -3.2291     -2.0921     -4.0098     -2.3435
0.956     -3.3260     -2.1606     -4.1257     -2.4198
0.957     -3.4274     -2.2324     -4.2470     -2.4995
0.958     -3.5336     -2.3075     -4.3741     -2.5831
0.959     -3.6450     -2.3863     -4.5073     -2.6708
0.960     -3.7619     -2.4690     -4.6472     -2.7628
0.961     -3.8849     -2.5560     -4.7943     -2.8595
0.962     -4.0143     -2.6476     -4.9491     -2.9614
0.963     -4.1507     -2.7441     -5.1123     -3.0688
0.964     -4.2947     -2.8459     -5.2846     -3.1807
0.965     -4.4470     -2.9536     -5.4667     -3.2984
0.966     -4.6081     -3.0676     -5.6592     -3.4231
0.967     -4.7791     -3.1886     -5.8630     -3.5553
0.968     -4.9607     -3.3171     -6.0796     -3.6958
0.969     -5.1541     -3.4538     -6.3101     -3.8453
0.970     -5.3603     -3.5997     -6.5559     -4.0048
0.971     -5.5808     -3.7557     -6.8188     -4.1764
0.972     -5.8170     -3.9228     -7.1004     -4.3611
0.973     -6.0707     -4.1023     -7.4029     -4.5594
0.974     -6.3440     -4.2955     -7.7286     -4.7731
0.975     -6.6390     -4.5043     -8.0804     -5.0038
0.976     -6.9587     -4.7305     -8.4615     -5.2537
0.977     -7.3062     -4.9763     -8.8757     -5.5254
0.978     -7.6853     -5.2444     -9.3276     -5.8217
0.979     -8.1004     -5.5381     -9.8226     -6.1463
0.980     -8.5571     -5.8611    -10.3670     -6.5035
0.981     -9.0619     -6.2182    -10.9688     -6.8989
0.982     -9.6227     -6.6150    -11.6374     -7.3382
0.983    -10.2496     -7.0584    -12.3847     -7.8293
0.984    -10.9547     -7.5572    -13.2252     -8.3817
0.985    -11.7539     -8.1226    -14.1779     -9.0078
0.986    -12.6673     -8.7687    -15.2666     -9.7234
0.987    -13.7212     -9.5142    -16.5228    -10.5491
0.988    -14.9508    -10.3840    -17.9885    -11.5126
0.989    -16.4038    -11.4119    -19.7205    -12.6511
0.990    -18.1475    -12.6454    -21.8002    -14.0164
0.991    -20.2788    -14.1531    -24.3425    -15.6861
0.992    -22.9427    -16.0376    -27.5224    -17.7731
0.993    -26.3679    -18.4605    -31.6111    -20.4563
0.994    -30.9346    -21.6912    -37.0623    -24.0336
0.995    -37.3289    -26.2144    -44.6947    -29.0429
0.996    -46.9191    -32.9983    -56.1426    -36.5554
0.997    -62.9041    -44.3054    -75.2239    -49.0790
0.998    -94.8714    -66.9197   -113.3787    -74.1211
0.999   -190.7840   -134.7732   -227.8655   -149.2515
