0.001    -67.3815    -25.6935    -85.3431    -48.9395
0.002    -33.1738    -12.3641    -42.1463    -23.9596
0.003    -21.7712     -7.9209    -27.7474    -15.6329
0.004    -16.0699     -5.6994    -20.5479    -11.4696
0.005    -12.6491     -4.3664    -16.2282     -8.9716
0.006    -10.3686     -3.4778    -13.3484     -7.3063
0.007     -8.7396     -2.8430    -11.2915     -6.1168
0.008     -7.5179     -2.3670     -9.7487     -5.2246
0.009     -6.5677     -1.9967     -8.5488     -4.5307
0.010     -5.8076     -1.7005     -7.5889     -3.9756
0.011     -5.1856     -1.4582     -6.8035     -3.5215
0.012     -4.6673     -1.2562     -6.1490     -3.1430
0.013     -4.2287     -1.0853     -5.5952     -2.8227
0.014     -3.8528     -0.9388     -5.1205     -2.5482
0.015     -3.5270     -0.8119     -4.7091     -2.3103
0.016     -3.2420     -0.7008     -4.3491     -2.1021
0.017     -2.9904     -0.6028     -4.0315     -1.9185
0.018     -2.7669     -0.5157     -3.7492     -1.7552
0.019     -2.5668     -0.4377     -3.4965     -1.6091
0.020     -2.3868     -0.3676     -3.2692     -1.4776
0.021     -2.2239     -0.3041     -3.0635     -1.3587
0.022     -2.0758     -0.2464     -2.8765     -1.2506
0.023     -1.9406     -0.1937     -2.7058     -1.1518
0.024     -1.8166     -0.1454     -2.5492     -1.0613
0.025     -1.7026     -0.1010     -2.4053     -0.9780
0.026     -1.5974     -0.0600     -2.2723     -0.9012
0.027     -1.4999     -0.0220     -2.1493     -0.8300
0.028     -1.4094      0.0133     -2.0350     -0.7639
0.029     -1.3252      0.0461     -1.9286     -0.7024
0.030     -1.2465      0.0767     -1.8293     -0.6450
0.031     -1.1730      0.1054     -1.7364     -0.5913
0.032     -1.1040      0.1323     -1.6493     -0.5409
0.033     -1.0392      0.1575     -1.5675     -0.4936
0.034     -0.9782      0.1813     -1.4905     -0.4491
0.035     -0.9207      0.2037     -1.4179     -0.4071
0.036     -0.8664      0.2248     -1.3494     -0.3674
0.037     -0.8151      0.2449     -1.2849     -0.3299
0.038     -0.7664      0.2638     -1.2238     -0.2944
0.039     -0.7202      0.2818     -1.1658     -0.2607
0.040     -0.6764      0.2989     -1.1107     -0.2286
0.041     -0.6347      0.3151     -1.0583     -0.1982
0.042     -0.5949      0.3306     -1.0084     -0.1692
0.043     -0.5571      0.3454     -0.9608     -0.1415
0.044     -0.5209      0.3595     -0.9154     -0.1151
0.045     -0.4863      0.3729     -0.8720     -0.0899
0.046     -0.4533      0.3858     -0.8303     -0.0657
0.047     -0.4217      0.3982     -0.7903     -0.0426
0.048     -0.3913      0.4100     -0.7519     -0.0204
0.049     -0.3622      0.4213     -0.7151      0.0010
0.050     -0.3343      0.4322     -0.6798      0.0216
0.051     -0.3075      0.4426     -0.6459      0.0414
0.052     -0.2817      0.4527     -0.6133      0.0604
0.053     -0.2569      0.4624     -0.5819      0.0788
0.054     -0.2330      0.4717     -0.5516      0.0964
0.055     -0.2099      0.4807     -0.5225      0.1134
0.056     -0.1877      0.4893     -0.4944      0.1298
0.057     -0.1663      0.4977     -0.4673      0.1455
0.058     -0.1456      0.5057     -0.4412      0.1606
0.059     -0.1256      0.5135     -0.4159      0.1751
0.060     -0.1063      0.5210     -0.3914      0.1891
0.061     -0.0876      0.5283     -0.3678      0.2026
0.062     -0.0695      0.5354     -0.3449      0.2160
0.063     -0.0520      0.5422     -0.3228      0.2287
0.064     -0.0350      0.5488     -0.3012      0.2411
0.065     -0.0185      0.5552     -0.2805      0.2531
0.066     -0.0026      0.5614     -0.2603      0.2647
0.067      0.0129      0.5675     -0.2408      0.2759
0.068      0.0279      0.5733     -0.2218      0.2869
0.069      0.0425      0.5790     -0.2034      0.2975
0.070      0.0566      0.5845     -0.1854      0.3078
0.071      0.0704      0.5899     -0.1680      0.3178
0.072      0.0838      0.5951     -0.1511      0.3275
0.073      0.0968      0.6002     -0.1346      0.3370
0.074      0.1095      0.6051     -0.1186      0.3462
0.075      0.1218      0.6099     -0.1030      0.3552
0.076      0.1338      0.6146     -0.0879      0.3639
0.077      0.1455      0.6191     -0.0729      0.3724
0.078      0.1569      0.6236     -0.0584      0.3807
0.079      0.1680      0.6279     -0.0445      0.3888
0.080      0.1788      0.6321     -0.0308      0.3967
0.081      0.1894      0.6362     -0.0175      0.4044
0.082      0.1997      0.6403     -0.0045      0.4119
0.083      0.2097      0.6442      0.0081      0.4192
0.084      0.2195      0.6480      0.0206      0.4263
0.085      0.2291      0.6517      0.0327      0.4333
0.086      0.2385      0.6554      0.0444      0.4401
0.087      0.2476      0.6589      0.0559      0.4468
0.088      0.2565      0.6624      0.0671      0.4533
0.089      0.2653      0.6658      0.0781      0.4596
0.090      0.2738      0.6692      0.0889      0.4659
0.091      0.2822      0.6724      0.0994      0.4719
0.092      0.2904      0.6756      0.1097      0.4779
0.093      0.2983      0.6787      0.1198      0.4837
0.094      0.3062      0.6818      0.1296      0.4894
0.095      0.3138      0.6847      0.1393      0.4949
0.096      0.3213      0.6877      0.1487      0.5003
0.097      0.3287      0.6905      0.1580      0.5055
0.098      0.3359      0.6933      0.1670      0.5107
0.099      0.3429      0.6961      0.1759      0.5157
0.100      0.3498      0.6988      0.1847      0.5208
0.101      0.3566      0.7014      0.1933      0.5257
0.102      0.3633      0.7040      0.2017      0.5306
0.103      0.3698      0.7065      0.2100      0.5353
0.104      0.3762      0.7090      0.2180      0.5400
0.105      0.3824      0.7115      0.2258      0.5446
0.106      0.3886      0.7139      0.2335      0.5492
0.107      0.3946      0.7162      0.2410      0.5537
0.108      0.4005      0.7185      0.2485      0.5581
0.109      0.4063      0.7208      0.2558      0.5623
0.110      0.4120      0.7230      0.2630      0.5664
0.111      0.4176      0.7252      0.2700      0.5705
0.112      0.4231      0.7273      0.2770      0.5745
0.113      0.4286      0.7294      0.2838      0.5785
0.114      0.4339      0.7315      0.2904      0.5823
0.115      0.4391      0.7335      0.2969      0.5861
0.116      0.4442      0.7355      0.3033      0.5899
0.117      0.4492      0.7375      0.3096      0.5937
0.118      0.4542      0.7394      0.3157      0.5974
0.119      0.4591      0.7413      0.3218      0.6010
0.120      0.4639      0.7432      0.3277      0.6046
0.121      0.4686      0.7450      0.3336      0.6081
0.122      0.4732      0.7468      0.3394      0.6116
0.123      0.4778      0.7486      0.3452      0.6150
0.124      0.4823      0.7504      0.3508      0.6183
0.125      0.4867      0.7521      0.3564      0.6216
0.126      0.4910      0.7538      0.3619      0.6249
0.127      0.4953      0.7555      0.3673      0.6281
0.128      0.4995      0.7571      0.3726      0.6312
0.129      0.5036      0.7587      0.3779      0.6343
0.130      0.5077      0.7603      0.3830      0.6374
0.131      0.5117      0.7619      0.3881      0.6403
0.132      0.5157      0.7634      0.3931      0.6432
0.133      0.5196      0.7649      0.3980      0.6459
0.134      0.5234      0.7664      0.4029      0.6487
0.135      0.5272      0.7679      0.4077      0.6514
0.136      0.5309      0.7693      0.4124      0.6540
0.137      0.5346      0.7708      0.4170      0.6567
0.138      0.5382      0.7722      0.4216      0.6593
0.139      0.5418      0.7736      0.4261      0.6618
0.140      0.5453      0.7749      0.4305      0.6643
0.141      0.5488      0.7763      0.4349      0.6668
0.142      0.5522      0.7776      0.4392      0.6692
0.143      0.5556      0.7789      0.4435      0.6716
0.144      0.5589      0.7802      0.4477      0.6740
0.145      0.5622      0.7815      0.4520      0.6763
0.146      0.5654      0.7828      0.4562      0.6787
0.147      0.5686      0.7840      0.4602      0.6809
0.148      0.5717      0.7852      0.4651      0.6832
0.149      0.5748      0.7864      0.4694      0.6854
0.150      0.5779      0.7876      0.4731      0.6873
0.151      0.5809      0.7888      0.4771      0.6896
0.152      0.5839      0.7900      0.4808      0.6918
0.153      0.5868      0.7911      0.4844      0.6940
0.154      0.5897      0.7923      0.4884      0.6960
0.155      0.5926      0.7934      0.4921      0.6978
0.156      0.5954      0.7945      0.4967      0.6980
0.157      0.5982      0.7956      0.5010      0.6992
0.158      0.6010      0.7966      0.5057      0.7008
0.159      0.6037      0.7977      0.5103      0.7017
0.160      0.6064      0.7987      0.5143      0.7023
0.161      0.6091      0.7998      0.5176      0.7031
0.162      0.6117      0.8008      0.5215      0.7041
0.163      0.6143      0.8018      0.5247      0.7056
0.164      0.6168      0.8028      0.5289      0.7075
0.165      0.6194      0.8038      0.5317      0.7089
0.166      0.6219      0.8048      0.5355      0.7095
0.167      0.6243      0.8057      0.5390      0.7101
0.168      0.6268      0.8054      0.5436      0.7103
0.169      0.6292      0.8050      0.5470      0.7107
0.170      0.6316      0.8045      0.5512      0.7131
0.171      0.6339      0.8041      0.5541      0.7145
0.172      0.6359      0.8037      0.5568      0.7181
0.173      0.6357      0.8032      0.5559      0.7184
0.174      0.6354      0.8028      0.5548      0.7182
0.175      0.6352      0.8023      0.5558      0.7178
0.176      0.6350      0.8019      0.5543      0.7176
0.177      0.6347      0.8014      0.5551      0.7173
0.178      0.6345      0.8010      0.5541      0.7170
0.179      0.6342      0.8005      0.5537      0.7173
0.180      0.6340      0.8001      0.5529      0.7170
0.181      0.6337      0.7996      0.5539      0.7168
0.182      0.6335      0.7991      0.5536      0.7167
0.183      0.6332      0.7987      0.5530      0.7164
0.184      0.6330      0.7982      0.5527      0.7162
0.185      0.6327      0.7978      0.5524      0.7160
0.186      0.6325      0.7973      0.5523      0.7158
0.187      0.6322      0.7968      0.5520      0.7156
0.188      0.6320      0.7964      0.5508      0.7153
0.189      0.6317      0.7959      0.5505      0.7151
0.190      0.6315      0.7955      0.5491      0.7149
0.191      0.6312      0.7950      0.5488      0.7147
0.192      0.6310      0.7945      0.5484      0.7145
0.193      0.6307      0.7940      0.5482      0.7143
0.194      0.6305      0.7936      0.5479      0.7141
0.195      0.6302      0.7931      0.5477      0.7139
0.196      0.6299      0.7926      0.5474      0.7137
0.197      0.6297      0.7922      0.5472      0.7135
0.198      0.6294      0.7917      0.5470      0.7133
0.199      0.6292      0.7912      0.5467      0.7131
0.200      0.6289      0.7907      0.5465      0.7128
0.201      0.6287      0.7903      0.5462      0.7126
0.202      0.6284      0.7898      0.5458      0.7124
0.203      0.6281      0.7893      0.5454      0.7122
0.204      0.6279      0.7888      0.5451      0.7119
0.205      0.6276      0.7883      0.5447      0.7116
0.206      0.6274      0.7879      0.5443      0.7115
0.207      0.6271      0.7874      0.5439      0.7113
0.208      0.6268      0.7869      0.5435      0.7111
0.209      0.6266      0.7864      0.5433      0.7109
0.210      0.6263      0.7859      0.5430      0.7107
0.211      0.6260      0.7854      0.5427      0.7105
0.212      0.6258      0.7849      0.5425      0.7103
0.213      0.6255      0.7844      0.5422      0.7100
0.214      0.6252      0.7839      0.5419      0.7098
0.215      0.6250      0.7834      0.5416      0.7096
0.216      0.6247      0.7829      0.5413      0.7094
0.217      0.6244      0.7824      0.5409      0.7092
0.218      0.6241      0.7819      0.5405      0.7089
0.219      0.6239      0.7814      0.5402      0.7087
0.220      0.6236      0.7809      0.5398      0.7085
0.221      0.6233      0.7804      0.5394      0.7083
0.222      0.6231      0.7799      0.5391      0.7081
0.223      0.6228      0.7794      0.5388      0.7079
0.224      0.6225      0.7789      0.5385      0.7077
0.225      0.6222      0.7784      0.5382      0.7075
0.226      0.6220      0.7779      0.5378      0.7073
0.227      0.6217      0.7774      0.5375      0.7071
0.228      0.6214      0.7769      0.5372      0.7069
0.229      0.6211      0.7764      0.5369      0.7067
0.230      0.6208      0.7759      0.5366      0.7065
0.231      0.6206      0.7753      0.5363      0.7063
0.232      0.6203      0.7748      0.5360      0.7061
0.233      0.6200      0.7743      0.5356      0.7059
0.234      0.6197      0.7738      0.5353      0.7057
0.235      0.6194      0.7733      0.5350      0.7055
0.236      0.6192      0.7727      0.5347      0.7053
0.237      0.6189      0.7722      0.5343      0.7051
0.238      0.6186      0.7717      0.5340      0.7050
0.239      0.6183      0.7712      0.5337      0.7048
0.240      0.6180      0.7706      0.5334      0.7046
0.241      0.6177      0.7701      0.5331      0.7045
0.242      0.6174      0.7696      0.5328      0.7043
0.243      0.6171      0.7690      0.5325      0.7042
0.244      0.6169      0.7685      0.5322      0.7040
0.245      0.6166      0.7680      0.5319      0.7038
0.246      0.6163      0.7674      0.5316      0.7036
0.247      0.6160      0.7669      0.5314      0.7034
0.248      0.6157      0.7664      0.5310      0.7031
0.249      0.6154      0.7658      0.5307      0.7028
0.250      0.6151      0.7653      0.5303      0.7025
0.251      0.6148      0.7647      0.5299      0.7023
0.252      0.6145      0.7642      0.5295      0.7020
0.253      0.6142      0.7636      0.5292      0.7017
0.254      0.6139      0.7631      0.5288      0.7015
0.255      0.6136      0.7625      0.5284      0.7013
0.256      0.6133      0.7620      0.5281      0.7011
0.257      0.6130      0.7614      0.5277      0.7008
0.258      0.6127      0.7609      0.5274      0.7006
0.259      0.6124      0.7603      0.5270      0.7004
0.260      0.6121      0.7598      0.5267      0.7002
0.261      0.6118      0.7592      0.5264      0.6999
0.262      0.6115      0.7587      0.5260      0.6996
0.263      0.6112      0.7581      0.5257      0.6994
0.264      0.6109      0.7575      0.5253      0.6991
0.265      0.6106      0.7570      0.5250      0.6989
0.266      0.6103      0.7564      0.5246      0.6986
0.267      0.6100      0.7558      0.5243      0.6983
0.268      0.6097      0.7553      0.5239      0.6981
0.269      0.6094      0.7547      0.5236      0.6978
0.270      0.6090      0.7541      0.5232      0.6975
0.271      0.6087      0.7535      0.5229      0.6973
0.272      0.6084      0.7530      0.5226      0.6970
0.273      0.6081      0.7524      0.5222      0.6967
0.274      0.6078      0.7518      0.5219      0.6964
0.275      0.6075      0.7512      0.5216      0.6962
0.276      0.6072      0.7506      0.5213      0.6959
0.277      0.6068      0.7501      0.5209      0.6956
0.278      0.6065      0.7495      0.5206      0.6954
0.279      0.6062      0.7489      0.5203      0.6951
0.280      0.6059      0.7483      0.5200      0.6948
0.281      0.6056      0.7477      0.5196      0.6945
0.282      0.6052      0.7471      0.5193      0.6943
0.283      0.6049      0.7465      0.5190      0.6940
0.284      0.6046      0.7459      0.5186      0.6937
0.285      0.6043      0.7453      0.5183      0.6934
0.286      0.6040      0.7447      0.5180      0.6931
0.287      0.6036      0.7441      0.5176      0.6929
0.288      0.6033      0.7435      0.5173      0.6926
0.289      0.6030      0.7429      0.5170      0.6923
0.290      0.6026      0.7423      0.5166      0.6920
0.291      0.6023      0.7417      0.5163      0.6917
0.292      0.6020      0.7411      0.5159      0.6915
0.293      0.6017      0.7405      0.5154      0.6912
0.294      0.6013      0.7399      0.5149      0.6909
0.295      0.6010      0.7393      0.5145      0.6906
0.296      0.6007      0.7387      0.5141      0.6903
0.297      0.6003      0.7380      0.5137      0.6900
0.298      0.6000      0.7374      0.5134      0.6897
0.299      0.5996      0.7368      0.5130      0.6894
0.300      0.5993      0.7362      0.5127      0.6892
0.301      0.5990      0.7356      0.5123      0.6890
0.302      0.5986      0.7349      0.5119      0.6887
0.303      0.5983      0.7343      0.5113      0.6885
0.304      0.5979      0.7337      0.5108      0.6882
0.305      0.5976      0.7330      0.5103      0.6880
0.306      0.5973      0.7324      0.5099      0.6878
0.307      0.5969      0.7318      0.5095      0.6875
0.308      0.5966      0.7311      0.5091      0.6874
0.309      0.5962      0.7305      0.5087      0.6873
0.310      0.5959      0.7299      0.5083      0.6870
0.311      0.5955      0.7292      0.5079      0.6866
0.312      0.5952      0.7286      0.5075      0.6863
0.313      0.5948      0.7279      0.5071      0.6860
0.314      0.5945      0.7273      0.5067      0.6858
0.315      0.5941      0.7266      0.5063      0.6855
0.316      0.5938      0.7260      0.5059      0.6853
0.317      0.5934      0.7253      0.5055      0.6850
0.318      0.5931      0.7247      0.5051      0.6848
0.319      0.5927      0.7240      0.5047      0.6845
0.320      0.5923      0.7233      0.5043      0.6843
0.321      0.5920      0.7227      0.5039      0.6840
0.322      0.5916      0.7220      0.5035      0.6839
0.323      0.5913      0.7214      0.5031      0.6837
0.324      0.5909      0.7207      0.5027      0.6835
0.325      0.5905      0.7200      0.5023      0.6833
0.326      0.5902      0.7193      0.5018      0.6832
0.327      0.5898      0.7187      0.5012      0.6830
0.328      0.5894      0.7180      0.5006      0.6828
0.329      0.5891      0.7173      0.5001      0.6826
0.330      0.5887      0.7166      0.4995      0.6824
0.331      0.5883      0.7160      0.4990      0.6823
0.332      0.5880      0.7153      0.4986      0.6821
0.333      0.5876      0.7146      0.4983      0.6819
0.334      0.5872      0.7139      0.4979      0.6817
0.335      0.5868      0.7132      0.4976      0.6815
0.336      0.5865      0.7125      0.4972      0.6814
0.337      0.5861      0.7118      0.4968      0.6810
0.338      0.5857      0.7111      0.4965      0.6805
0.339      0.5853      0.7104      0.4961      0.6800
0.340      0.5849      0.7097      0.4958      0.6795
0.341      0.5846      0.7090      0.4953      0.6790
0.342      0.5842      0.7083      0.4948      0.6785
0.343      0.5838      0.7076      0.4942      0.6783
0.344      0.5834      0.7069      0.4937      0.6780
0.345      0.5830      0.7062      0.4931      0.6778
0.346      0.5826      0.7055      0.4927      0.6774
0.347      0.5823      0.7048      0.4922      0.6771
0.348      0.5819      0.7040      0.4917      0.6768
0.349      0.5815      0.7033      0.4912      0.6765
0.350      0.5811      0.7026      0.4907      0.6763
0.351      0.5807      0.7019      0.4902      0.6760
0.352      0.5803      0.7012      0.4896      0.6757
0.353      0.5799      0.7004      0.4891      0.6755
0.354      0.5795      0.6997      0.4886      0.6753
0.355      0.5791      0.6990      0.4881      0.6751
0.356      0.5787      0.6982      0.4875      0.6749
0.357      0.5783      0.6975      0.4870      0.6748
0.358      0.5779      0.6967      0.4865      0.6745
0.359      0.5775      0.6960      0.4860      0.6743
0.360      0.5771      0.6953      0.4854      0.6740
0.361      0.5767      0.6945      0.4849      0.6738
0.362      0.5763      0.6938      0.4844      0.6735
0.363      0.5759      0.6930      0.4838      0.6733
0.364      0.5755      0.6923      0.4833      0.6730
0.365      0.5751      0.6915      0.4827      0.6727
0.366      0.5746      0.6907      0.4822      0.6725
0.367      0.5742      0.6900      0.4817      0.6722
0.368      0.5738      0.6892      0.4811      0.6720
0.369      0.5734      0.6885      0.4806      0.6717
0.370      0.5730      0.6877      0.4800      0.6713
0.371      0.5726      0.6869      0.4795      0.6708
0.372      0.5721      0.6861      0.4788      0.6705
0.373      0.5717      0.6854      0.4784      0.6702
0.374      0.5713      0.6846      0.4778      0.6700
0.375      0.5709      0.6838      0.4772      0.6698
0.376      0.5705      0.6830      0.4768      0.6696
0.377      0.5700      0.6822      0.4763      0.6693
0.378      0.5696      0.6814      0.4759      0.6691
0.379      0.5692      0.6807      0.4755      0.6689
0.380      0.5687      0.6799      0.4751      0.6686
0.381      0.5683      0.6791      0.4746      0.6684
0.382      0.5679      0.6783      0.4742      0.6681
0.383      0.5674      0.6775      0.4738      0.6677
0.384      0.5670      0.6767      0.4734      0.6674
0.385      0.5666      0.6759      0.4729      0.6671
0.386      0.5661      0.6750      0.4725      0.6668
0.387      0.5657      0.6742      0.4721      0.6665
0.388      0.5652      0.6734      0.4716      0.6662
0.389      0.5648      0.6726      0.4712      0.6658
0.390      0.5644      0.6718      0.4708      0.6655
0.391      0.5639      0.6710      0.4702      0.6652
0.392      0.5635      0.6701      0.4695      0.6649
0.393      0.5630      0.6693      0.4689      0.6645
0.394      0.5626      0.6685      0.4682      0.6642
0.395      0.5621      0.6676      0.4676      0.6639
0.396      0.5617      0.6668      0.4669      0.6635
0.397      0.5612      0.6660      0.4662      0.6632
0.398      0.5607      0.6651      0.4656      0.6629
0.399      0.5603      0.6643      0.4649      0.6626
0.400      0.5598      0.6634      0.4642      0.6622
0.401      0.5594      0.6626      0.4636      0.6619
0.402      0.5589      0.6617      0.4629      0.6617
0.403      0.5584      0.6609      0.4622      0.6615
0.404      0.5580      0.6600      0.4615      0.6613
0.405      0.5575      0.6592      0.4609      0.6612
0.406      0.5570      0.6583      0.4602      0.6610
0.407      0.5566      0.6574      0.4595      0.6607
0.408      0.5561      0.6566      0.4588      0.6603
0.409      0.5556      0.6557      0.4581      0.6602
0.410      0.5551      0.6548      0.4574      0.6600
0.411      0.5547      0.6539      0.4567      0.6598
0.412      0.5542      0.6530      0.4560      0.6595
0.413      0.5537      0.6522      0.4552      0.6591
0.414      0.5532      0.6513      0.4545      0.6586
0.415      0.5527      0.6504      0.4539      0.6582
0.416      0.5523      0.6495      0.4532      0.6577
0.417      0.5518      0.6486      0.4526      0.6572
0.418      0.5513      0.6477      0.4521      0.6567
0.419      0.5508      0.6468      0.4515      0.6562
0.420      0.5503      0.6459      0.4510      0.6557
0.421      0.5498      0.6450      0.4504      0.6552
0.422      0.5493      0.6441      0.4498      0.6547
0.423      0.5488      0.6431      0.4492      0.6542
0.424      0.5483      0.6422      0.4485      0.6539
0.425      0.5478      0.6413      0.4478      0.6535
0.426      0.5473      0.6404      0.4470      0.6531
0.427      0.5468      0.6394      0.4463      0.6528
0.428      0.5463      0.6385      0.4456      0.6524
0.429      0.5458      0.6376      0.4449      0.6520
0.430      0.5453      0.6366      0.4442      0.6517
0.431      0.5448      0.6357      0.4436      0.6513
0.432      0.5443      0.6347      0.4430      0.6510
0.433      0.5437      0.6338      0.4425      0.6508
0.434      0.5432      0.6328      0.4419      0.6506
0.435      0.5427      0.6319      0.4414      0.6504
0.436      0.5422      0.6309      0.4409      0.6502
0.437      0.5417      0.6300      0.4403      0.6500
0.438      0.5411      0.6290      0.4398      0.6498
0.439      0.5406      0.6280      0.4392      0.6496
0.440      0.5401      0.6271      0.4387      0.6494
0.441      0.5396      0.6261      0.4381      0.6492
0.442      0.5390      0.6251      0.4374      0.6488
0.443      0.5385      0.6241      0.4367      0.6484
0.444      0.5380      0.6231      0.4360      0.6480
0.445      0.5374      0.6221      0.4353      0.6478
0.446      0.5369      0.6212      0.4346      0.6476
0.447      0.5363      0.6202      0.4339      0.6473
0.448      0.5358      0.6192      0.4332      0.6468
0.449      0.5352      0.6181      0.4324      0.6463
0.450      0.5347      0.6171      0.4317      0.6459
0.451      0.5342      0.6161      0.4310      0.6454
0.452      0.5336      0.6151      0.4302      0.6449
0.453      0.5330      0.6141      0.4295      0.6444
0.454      0.5325      0.6131      0.4288      0.6440
0.455      0.5319      0.6120      0.4280      0.6435
0.456      0.5314      0.6110      0.4273      0.6431
0.457      0.5308      0.6100      0.4265      0.6427
0.458      0.5302      0.6089      0.4258      0.6423
0.459      0.5297      0.6079      0.4250      0.6418
0.460      0.5291      0.6069      0.4243      0.6412
0.461      0.5285      0.6058      0.4237      0.6406
0.462      0.5280      0.6048      0.4231      0.6401
0.463      0.5274      0.6037      0.4226      0.6396
0.464      0.5268      0.6026      0.4220      0.6391
0.465      0.5262      0.6016      0.4212      0.6386
0.466      0.5257      0.6005      0.4203      0.6381
0.467      0.5251      0.5994      0.4194      0.6376
0.468      0.5245      0.5983      0.4185      0.6370
0.469      0.5239      0.5973      0.4175      0.6365
0.470      0.5233      0.5962      0.4166      0.6360
0.471      0.5227      0.5951      0.4158      0.6356
0.472      0.5221      0.5940      0.4150      0.6351
0.473      0.5215      0.5929      0.4142      0.6346
0.474      0.5209      0.5918      0.4134      0.6341
0.475      0.5203      0.5907      0.4126      0.6335
0.476      0.5197      0.5896      0.4118      0.6331
0.477      0.5191      0.5885      0.4110      0.6327
0.478      0.5185      0.5873      0.4102      0.6322
0.479      0.5179      0.5862      0.4094      0.6319
0.480      0.5173      0.5851      0.4086      0.6315
0.481      0.5167      0.5840      0.4077      0.6309
0.482      0.5161      0.5828      0.4069      0.6304
0.483      0.5155      0.5817      0.4060      0.6300
0.484      0.5148      0.5805      0.4050      0.6295
0.485      0.5142      0.5794      0.4041      0.6291
0.486      0.5136      0.5782      0.4033      0.6286
0.487      0.5130      0.5771      0.4026      0.6282
0.488      0.5123      0.5759      0.4018      0.6277
0.489      0.5117      0.5747      0.4010      0.6273
0.490      0.5111      0.5736      0.4002      0.6268
0.491      0.5104      0.5724      0.3994      0.6263
0.492      0.5098      0.5712      0.3985      0.6259
0.493      0.5091      0.5700      0.3977      0.6254
0.494      0.5085      0.5688      0.3968      0.6248
0.495      0.5078      0.5676      0.3960      0.6244
0.496      0.5072      0.5664      0.3953      0.6240
0.497      0.5065      0.5652      0.3944      0.6235
0.498      0.5059      0.5640      0.3937      0.6230
0.499      0.5052      0.5628      0.3928      0.6226
0.500      0.5045      0.5616      0.3920      0.6221
0.501      0.5039      0.5604      0.3912      0.6216
0.502      0.5032      0.5591      0.3904      0.6211
0.503      0.5025      0.5579      0.3896      0.6206
0.504      0.5019      0.5567      0.3888      0.6201
0.505      0.5012      0.5554      0.3880      0.6196
0.506      0.5005      0.5542      0.3871      0.6192
0.507      0.4998      0.5529      0.3862      0.6187
0.508      0.4992      0.5517      0.3853      0.6181
0.509      0.4985      0.5504      0.3843      0.6175
0.510      0.4978      0.5491      0.3834      0.6172
0.511      0.4971      0.5478      0.3824      0.6167
0.512      0.4964      0.5466      0.3815      0.6162
0.513      0.4957      0.5453      0.3804      0.6157
0.514      0.4950      0.5440      0.3795      0.6151
0.515      0.4943      0.5427      0.3786      0.6146
0.516      0.4936      0.5414      0.3776      0.6141
0.517      0.4929      0.5401      0.3766      0.6136
0.518      0.4922      0.5388      0.3756      0.6131
0.519      0.4914      0.5375      0.3747      0.6126
0.520      0.4907      0.5361      0.3737      0.6120
0.521      0.4900      0.5348      0.3728      0.6115
0.522      0.4893      0.5335      0.3718      0.6110
0.523      0.4886      0.5321      0.3707      0.6105
0.524      0.4878      0.5308      0.3695      0.6099
0.525      0.4871      0.5294      0.3684      0.6094
0.526      0.4864      0.5281      0.3674      0.6089
0.527      0.4856      0.5267      0.3664      0.6084
0.528      0.4849      0.5253      0.3654      0.6078
0.529      0.4841      0.5240      0.3644      0.6073
0.530      0.4834      0.5226      0.3634      0.6068
0.531      0.4826      0.5212      0.3624      0.6063
0.532      0.4819      0.5198      0.3614      0.6058
0.533      0.4811      0.5184      0.3604      0.6052
0.534      0.4804      0.5170      0.3594      0.6046
0.535      0.4796      0.5156      0.3584      0.6041
0.536      0.4788      0.5142      0.3574      0.6035
0.537      0.4780      0.5128      0.3564      0.6030
0.538      0.4773      0.5113      0.3555      0.6024
0.539      0.4765      0.5099      0.3545      0.6019
0.540      0.4757      0.5085      0.3534      0.6013
0.541      0.4749      0.5070      0.3523      0.6008
0.542      0.4741      0.5056      0.3513      0.6002
0.543      0.4733      0.5041      0.3502      0.5996
0.544      0.4725      0.5026      0.3491      0.5991
0.545      0.4717      0.5012      0.3480      0.5984
0.546      0.4709      0.4997      0.3469      0.5977
0.547      0.4701      0.4982      0.3458      0.5971
0.548      0.4693      0.4967      0.3448      0.5965
0.549      0.4685      0.4952      0.3437      0.5959
0.550      0.4677      0.4937      0.3426      0.5953
0.551      0.4669      0.4922      0.3415      0.5947
0.552      0.4661      0.4907      0.3404      0.5942
0.553      0.4652      0.4891      0.3394      0.5937
0.554      0.4644      0.4876      0.3382      0.5932
0.555      0.4636      0.4861      0.3371      0.5927
0.556      0.4627      0.4845      0.3361      0.5922
0.557      0.4619      0.4830      0.3351      0.5916
0.558      0.4610      0.4814      0.3340      0.5910
0.559      0.4602      0.4798      0.3329      0.5904
0.560      0.4593      0.4783      0.3317      0.5898
0.561      0.4585      0.4767      0.3306      0.5893
0.562      0.4576      0.4751      0.3294      0.5887
0.563      0.4567      0.4735      0.3283      0.5882
0.564      0.4559      0.4719      0.3274      0.5876
0.565      0.4550      0.4703      0.3264      0.5871
0.566      0.4541      0.4687      0.3255      0.5865
0.567      0.4532      0.4670      0.3245      0.5860
0.568      0.4523      0.4654      0.3235      0.5854
0.569      0.4515      0.4638      0.3225      0.5849
0.570      0.4506      0.4621      0.3214      0.5843
0.571      0.4497      0.4605      0.3201      0.5837
0.572      0.4488      0.4588      0.3188      0.5832
0.573      0.4479      0.4571      0.3174      0.5826
0.574      0.4469      0.4554      0.3163      0.5820
0.575      0.4460      0.4538      0.3152      0.5814
0.576      0.4451      0.4521      0.3141      0.5808
0.577      0.4442      0.4504      0.3130      0.5803
0.578      0.4433      0.4486      0.3116      0.5797
0.579      0.4423      0.4469      0.3103      0.5791
0.580      0.4414      0.4452      0.3089      0.5785
0.581      0.4404      0.4435      0.3075      0.5779
0.582      0.4395      0.4417      0.3061      0.5773
0.583      0.4385      0.4400      0.3048      0.5767
0.584      0.4376      0.4382      0.3037      0.5761
0.585      0.4366      0.4364      0.3026      0.5755
0.586      0.4357      0.4347      0.3015      0.5749
0.587      0.4347      0.4329      0.3001      0.5743
0.588      0.4337      0.4311      0.2988      0.5736
0.589      0.4327      0.4293      0.2974      0.5730
0.590      0.4317      0.4275      0.2961      0.5724
0.591      0.4308      0.4256      0.2947      0.5718
0.592      0.4298      0.4238      0.2933      0.5712
0.593      0.4288      0.4220      0.2920      0.5704
0.594      0.4278      0.4201      0.2906      0.5697
0.595      0.4268      0.4183      0.2892      0.5689
0.596      0.4257      0.4164      0.2878      0.5682
0.597      0.4247      0.4145      0.2864      0.5676
0.598      0.4237      0.4126      0.2850      0.5670
0.599      0.4227      0.4107      0.2836      0.5664
0.600      0.4216      0.4088      0.2821      0.5659
0.601      0.4206      0.4069      0.2807      0.5653
0.602      0.4196      0.4050      0.2792      0.5646
0.603      0.4185      0.4031      0.2777      0.5640
0.604      0.4175      0.4011      0.2762      0.5634
0.605      0.4164      0.3992      0.2746      0.5627
0.606      0.4153      0.3972      0.2732      0.5620
0.607      0.4143      0.3952      0.2719      0.5613
0.608      0.4132      0.3932      0.2704      0.5606
0.609      0.4121      0.3912      0.2690      0.5597
0.610      0.4110      0.3892      0.2675      0.5588
0.611      0.4099      0.3872      0.2659      0.5579
0.612      0.4088      0.3852      0.2644      0.5570
0.613      0.4077      0.3832      0.2629      0.5561
0.614      0.4066      0.3811      0.2614      0.5553
0.615      0.4055      0.3791      0.2598      0.5546
0.616      0.4044      0.3770      0.2583      0.5540
0.617      0.4032      0.3749      0.2568      0.5536
0.618      0.4021      0.3728      0.2553      0.5532
0.619      0.4010      0.3707      0.2538      0.5526
0.620      0.3998      0.3686      0.2523      0.5518
0.621      0.3987      0.3665      0.2508      0.5509
0.622      0.3975      0.3644      0.2491      0.5500
0.623      0.3963      0.3622      0.2476      0.5492
0.624      0.3952      0.3601      0.2461      0.5483
0.625      0.3940      0.3579      0.2446      0.5476
0.626      0.3928      0.3557      0.2430      0.5468
0.627      0.3916      0.3535      0.2414      0.5461
0.628      0.3904      0.3513      0.2398      0.5454
0.629      0.3892      0.3491      0.2382      0.5446
0.630      0.3880      0.3469      0.2366      0.5439
0.631      0.3868      0.3447      0.2350      0.5432
0.632      0.3856      0.3424      0.2334      0.5425
0.633      0.3844      0.3401      0.2318      0.5416
0.634      0.3831      0.3379      0.2303      0.5409
0.635      0.3819      0.3356      0.2289      0.5401
0.636      0.3806      0.3333      0.2274      0.5393
0.637      0.3794      0.3310      0.2260      0.5385
0.638      0.3781      0.3286      0.2242      0.5378
0.639      0.3769      0.3263      0.2223      0.5370
0.640      0.3756      0.3240      0.2205      0.5362
0.641      0.3743      0.3216      0.2186      0.5354
0.642      0.3730      0.3192      0.2168      0.5346
0.643      0.3717      0.3168      0.2149      0.5338
0.644      0.3704      0.3144      0.2132      0.5330
0.645      0.3691      0.3120      0.2114      0.5322
0.646      0.3678      0.3096      0.2097      0.5314
0.647      0.3664      0.3071      0.2079      0.5306
0.648      0.3651      0.3047      0.2061      0.5298
0.649      0.3638      0.3022      0.2043      0.5289
0.650      0.3624      0.2997      0.2026      0.5281
0.651      0.3611      0.2972      0.2007      0.5273
0.652      0.3597      0.2947      0.1989      0.5264
0.653      0.3583      0.2922      0.1971      0.5256
0.654      0.3569      0.2896      0.1953      0.5247
0.655      0.3555      0.2871      0.1934      0.5239
0.656      0.3542      0.2845      0.1916      0.5230
0.657      0.3527      0.2819      0.1897      0.5220
0.658      0.3513      0.2793      0.1878      0.5208
0.659      0.3499      0.2767      0.1858      0.5198
0.660      0.3485      0.2740      0.1838      0.5190
0.661      0.3470      0.2714      0.1817      0.5181
0.662      0.3456      0.2687      0.1797      0.5172
0.663      0.3441      0.2660      0.1778      0.5163
0.664      0.3427      0.2633      0.1758      0.5154
0.665      0.3412      0.2606      0.1737      0.5144
0.666      0.3397      0.2579      0.1714      0.5132
0.667      0.3382      0.2551      0.1695      0.5120
0.668      0.3367      0.2524      0.1678      0.5108
0.669      0.3352      0.2496      0.1659      0.5095
0.670      0.3337      0.2468      0.1638      0.5082
0.671      0.3322      0.2440      0.1618      0.5072
0.672      0.3306      0.2412      0.1597      0.5060
0.673      0.3291      0.2383      0.1577      0.5047
0.674      0.3275      0.2354      0.1556      0.5035
0.675      0.3260      0.2326      0.1535      0.5023
0.676      0.3244      0.2297      0.1514      0.5010
0.677      0.3228      0.2267      0.1493      0.4997
0.678      0.3212      0.2238      0.1472      0.4985
0.679      0.3196      0.2208      0.1450      0.4972
0.680      0.3180      0.2179      0.1429      0.4959
0.681      0.3164      0.2149      0.1407      0.4949
0.682      0.3147      0.2119      0.1383      0.4939
0.683      0.3131      0.2088      0.1358      0.4928
0.684      0.3114      0.2058      0.1332      0.4917
0.685      0.3098      0.2027      0.1306      0.4904
0.686      0.3081      0.1996      0.1279      0.4891
0.687      0.3064      0.1965      0.1253      0.4877
0.688      0.3047      0.1934      0.1227      0.4865
0.689      0.3030      0.1902      0.1200      0.4859
0.690      0.3013      0.1871      0.1173      0.4852
0.691      0.2996      0.1839      0.1146      0.4841
0.692      0.2978      0.1807      0.1119      0.4830
0.693      0.2961      0.1774      0.1093      0.4819
0.694      0.2943      0.1742      0.1069      0.4808
0.695      0.2925      0.1709      0.1045      0.4796
0.696      0.2907      0.1676      0.1021      0.4785
0.697      0.2889      0.1643      0.0996      0.4773
0.698      0.2871      0.1610      0.0971      0.4762
0.699      0.2853      0.1576      0.0947      0.4750
0.700      0.2835      0.1542      0.0922      0.4738
0.701      0.2816      0.1508      0.0894      0.4726
0.702      0.2797      0.1474      0.0867      0.4714
0.703      0.2779      0.1439      0.0839      0.4706
0.704      0.2760      0.1405      0.0811      0.4698
0.705      0.2741      0.1370      0.0784      0.4690
0.706      0.2722      0.1334      0.0758      0.4682
0.707      0.2702      0.1299      0.0735      0.4673
0.708      0.2683      0.1263      0.0710      0.4665
0.709      0.2664      0.1227      0.0679      0.4656
0.710      0.2644      0.1191      0.0651      0.4641
0.711      0.2624      0.1155      0.0623      0.4626
0.712      0.2604      0.1118      0.0596      0.4613
0.713      0.2584      0.1081      0.0568      0.4596
0.714      0.2564      0.1044      0.0540      0.4578
0.715      0.2544      0.1006      0.0512      0.4565
0.716      0.2523      0.0968      0.0484      0.4552
0.717      0.2502      0.0930      0.0455      0.4540
0.718      0.2482      0.0892      0.0427      0.4528
0.719      0.2461      0.0854      0.0398      0.4516
0.720      0.2440      0.0815      0.0369      0.4503
0.721      0.2418      0.0776      0.0341      0.4491
0.722      0.2397      0.0736      0.0313      0.4478
0.723      0.2376      0.0697      0.0281      0.4465
0.724      0.2354      0.0657      0.0250      0.4449
0.725      0.2332      0.0616      0.0220      0.4433
0.726      0.2310      0.0576      0.0190      0.4417
0.727      0.2288      0.0535      0.0161      0.4401
0.728      0.2266      0.0494      0.0133      0.4384
0.729      0.2243      0.0452      0.0104      0.4369
0.730      0.2220      0.0411      0.0075      0.4358
0.731      0.2198      0.0369      0.0046      0.4348
0.732      0.2175      0.0326      0.0017      0.4337
0.733      0.2151      0.0283     -0.0013      0.4322
0.734      0.2128      0.0240     -0.0043      0.4305
0.735      0.2104      0.0197     -0.0073      0.4287
0.736      0.2081      0.0153     -0.0103      0.4270
0.737      0.2057      0.0109     -0.0135      0.4254
0.738      0.2033      0.0065     -0.0168      0.4241
0.739      0.2009      0.0020     -0.0200      0.4227
0.740      0.1984     -0.0025     -0.0234      0.4212
0.741      0.1960     -0.0070     -0.0267      0.4197
0.742      0.1935     -0.0116     -0.0303      0.4179
0.743      0.1910     -0.0162     -0.0342      0.4162
0.744      0.1884     -0.0208     -0.0382      0.4144
0.745      0.1859     -0.0255     -0.0416      0.4127
0.746      0.1833     -0.0302     -0.0448      0.4108
0.747      0.1808     -0.0350     -0.0480      0.4091
0.748      0.1782     -0.0398     -0.0513      0.4073
0.749      0.1755     -0.0446     -0.0546      0.4056
0.750      0.1729     -0.0495     -0.0580      0.4045
0.751      0.1702     -0.0544     -0.0617      0.4033
0.752      0.1676     -0.0593     -0.0653      0.4021
0.753      0.1648     -0.0643     -0.0690      0.4006
0.754      0.1621     -0.0693     -0.0726      0.3991
0.755      0.1594     -0.0744     -0.0761      0.3974
0.756      0.1566     -0.0795     -0.0797      0.3955
0.757      0.1538     -0.0847     -0.0832      0.3936
0.758      0.1510     -0.0899     -0.0868      0.3918
0.759      0.1481     -0.0951     -0.0904      0.3898
0.760      0.1453     -0.1004     -0.0946      0.3877
0.761      0.1424     -0.1057     -0.0988      0.3856
0.762      0.1395     -0.1111     -0.1028      0.3835
0.763      0.1365     -0.1165     -0.1066      0.3814
0.764      0.1336     -0.1220     -0.1104      0.3794
0.765      0.1306     -0.1275     -0.1143      0.3778
0.766      0.1275     -0.1330     -0.1182      0.3760
0.767      0.1245     -0.1386     -0.1222      0.3740
0.768      0.1214     -0.1443     -0.1262      0.3719
0.769      0.1183     -0.1500     -0.1302      0.3701
0.770      0.1152     -0.1557     -0.1342      0.3684
0.771      0.1121     -0.1615     -0.1383      0.3667
0.772      0.1089     -0.1674     -0.1424      0.3650
0.773      0.1057     -0.1733     -0.1466      0.3632
0.774      0.1025     -0.1792     -0.1511      0.3615
0.775      0.0992     -0.1853     -0.1556      0.3597
0.776      0.0959     -0.1913     -0.1599      0.3578
0.777      0.0926     -0.1974     -0.1642      0.3561
0.778      0.0892     -0.2036     -0.1685      0.3543
0.779      0.0859     -0.2098     -0.1729      0.3524
0.780      0.0825     -0.2161     -0.1773      0.3506
0.781      0.0790     -0.2225     -0.1818      0.3487
0.782      0.0755     -0.2289     -0.1863      0.3468
0.783      0.0720     -0.2353     -0.1908      0.3449
0.784      0.0685     -0.2418     -0.1954      0.3428
0.785      0.0649     -0.2484     -0.2000      0.3406
0.786      0.0613     -0.2551     -0.2047      0.3383
0.787      0.0577     -0.2618     -0.2094      0.3362
0.788      0.0540     -0.2685     -0.2142      0.3346
0.789      0.0503     -0.2754     -0.2190      0.3327
0.790      0.0466     -0.2823     -0.2238      0.3306
0.791      0.0428     -0.2892     -0.2287      0.3285
0.792      0.0390     -0.2962     -0.2337      0.3263
0.793      0.0351     -0.3033     -0.2387      0.3242
0.794      0.0312     -0.3105     -0.2437      0.3220
0.795      0.0273     -0.3177     -0.2488      0.3198
0.796      0.0233     -0.3250     -0.2539      0.3176
0.797      0.0193     -0.3324     -0.2593      0.3153
0.798      0.0153     -0.3399     -0.2649      0.3129
0.799      0.0112     -0.3474     -0.2706      0.3104
0.800      0.0071     -0.3550     -0.2763      0.3078
0.801      0.0029     -0.3627     -0.2821      0.3052
0.802     -0.0013     -0.3704     -0.2880      0.3026
0.803     -0.0055     -0.3783     -0.2939      0.3000
0.804     -0.0098     -0.3862     -0.2999      0.2973
0.805     -0.0142     -0.3942     -0.3059      0.2947
0.806     -0.0186     -0.4022     -0.3121      0.2921
0.807     -0.0230     -0.4104     -0.3182      0.2900
0.808     -0.0275     -0.4186     -0.3245      0.2879
0.809     -0.0320     -0.4270     -0.3308      0.2852
0.810     -0.0366     -0.4354     -0.3371      0.2824
0.811     -0.0412     -0.4439     -0.3436      0.2795
0.812     -0.0458     -0.4525     -0.3501      0.2766
0.813     -0.0506     -0.4612     -0.3566      0.2737
0.814     -0.0553     -0.4700     -0.3630      0.2708
0.815     -0.0601     -0.4789     -0.3694      0.2678
0.816     -0.0650     -0.4878     -0.3759      0.2652
0.817     -0.0699     -0.4969     -0.3824      0.2626
0.818     -0.0749     -0.5061     -0.3891      0.2600
0.819     -0.0800     -0.5154     -0.3963      0.2573
0.820     -0.0850     -0.5247     -0.4036      0.2547
0.821     -0.0902     -0.5342     -0.4109      0.2520
0.822     -0.0954     -0.5438     -0.4183      0.2487
0.823     -0.1007     -0.5535     -0.4257      0.2454
0.824     -0.1060     -0.5633     -0.4327      0.2428
0.825     -0.1114     -0.5732     -0.4397      0.2403
0.826     -0.1168     -0.5833     -0.4469      0.2378
0.827     -0.1223     -0.5934     -0.4541      0.2351
0.828     -0.1279     -0.6037     -0.4614      0.2319
0.829     -0.1335     -0.6141     -0.4688      0.2286
0.830     -0.1392     -0.6246     -0.4763      0.2252
0.831     -0.1450     -0.6352     -0.4838      0.2218
0.832     -0.1508     -0.6460     -0.4915      0.2184
0.833     -0.1568     -0.6569     -0.4995      0.2149
0.834     -0.1627     -0.6679     -0.5077      0.2114
0.835     -0.1688     -0.6790     -0.5161      0.2073
0.836     -0.1749     -0.6903     -0.5246      0.2028
0.837     -0.1811     -0.7018     -0.5334      0.1983
0.838     -0.1874     -0.7133     -0.5429      0.1938
0.839     -0.1938     -0.7250     -0.5524      0.1897
0.840     -0.2002     -0.7369     -0.5621      0.1860
0.841     -0.2067     -0.7489     -0.5719      0.1823
0.842     -0.2133     -0.7611     -0.5807      0.1785
0.843     -0.2200     -0.7734     -0.5895      0.1747
0.844     -0.2268     -0.7859     -0.5985      0.1708
0.845     -0.2336     -0.7985     -0.6077      0.1668
0.846     -0.2406     -0.8113     -0.6169      0.1629
0.847     -0.2476     -0.8243     -0.6262      0.1588
0.848     -0.2548     -0.8374     -0.6357      0.1547
0.849     -0.2620     -0.8507     -0.6458      0.1506
0.850     -0.2693     -0.8642     -0.6561      0.1464
0.851     -0.2767     -0.8779     -0.6665      0.1421
0.852     -0.2842     -0.8917     -0.6771      0.1378
0.853     -0.2919     -0.9058     -0.6878      0.1334
0.854     -0.2996     -0.9200     -0.6987      0.1290
0.855     -0.3074     -0.9344     -0.7097      0.1245
0.856     -0.3154     -0.9491     -0.7213      0.1199
0.857     -0.3234     -0.9639     -0.7324      0.1153
0.858     -0.3316     -0.9790     -0.7437      0.1106
0.859     -0.3399     -0.9942     -0.7554      0.1059
0.860     -0.3483     -1.0097     -0.7669      0.1010
0.861     -0.3568     -1.0254     -0.7783      0.0961
0.862     -0.3654     -1.0413     -0.7898      0.0912
0.863     -0.3742     -1.0575     -0.8015      0.0861
0.864     -0.3831     -1.0739     -0.8135      0.0810
0.865     -0.3921     -1.0905     -0.8262      0.0759
0.866     -0.4013     -1.1074     -0.8391      0.0706
0.867     -0.4106     -1.1246     -0.8522      0.0652
0.868     -0.4200     -1.1420     -0.8655      0.0598
0.869     -0.4296     -1.1596     -0.8790      0.0543
0.870     -0.4394     -1.1776     -0.8927      0.0487
0.871     -0.4493     -1.1958     -0.9067      0.0431
0.872     -0.4593     -1.2143     -0.9208      0.0373
0.873     -0.4695     -1.2331     -0.9352      0.0314
0.874     -0.4799     -1.2522     -0.9498      0.0255
0.875     -0.4904     -1.2716     -0.9646      0.0194
0.876     -0.5011     -1.2913     -0.9797      0.0133
0.877     -0.5120     -1.3113     -0.9952      0.0071
0.878     -0.5230     -1.3317     -1.0108      0.0007
0.879     -0.5342     -1.3524     -1.0264     -0.0057
0.880     -0.5457     -1.3734     -1.0425     -0.0123
0.881     -0.5573     -1.3948     -1.0588     -0.0190
0.882     -0.5691     -1.4166     -1.0754     -0.0257
0.883     -0.5811     -1.4387     -1.0924     -0.0326
0.884     -0.5933     -1.4612     -1.1096     -0.0397
0.885     -0.6058     -1.4841     -1.1263     -0.0468
0.886     -0.6184     -1.5074     -1.1433     -0.0540
0.887     -0.6313     -1.5311     -1.1605     -0.0614
0.888     -0.6444     -1.5553     -1.1780     -0.0690
0.889     -0.6577     -1.5799     -1.1969     -0.0766
0.890     -0.6713     -1.6049     -1.2163     -0.0844
0.891     -0.6851     -1.6304     -1.2360     -0.0924
0.892     -0.6992     -1.6563     -1.2561     -0.1004
0.893     -0.7136     -1.6828     -1.2766     -0.1087
0.894     -0.7282     -1.7097     -1.2975     -0.1171
0.895     -0.7431     -1.7371     -1.3188     -0.1256
0.896     -0.7583     -1.7651     -1.3405     -0.1343
0.897     -0.7737     -1.7936     -1.3626     -0.1432
0.898     -0.7895     -1.8227     -1.3851     -0.1523
0.899     -0.8056     -1.8524     -1.4081     -0.1615
0.900     -0.8220     -1.8826     -1.4314     -0.1707
0.901     -0.8388     -1.9135     -1.4547     -0.1798
0.902     -0.8559     -1.9450     -1.4785     -0.1890
0.903     -0.8733     -1.9771     -1.5028     -0.1985
0.904     -0.8911     -2.0099     -1.5276     -0.2083
0.905     -0.9093     -2.0434     -1.5530     -0.2182
0.906     -0.9279     -2.0777     -1.5788     -0.2283
0.907     -0.9469     -2.1126     -1.6053     -0.2386
0.908     -0.9662     -2.1483     -1.6322     -0.2491
0.909     -0.9860     -2.1848     -1.6598     -0.2599
0.910     -1.0063     -2.2221     -1.6880     -0.2709
0.911     -1.0270     -2.2603     -1.7169     -0.2822
0.912     -1.0482     -2.2993     -1.7464     -0.2937
0.913     -1.0698     -2.3392     -1.7766     -0.3050
0.914     -1.0920     -2.3800     -1.8073     -0.3175
0.915     -1.1147     -2.4218     -1.8386     -0.3298
0.916     -1.1379     -2.4646     -1.8706     -0.3425
0.917     -1.1617     -2.5084     -1.9035     -0.3554
0.918     -1.1860     -2.5533     -1.9371     -0.3686
0.919     -1.2110     -2.5993     -1.9716     -0.3822
0.920     -1.2366     -2.6465     -2.0069     -0.3961
0.921     -1.2628     -2.6948     -2.0431     -0.4104
0.922     -1.2898     -2.7444     -2.0803     -0.4254
0.923     -1.3174     -2.7953     -2.1184     -0.4424
0.924     -1.3457     -2.8475     -2.1575     -0.4598
0.925     -1.3748     -2.9011     -2.1977     -0.4777
0.926     -1.4047     -2.9561     -2.2389     -0.4961
0.927     -1.4354     -3.0127     -2.2813     -0.5149
0.928     -1.4669     -3.0708     -2.3248     -0.5343
0.929     -1.4994     -3.1306     -2.3696     -0.5541
0.930     -1.5327     -3.1921     -2.4157     -0.5722
0.931     -1.5671     -3.2553     -2.4642     -0.5908
0.932     -1.6024     -3.3204     -2.5152     -0.6100
0.933     -1.6388     -3.3875     -2.5678     -0.6298
0.934     -1.6763     -3.4566     -2.6214     -0.6501
0.935     -1.7149     -3.5278     -2.6753     -0.6711
0.936     -1.7548     -3.6012     -2.7308     -0.6942
0.937     -1.7959     -3.6770     -2.7881     -0.7189
0.938     -1.8384     -3.7552     -2.8472     -0.7443
0.939     -1.8822     -3.8360     -2.9083     -0.7705
0.940     -1.9275     -3.9195     -2.9714     -0.7977
0.941     -1.9744     -4.0058     -3.0367     -0.8257
0.942     -2.0228     -4.0951     -3.1042     -0.8547
0.943     -2.0730     -4.1875     -3.1741     -0.8848
0.944     -2.1250     -4.2832     -3.2464     -0.9159
0.945     -2.1788     -4.3824     -3.3214     -0.9481
0.946     -2.2346     -4.4853     -3.3984     -0.9815
0.947     -2.2926     -4.5920     -3.4783     -1.0152
0.948     -2.3527     -4.7029     -3.5612     -1.0497
0.949     -2.4153     -4.8181     -3.6473     -1.0856
0.950     -2.4803     -4.9379     -3.7369     -1.1230
0.951     -2.5480     -5.0626     -3.8302     -1.1618
0.952     -2.6185     -5.1925     -3.9273     -1.2023
0.953     -2.6920     -5.3280     -4.0286     -1.2438
0.954     -2.7687     -5.4693     -4.1343     -1.2865
0.955     -2.8488     -5.6169     -4.2447     -1.3310
0.956     -2.9325     -5.7712     -4.3601     -1.3777
0.957     -3.0202     -5.9327     -4.4808     -1.4294
0.958     -3.1120     -6.1018     -4.6073     -1.4829
0.959     -3.2083     -6.2793     -4.7400     -1.5374
0.960     -3.3094     -6.4656     -4.8793     -1.5946
0.961     -3.4157     -6.6614     -5.0258     -1.6547
0.962     -3.5276     -6.8676     -5.1800     -1.7180
0.963     -3.6455     -7.0849     -5.3425     -1.7847
0.964     -3.7700     -7.3143     -5.5140     -1.8551
0.965     -3.9016     -7.5568     -5.6953     -1.9296
0.966     -4.0410     -7.8135     -5.8879     -2.0084
0.967     -4.1888     -8.0858     -6.0952     -2.0920
0.968     -4.3458     -8.3751     -6.3155     -2.1818
0.969     -4.5130     -8.6831     -6.5500     -2.2781
0.970     -4.6913     -9.0117     -6.8000     -2.3809
0.971     -4.8819     -9.3628     -7.0674     -2.4907
0.972     -5.0861     -9.7391     -7.3538     -2.6084
0.973     -5.3054    -10.1433     -7.6615     -2.7348
0.974     -5.5417    -10.5785     -7.9928     -2.8710
0.975     -5.7968    -11.0485     -8.3506     -3.0180
0.976     -6.0732    -11.5577     -8.7383     -3.1772
0.977     -6.3736    -12.1112     -9.1596     -3.3504
0.978     -6.7013    -12.7151     -9.6193     -3.5393
0.979     -7.0602    -13.3763    -10.1217     -3.7461
0.980     -7.4550    -14.1038    -10.6717     -3.9737
0.981     -7.8914    -14.9078    -11.2796     -4.2252
0.982     -8.3763    -15.8012    -11.9551     -4.5046
0.983     -8.9182    -16.7997    -12.7101     -4.8162
0.984     -9.5278    -17.9229    -13.5592     -5.1628
0.985    -10.2188    -19.1961    -14.5196     -5.5556
0.986    -11.0084    -20.6509    -15.6172     -6.0045
0.987    -11.9195    -22.3296    -16.8834     -6.5224
0.988    -12.9825    -24.2882    -18.3609     -7.1267
0.989    -14.2388    -26.6027    -20.1070     -7.8412
0.990    -15.7464    -29.3805    -22.2023     -8.6983
0.991    -17.5887    -32.7751    -24.7630     -9.7456
0.992    -19.8919    -37.0186    -27.9641    -11.0550
0.993    -22.8529    -42.4747    -32.0799    -12.7383
0.994    -26.8012    -49.7487    -37.5670    -14.9829
0.995    -32.3289    -59.9342    -45.2511    -18.1260
0.996    -40.6205    -75.2100    -56.7768    -22.8399
0.997    -54.4387   -100.6716    -76.0045    -30.6951
0.998    -82.0773   -151.5959   -114.4628    -46.4115
0.999   -164.9979   -304.3781   -229.8467    -93.5361
