0.001    -54.1674    -52.8315    -65.2110    -43.4552
0.002    -26.5935    -25.9265    -32.1195    -21.2373
0.003    -17.4022    -16.9582    -21.0890    -13.8336
0.004    -12.8066    -12.4741    -15.5737    -10.1342
0.005    -10.0492     -9.7836    -12.2602     -7.9145
0.006     -8.2109     -7.9899    -10.0506     -6.4348
0.007     -6.8979     -6.7087     -8.4723     -5.3778
0.008     -5.9131     -5.7478     -7.2886     -4.5851
0.009     -5.1472     -5.0005     -6.3679     -3.9685
0.010     -4.5344     -4.4026     -5.6314     -3.4753
0.011     -4.0331     -3.9134     -5.0288     -3.0717
0.012     -3.6153     -3.5058     -4.5266     -2.7354
0.013     -3.2618     -3.1608     -4.1017     -2.4508
0.014     -2.9588     -2.8652     -3.7375     -2.2070
0.015     -2.6962     -2.6089     -3.4218     -1.9959
0.016     -2.4664     -2.3847     -3.1446     -1.8113
0.017     -2.2636     -2.1869     -2.9001     -1.6483
0.018     -2.0834     -2.0110     -2.6827     -1.5035
0.019     -1.9222     -1.8537     -2.4883     -1.3739
0.020     -1.7770     -1.7121     -2.3132     -1.2573
0.021     -1.6457     -1.5840     -2.1549     -1.1517
0.022     -1.5264     -1.4675     -2.0109     -1.0558
0.023     -1.4174     -1.3612     -1.8794     -0.9682
0.024     -1.3175     -1.2637     -1.7600     -0.8868
0.025     -1.2256     -1.1740     -1.6502     -0.8119
0.026     -1.1407     -1.0912     -1.5489     -0.7434
0.027     -1.0622     -1.0146     -1.4550     -0.6800
0.028     -0.9892     -0.9434     -1.3679     -0.6208
0.029     -0.9213     -0.8771     -1.2868     -0.5657
0.030     -0.8579     -0.8153     -1.2111     -0.5143
0.031     -0.7986     -0.7574     -1.1402     -0.4665
0.032     -0.7430     -0.7032     -1.0738     -0.4218
0.033     -0.6908     -0.6522     -1.0114     -0.3798
0.034     -0.6416     -0.6042     -0.9523     -0.3402
0.035     -0.5953     -0.5590     -0.8966     -0.3029
0.036     -0.5515     -0.5163     -0.8440     -0.2677
0.037     -0.5101     -0.4759     -0.7944     -0.2344
0.038     -0.4709     -0.4377     -0.7478     -0.2029
0.039     -0.4337     -0.4013     -0.7036     -0.1729
0.040     -0.3983     -0.3669     -0.6616     -0.1445
0.041     -0.3647     -0.3340     -0.6217     -0.1174
0.042     -0.3327     -0.3028     -0.5836     -0.0916
0.043     -0.3021     -0.2730     -0.5472     -0.0671
0.044     -0.2730     -0.2446     -0.5125     -0.0436
0.045     -0.2451     -0.2174     -0.4794     -0.0212
0.046     -0.2185     -0.1914     -0.4477      0.0002
0.047     -0.1930     -0.1665     -0.4174      0.0207
0.048     -0.1686     -0.1426     -0.3880      0.0404
0.049     -0.1451     -0.1198     -0.3598      0.0593
0.050     -0.1226     -0.0978     -0.3328      0.0774
0.051     -0.1010     -0.0767     -0.3069      0.0948
0.052     -0.0802     -0.0564     -0.2819      0.1115
0.053     -0.0602     -0.0369     -0.2578      0.1276
0.054     -0.0409     -0.0181     -0.2347      0.1431
0.055     -0.0223      0.0000     -0.2123      0.1581
0.056     -0.0044      0.0175     -0.1908      0.1725
0.057      0.0129      0.0344     -0.1702      0.1864
0.058      0.0295      0.0506     -0.1504      0.1998
0.059      0.0457      0.0664     -0.1314      0.2129
0.060      0.0612      0.0816     -0.1129      0.2257
0.061      0.0763      0.0963     -0.0950      0.2381
0.062      0.0909      0.1105     -0.0778      0.2500
0.063      0.1050      0.1243     -0.0609      0.2616
0.064      0.1187      0.1376     -0.0448      0.2729
0.065      0.1319      0.1506     -0.0288      0.2837
0.066      0.1448      0.1631     -0.0134      0.2943
0.067      0.1573      0.1753      0.0015      0.3045
0.068      0.1694      0.1871      0.0160      0.3145
0.069      0.1811      0.1985      0.0300      0.3241
0.070      0.1925      0.2097      0.0434      0.3333
0.071      0.2036      0.2205      0.0567      0.3422
0.072      0.2144      0.2310      0.0697      0.3507
0.073      0.2249      0.2413      0.0823      0.3591
0.074      0.2351      0.2512      0.0944      0.3672
0.075      0.2451      0.2609      0.1062      0.3752
0.076      0.2547      0.2704      0.1177      0.3829
0.077      0.2642      0.2796      0.1288      0.3904
0.078      0.2733      0.2885      0.1397      0.3977
0.079      0.2823      0.2973      0.1503      0.4048
0.080      0.2910      0.3058      0.1608      0.4118
0.081      0.2995      0.3141      0.1709      0.4186
0.082      0.3078      0.3222      0.1807      0.4253
0.083      0.3159      0.3301      0.1903      0.4320
0.084      0.3238      0.3378      0.1996      0.4384
0.085      0.3316      0.3453      0.2088      0.4447
0.086      0.3391      0.3527      0.2179      0.4510
0.087      0.3465      0.3599      0.2269      0.4571
0.088      0.3537      0.3669      0.2357      0.4628
0.089      0.3607      0.3738      0.2442      0.4686
0.090      0.3676      0.3805      0.2524      0.4744
0.091      0.3743      0.3871      0.2603      0.4800
0.092      0.3809      0.3935      0.2681      0.4855
0.093      0.3874      0.3998      0.2757      0.4907
0.094      0.3937      0.4060      0.2831      0.4958
0.095      0.3999      0.4120      0.2904      0.5007
0.096      0.4059      0.4179      0.2975      0.5055
0.097      0.4118      0.4237      0.3045      0.5103
0.098      0.4176      0.4293      0.3113      0.5150
0.099      0.4233      0.4349      0.3180      0.5197
0.100      0.4289      0.4403      0.3246      0.5242
0.101      0.4343      0.4456      0.3310      0.5288
0.102      0.4397      0.4508      0.3373      0.5334
0.103      0.4449      0.4560      0.3435      0.5378
0.104      0.4501      0.4610      0.3495      0.5422
0.105      0.4551      0.4659      0.3555      0.5464
0.106      0.4601      0.4708      0.3613      0.5506
0.107      0.4650      0.4755      0.3671      0.5547
0.108      0.4697      0.4802      0.3727      0.5586
0.109      0.4744      0.4847      0.3783      0.5624
0.110      0.4790      0.4892      0.3839      0.5661
0.111      0.4835      0.4936      0.3893      0.5697
0.112      0.4880      0.4980      0.3947      0.5733
0.113      0.4923      0.5022      0.3999      0.5769
0.114      0.4966      0.5064      0.4051      0.5805
0.115      0.5008      0.5105      0.4102      0.5839
0.116      0.5049      0.5145      0.4152      0.5874
0.117      0.5090      0.5185      0.4203      0.5907
0.118      0.5130      0.5224      0.4252      0.5941
0.119      0.5169      0.5262      0.4301      0.5973
0.120      0.5208      0.5300      0.4348      0.6005
0.121      0.5246      0.5337      0.4394      0.6035
0.122      0.5283      0.5373      0.4437      0.6064
0.123      0.5320      0.5409      0.4480      0.6092
0.124      0.5356      0.5444      0.4522      0.6120
0.125      0.5392      0.5479      0.4564      0.6148
0.126      0.5427      0.5513      0.4606      0.6175
0.127      0.5461      0.5547      0.4648      0.6203
0.128      0.5495      0.5580      0.4688      0.6231
0.129      0.5529      0.5613      0.4729      0.6258
0.130      0.5561      0.5645      0.4768      0.6286
0.131      0.5594      0.5676      0.4807      0.6313
0.132      0.5626      0.5707      0.4845      0.6339
0.133      0.5657      0.5738      0.4883      0.6365
0.134      0.5688      0.5768      0.4921      0.6390
0.135      0.5719      0.5798      0.4957      0.6416
0.136      0.5749      0.5827      0.4994      0.6441
0.137      0.5778      0.5856      0.5029      0.6465
0.138      0.5807      0.5885      0.5065      0.6490
0.139      0.5836      0.5913      0.5099      0.6514
0.140      0.5864      0.5940      0.5133      0.6538
0.141      0.5892      0.5968      0.5167      0.6560
0.142      0.5920      0.5995      0.5200      0.6583
0.143      0.5947      0.6021      0.5234      0.6605
0.144      0.5974      0.6047      0.5266      0.6627
0.145      0.6000      0.6073      0.5297      0.6648
0.146      0.6026      0.6098      0.5328      0.6668
0.147      0.6052      0.6123      0.5359      0.6687
0.148      0.6077      0.6148      0.5391      0.6706
0.149      0.6102      0.6173      0.5422      0.6725
0.150      0.6127      0.6197      0.5450      0.6744
0.151      0.6151      0.6220      0.5479      0.6764
0.152      0.6175      0.6244      0.5508      0.6784
0.153      0.6199      0.6267      0.5537      0.6803
0.154      0.6223      0.6290      0.5565      0.6822
0.155      0.6246      0.6312      0.5593      0.6840
0.156      0.6268      0.6335      0.5620      0.6857
0.157      0.6291      0.6357      0.5648      0.6875
0.158      0.6313      0.6378      0.5676      0.6892
0.159      0.6335      0.6400      0.5702      0.6909
0.160      0.6357      0.6421      0.5727      0.6925
0.161      0.6378      0.6442      0.5752      0.6941
0.162      0.6399      0.6462      0.5778      0.6957
0.163      0.6420      0.6483      0.5803      0.6973
0.164      0.6441      0.6503      0.5828      0.6988
0.165      0.6461      0.6523      0.5852      0.7004
0.166      0.6481      0.6542      0.5877      0.7021
0.167      0.6501      0.6562      0.5901      0.7036
0.168      0.6521      0.6581      0.5924      0.7051
0.169      0.6540      0.6600      0.5948      0.7066
0.170      0.6560      0.6619      0.5971      0.7083
0.171      0.6579      0.6637      0.5994      0.7099
0.172      0.6597      0.6655      0.6015      0.7116
0.173      0.6616      0.6674      0.6036      0.7132
0.174      0.6634      0.6691      0.6057      0.7148
0.175      0.6652      0.6709      0.6079      0.7163
0.176      0.6670      0.6727      0.6102      0.7179
0.177      0.6688      0.6744      0.6123      0.7194
0.178      0.6705      0.6761      0.6144      0.7209
0.179      0.6723      0.6778      0.6165      0.7224
0.180      0.6740      0.6795      0.6185      0.7239
0.181      0.6757      0.6811      0.6205      0.7254
0.182      0.6774      0.6827      0.6224      0.7268
0.183      0.6790      0.6844      0.6243      0.7282
0.184      0.6806      0.6860      0.6263      0.7295
0.185      0.6823      0.6875      0.6281      0.7308
0.186      0.6839      0.6891      0.6300      0.7320
0.187      0.6855      0.6906      0.6318      0.7332
0.188      0.6870      0.6922      0.6336      0.7345
0.189      0.6886      0.6937      0.6354      0.7356
0.190      0.6901      0.6952      0.6372      0.7368
0.191      0.6916      0.6967      0.6398      0.7381
0.192      0.6931      0.6981      0.6418      0.7394
0.193      0.6946      0.6996      0.6437      0.7408
0.194      0.6961      0.7010      0.6455      0.7418
0.195      0.6976      0.7024      0.6473      0.7431
0.196      0.6990      0.7039      0.6495      0.7440
0.197      0.7004      0.7053      0.6519      0.7448
0.198      0.7018      0.7066      0.6540      0.7456
0.199      0.7032      0.7080      0.6565      0.7459
0.200      0.7046      0.7093      0.6582      0.7467
0.201      0.7060      0.7107      0.6605      0.7476
0.202      0.7074      0.7120      0.6624      0.7486
0.203      0.7087      0.7133      0.6639      0.7497
0.204      0.7100      0.7146      0.6667      0.7503
0.205      0.7113      0.7159      0.6683      0.7510
0.206      0.7127      0.7172      0.6701      0.7517
0.207      0.7139      0.7184      0.6715      0.7539
0.208      0.7152      0.7197      0.6728      0.7556
0.209      0.7159      0.7209      0.6731      0.7569
0.210      0.7154      0.7210      0.6727      0.7569
0.211      0.7150      0.7206      0.6721      0.7561
0.212      0.7145      0.7201      0.6716      0.7560
0.213      0.7140      0.7196      0.6710      0.7567
0.214      0.7136      0.7192      0.6706      0.7564
0.215      0.7131      0.7187      0.6691      0.7571
0.216      0.7127      0.7183      0.6681      0.7576
0.217      0.7122      0.7178      0.6666      0.7576
0.218      0.7117      0.7173      0.6661      0.7576
0.219      0.7113      0.7169      0.6649      0.7578
0.220      0.7108      0.7164      0.6640      0.7576
0.221      0.7103      0.7159      0.6635      0.7584
0.222      0.7099      0.7155      0.6624      0.7582
0.223      0.7094      0.7150      0.6614      0.7577
0.224      0.7089      0.7145      0.6609      0.7574
0.225      0.7085      0.7140      0.6599      0.7583
0.226      0.7080      0.7136      0.6592      0.7578
0.227      0.7075      0.7131      0.6585      0.7579
0.228      0.7070      0.7126      0.6580      0.7575
0.229      0.7066      0.7121      0.6575      0.7571
0.230      0.7061      0.7116      0.6570      0.7569
0.231      0.7056      0.7112      0.6565      0.7565
0.232      0.7051      0.7107      0.6556      0.7563
0.233      0.7046      0.7102      0.6550      0.7560
0.234      0.7042      0.7097      0.6545      0.7556
0.235      0.7037      0.7092      0.6539      0.7552
0.236      0.7032      0.7087      0.6534      0.7548
0.237      0.7027      0.7083      0.6528      0.7543
0.238      0.7022      0.7078      0.6523      0.7538
0.239      0.7017      0.7073      0.6517      0.7534
0.240      0.7012      0.7068      0.6512      0.7529
0.241      0.7007      0.7063      0.6506      0.7524
0.242      0.7003      0.7058      0.6501      0.7520
0.243      0.6998      0.7053      0.6495      0.7516
0.244      0.6993      0.7048      0.6490      0.7512
0.245      0.6988      0.7043      0.6484      0.7508
0.246      0.6983      0.7038      0.6478      0.7504
0.247      0.6978      0.7033      0.6473      0.7500
0.248      0.6973      0.7028      0.6467      0.7496
0.249      0.6968      0.7023      0.6461      0.7491
0.250      0.6963      0.7018      0.6456      0.7487
0.251      0.6958      0.7013      0.6449      0.7482
0.252      0.6953      0.7008      0.6443      0.7478
0.253      0.6947      0.7003      0.6436      0.7473
0.254      0.6942      0.6997      0.6430      0.7468
0.255      0.6937      0.6992      0.6423      0.7464
0.256      0.6932      0.6987      0.6417      0.7459
0.257      0.6927      0.6982      0.6410      0.7454
0.258      0.6922      0.6977      0.6403      0.7450
0.259      0.6917      0.6972      0.6397      0.7445
0.260      0.6912      0.6966      0.6392      0.7440
0.261      0.6906      0.6961      0.6386      0.7436
0.262      0.6901      0.6956      0.6381      0.7431
0.263      0.6896      0.6951      0.6375      0.7426
0.264      0.6891      0.6946      0.6370      0.7422
0.265      0.6885      0.6940      0.6364      0.7418
0.266      0.6880      0.6935      0.6358      0.7414
0.267      0.6875      0.6930      0.6353      0.7410
0.268      0.6870      0.6924      0.6347      0.7406
0.269      0.6864      0.6919      0.6341      0.7402
0.270      0.6859      0.6914      0.6336      0.7398
0.271      0.6854      0.6908      0.6330      0.7394
0.272      0.6848      0.6903      0.6324      0.7390
0.273      0.6843      0.6898      0.6318      0.7386
0.274      0.6838      0.6892      0.6313      0.7381
0.275      0.6832      0.6887      0.6307      0.7377
0.276      0.6827      0.6881      0.6301      0.7373
0.277      0.6821      0.6876      0.6295      0.7369
0.278      0.6816      0.6871      0.6290      0.7364
0.279      0.6810      0.6865      0.6284      0.7360
0.280      0.6805      0.6860      0.6278      0.7356
0.281      0.6800      0.6854      0.6272      0.7352
0.282      0.6794      0.6849      0.6265      0.7348
0.283      0.6789      0.6843      0.6259      0.7344
0.284      0.6783      0.6837      0.6253      0.7339
0.285      0.6777      0.6832      0.6247      0.7335
0.286      0.6772      0.6826      0.6240      0.7331
0.287      0.6766      0.6821      0.6234      0.7326
0.288      0.6761      0.6815      0.6226      0.7321
0.289      0.6755      0.6809      0.6218      0.7315
0.290      0.6750      0.6804      0.6211      0.7310
0.291      0.6744      0.6798      0.6204      0.7305
0.292      0.6738      0.6792      0.6197      0.7300
0.293      0.6733      0.6787      0.6190      0.7295
0.294      0.6727      0.6781      0.6183      0.7289
0.295      0.6721      0.6775      0.6177      0.7284
0.296      0.6715      0.6770      0.6170      0.7279
0.297      0.6710      0.6764      0.6163      0.7273
0.298      0.6704      0.6758      0.6156      0.7268
0.299      0.6698      0.6752      0.6150      0.7263
0.300      0.6692      0.6747      0.6142      0.7257
0.301      0.6687      0.6741      0.6135      0.7252
0.302      0.6681      0.6735      0.6128      0.7247
0.303      0.6675      0.6729      0.6120      0.7241
0.304      0.6669      0.6723      0.6113      0.7236
0.305      0.6663      0.6717      0.6106      0.7230
0.306      0.6657      0.6711      0.6099      0.7225
0.307      0.6652      0.6705      0.6092      0.7219
0.308      0.6646      0.6699      0.6085      0.7214
0.309      0.6640      0.6693      0.6077      0.7208
0.310      0.6634      0.6688      0.6070      0.7203
0.311      0.6628      0.6682      0.6063      0.7197
0.312      0.6622      0.6676      0.6057      0.7192
0.313      0.6616      0.6669      0.6051      0.7186
0.314      0.6610      0.6663      0.6043      0.7181
0.315      0.6604      0.6657      0.6035      0.7175
0.316      0.6598      0.6651      0.6028      0.7169
0.317      0.6592      0.6645      0.6020      0.7164
0.318      0.6586      0.6639      0.6013      0.7158
0.319      0.6579      0.6633      0.6005      0.7153
0.320      0.6573      0.6627      0.5998      0.7148
0.321      0.6567      0.6621      0.5991      0.7143
0.322      0.6561      0.6614      0.5984      0.7139
0.323      0.6555      0.6608      0.5977      0.7134
0.324      0.6549      0.6602      0.5970      0.7130
0.325      0.6542      0.6596      0.5963      0.7125
0.326      0.6536      0.6590      0.5957      0.7121
0.327      0.6530      0.6583      0.5949      0.7118
0.328      0.6524      0.6577      0.5942      0.7114
0.329      0.6517      0.6571      0.5935      0.7111
0.330      0.6511      0.6564      0.5929      0.7108
0.331      0.6505      0.6558      0.5922      0.7104
0.332      0.6498      0.6552      0.5915      0.7101
0.333      0.6492      0.6545      0.5908      0.7097
0.334      0.6486      0.6539      0.5900      0.7092
0.335      0.6479      0.6532      0.5892      0.7087
0.336      0.6473      0.6526      0.5886      0.7081
0.337      0.6466      0.6519      0.5878      0.7075
0.338      0.6460      0.6513      0.5869      0.7069
0.339      0.6453      0.6506      0.5862      0.7063
0.340      0.6447      0.6500      0.5855      0.7057
0.341      0.6440      0.6493      0.5847      0.7053
0.342      0.6434      0.6487      0.5840      0.7048
0.343      0.6427      0.6480      0.5832      0.7044
0.344      0.6421      0.6474      0.5825      0.7039
0.345      0.6414      0.6467      0.5817      0.7035
0.346      0.6407      0.6460      0.5810      0.7030
0.347      0.6401      0.6454      0.5802      0.7026
0.348      0.6394      0.6447      0.5795      0.7021
0.349      0.6387      0.6440      0.5787      0.7017
0.350      0.6381      0.6433      0.5780      0.7012
0.351      0.6374      0.6427      0.5772      0.7008
0.352      0.6367      0.6420      0.5764      0.7002
0.353      0.6361      0.6413      0.5757      0.6996
0.354      0.6354      0.6406      0.5749      0.6990
0.355      0.6347      0.6399      0.5741      0.6985
0.356      0.6340      0.6393      0.5734      0.6979
0.357      0.6333      0.6386      0.5726      0.6973
0.358      0.6326      0.6379      0.5718      0.6967
0.359      0.6319      0.6372      0.5710      0.6961
0.360      0.6313      0.6365      0.5701      0.6955
0.361      0.6306      0.6358      0.5693      0.6949
0.362      0.6299      0.6351      0.5684      0.6944
0.363      0.6292      0.6344      0.5675      0.6939
0.364      0.6285      0.6337      0.5666      0.6935
0.365      0.6278      0.6330      0.5658      0.6930
0.366      0.6271      0.6323      0.5651      0.6926
0.367      0.6264      0.6316      0.5644      0.6921
0.368      0.6256      0.6309      0.5637      0.6916
0.369      0.6249      0.6301      0.5628      0.6910
0.370      0.6242      0.6294      0.5618      0.6904
0.371      0.6235      0.6287      0.5608      0.6897
0.372      0.6228      0.6280      0.5598      0.6890
0.373      0.6221      0.6273      0.5588      0.6883
0.374      0.6213      0.6265      0.5577      0.6876
0.375      0.6206      0.6258      0.5567      0.6871
0.376      0.6199      0.6251      0.5557      0.6866
0.377      0.6192      0.6244      0.5548      0.6861
0.378      0.6184      0.6236      0.5539      0.6856
0.379      0.6177      0.6229      0.5529      0.6851
0.380      0.6170      0.6221      0.5520      0.6845
0.381      0.6162      0.6214      0.5511      0.6839
0.382      0.6155      0.6207      0.5502      0.6833
0.383      0.6147      0.6199      0.5493      0.6827
0.384      0.6140      0.6192      0.5485      0.6820
0.385      0.6132      0.6184      0.5476      0.6814
0.386      0.6125      0.6177      0.5467      0.6808
0.387      0.6117      0.6169      0.5459      0.6802
0.388      0.6110      0.6161      0.5450      0.6795
0.389      0.6102      0.6154      0.5441      0.6789
0.390      0.6095      0.6146      0.5433      0.6782
0.391      0.6087      0.6138      0.5424      0.6776
0.392      0.6079      0.6131      0.5415      0.6770
0.393      0.6072      0.6123      0.5406      0.6763
0.394      0.6064      0.6115      0.5397      0.6757
0.395      0.6056      0.6107      0.5388      0.6750
0.396      0.6048      0.6100      0.5379      0.6744
0.397      0.6041      0.6092      0.5370      0.6737
0.398      0.6033      0.6084      0.5361      0.6731
0.399      0.6025      0.6076      0.5352      0.6724
0.400      0.6017      0.6068      0.5343      0.6717
0.401      0.6009      0.6060      0.5334      0.6711
0.402      0.6001      0.6052      0.5324      0.6704
0.403      0.5993      0.6044      0.5314      0.6697
0.404      0.5985      0.6036      0.5304      0.6692
0.405      0.5977      0.6028      0.5293      0.6687
0.406      0.5969      0.6020      0.5283      0.6682
0.407      0.5961      0.6012      0.5272      0.6676
0.408      0.5953      0.6004      0.5261      0.6670
0.409      0.5945      0.5996      0.5251      0.6664
0.410      0.5937      0.5988      0.5240      0.6657
0.411      0.5929      0.5980      0.5229      0.6650
0.412      0.5921      0.5971      0.5219      0.6644
0.413      0.5912      0.5963      0.5209      0.6637
0.414      0.5904      0.5955      0.5198      0.6630
0.415      0.5896      0.5947      0.5187      0.6624
0.416      0.5888      0.5938      0.5176      0.6617
0.417      0.5879      0.5930      0.5164      0.6610
0.418      0.5871      0.5921      0.5153      0.6604
0.419      0.5862      0.5913      0.5143      0.6597
0.420      0.5854      0.5905      0.5131      0.6590
0.421      0.5846      0.5896      0.5120      0.6583
0.422      0.5837      0.5888      0.5109      0.6576
0.423      0.5829      0.5879      0.5099      0.6569
0.424      0.5820      0.5870      0.5088      0.6562
0.425      0.5811      0.5862      0.5078      0.6555
0.426      0.5803      0.5853      0.5067      0.6548
0.427      0.5794      0.5845      0.5057      0.6541
0.428      0.5786      0.5836      0.5046      0.6535
0.429      0.5777      0.5827      0.5036      0.6529
0.430      0.5768      0.5818      0.5025      0.6522
0.431      0.5759      0.5810      0.5015      0.6516
0.432      0.5751      0.5801      0.5004      0.6510
0.433      0.5742      0.5792      0.4994      0.6504
0.434      0.5733      0.5783      0.4984      0.6497
0.435      0.5724      0.5774      0.4973      0.6490
0.436      0.5715      0.5765      0.4963      0.6484
0.437      0.5706      0.5756      0.4952      0.6477
0.438      0.5697      0.5747      0.4942      0.6471
0.439      0.5688      0.5738      0.4931      0.6462
0.440      0.5679      0.5729      0.4921      0.6454
0.441      0.5670      0.5720      0.4910      0.6445
0.442      0.5661      0.5711      0.4898      0.6436
0.443      0.5652      0.5702      0.4887      0.6428
0.444      0.5643      0.5693      0.4875      0.6422
0.445      0.5634      0.5683      0.4864      0.6415
0.446      0.5624      0.5674      0.4853      0.6408
0.447      0.5615      0.5665      0.4841      0.6401
0.448      0.5606      0.5655      0.4829      0.6394
0.449      0.5597      0.5646      0.4816      0.6388
0.450      0.5587      0.5637      0.4804      0.6381
0.451      0.5578      0.5627      0.4793      0.6374
0.452      0.5568      0.5618      0.4782      0.6367
0.453      0.5559      0.5608      0.4770      0.6358
0.454      0.5549      0.5599      0.4758      0.6350
0.455      0.5540      0.5589      0.4747      0.6341
0.456      0.5530      0.5580      0.4735      0.6333
0.457      0.5521      0.5570      0.4723      0.6324
0.458      0.5511      0.5560      0.4712      0.6316
0.459      0.5501      0.5550      0.4700      0.6309
0.460      0.5492      0.5541      0.4688      0.6302
0.461      0.5482      0.5531      0.4676      0.6293
0.462      0.5472      0.5521      0.4664      0.6284
0.463      0.5462      0.5511      0.4652      0.6276
0.464      0.5453      0.5501      0.4641      0.6267
0.465      0.5443      0.5491      0.4629      0.6258
0.466      0.5433      0.5481      0.4618      0.6249
0.467      0.5423      0.5471      0.4607      0.6241
0.468      0.5413      0.5461      0.4595      0.6232
0.469      0.5403      0.5451      0.4584      0.6224
0.470      0.5393      0.5441      0.4571      0.6216
0.471      0.5383      0.5431      0.4558      0.6208
0.472      0.5372      0.5421      0.4546      0.6200
0.473      0.5362      0.5411      0.4534      0.6191
0.474      0.5352      0.5400      0.4522      0.6183
0.475      0.5342      0.5390      0.4509      0.6175
0.476      0.5331      0.5380      0.4496      0.6167
0.477      0.5321      0.5369      0.4483      0.6158
0.478      0.5311      0.5359      0.4470      0.6150
0.479      0.5300      0.5348      0.4456      0.6141
0.480      0.5290      0.5338      0.4443      0.6133
0.481      0.5279      0.5327      0.4432      0.6124
0.482      0.5269      0.5317      0.4420      0.6116
0.483      0.5258      0.5306      0.4408      0.6107
0.484      0.5247      0.5295      0.4396      0.6099
0.485      0.5237      0.5285      0.4384      0.6091
0.486      0.5226      0.5274      0.4371      0.6084
0.487      0.5215      0.5263      0.4359      0.6076
0.488      0.5204      0.5252      0.4347      0.6069
0.489      0.5194      0.5241      0.4335      0.6062
0.490      0.5183      0.5230      0.4322      0.6054
0.491      0.5172      0.5219      0.4310      0.6047
0.492      0.5161      0.5208      0.4295      0.6039
0.493      0.5150      0.5197      0.4280      0.6032
0.494      0.5139      0.5186      0.4265      0.6024
0.495      0.5128      0.5175      0.4250      0.6017
0.496      0.5117      0.5164      0.4237      0.6009
0.497      0.5105      0.5153      0.4225      0.6001
0.498      0.5094      0.5141      0.4211      0.5994
0.499      0.5083      0.5130      0.4196      0.5986
0.500      0.5071      0.5119      0.4181      0.5978
0.501      0.5060      0.5107      0.4167      0.5968
0.502      0.5049      0.5096      0.4152      0.5959
0.503      0.5037      0.5084      0.4137      0.5949
0.504      0.5026      0.5073      0.4122      0.5940
0.505      0.5014      0.5061      0.4107      0.5930
0.506      0.5003      0.5049      0.4093      0.5921
0.507      0.4991      0.5038      0.4080      0.5911
0.508      0.4979      0.5026      0.4066      0.5902
0.509      0.4967      0.5014      0.4053      0.5892
0.510      0.4956      0.5002      0.4040      0.5883
0.511      0.4944      0.4991      0.4025      0.5873
0.512      0.4932      0.4979      0.4011      0.5863
0.513      0.4920      0.4967      0.3997      0.5853
0.514      0.4908      0.4955      0.3983      0.5843
0.515      0.4896      0.4942      0.3969      0.5834
0.516      0.4884      0.4930      0.3954      0.5824
0.517      0.4872      0.4918      0.3939      0.5814
0.518      0.4860      0.4906      0.3924      0.5804
0.519      0.4847      0.4894      0.3908      0.5794
0.520      0.4835      0.4881      0.3892      0.5784
0.521      0.4823      0.4869      0.3877      0.5773
0.522      0.4810      0.4856      0.3861      0.5763
0.523      0.4798      0.4844      0.3845      0.5753
0.524      0.4785      0.4831      0.3829      0.5743
0.525      0.4773      0.4819      0.3813      0.5732
0.526      0.4760      0.4806      0.3797      0.5722
0.527      0.4748      0.4793      0.3781      0.5712
0.528      0.4735      0.4781      0.3765      0.5701
0.529      0.4722      0.4768      0.3750      0.5691
0.530      0.4709      0.4755      0.3734      0.5680
0.531      0.4696      0.4742      0.3718      0.5670
0.532      0.4684      0.4729      0.3703      0.5659
0.533      0.4671      0.4716      0.3687      0.5649
0.534      0.4658      0.4703      0.3671      0.5638
0.535      0.4644      0.4690      0.3655      0.5627
0.536      0.4631      0.4677      0.3639      0.5616
0.537      0.4618      0.4663      0.3623      0.5605
0.538      0.4605      0.4650      0.3607      0.5595
0.539      0.4592      0.4637      0.3590      0.5584
0.540      0.4578      0.4623      0.3574      0.5573
0.541      0.4565      0.4610      0.3558      0.5563
0.542      0.4551      0.4596      0.3541      0.5553
0.543      0.4538      0.4583      0.3525      0.5544
0.544      0.4524      0.4569      0.3508      0.5534
0.545      0.4510      0.4555      0.3492      0.5524
0.546      0.4497      0.4541      0.3475      0.5514
0.547      0.4483      0.4528      0.3458      0.5504
0.548      0.4469      0.4514      0.3441      0.5494
0.549      0.4455      0.4500      0.3424      0.5484
0.550      0.4441      0.4486      0.3407      0.5474
0.551      0.4427      0.4472      0.3390      0.5464
0.552      0.4413      0.4457      0.3373      0.5452
0.553      0.4399      0.4443      0.3355      0.5441
0.554      0.4385      0.4429      0.3338      0.5430
0.555      0.4370      0.4415      0.3321      0.5418
0.556      0.4356      0.4400      0.3303      0.5407
0.557      0.4341      0.4386      0.3286      0.5395
0.558      0.4327      0.4371      0.3268      0.5383
0.559      0.4312      0.4356      0.3250      0.5372
0.560      0.4298      0.4342      0.3232      0.5360
0.561      0.4283      0.4327      0.3214      0.5348
0.562      0.4268      0.4312      0.3196      0.5336
0.563      0.4254      0.4297      0.3178      0.5324
0.564      0.4239      0.4282      0.3160      0.5312
0.565      0.4224      0.4267      0.3142      0.5300
0.566      0.4209      0.4252      0.3124      0.5289
0.567      0.4194      0.4237      0.3105      0.5277
0.568      0.4178      0.4222      0.3087      0.5266
0.569      0.4163      0.4207      0.3068      0.5254
0.570      0.4148      0.4191      0.3050      0.5242
0.571      0.4133      0.4176      0.3031      0.5230
0.572      0.4117      0.4160      0.3012      0.5217
0.573      0.4102      0.4145      0.2993      0.5206
0.574      0.4086      0.4129      0.2974      0.5195
0.575      0.4070      0.4113      0.2955      0.5183
0.576      0.4055      0.4097      0.2936      0.5171
0.577      0.4039      0.4082      0.2916      0.5158
0.578      0.4023      0.4066      0.2897      0.5146
0.579      0.4007      0.4050      0.2878      0.5133
0.580      0.3991      0.4033      0.2858      0.5120
0.581      0.3975      0.4017      0.2838      0.5110
0.582      0.3959      0.4001      0.2819      0.5096
0.583      0.3942      0.3985      0.2799      0.5082
0.584      0.3926      0.3968      0.2779      0.5068
0.585      0.3909      0.3952      0.2759      0.5056
0.586      0.3893      0.3935      0.2739      0.5044
0.587      0.3876      0.3919      0.2718      0.5032
0.588      0.3860      0.3902      0.2698      0.5019
0.589      0.3843      0.3885      0.2678      0.5007
0.590      0.3826      0.3868      0.2657      0.4995
0.591      0.3809      0.3851      0.2637      0.4982
0.592      0.3792      0.3834      0.2616      0.4970
0.593      0.3775      0.3817      0.2595      0.4957
0.594      0.3758      0.3800      0.2574      0.4945
0.595      0.3741      0.3782      0.2552      0.4931
0.596      0.3723      0.3765      0.2530      0.4918
0.597      0.3706      0.3747      0.2509      0.4905
0.598      0.3688      0.3730      0.2488      0.4892
0.599      0.3671      0.3712      0.2466      0.4878
0.600      0.3653      0.3694      0.2445      0.4865
0.601      0.3635      0.3677      0.2423      0.4851
0.602      0.3617      0.3659      0.2402      0.4837
0.603      0.3600      0.3641      0.2380      0.4824
0.604      0.3581      0.3622      0.2358      0.4810
0.605      0.3563      0.3604      0.2336      0.4796
0.606      0.3545      0.3586      0.2314      0.4782
0.607      0.3527      0.3568      0.2291      0.4768
0.608      0.3508      0.3549      0.2269      0.4754
0.609      0.3490      0.3530      0.2246      0.4740
0.610      0.3471      0.3512      0.2223      0.4726
0.611      0.3453      0.3493      0.2200      0.4711
0.612      0.3434      0.3474      0.2178      0.4697
0.613      0.3415      0.3455      0.2155      0.4683
0.614      0.3396      0.3436      0.2132      0.4668
0.615      0.3377      0.3417      0.2109      0.4654
0.616      0.3358      0.3398      0.2085      0.4639
0.617      0.3338      0.3378      0.2062      0.4624
0.618      0.3319      0.3359      0.2038      0.4609
0.619      0.3299      0.3339      0.2015      0.4595
0.620      0.3280      0.3320      0.1991      0.4580
0.621      0.3260      0.3300      0.1966      0.4565
0.622      0.3240      0.3280      0.1943      0.4549
0.623      0.3220      0.3260      0.1919      0.4534
0.624      0.3200      0.3240      0.1894      0.4519
0.625      0.3180      0.3220      0.1870      0.4504
0.626      0.3160      0.3199      0.1845      0.4488
0.627      0.3140      0.3179      0.1820      0.4473
0.628      0.3119      0.3158      0.1796      0.4457
0.629      0.3099      0.3138      0.1770      0.4441
0.630      0.3078      0.3117      0.1745      0.4425
0.631      0.3057      0.3096      0.1720      0.4409
0.632      0.3036      0.3075      0.1694      0.4394
0.633      0.3015      0.3054      0.1669      0.4378
0.634      0.2994      0.3033      0.1643      0.4362
0.635      0.2973      0.3011      0.1617      0.4345
0.636      0.2952      0.2990      0.1591      0.4329
0.637      0.2930      0.2968      0.1565      0.4313
0.638      0.2909      0.2947      0.1539      0.4296
0.639      0.2887      0.2925      0.1512      0.4280
0.640      0.2865      0.2903      0.1486      0.4261
0.641      0.2843      0.2881      0.1459      0.4244
0.642      0.2821      0.2859      0.1432      0.4226
0.643      0.2799      0.2837      0.1405      0.4207
0.644      0.2777      0.2814      0.1378      0.4188
0.645      0.2754      0.2792      0.1350      0.4170
0.646      0.2732      0.2769      0.1323      0.4151
0.647      0.2709      0.2746      0.1295      0.4132
0.648      0.2686      0.2723      0.1267      0.4113
0.649      0.2663      0.2700      0.1239      0.4094
0.650      0.2640      0.2677      0.1211      0.4076
0.651      0.2617      0.2654      0.1183      0.4059
0.652      0.2593      0.2630      0.1154      0.4042
0.653      0.2570      0.2607      0.1126      0.4025
0.654      0.2546      0.2583      0.1097      0.4008
0.655      0.2523      0.2559      0.1067      0.3991
0.656      0.2499      0.2535      0.1038      0.3974
0.657      0.2475      0.2511      0.1008      0.3957
0.658      0.2450      0.2487      0.0977      0.3939
0.659      0.2426      0.2462      0.0947      0.3922
0.660      0.2402      0.2438      0.0917      0.3904
0.661      0.2377      0.2413      0.0886      0.3886
0.662      0.2352      0.2388      0.0855      0.3866
0.663      0.2327      0.2363      0.0823      0.3845
0.664      0.2302      0.2338      0.0791      0.3825
0.665      0.2277      0.2313      0.0758      0.3807
0.666      0.2252      0.2287      0.0725      0.3788
0.667      0.2226      0.2261      0.0692      0.3769
0.668      0.2201      0.2236      0.0658      0.3750
0.669      0.2175      0.2210      0.0627      0.3731
0.670      0.2149      0.2184      0.0595      0.3712
0.671      0.2123      0.2157      0.0564      0.3692
0.672      0.2096      0.2131      0.0534      0.3673
0.673      0.2070      0.2105      0.0503      0.3653
0.674      0.2043      0.2078      0.0469      0.3634
0.675      0.2017      0.2051      0.0436      0.3614
0.676      0.1990      0.2024      0.0404      0.3594
0.677      0.1963      0.1997      0.0370      0.3574
0.678      0.1935      0.1969      0.0336      0.3553
0.679      0.1908      0.1942      0.0302      0.3532
0.680      0.1880      0.1914      0.0267      0.3511
0.681      0.1852      0.1886      0.0232      0.3490
0.682      0.1824      0.1858      0.0196      0.3468
0.683      0.1796      0.1830      0.0161      0.3447
0.684      0.1768      0.1801      0.0126      0.3425
0.685      0.1739      0.1773      0.0090      0.3403
0.686      0.1711      0.1744      0.0055      0.3381
0.687      0.1682      0.1715      0.0020      0.3359
0.688      0.1653      0.1686     -0.0016      0.3337
0.689      0.1624      0.1656     -0.0052      0.3315
0.690      0.1594      0.1627     -0.0089      0.3292
0.691      0.1565      0.1597     -0.0126      0.3270
0.692      0.1535      0.1567     -0.0163      0.3247
0.693      0.1505      0.1537     -0.0200      0.3224
0.694      0.1475      0.1507     -0.0238      0.3201
0.695      0.1444      0.1476     -0.0276      0.3178
0.696      0.1414      0.1445     -0.0314      0.3154
0.697      0.1383      0.1414     -0.0352      0.3131
0.698      0.1352      0.1383     -0.0391      0.3107
0.699      0.1321      0.1352     -0.0431      0.3083
0.700      0.1289      0.1320     -0.0472      0.3059
0.701      0.1258      0.1289     -0.0511      0.3035
0.702      0.1226      0.1257     -0.0551      0.3012
0.703      0.1194      0.1225     -0.0591      0.2989
0.704      0.1161      0.1192     -0.0631      0.2967
0.705      0.1129      0.1160     -0.0672      0.2941
0.706      0.1096      0.1127     -0.0713      0.2915
0.707      0.1063      0.1094     -0.0754      0.2889
0.708      0.1030      0.1060     -0.0795      0.2863
0.709      0.0997      0.1027     -0.0837      0.2837
0.710      0.0963      0.0993     -0.0879      0.2810
0.711      0.0929      0.0959     -0.0921      0.2785
0.712      0.0895      0.0925     -0.0963      0.2759
0.713      0.0861      0.0890     -0.1006      0.2732
0.714      0.0826      0.0856     -0.1047      0.2706
0.715      0.0792      0.0821     -0.1089      0.2679
0.716      0.0756      0.0786     -0.1133      0.2653
0.717      0.0721      0.0750     -0.1177      0.2626
0.718      0.0686      0.0714     -0.1222      0.2599
0.719      0.0650      0.0678     -0.1267      0.2572
0.720      0.0614      0.0642     -0.1313      0.2546
0.721      0.0577      0.0606     -0.1358      0.2520
0.722      0.0541      0.0569     -0.1405      0.2493
0.723      0.0504      0.0532     -0.1451      0.2466
0.724      0.0467      0.0495     -0.1498      0.2439
0.725      0.0430      0.0457     -0.1544      0.2412
0.726      0.0392      0.0419     -0.1591      0.2385
0.727      0.0354      0.0381     -0.1639      0.2357
0.728      0.0316      0.0343     -0.1686      0.2329
0.729      0.0277      0.0304     -0.1734      0.2301
0.730      0.0239      0.0265     -0.1782      0.2270
0.731      0.0199      0.0226     -0.1830      0.2239
0.732      0.0160      0.0187     -0.1879      0.2207
0.733      0.0121      0.0147     -0.1928      0.2175
0.734      0.0081      0.0107     -0.1977      0.2143
0.735      0.0040      0.0066     -0.2027      0.2110
0.736      0.0000      0.0026     -0.2077      0.2078
0.737     -0.0041     -0.0015     -0.2127      0.2045
0.738     -0.0082     -0.0057     -0.2178      0.2012
0.739     -0.0124     -0.0098     -0.2230      0.1981
0.740     -0.0166     -0.0140     -0.2281      0.1949
0.741     -0.0208     -0.0183     -0.2333      0.1920
0.742     -0.0250     -0.0225     -0.2386      0.1887
0.743     -0.0293     -0.0268     -0.2439      0.1853
0.744     -0.0336     -0.0312     -0.2492      0.1819
0.745     -0.0379     -0.0355     -0.2546      0.1785
0.746     -0.0423     -0.0399     -0.2600      0.1752
0.747     -0.0467     -0.0444     -0.2655      0.1718
0.748     -0.0512     -0.0488     -0.2710      0.1684
0.749     -0.0557     -0.0533     -0.2765      0.1650
0.750     -0.0602     -0.0579     -0.2821      0.1615
0.751     -0.0648     -0.0624     -0.2877      0.1581
0.752     -0.0693     -0.0671     -0.2934      0.1545
0.753     -0.0740     -0.0717     -0.2991      0.1510
0.754     -0.0786     -0.0764     -0.3049      0.1474
0.755     -0.0834     -0.0811     -0.3107      0.1438
0.756     -0.0881     -0.0859     -0.3166      0.1402
0.757     -0.0929     -0.0907     -0.3225      0.1366
0.758     -0.0977     -0.0955     -0.3285      0.1330
0.759     -0.1026     -0.1004     -0.3345      0.1292
0.760     -0.1075     -0.1053     -0.3406      0.1254
0.761     -0.1124     -0.1103     -0.3467      0.1217
0.762     -0.1174     -0.1153     -0.3528      0.1178
0.763     -0.1224     -0.1204     -0.3591      0.1140
0.764     -0.1275     -0.1255     -0.3653      0.1101
0.765     -0.1326     -0.1306     -0.3717      0.1062
0.766     -0.1378     -0.1358     -0.3782      0.1023
0.767     -0.1430     -0.1410     -0.3849      0.0983
0.768     -0.1482     -0.1463     -0.3914      0.0943
0.769     -0.1535     -0.1516     -0.3978      0.0903
0.770     -0.1589     -0.1569     -0.4043      0.0862
0.771     -0.1642     -0.1624     -0.4108      0.0821
0.772     -0.1697     -0.1678     -0.4175      0.0779
0.773     -0.1752     -0.1733     -0.4243      0.0738
0.774     -0.1807     -0.1789     -0.4314      0.0697
0.775     -0.1863     -0.1845     -0.4386      0.0657
0.776     -0.1919     -0.1901     -0.4457      0.0615
0.777     -0.1976     -0.1958     -0.4527      0.0574
0.778     -0.2033     -0.2016     -0.4597      0.0532
0.779     -0.2091     -0.2074     -0.4668      0.0489
0.780     -0.2149     -0.2132     -0.4739      0.0447
0.781     -0.2208     -0.2192     -0.4812      0.0403
0.782     -0.2268     -0.2251     -0.4884      0.0360
0.783     -0.2328     -0.2311     -0.4958      0.0316
0.784     -0.2388     -0.2372     -0.5032      0.0272
0.785     -0.2449     -0.2434     -0.5107      0.0227
0.786     -0.2511     -0.2495     -0.5183      0.0182
0.787     -0.2573     -0.2558     -0.5259      0.0136
0.788     -0.2636     -0.2621     -0.5336      0.0090
0.789     -0.2699     -0.2685     -0.5417      0.0043
0.790     -0.2763     -0.2749     -0.5495     -0.0006
0.791     -0.2828     -0.2814     -0.5574     -0.0053
0.792     -0.2893     -0.2879     -0.5654     -0.0101
0.793     -0.2959     -0.2946     -0.5736     -0.0149
0.794     -0.3026     -0.3012     -0.5818     -0.0198
0.795     -0.3093     -0.3080     -0.5901     -0.0247
0.796     -0.3161     -0.3148     -0.5985     -0.0297
0.797     -0.3229     -0.3217     -0.6070     -0.0347
0.798     -0.3298     -0.3286     -0.6156     -0.0398
0.799     -0.3368     -0.3356     -0.6244     -0.0450
0.800     -0.3439     -0.3427     -0.6333     -0.0504
0.801     -0.3510     -0.3499     -0.6423     -0.0559
0.802     -0.3582     -0.3571     -0.6514     -0.0615
0.803     -0.3655     -0.3644     -0.6606     -0.0671
0.804     -0.3728     -0.3718     -0.6699     -0.0727
0.805     -0.3802     -0.3793     -0.6793     -0.0784
0.806     -0.3877     -0.3868     -0.6887     -0.0842
0.807     -0.3953     -0.3944     -0.6983     -0.0900
0.808     -0.4030     -0.4021     -0.7080     -0.0959
0.809     -0.4107     -0.4098     -0.7177     -0.1019
0.810     -0.4185     -0.4177     -0.7276     -0.1079
0.811     -0.4264     -0.4256     -0.7376     -0.1140
0.812     -0.4344     -0.4336     -0.7474     -0.1201
0.813     -0.4425     -0.4417     -0.7572     -0.1263
0.814     -0.4506     -0.4499     -0.7671     -0.1326
0.815     -0.4589     -0.4582     -0.7770     -0.1389
0.816     -0.4672     -0.4666     -0.7871     -0.1454
0.817     -0.4756     -0.4750     -0.7975     -0.1518
0.818     -0.4841     -0.4836     -0.8083     -0.1584
0.819     -0.4928     -0.4922     -0.8191     -0.1650
0.820     -0.5015     -0.5010     -0.8302     -0.1717
0.821     -0.5103     -0.5098     -0.8414     -0.1785
0.822     -0.5192     -0.5188     -0.8524     -0.1854
0.823     -0.5282     -0.5278     -0.8638     -0.1923
0.824     -0.5373     -0.5370     -0.8753     -0.1993
0.825     -0.5465     -0.5462     -0.8869     -0.2064
0.826     -0.5558     -0.5556     -0.8986     -0.2136
0.827     -0.5652     -0.5650     -0.9105     -0.2208
0.828     -0.5748     -0.5746     -0.9226     -0.2281
0.829     -0.5844     -0.5843     -0.9347     -0.2356
0.830     -0.5942     -0.5941     -0.9470     -0.2431
0.831     -0.6040     -0.6040     -0.9595     -0.2507
0.832     -0.6140     -0.6140     -0.9721     -0.2584
0.833     -0.6241     -0.6242     -0.9848     -0.2661
0.834     -0.6344     -0.6345     -0.9978     -0.2740
0.835     -0.6447     -0.6449     -1.0108     -0.2820
0.836     -0.6552     -0.6554     -1.0240     -0.2900
0.837     -0.6658     -0.6660     -1.0374     -0.2979
0.838     -0.6766     -0.6768     -1.0509     -0.3058
0.839     -0.6874     -0.6878     -1.0645     -0.3139
0.840     -0.6985     -0.6988     -1.0782     -0.3224
0.841     -0.7096     -0.7100     -1.0921     -0.3310
0.842     -0.7209     -0.7214     -1.1062     -0.3397
0.843     -0.7323     -0.7328     -1.1204     -0.3485
0.844     -0.7439     -0.7445     -1.1348     -0.3574
0.845     -0.7556     -0.7562     -1.1495     -0.3661
0.846     -0.7675     -0.7682     -1.1643     -0.3750
0.847     -0.7796     -0.7803     -1.1793     -0.3840
0.848     -0.7918     -0.7925     -1.1945     -0.3930
0.849     -0.8041     -0.8049     -1.2099     -0.4021
0.850     -0.8167     -0.8175     -1.2255     -0.4112
0.851     -0.8293     -0.8303     -1.2413     -0.4205
0.852     -0.8422     -0.8432     -1.2574     -0.4300
0.853     -0.8552     -0.8563     -1.2736     -0.4395
0.854     -0.8685     -0.8695     -1.2901     -0.4496
0.855     -0.8819     -0.8830     -1.3068     -0.4597
0.856     -0.8955     -0.8966     -1.3236     -0.4697
0.857     -0.9092     -0.9105     -1.3407     -0.4799
0.858     -0.9232     -0.9245     -1.3583     -0.4902
0.859     -0.9374     -0.9387     -1.3760     -0.5007
0.860     -0.9517     -0.9532     -1.3939     -0.5114
0.861     -0.9663     -0.9678     -1.4121     -0.5221
0.862     -0.9811     -0.9826     -1.4305     -0.5331
0.863     -0.9961     -0.9977     -1.4492     -0.5442
0.864     -1.0113     -1.0130     -1.4682     -0.5555
0.865     -1.0268     -1.0285     -1.4874     -0.5669
0.866     -1.0425     -1.0443     -1.5070     -0.5785
0.867     -1.0584     -1.0603     -1.5268     -0.5903
0.868     -1.0745     -1.0765     -1.5469     -0.6022
0.869     -1.0909     -1.0930     -1.5674     -0.6144
0.870     -1.1076     -1.1097     -1.5882     -0.6267
0.871     -1.1245     -1.1267     -1.6092     -0.6392
0.872     -1.1417     -1.1439     -1.6307     -0.6519
0.873     -1.1591     -1.1614     -1.6524     -0.6648
0.874     -1.1769     -1.1792     -1.6745     -0.6779
0.875     -1.1949     -1.1973     -1.6970     -0.6913
0.876     -1.2132     -1.2157     -1.7198     -0.7048
0.877     -1.2318     -1.2344     -1.7429     -0.7186
0.878     -1.2507     -1.2534     -1.7665     -0.7326
0.879     -1.2699     -1.2727     -1.7905     -0.7468
0.880     -1.2894     -1.2923     -1.8148     -0.7612
0.881     -1.3093     -1.3122     -1.8396     -0.7759
0.882     -1.3295     -1.3325     -1.8648     -0.7909
0.883     -1.3501     -1.3532     -1.8904     -0.8061
0.884     -1.3710     -1.3741     -1.9164     -0.8216
0.885     -1.3922     -1.3955     -1.9429     -0.8373
0.886     -1.4139     -1.4172     -1.9699     -0.8533
0.887     -1.4359     -1.4393     -1.9973     -0.8696
0.888     -1.4583     -1.4619     -2.0253     -0.8862
0.889     -1.4811     -1.4848     -2.0537     -0.9031
0.890     -1.5043     -1.5081     -2.0827     -0.9203
0.891     -1.5280     -1.5319     -2.1122     -0.9378
0.892     -1.5521     -1.5561     -2.1422     -0.9556
0.893     -1.5766     -1.5807     -2.1728     -0.9738
0.894     -1.6017     -1.6058     -2.2040     -0.9923
0.895     -1.6271     -1.6314     -2.2358     -1.0111
0.896     -1.6531     -1.6575     -2.2681     -1.0304
0.897     -1.6796     -1.6841     -2.3011     -1.0499
0.898     -1.7066     -1.7112     -2.3348     -1.0699
0.899     -1.7341     -1.7389     -2.3691     -1.0903
0.900     -1.7622     -1.7671     -2.4041     -1.1111
0.901     -1.7909     -1.7958     -2.4392     -1.1323
0.902     -1.8201     -1.8252     -2.4750     -1.1547
0.903     -1.8500     -1.8552     -2.5115     -1.1775
0.904     -1.8804     -1.8858     -2.5488     -1.2008
0.905     -1.9115     -1.9170     -2.5870     -1.2246
0.906     -1.9433     -1.9489     -2.6259     -1.2489
0.907     -1.9757     -1.9815     -2.6656     -1.2737
0.908     -2.0089     -2.0148     -2.7062     -1.2990
0.909     -2.0428     -2.0488     -2.7481     -1.3249
0.910     -2.0774     -2.0836     -2.7917     -1.3514
0.911     -2.1128     -2.1191     -2.8363     -1.3785
0.912     -2.1491     -2.1555     -2.8819     -1.4062
0.913     -2.1861     -2.1927     -2.9286     -1.4345
0.914     -2.2240     -2.2308     -2.9763     -1.4635
0.915     -2.2628     -2.2698     -3.0252     -1.4927
0.916     -2.3026     -2.3097     -3.0752     -1.5224
0.917     -2.3432     -2.3505     -3.1264     -1.5528
0.918     -2.3849     -2.3924     -3.1775     -1.5839
0.919     -2.4276     -2.4353     -3.2298     -1.6158
0.920     -2.4714     -2.4792     -3.2835     -1.6486
0.921     -2.5163     -2.5243     -3.3385     -1.6821
0.922     -2.5623     -2.5705     -3.3954     -1.7165
0.923     -2.6096     -2.6180     -3.4542     -1.7518
0.924     -2.6580     -2.6666     -3.5146     -1.7881
0.925     -2.7078     -2.7166     -3.5767     -1.8253
0.926     -2.7589     -2.7679     -3.6404     -1.8635
0.927     -2.8114     -2.8207     -3.7058     -1.9025
0.928     -2.8654     -2.8749     -3.7731     -1.9421
0.929     -2.9209     -2.9306     -3.8422     -1.9829
0.930     -2.9780     -2.9879     -3.9134     -2.0248
0.931     -3.0367     -3.0469     -3.9866     -2.0679
0.932     -3.0972     -3.1076     -4.0619     -2.1123
0.933     -3.1594     -3.1701     -4.1395     -2.1580
0.934     -3.2236     -3.2346     -4.2195     -2.2050
0.935     -3.2897     -3.3010     -4.3019     -2.2536
0.936     -3.3579     -3.3694     -4.3875     -2.3037
0.937     -3.4282     -3.4401     -4.4759     -2.3553
0.938     -3.5009     -3.5130     -4.5670     -2.4086
0.939     -3.5759     -3.5883     -4.6612     -2.4637
0.940     -3.6534     -3.6662     -4.7585     -2.5206
0.941     -3.7335     -3.7466     -4.8591     -2.5796
0.942     -3.8164     -3.8299     -4.9632     -2.6420
0.943     -3.9022     -3.9161     -5.0709     -2.7065
0.944     -3.9911     -4.0053     -5.1823     -2.7733
0.945     -4.0832     -4.0978     -5.2971     -2.8426
0.946     -4.1787     -4.1937     -5.4161     -2.9144
0.947     -4.2778     -4.2932     -5.5397     -2.9889
0.948     -4.3807     -4.3966     -5.6680     -3.0664
0.949     -4.4877     -4.5040     -5.8013     -3.1468
0.950     -4.5989     -4.6157     -5.9400     -3.2304
0.951     -4.7147     -4.7320     -6.0843     -3.3175
0.952     -4.8353     -4.8531     -6.2346     -3.4082
0.953     -4.9611     -4.9794     -6.3914     -3.5028
0.954     -5.0923     -5.1112     -6.5549     -3.6014
0.955     -5.2293     -5.2488     -6.7257     -3.7045
0.956     -5.3726     -5.3926     -6.9043     -3.8122
0.957     -5.5225     -5.5432     -7.0912     -3.9249
0.958     -5.6796     -5.7009     -7.2870     -4.0431
0.959     -5.8443     -5.8664     -7.4923     -4.1669
0.960     -6.0173     -6.0401     -7.7079     -4.2970
0.961     -6.1991     -6.2227     -7.9346     -4.4338
0.962     -6.3906     -6.4149     -8.1732     -4.5777
0.963     -6.5923     -6.6175     -8.4247     -4.7287
0.964     -6.8053     -6.8314     -8.6901     -4.8879
0.965     -7.0304     -7.0574     -8.9707     -5.0562
0.966     -7.2688     -7.2968     -9.2678     -5.2343
0.967     -7.5216     -7.5507     -9.5830     -5.4233
0.968     -7.7903     -7.8205     -9.9178     -5.6241
0.969     -8.0762     -8.1076    -10.2743     -5.8378
0.970     -8.3812     -8.4140    -10.6545     -6.0658
0.971     -8.7073     -8.7414    -11.0609     -6.3096
0.972     -9.0567     -9.0922    -11.4963     -6.5707
0.973     -9.4319     -9.4690    -11.9640     -6.8511
0.974     -9.8360     -9.8748    -12.4677     -7.1532
0.975    -10.2724    -10.3131    -13.0117     -7.4794
0.976    -10.7452    -10.7879    -13.6010     -7.8328
0.977    -11.2591    -11.3039    -14.2415     -8.2169
0.978    -11.8197    -11.8669    -14.9404     -8.6359
0.979    -12.4337    -12.4835    -15.7057     -9.0948
0.980    -13.1091    -13.1617    -16.5476     -9.5996
0.981    -13.8557    -13.9114    -17.4781    -10.1577
0.982    -14.6851    -14.7444    -18.5121    -10.7776
0.983    -15.6121    -15.6753    -19.6693    -11.4705
0.984    -16.6550    -16.7226    -20.9712    -12.2500
0.985    -17.8371    -17.9096    -22.4468    -13.1336
0.986    -19.1879    -19.2661    -24.1331    -14.1432
0.987    -20.7465    -20.8313    -26.0789    -15.3081
0.988    -22.5649    -22.6573    -28.3474    -16.6674
0.989    -24.7139    -24.8154    -31.0242    -18.2736
0.990    -27.2929    -27.4053    -34.2368    -20.2014
0.991    -30.4448    -30.5705    -38.1629    -22.5572
0.992    -34.3847    -34.5270    -43.0757    -25.5020
0.993    -39.4502    -39.6136    -49.3930    -29.2880
0.994    -46.2043    -46.3962    -57.8122    -34.3360
0.995    -55.6607    -55.8925    -69.5989    -41.4045
0.996    -69.8445    -70.1363    -87.2757    -52.0055
0.997    -93.4842    -93.8762   -116.7408    -69.6759
0.998   -140.7635   -141.3517   -175.6647   -105.0128
0.999   -282.6218   -283.8054   -352.4749   -211.0527
