0.001   -149.6536   -163.8485   -175.3389   -125.0865
0.002    -74.2854    -81.3757    -87.1229    -62.0151
0.003    -49.1627    -53.8847    -57.7175    -40.9913
0.004    -36.6013    -40.1393    -43.0149    -30.4794
0.005    -29.0645    -31.8920    -34.1933    -24.1723
0.006    -24.0400    -26.3938    -28.3122    -19.9675
0.007    -20.4510    -22.4665    -24.1115    -16.9634
0.008    -17.7593    -19.5210    -20.9609    -14.7086
0.009    -15.6657    -17.2301    -18.5104    -12.9549
0.010    -13.9909    -15.3974    -16.5501    -11.5520
0.011    -12.6206    -13.8979    -14.9462    -10.4041
0.012    -11.4786    -12.6483    -13.6095     -9.4475
0.013    -10.5124    -11.5910    -12.4786     -8.6381
0.014     -9.6841    -10.6847    -11.5092     -7.9443
0.015     -8.9664     -9.8992    -10.6690     -7.3430
0.016     -8.3383     -9.2119     -9.9339     -6.8169
0.017     -7.7841     -8.6055     -9.2852     -6.3527
0.018     -7.2915     -8.0665     -8.7081     -5.9402
0.019     -6.8508     -7.5842     -8.1906     -5.5725
0.020     -6.4541     -7.1501     -7.7248     -5.2417
0.021     -6.0952     -6.7574     -7.3034     -4.9424
0.022     -5.7689     -6.4004     -6.9203     -4.6702
0.023     -5.4710     -6.0744     -6.5705     -4.4218
0.024     -5.1979     -5.7756     -6.2498     -4.1940
0.025     -4.9467     -5.5007     -5.9561     -3.9845
0.026     -4.7148     -5.2469     -5.6851     -3.7911
0.027     -4.5001     -5.0119     -5.4341     -3.6120
0.028     -4.3007     -4.7938     -5.2010     -3.4457
0.029     -4.1151     -4.5906     -4.9840     -3.2909
0.030     -3.9418     -4.4010     -4.7815     -3.1464
0.031     -3.7797     -4.2237     -4.5921     -3.0110
0.032     -3.6278     -4.0574     -4.4145     -2.8837
0.033     -3.4850     -3.9012     -4.2476     -2.7641
0.034     -3.3507     -3.7542     -4.0906     -2.6515
0.035     -3.2240     -3.6156     -3.9425     -2.5453
0.036     -3.1044     -3.4847     -3.8027     -2.4451
0.037     -2.9912     -3.3608     -3.6704     -2.3509
0.038     -2.8840     -3.2435     -3.5451     -2.2616
0.039     -2.7823     -3.1322     -3.4262     -2.1761
0.040     -2.6857     -3.0265     -3.3133     -2.0950
0.041     -2.5938     -2.9259     -3.2059     -2.0177
0.042     -2.5062     -2.8301     -3.1035     -1.9442
0.043     -2.4228     -2.7388     -3.0060     -1.8741
0.044     -2.3431     -2.6516     -2.9129     -1.8071
0.045     -2.2670     -2.5683     -2.8239     -1.7432
0.046     -2.1941     -2.4886     -2.7388     -1.6822
0.047     -2.1244     -2.4123     -2.6571     -1.6238
0.048     -2.0576     -2.3392     -2.5787     -1.5678
0.049     -1.9935     -2.2691     -2.5035     -1.5141
0.050     -1.9320     -2.2017     -2.4313     -1.4625
0.051     -1.8729     -2.1371     -2.3619     -1.4130
0.052     -1.8160     -2.0749     -2.2952     -1.3653
0.053     -1.7613     -2.0150     -2.2310     -1.3195
0.054     -1.7087     -1.9574     -2.1691     -1.2754
0.055     -1.6579     -1.9018     -2.1096     -1.2328
0.056     -1.6090     -1.8483     -2.0521     -1.1918
0.057     -1.5618     -1.7966     -1.9967     -1.1522
0.058     -1.5162     -1.7467     -1.9432     -1.1140
0.059     -1.4721     -1.6985     -1.8915     -1.0771
0.060     -1.4295     -1.6519     -1.8415     -1.0414
0.061     -1.3884     -1.6069     -1.7932     -1.0069
0.062     -1.3485     -1.5632     -1.7464     -0.9735
0.063     -1.3099     -1.5210     -1.7011     -0.9412
0.064     -1.2725     -1.4801     -1.6572     -0.9098
0.065     -1.2363     -1.4405     -1.6147     -0.8795
0.066     -1.2012     -1.4020     -1.5734     -0.8500
0.067     -1.1671     -1.3647     -1.5334     -0.8215
0.068     -1.1340     -1.3285     -1.4946     -0.7937
0.069     -1.1019     -1.2934     -1.4569     -0.7668
0.070     -1.0706     -1.2592     -1.4203     -0.7407
0.071     -1.0403     -1.2260     -1.3847     -0.7153
0.072     -1.0108     -1.1937     -1.3501     -0.6906
0.073     -0.9821     -1.1624     -1.3164     -0.6667
0.074     -0.9542     -1.1318     -1.2836     -0.6434
0.075     -0.9271     -1.1021     -1.2518     -0.6208
0.076     -0.9006     -1.0732     -1.2207     -0.5987
0.077     -0.8749     -1.0450     -1.1905     -0.5772
0.078     -0.8498     -1.0175     -1.1610     -0.5563
0.079     -0.8253     -0.9908     -1.1323     -0.5358
0.080     -0.8015     -0.9647     -1.1043     -0.5157
0.081     -0.7782     -0.9392     -1.0770     -0.4960
0.082     -0.7555     -0.9144     -1.0504     -0.4768
0.083     -0.7334     -0.8901     -1.0244     -0.4581
0.084     -0.7117     -0.8665     -0.9990     -0.4399
0.085     -0.6906     -0.8434     -0.9742     -0.4222
0.086     -0.6700     -0.8208     -0.9500     -0.4051
0.087     -0.6499     -0.7988     -0.9264     -0.3884
0.088     -0.6302     -0.7772     -0.9033     -0.3721
0.089     -0.6109     -0.7562     -0.8807     -0.3561
0.090     -0.5921     -0.7356     -0.8586     -0.3405
0.091     -0.5737     -0.7154     -0.8370     -0.3252
0.092     -0.5557     -0.6957     -0.8159     -0.3101
0.093     -0.5381     -0.6764     -0.7952     -0.2953
0.094     -0.5208     -0.6576     -0.7750     -0.2808
0.095     -0.5040     -0.6391     -0.7551     -0.2666
0.096     -0.4874     -0.6210     -0.7357     -0.2528
0.097     -0.4713     -0.6033     -0.7167     -0.2392
0.098     -0.4554     -0.5860     -0.6981     -0.2259
0.099     -0.4399     -0.5690     -0.6799     -0.2128
0.100     -0.4246     -0.5523     -0.6620     -0.2000
0.101     -0.4097     -0.5360     -0.6445     -0.1875
0.102     -0.3951     -0.5199     -0.6273     -0.1752
0.103     -0.3807     -0.5042     -0.6105     -0.1632
0.104     -0.3667     -0.4888     -0.5942     -0.1514
0.105     -0.3529     -0.4737     -0.5782     -0.1398
0.106     -0.3393     -0.4589     -0.5625     -0.1285
0.107     -0.3260     -0.4444     -0.5472     -0.1174
0.108     -0.3130     -0.4301     -0.5321     -0.1066
0.109     -0.3002     -0.4161     -0.5173     -0.0959
0.110     -0.2876     -0.4023     -0.5027     -0.0854
0.111     -0.2753     -0.3888     -0.4883     -0.0750
0.112     -0.2631     -0.3756     -0.4741     -0.0648
0.113     -0.2512     -0.3625     -0.4600     -0.0548
0.114     -0.2395     -0.3497     -0.4463     -0.0449
0.115     -0.2280     -0.3371     -0.4327     -0.0352
0.116     -0.2167     -0.3248     -0.4194     -0.0257
0.117     -0.2056     -0.3126     -0.4064     -0.0164
0.118     -0.1947     -0.3007     -0.3935     -0.0073
0.119     -0.1840     -0.2889     -0.3809      0.0017
0.120     -0.1734     -0.2774     -0.3685      0.0105
0.121     -0.1630     -0.2660     -0.3563      0.0192
0.122     -0.1528     -0.2548     -0.3442      0.0277
0.123     -0.1428     -0.2439     -0.3324      0.0360
0.124     -0.1329     -0.2330     -0.3208      0.0443
0.125     -0.1232     -0.2224     -0.3093      0.0524
0.126     -0.1136     -0.2119     -0.2981      0.0604
0.127     -0.1042     -0.2016     -0.2870      0.0682
0.128     -0.0949     -0.1915     -0.2761      0.0760
0.129     -0.0858     -0.1815     -0.2653      0.0836
0.130     -0.0768     -0.1716     -0.2549      0.0911
0.131     -0.0679     -0.1620     -0.2446      0.0985
0.132     -0.0592     -0.1524     -0.2344      0.1057
0.133     -0.0506     -0.1430     -0.2244      0.1129
0.134     -0.0422     -0.1338     -0.2146      0.1199
0.135     -0.0338     -0.1247     -0.2048      0.1269
0.136     -0.0256     -0.1157     -0.1951      0.1337
0.137     -0.0175     -0.1068     -0.1855      0.1405
0.138     -0.0096     -0.0981     -0.1761      0.1471
0.139     -0.0017     -0.0895     -0.1668      0.1537
0.140      0.0060     -0.0810     -0.1577      0.1601
0.141      0.0137     -0.0727     -0.1486      0.1665
0.142      0.0212     -0.0644     -0.1397      0.1728
0.143      0.0286     -0.0563     -0.1309      0.1790
0.144      0.0360     -0.0483     -0.1222      0.1851
0.145      0.0432     -0.0404     -0.1137      0.1911
0.146      0.0503     -0.0326     -0.1052      0.1970
0.147      0.0573     -0.0249     -0.0970      0.2029
0.148      0.0642     -0.0173     -0.0888      0.2088
0.149      0.0711     -0.0099     -0.0807      0.2146
0.150      0.0778     -0.0025     -0.0727      0.2204
0.151      0.0845      0.0048     -0.0649      0.2260
0.152      0.0910      0.0120     -0.0571      0.2316
0.153      0.0975      0.0191     -0.0496      0.2370
0.154      0.1039      0.0261     -0.0421      0.2423
0.155      0.1102      0.0330     -0.0347      0.2475
0.156      0.1165      0.0398     -0.0274      0.2527
0.157      0.1226      0.0466     -0.0201      0.2578
0.158      0.1287      0.0532     -0.0130      0.2629
0.159      0.1347      0.0598     -0.0059      0.2678
0.160      0.1406      0.0663      0.0011      0.2727
0.161      0.1465      0.0727      0.0079      0.2776
0.162      0.1523      0.0790      0.0147      0.2825
0.163      0.1580      0.0852      0.0215      0.2874
0.164      0.1636      0.0914      0.0280      0.2921
0.165      0.1692      0.0975      0.0344      0.2969
0.166      0.1747      0.1035      0.0408      0.3015
0.167      0.1801      0.1095      0.0471      0.3061
0.168      0.1855      0.1153      0.0533      0.3107
0.169      0.1908      0.1212      0.0595      0.3152
0.170      0.1960      0.1269      0.0655      0.3196
0.171      0.2012      0.1326      0.0715      0.3240
0.172      0.2064      0.1382      0.0775      0.3283
0.173      0.2114      0.1437      0.0835      0.3326
0.174      0.2164      0.1492      0.0894      0.3369
0.175      0.2214      0.1546      0.0952      0.3411
0.176      0.2263      0.1600      0.1010      0.3452
0.177      0.2311      0.1653      0.1065      0.3493
0.178      0.2359      0.1705      0.1119      0.3533
0.179      0.2406      0.1757      0.1173      0.3573
0.180      0.2453      0.1808      0.1227      0.3613
0.181      0.2499      0.1859      0.1280      0.3651
0.182      0.2545      0.1909      0.1332      0.3690
0.183      0.2590      0.1958      0.1384      0.3728
0.184      0.2635      0.2007      0.1436      0.3765
0.185      0.2679      0.2056      0.1488      0.3802
0.186      0.2723      0.2104      0.1540      0.3839
0.187      0.2767      0.2151      0.1591      0.3875
0.188      0.2809      0.2198      0.1641      0.3910
0.189      0.2852      0.2244      0.1691      0.3945
0.190      0.2894      0.2290      0.1741      0.3979
0.191      0.2935      0.2336      0.1790      0.4015
0.192      0.2976      0.2381      0.1838      0.4050
0.193      0.3017      0.2425      0.1886      0.4084
0.194      0.3057      0.2469      0.1933      0.4119
0.195      0.3097      0.2513      0.1980      0.4153
0.196      0.3137      0.2556      0.2026      0.4186
0.197      0.3176      0.2599      0.2072      0.4218
0.198      0.3214      0.2641      0.2118      0.4250
0.199      0.3253      0.2683      0.2163      0.4282
0.200      0.3290      0.2724      0.2207      0.4313
0.201      0.3328      0.2765      0.2252      0.4344
0.202      0.3365      0.2806      0.2295      0.4375
0.203      0.3402      0.2846      0.2339      0.4405
0.204      0.3438      0.2886      0.2381      0.4436
0.205      0.3474      0.2926      0.2424      0.4465
0.206      0.3510      0.2965      0.2465      0.4495
0.207      0.3545      0.3003      0.2506      0.4524
0.208      0.3580      0.3042      0.2547      0.4553
0.209      0.3615      0.3080      0.2587      0.4582
0.210      0.3649      0.3117      0.2626      0.4610
0.211      0.3683      0.3154      0.2666      0.4638
0.212      0.3717      0.3191      0.2705      0.4666
0.213      0.3750      0.3228      0.2744      0.4694
0.214      0.3784      0.3264      0.2782      0.4721
0.215      0.3816      0.3300      0.2820      0.4748
0.216      0.3849      0.3335      0.2857      0.4775
0.217      0.3881      0.3370      0.2894      0.4801
0.218      0.3913      0.3405      0.2931      0.4828
0.219      0.3944      0.3440      0.2968      0.4854
0.220      0.3976      0.3474      0.3004      0.4880
0.221      0.4007      0.3508      0.3040      0.4906
0.222      0.4037      0.3542      0.3076      0.4932
0.223      0.4068      0.3575      0.3111      0.4957
0.224      0.4098      0.3608      0.3146      0.4982
0.225      0.4128      0.3641      0.3181      0.5006
0.226      0.4158      0.3673      0.3215      0.5031
0.227      0.4187      0.3705      0.3249      0.5055
0.228      0.4216      0.3737      0.3283      0.5079
0.229      0.4245      0.3769      0.3317      0.5103
0.230      0.4274      0.3800      0.3350      0.5127
0.231      0.4302      0.3831      0.3383      0.5152
0.232      0.4330      0.3862      0.3415      0.5176
0.233      0.4358      0.3892      0.3448      0.5199
0.234      0.4386      0.3923      0.3480      0.5223
0.235      0.4413      0.3953      0.3511      0.5246
0.236      0.4440      0.3982      0.3543      0.5269
0.237      0.4467      0.4012      0.3574      0.5292
0.238      0.4494      0.4041      0.3605      0.5315
0.239      0.4520      0.4070      0.3635      0.5338
0.240      0.4547      0.4099      0.3666      0.5360
0.241      0.4573      0.4127      0.3696      0.5382
0.242      0.4599      0.4156      0.3725      0.5404
0.243      0.4624      0.4184      0.3756      0.5426
0.244      0.4650      0.4212      0.3785      0.5448
0.245      0.4675      0.4239      0.3815      0.5469
0.246      0.4700      0.4267      0.3845      0.5491
0.247      0.4725      0.4294      0.3874      0.5512
0.248      0.4749      0.4321      0.3903      0.5533
0.249      0.4774      0.4347      0.3931      0.5554
0.250      0.4798      0.4374      0.3960      0.5574
0.251      0.4822      0.4400      0.3988      0.5595
0.252      0.4846      0.4426      0.4016      0.5615
0.253      0.4869      0.4452      0.4044      0.5635
0.254      0.4893      0.4478      0.4071      0.5655
0.255      0.4916      0.4503      0.4099      0.5675
0.256      0.4939      0.4528      0.4126      0.5695
0.257      0.4962      0.4554      0.4154      0.5714
0.258      0.4985      0.4578      0.4182      0.5734
0.259      0.5007      0.4603      0.4209      0.5753
0.260      0.5030      0.4628      0.4236      0.5772
0.261      0.5052      0.4652      0.4263      0.5791
0.262      0.5074      0.4676      0.4289      0.5810
0.263      0.5096      0.4700      0.4316      0.5828
0.264      0.5118      0.4724      0.4342      0.5847
0.265      0.5139      0.4747      0.4368      0.5865
0.266      0.5161      0.4771      0.4393      0.5883
0.267      0.5182      0.4794      0.4418      0.5901
0.268      0.5203      0.4817      0.4442      0.5919
0.269      0.5224      0.4840      0.4467      0.5936
0.270      0.5244      0.4863      0.4491      0.5954
0.271      0.5265      0.4885      0.4515      0.5971
0.272      0.5286      0.4907      0.4539      0.5988
0.273      0.5306      0.4930      0.4563      0.6005
0.274      0.5326      0.4952      0.4586      0.6022
0.275      0.5346      0.4974      0.4609      0.6039
0.276      0.5366      0.4995      0.4633      0.6055
0.277      0.5386      0.5017      0.4656      0.6072
0.278      0.5405      0.5038      0.4678      0.6088
0.279      0.5425      0.5060      0.4701      0.6105
0.280      0.5444      0.5081      0.4723      0.6121
0.281      0.5463      0.5102      0.4746      0.6137
0.282      0.5482      0.5123      0.4768      0.6153
0.283      0.5501      0.5143      0.4790      0.6169
0.284      0.5520      0.5164      0.4812      0.6184
0.285      0.5538      0.5184      0.4834      0.6200
0.286      0.5557      0.5204      0.4855      0.6216
0.287      0.5575      0.5224      0.4877      0.6231
0.288      0.5593      0.5244      0.4898      0.6246
0.289      0.5612      0.5264      0.4919      0.6261
0.290      0.5630      0.5284      0.4940      0.6276
0.291      0.5647      0.5303      0.4961      0.6291
0.292      0.5665      0.5323      0.4981      0.6306
0.293      0.5683      0.5342      0.5002      0.6320
0.294      0.5700      0.5361      0.5022      0.6335
0.295      0.5718      0.5380      0.5043      0.6349
0.296      0.5735      0.5399      0.5063      0.6363
0.297      0.5752      0.5418      0.5083      0.6377
0.298      0.5769      0.5437      0.5103      0.6392
0.299      0.5786      0.5455      0.5122      0.6406
0.300      0.5803      0.5473      0.5142      0.6419
0.301      0.5819      0.5492      0.5161      0.6433
0.302      0.5836      0.5510      0.5181      0.6447
0.303      0.5853      0.5528      0.5200      0.6461
0.304      0.5869      0.5546      0.5219      0.6474
0.305      0.5885      0.5564      0.5238      0.6488
0.306      0.5901      0.5581      0.5257      0.6501
0.307      0.5917      0.5599      0.5276      0.6514
0.308      0.5933      0.5616      0.5294      0.6527
0.309      0.5949      0.5634      0.5313      0.6540
0.310      0.5965      0.5651      0.5331      0.6554
0.311      0.5980      0.5668      0.5349      0.6566
0.312      0.5996      0.5685      0.5367      0.6579
0.313      0.6011      0.5702      0.5385      0.6592
0.314      0.6027      0.5719      0.5403      0.6605
0.315      0.6042      0.5735      0.5421      0.6617
0.316      0.6057      0.5752      0.5438      0.6630
0.317      0.6072      0.5768      0.5456      0.6642
0.318      0.6087      0.5785      0.5474      0.6655
0.319      0.6102      0.5801      0.5492      0.6667
0.320      0.6117      0.5817      0.5510      0.6680
0.321      0.6131      0.5833      0.5527      0.6693
0.322      0.6146      0.5849      0.5544      0.6705
0.323      0.6161      0.5865      0.5561      0.6718
0.324      0.6175      0.5881      0.5578      0.6729
0.325      0.6189      0.5896      0.5595      0.6741
0.326      0.6203      0.5912      0.5614      0.6753
0.327      0.6218      0.5927      0.5635      0.6764
0.328      0.6232      0.5943      0.5651      0.6776
0.329      0.6246      0.5958      0.5666      0.6787
0.330      0.6260      0.5973      0.5682      0.6799
0.331      0.6273      0.5988      0.5704      0.6810
0.332      0.6287      0.6003      0.5720      0.6822
0.333      0.6301      0.6018      0.5736      0.6833
0.334      0.6314      0.6033      0.5757      0.6844
0.335      0.6328      0.6048      0.5780      0.6854
0.336      0.6341      0.6063      0.5799      0.6865
0.337      0.6354      0.6077      0.5816      0.6870
0.338      0.6368      0.6092      0.5838      0.6866
0.339      0.6381      0.6106      0.5865      0.6871
0.340      0.6394      0.6120      0.5888      0.6879
0.341      0.6407      0.6135      0.5916      0.6890
0.342      0.6420      0.6149      0.5947      0.6893
0.343      0.6433      0.6163      0.5976      0.6901
0.344      0.6445      0.6177      0.6005      0.6901
0.345      0.6458      0.6191      0.6022      0.6907
0.346      0.6471      0.6204      0.6043      0.6912
0.347      0.6483      0.6218      0.6069      0.6908
0.348      0.6496      0.6232      0.6088      0.6905
0.349      0.6508      0.6245      0.6117      0.6904
0.350      0.6521      0.6259      0.6139      0.6901
0.351      0.6531      0.6272      0.6164      0.6901
0.352      0.6528      0.6277      0.6169      0.6882
0.353      0.6525      0.6274      0.6178      0.6867
0.354      0.6522      0.6271      0.6187      0.6855
0.355      0.6519      0.6268      0.6193      0.6840
0.356      0.6516      0.6265      0.6190      0.6841
0.357      0.6513      0.6262      0.6189      0.6838
0.358      0.6510      0.6259      0.6185      0.6826
0.359      0.6507      0.6256      0.6182      0.6830
0.360      0.6504      0.6253      0.6179      0.6822
0.361      0.6501      0.6250      0.6177      0.6817
0.362      0.6498      0.6247      0.6174      0.6818
0.363      0.6495      0.6244      0.6171      0.6819
0.364      0.6491      0.6241      0.6166      0.6817
0.365      0.6488      0.6238      0.6163      0.6820
0.366      0.6485      0.6235      0.6159      0.6820
0.367      0.6482      0.6231      0.6151      0.6821
0.368      0.6479      0.6228      0.6144      0.6818
0.369      0.6476      0.6225      0.6139      0.6816
0.370      0.6473      0.6222      0.6135      0.6814
0.371      0.6469      0.6219      0.6132      0.6812
0.372      0.6466      0.6216      0.6128      0.6810
0.373      0.6463      0.6213      0.6124      0.6807
0.374      0.6460      0.6209      0.6121      0.6805
0.375      0.6457      0.6206      0.6117      0.6803
0.376      0.6453      0.6203      0.6114      0.6800
0.377      0.6450      0.6200      0.6110      0.6798
0.378      0.6447      0.6197      0.6107      0.6796
0.379      0.6444      0.6193      0.6103      0.6793
0.380      0.6440      0.6190      0.6099      0.6790
0.381      0.6437      0.6187      0.6096      0.6787
0.382      0.6434      0.6183      0.6092      0.6784
0.383      0.6431      0.6180      0.6089      0.6781
0.384      0.6427      0.6177      0.6085      0.6777
0.385      0.6424      0.6174      0.6082      0.6774
0.386      0.6421      0.6170      0.6078      0.6771
0.387      0.6417      0.6167      0.6075      0.6768
0.388      0.6414      0.6164      0.6072      0.6765
0.389      0.6411      0.6160      0.6069      0.6761
0.390      0.6407      0.6157      0.6066      0.6758
0.391      0.6404      0.6154      0.6063      0.6755
0.392      0.6400      0.6150      0.6059      0.6752
0.393      0.6397      0.6147      0.6055      0.6749
0.394      0.6394      0.6143      0.6051      0.6747
0.395      0.6390      0.6140      0.6047      0.6744
0.396      0.6387      0.6137      0.6043      0.6741
0.397      0.6383      0.6133      0.6039      0.6738
0.398      0.6380      0.6130      0.6036      0.6735
0.399      0.6376      0.6126      0.6032      0.6732
0.400      0.6373      0.6123      0.6028      0.6729
0.401      0.6369      0.6119      0.6024      0.6726
0.402      0.6366      0.6116      0.6020      0.6723
0.403      0.6362      0.6112      0.6016      0.6720
0.404      0.6359      0.6109      0.6012      0.6716
0.405      0.6355      0.6105      0.6008      0.6712
0.406      0.6352      0.6102      0.6004      0.6709
0.407      0.6348      0.6098      0.6000      0.6706
0.408      0.6344      0.6095      0.5996      0.6702
0.409      0.6341      0.6091      0.5992      0.6698
0.410      0.6337      0.6087      0.5988      0.6694
0.411      0.6334      0.6084      0.5984      0.6690
0.412      0.6330      0.6080      0.5980      0.6686
0.413      0.6326      0.6077      0.5976      0.6682
0.414      0.6323      0.6073      0.5972      0.6678
0.415      0.6319      0.6069      0.5968      0.6674
0.416      0.6315      0.6066      0.5964      0.6672
0.417      0.6312      0.6062      0.5961      0.6670
0.418      0.6308      0.6058      0.5957      0.6668
0.419      0.6304      0.6055      0.5954      0.6665
0.420      0.6300      0.6051      0.5950      0.6663
0.421      0.6297      0.6047      0.5947      0.6661
0.422      0.6293      0.6043      0.5943      0.6658
0.423      0.6289      0.6040      0.5938      0.6655
0.424      0.6285      0.6036      0.5934      0.6652
0.425      0.6282      0.6032      0.5929      0.6648
0.426      0.6278      0.6028      0.5924      0.6645
0.427      0.6274      0.6025      0.5920      0.6642
0.428      0.6270      0.6021      0.5915      0.6639
0.429      0.6266      0.6017      0.5910      0.6635
0.430      0.6262      0.6013      0.5906      0.6631
0.431      0.6259      0.6009      0.5901      0.6626
0.432      0.6255      0.6005      0.5896      0.6623
0.433      0.6251      0.6001      0.5892      0.6620
0.434      0.6247      0.5998      0.5888      0.6617
0.435      0.6243      0.5994      0.5883      0.6613
0.436      0.6239      0.5990      0.5879      0.6609
0.437      0.6235      0.5986      0.5874      0.6605
0.438      0.6231      0.5982      0.5870      0.6601
0.439      0.6227      0.5978      0.5865      0.6597
0.440      0.6223      0.5974      0.5861      0.6593
0.441      0.6219      0.5970      0.5856      0.6589
0.442      0.6215      0.5966      0.5852      0.6585
0.443      0.6211      0.5962      0.5847      0.6583
0.444      0.6207      0.5958      0.5843      0.6580
0.445      0.6203      0.5954      0.5838      0.6578
0.446      0.6199      0.5950      0.5833      0.6575
0.447      0.6195      0.5946      0.5828      0.6571
0.448      0.6190      0.5942      0.5823      0.6567
0.449      0.6186      0.5937      0.5819      0.6563
0.450      0.6182      0.5933      0.5814      0.6559
0.451      0.6178      0.5929      0.5809      0.6555
0.452      0.6174      0.5925      0.5804      0.6550
0.453      0.6170      0.5921      0.5799      0.6546
0.454      0.6165      0.5917      0.5794      0.6542
0.455      0.6161      0.5912      0.5790      0.6538
0.456      0.6157      0.5908      0.5785      0.6534
0.457      0.6153      0.5904      0.5780      0.6530
0.458      0.6148      0.5900      0.5776      0.6526
0.459      0.6144      0.5895      0.5771      0.6522
0.460      0.6140      0.5891      0.5766      0.6518
0.461      0.6135      0.5887      0.5762      0.6513
0.462      0.6131      0.5883      0.5757      0.6509
0.463      0.6127      0.5878      0.5752      0.6505
0.464      0.6122      0.5874      0.5748      0.6501
0.465      0.6118      0.5870      0.5743      0.6498
0.466      0.6114      0.5865      0.5737      0.6494
0.467      0.6109      0.5861      0.5732      0.6491
0.468      0.6105      0.5856      0.5726      0.6487
0.469      0.6100      0.5852      0.5720      0.6483
0.470      0.6096      0.5847      0.5715      0.6480
0.471      0.6091      0.5843      0.5709      0.6476
0.472      0.6087      0.5839      0.5705      0.6473
0.473      0.6082      0.5834      0.5701      0.6469
0.474      0.6078      0.5830      0.5697      0.6464
0.475      0.6073      0.5825      0.5693      0.6459
0.476      0.6069      0.5820      0.5689      0.6456
0.477      0.6064      0.5816      0.5683      0.6452
0.478      0.6059      0.5811      0.5678      0.6448
0.479      0.6055      0.5807      0.5673      0.6445
0.480      0.6050      0.5802      0.5668      0.6441
0.481      0.6046      0.5797      0.5663      0.6437
0.482      0.6041      0.5793      0.5658      0.6432
0.483      0.6036      0.5788      0.5652      0.6428
0.484      0.6031      0.5783      0.5647      0.6424
0.485      0.6027      0.5779      0.5642      0.6419
0.486      0.6022      0.5774      0.5636      0.6415
0.487      0.6017      0.5769      0.5631      0.6411
0.488      0.6012      0.5765      0.5626      0.6406
0.489      0.6008      0.5760      0.5620      0.6402
0.490      0.6003      0.5755      0.5615      0.6397
0.491      0.5998      0.5750      0.5608      0.6393
0.492      0.5993      0.5745      0.5602      0.6389
0.493      0.5988      0.5740      0.5597      0.6386
0.494      0.5983      0.5736      0.5592      0.6382
0.495      0.5978      0.5731      0.5587      0.6378
0.496      0.5973      0.5726      0.5582      0.6374
0.497      0.5968      0.5721      0.5576      0.6370
0.498      0.5963      0.5716      0.5570      0.6365
0.499      0.5958      0.5711      0.5564      0.6361
0.500      0.5953      0.5706      0.5558      0.6356
0.501      0.5948      0.5701      0.5552      0.6351
0.502      0.5943      0.5696      0.5546      0.6347
0.503      0.5938      0.5691      0.5540      0.6342
0.504      0.5933      0.5686      0.5534      0.6337
0.505      0.5928      0.5681      0.5528      0.6334
0.506      0.5923      0.5676      0.5522      0.6331
0.507      0.5918      0.5670      0.5515      0.6326
0.508      0.5913      0.5665      0.5509      0.6321
0.509      0.5907      0.5660      0.5503      0.6317
0.510      0.5902      0.5655      0.5497      0.6312
0.511      0.5897      0.5650      0.5491      0.6307
0.512      0.5892      0.5644      0.5484      0.6302
0.513      0.5886      0.5639      0.5478      0.6299
0.514      0.5881      0.5634      0.5472      0.6294
0.515      0.5876      0.5629      0.5465      0.6289
0.516      0.5870      0.5623      0.5459      0.6284
0.517      0.5865      0.5618      0.5453      0.6281
0.518      0.5859      0.5613      0.5446      0.6276
0.519      0.5854      0.5607      0.5440      0.6271
0.520      0.5849      0.5602      0.5433      0.6266
0.521      0.5843      0.5596      0.5427      0.6262
0.522      0.5838      0.5591      0.5420      0.6257
0.523      0.5832      0.5585      0.5413      0.6252
0.524      0.5827      0.5580      0.5407      0.6247
0.525      0.5821      0.5574      0.5400      0.6242
0.526      0.5815      0.5569      0.5393      0.6237
0.527      0.5810      0.5563      0.5386      0.6232
0.528      0.5804      0.5558      0.5379      0.6227
0.529      0.5799      0.5552      0.5372      0.6222
0.530      0.5793      0.5546      0.5366      0.6218
0.531      0.5787      0.5541      0.5360      0.6214
0.532      0.5781      0.5535      0.5353      0.6210
0.533      0.5776      0.5529      0.5345      0.6205
0.534      0.5770      0.5523      0.5338      0.6201
0.535      0.5764      0.5518      0.5331      0.6196
0.536      0.5758      0.5512      0.5323      0.6191
0.537      0.5752      0.5506      0.5316      0.6186
0.538      0.5746      0.5500      0.5309      0.6181
0.539      0.5741      0.5494      0.5301      0.6176
0.540      0.5735      0.5488      0.5296      0.6171
0.541      0.5729      0.5482      0.5291      0.6166
0.542      0.5723      0.5477      0.5283      0.6161
0.543      0.5717      0.5471      0.5276      0.6156
0.544      0.5711      0.5465      0.5269      0.6152
0.545      0.5705      0.5459      0.5262      0.6147
0.546      0.5699      0.5452      0.5255      0.6142
0.547      0.5692      0.5446      0.5247      0.6136
0.548      0.5686      0.5440      0.5240      0.6131
0.549      0.5680      0.5434      0.5234      0.6126
0.550      0.5674      0.5428      0.5227      0.6122
0.551      0.5668      0.5422      0.5220      0.6117
0.552      0.5661      0.5416      0.5214      0.6111
0.553      0.5655      0.5409      0.5206      0.6106
0.554      0.5649      0.5403      0.5198      0.6101
0.555      0.5642      0.5397      0.5191      0.6096
0.556      0.5636      0.5390      0.5184      0.6091
0.557      0.5630      0.5384      0.5177      0.6086
0.558      0.5623      0.5378      0.5170      0.6080
0.559      0.5617      0.5371      0.5163      0.6075
0.560      0.5610      0.5365      0.5156      0.6070
0.561      0.5604      0.5358      0.5148      0.6065
0.562      0.5597      0.5352      0.5141      0.6060
0.563      0.5591      0.5345      0.5135      0.6056
0.564      0.5584      0.5339      0.5128      0.6051
0.565      0.5577      0.5332      0.5121      0.6045
0.566      0.5571      0.5326      0.5113      0.6040
0.567      0.5564      0.5319      0.5105      0.6035
0.568      0.5557      0.5312      0.5097      0.6030
0.569      0.5551      0.5305      0.5089      0.6026
0.570      0.5544      0.5299      0.5081      0.6020
0.571      0.5537      0.5292      0.5073      0.6014
0.572      0.5530      0.5285      0.5065      0.6007
0.573      0.5523      0.5278      0.5058      0.6001
0.574      0.5516      0.5271      0.5050      0.5995
0.575      0.5509      0.5265      0.5042      0.5989
0.576      0.5502      0.5258      0.5034      0.5983
0.577      0.5495      0.5251      0.5027      0.5978
0.578      0.5488      0.5244      0.5019      0.5971
0.579      0.5481      0.5237      0.5011      0.5965
0.580      0.5474      0.5229      0.5003      0.5960
0.581      0.5467      0.5222      0.4995      0.5955
0.582      0.5460      0.5215      0.4987      0.5948
0.583      0.5453      0.5208      0.4979      0.5941
0.584      0.5445      0.5201      0.4971      0.5933
0.585      0.5438      0.5194      0.4963      0.5926
0.586      0.5431      0.5186      0.4954      0.5919
0.587      0.5423      0.5179      0.4946      0.5913
0.588      0.5416      0.5172      0.4938      0.5907
0.589      0.5409      0.5164      0.4930      0.5901
0.590      0.5401      0.5157      0.4921      0.5895
0.591      0.5394      0.5149      0.4913      0.5889
0.592      0.5386      0.5142      0.4905      0.5882
0.593      0.5379      0.5134      0.4896      0.5875
0.594      0.5371      0.5127      0.4888      0.5868
0.595      0.5363      0.5119      0.4879      0.5861
0.596      0.5356      0.5112      0.4870      0.5853
0.597      0.5348      0.5104      0.4861      0.5846
0.598      0.5340      0.5096      0.4851      0.5838
0.599      0.5332      0.5088      0.4842      0.5831
0.600      0.5324      0.5081      0.4832      0.5824
0.601      0.5317      0.5073      0.4823      0.5817
0.602      0.5309      0.5065      0.4813      0.5811
0.603      0.5301      0.5057      0.4804      0.5805
0.604      0.5293      0.5049      0.4796      0.5799
0.605      0.5285      0.5041      0.4787      0.5793
0.606      0.5277      0.5033      0.4776      0.5787
0.607      0.5268      0.5025      0.4765      0.5780
0.608      0.5260      0.5017      0.4755      0.5774
0.609      0.5252      0.5009      0.4745      0.5768
0.610      0.5244      0.5000      0.4735      0.5762
0.611      0.5235      0.4992      0.4725      0.5755
0.612      0.5227      0.4984      0.4715      0.5749
0.613      0.5219      0.4976      0.4705      0.5742
0.614      0.5210      0.4967      0.4695      0.5736
0.615      0.5202      0.4959      0.4685      0.5729
0.616      0.5193      0.4950      0.4674      0.5723
0.617      0.5185      0.4942      0.4664      0.5716
0.618      0.5176      0.4933      0.4654      0.5708
0.619      0.5168      0.4925      0.4643      0.5701
0.620      0.5159      0.4916      0.4633      0.5694
0.621      0.5150      0.4907      0.4621      0.5687
0.622      0.5141      0.4899      0.4610      0.5680
0.623      0.5133      0.4890      0.4599      0.5672
0.624      0.5124      0.4881      0.4589      0.5665
0.625      0.5115      0.4872      0.4579      0.5657
0.626      0.5106      0.4863      0.4569      0.5650
0.627      0.5097      0.4854      0.4558      0.5643
0.628      0.5088      0.4845      0.4547      0.5635
0.629      0.5079      0.4836      0.4537      0.5627
0.630      0.5069      0.4827      0.4527      0.5620
0.631      0.5060      0.4818      0.4517      0.5613
0.632      0.5051      0.4809      0.4507      0.5607
0.633      0.5042      0.4799      0.4497      0.5601
0.634      0.5032      0.4790      0.4486      0.5594
0.635      0.5023      0.4781      0.4476      0.5587
0.636      0.5013      0.4771      0.4465      0.5579
0.637      0.5004      0.4762      0.4454      0.5571
0.638      0.4994      0.4752      0.4443      0.5562
0.639      0.4985      0.4743      0.4432      0.5554
0.640      0.4975      0.4733      0.4422      0.5546
0.641      0.4965      0.4724      0.4411      0.5537
0.642      0.4955      0.4714      0.4400      0.5529
0.643      0.4946      0.4704      0.4388      0.5520
0.644      0.4936      0.4694      0.4377      0.5512
0.645      0.4926      0.4684      0.4365      0.5503
0.646      0.4916      0.4674      0.4353      0.5494
0.647      0.4906      0.4664      0.4341      0.5486
0.648      0.4896      0.4654      0.4329      0.5477
0.649      0.4885      0.4644      0.4317      0.5469
0.650      0.4875      0.4634      0.4306      0.5461
0.651      0.4865      0.4624      0.4295      0.5453
0.652      0.4854      0.4613      0.4283      0.5445
0.653      0.4844      0.4603      0.4272      0.5438
0.654      0.4834      0.4593      0.4261      0.5430
0.655      0.4823      0.4582      0.4250      0.5422
0.656      0.4812      0.4572      0.4237      0.5414
0.657      0.4802      0.4561      0.4225      0.5406
0.658      0.4791      0.4550      0.4213      0.5397
0.659      0.4780      0.4540      0.4199      0.5389
0.660      0.4769      0.4529      0.4186      0.5381
0.661      0.4758      0.4518      0.4172      0.5373
0.662      0.4747      0.4507      0.4158      0.5364
0.663      0.4736      0.4496      0.4144      0.5355
0.664      0.4725      0.4485      0.4130      0.5345
0.665      0.4714      0.4474      0.4116      0.5336
0.666      0.4703      0.4463      0.4102      0.5326
0.667      0.4692      0.4452      0.4087      0.5317
0.668      0.4680      0.4440      0.4073      0.5307
0.669      0.4669      0.4429      0.4059      0.5298
0.670      0.4657      0.4417      0.4044      0.5288
0.671      0.4646      0.4406      0.4030      0.5278
0.672      0.4634      0.4394      0.4015      0.5269
0.673      0.4622      0.4383      0.4001      0.5259
0.674      0.4610      0.4371      0.3987      0.5249
0.675      0.4599      0.4359      0.3972      0.5241
0.676      0.4587      0.4347      0.3958      0.5233
0.677      0.4575      0.4335      0.3944      0.5225
0.678      0.4563      0.4323      0.3929      0.5217
0.679      0.4550      0.4311      0.3914      0.5209
0.680      0.4538      0.4299      0.3900      0.5200
0.681      0.4526      0.4287      0.3886      0.5192
0.682      0.4513      0.4274      0.3873      0.5184
0.683      0.4501      0.4262      0.3860      0.5175
0.684      0.4488      0.4250      0.3847      0.5167
0.685      0.4476      0.4237      0.3834      0.5158
0.686      0.4463      0.4224      0.3821      0.5149
0.687      0.4450      0.4212      0.3807      0.5138
0.688      0.4437      0.4199      0.3794      0.5127
0.689      0.4424      0.4186      0.3779      0.5116
0.690      0.4411      0.4173      0.3761      0.5105
0.691      0.4398      0.4160      0.3743      0.5095
0.692      0.4385      0.4147      0.3725      0.5083
0.693      0.4372      0.4133      0.3707      0.5071
0.694      0.4358      0.4120      0.3689      0.5059
0.695      0.4345      0.4107      0.3672      0.5047
0.696      0.4331      0.4093      0.3657      0.5035
0.697      0.4318      0.4080      0.3641      0.5023
0.698      0.4304      0.4066      0.3626      0.5011
0.699      0.4290      0.4052      0.3610      0.4999
0.700      0.4276      0.4038      0.3594      0.4987
0.701      0.4262      0.4024      0.3578      0.4974
0.702      0.4248      0.4010      0.3562      0.4963
0.703      0.4234      0.3996      0.3546      0.4952
0.704      0.4219      0.3982      0.3529      0.4941
0.705      0.4205      0.3968      0.3511      0.4930
0.706      0.4190      0.3953      0.3494      0.4920
0.707      0.4176      0.3939      0.3476      0.4908
0.708      0.4161      0.3924      0.3457      0.4897
0.709      0.4146      0.3910      0.3439      0.4886
0.710      0.4131      0.3895      0.3422      0.4875
0.711      0.4116      0.3880      0.3405      0.4864
0.712      0.4101      0.3865      0.3388      0.4853
0.713      0.4086      0.3850      0.3371      0.4842
0.714      0.4071      0.3834      0.3354      0.4830
0.715      0.4055      0.3819      0.3336      0.4819
0.716      0.4040      0.3804      0.3317      0.4808
0.717      0.4024      0.3788      0.3298      0.4796
0.718      0.4008      0.3772      0.3278      0.4784
0.719      0.3992      0.3757      0.3258      0.4771
0.720      0.3977      0.3741      0.3239      0.4758
0.721      0.3960      0.3725      0.3219      0.4745
0.722      0.3944      0.3709      0.3198      0.4733
0.723      0.3928      0.3692      0.3178      0.4720
0.724      0.3911      0.3676      0.3158      0.4706
0.725      0.3895      0.3659      0.3137      0.4693
0.726      0.3878      0.3643      0.3117      0.4679
0.727      0.3861      0.3626      0.3097      0.4666
0.728      0.3844      0.3609      0.3077      0.4654
0.729      0.3827      0.3592      0.3057      0.4642
0.730      0.3810      0.3575      0.3037      0.4631
0.731      0.3793      0.3558      0.3017      0.4618
0.732      0.3775      0.3541      0.2996      0.4605
0.733      0.3758      0.3523      0.2976      0.4590
0.734      0.3740      0.3506      0.2955      0.4575
0.735      0.3722      0.3488      0.2934      0.4560
0.736      0.3704      0.3470      0.2913      0.4545
0.737      0.3686      0.3452      0.2892      0.4530
0.738      0.3668      0.3434      0.2871      0.4515
0.739      0.3649      0.3416      0.2849      0.4500
0.740      0.3631      0.3397      0.2827      0.4484
0.741      0.3612      0.3379      0.2804      0.4469
0.742      0.3593      0.3360      0.2781      0.4453
0.743      0.3574      0.3341      0.2758      0.4437
0.744      0.3555      0.3322      0.2735      0.4422
0.745      0.3536      0.3303      0.2712      0.4406
0.746      0.3517      0.3283      0.2688      0.4389
0.747      0.3497      0.3264      0.2664      0.4376
0.748      0.3477      0.3244      0.2640      0.4363
0.749      0.3457      0.3225      0.2616      0.4349
0.750      0.3437      0.3205      0.2591      0.4336
0.751      0.3417      0.3185      0.2568      0.4319
0.752      0.3397      0.3164      0.2544      0.4303
0.753      0.3376      0.3144      0.2520      0.4286
0.754      0.3356      0.3123      0.2495      0.4270
0.755      0.3335      0.3103      0.2471      0.4253
0.756      0.3314      0.3082      0.2446      0.4236
0.757      0.3292      0.3061      0.2421      0.4218
0.758      0.3271      0.3039      0.2396      0.4201
0.759      0.3249      0.3018      0.2371      0.4183
0.760      0.3228      0.2996      0.2345      0.4164
0.761      0.3206      0.2974      0.2320      0.4146
0.762      0.3184      0.2952      0.2294      0.4128
0.763      0.3161      0.2930      0.2267      0.4109
0.764      0.3139      0.2908      0.2241      0.4090
0.765      0.3116      0.2885      0.2214      0.4072
0.766      0.3093      0.2863      0.2187      0.4052
0.767      0.3070      0.2840      0.2160      0.4033
0.768      0.3047      0.2817      0.2134      0.4014
0.769      0.3023      0.2793      0.2107      0.3994
0.770      0.3000      0.2770      0.2079      0.3975
0.771      0.2976      0.2746      0.2051      0.3955
0.772      0.2952      0.2722      0.2022      0.3935
0.773      0.2927      0.2698      0.1993      0.3914
0.774      0.2903      0.2673      0.1964      0.3894
0.775      0.2878      0.2649      0.1935      0.3873
0.776      0.2853      0.2624      0.1906      0.3853
0.777      0.2828      0.2599      0.1876      0.3834
0.778      0.2803      0.2574      0.1846      0.3816
0.779      0.2777      0.2548      0.1815      0.3795
0.780      0.2751      0.2523      0.1784      0.3774
0.781      0.2725      0.2497      0.1752      0.3753
0.782      0.2699      0.2470      0.1720      0.3732
0.783      0.2672      0.2444      0.1688      0.3711
0.784      0.2645      0.2417      0.1656      0.3689
0.785      0.2618      0.2390      0.1623      0.3667
0.786      0.2591      0.2363      0.1590      0.3645
0.787      0.2563      0.2336      0.1556      0.3624
0.788      0.2535      0.2308      0.1523      0.3604
0.789      0.2507      0.2280      0.1489      0.3584
0.790      0.2479      0.2252      0.1454      0.3563
0.791      0.2450      0.2223      0.1420      0.3540
0.792      0.2421      0.2195      0.1385      0.3516
0.793      0.2392      0.2166      0.1349      0.3493
0.794      0.2363      0.2136      0.1314      0.3469
0.795      0.2333      0.2107      0.1277      0.3445
0.796      0.2303      0.2077      0.1242      0.3421
0.797      0.2272      0.2046      0.1205      0.3396
0.798      0.2242      0.2016      0.1169      0.3371
0.799      0.2211      0.1985      0.1133      0.3346
0.800      0.2179      0.1954      0.1096      0.3321
0.801      0.2148      0.1923      0.1060      0.3296
0.802      0.2116      0.1891      0.1023      0.3273
0.803      0.2084      0.1859      0.0985      0.3250
0.804      0.2051      0.1826      0.0945      0.3227
0.805      0.2018      0.1794      0.0905      0.3204
0.806      0.1985      0.1761      0.0867      0.3181
0.807      0.1951      0.1727      0.0828      0.3152
0.808      0.1917      0.1694      0.0790      0.3122
0.809      0.1883      0.1659      0.0750      0.3091
0.810      0.1848      0.1625      0.0709      0.3060
0.811      0.1813      0.1590      0.0668      0.3029
0.812      0.1778      0.1555      0.0627      0.2998
0.813      0.1742      0.1519      0.0585      0.2968
0.814      0.1706      0.1483      0.0542      0.2939
0.815      0.1669      0.1447      0.0498      0.2910
0.816      0.1632      0.1410      0.0452      0.2880
0.817      0.1595      0.1373      0.0406      0.2850
0.818      0.1557      0.1336      0.0360      0.2819
0.819      0.1519      0.1298      0.0314      0.2789
0.820      0.1480      0.1259      0.0269      0.2757
0.821      0.1441      0.1220      0.0223      0.2726
0.822      0.1402      0.1181      0.0176      0.2694
0.823      0.1362      0.1142      0.0129      0.2662
0.824      0.1322      0.1101      0.0081      0.2629
0.825      0.1281      0.1061      0.0032      0.2596
0.826      0.1239      0.1020     -0.0018      0.2563
0.827      0.1198      0.0978     -0.0069      0.2532
0.828      0.1155      0.0936     -0.0120      0.2501
0.829      0.1113      0.0894     -0.0172      0.2466
0.830      0.1069      0.0851     -0.0224      0.2431
0.831      0.1025      0.0807     -0.0278      0.2398
0.832      0.0981      0.0763     -0.0331      0.2365
0.833      0.0936      0.0718     -0.0386      0.2331
0.834      0.0891      0.0673     -0.0441      0.2297
0.835      0.0845      0.0628     -0.0495      0.2262
0.836      0.0799      0.0581     -0.0550      0.2228
0.837      0.0751      0.0535     -0.0606      0.2192
0.838      0.0704      0.0487     -0.0663      0.2156
0.839      0.0656      0.0439     -0.0720      0.2120
0.840      0.0607      0.0391     -0.0778      0.2083
0.841      0.0557      0.0342     -0.0838      0.2043
0.842      0.0507      0.0292     -0.0898      0.2003
0.843      0.0456      0.0241     -0.0960      0.1965
0.844      0.0405      0.0190     -0.1021      0.1926
0.845      0.0353      0.0139     -0.1084      0.1887
0.846      0.0300      0.0086     -0.1148      0.1847
0.847      0.0247      0.0033     -0.1212      0.1807
0.848      0.0193     -0.0021     -0.1277      0.1766
0.849      0.0138     -0.0075     -0.1343      0.1725
0.850      0.0083     -0.0130     -0.1410      0.1683
0.851      0.0026     -0.0186     -0.1478      0.1641
0.852     -0.0031     -0.0243     -0.1547      0.1597
0.853     -0.0089     -0.0300     -0.1617      0.1554
0.854     -0.0147     -0.0359     -0.1687      0.1510
0.855     -0.0207     -0.0418     -0.1759      0.1465
0.856     -0.0267     -0.0478     -0.1831      0.1419
0.857     -0.0328     -0.0538     -0.1905      0.1373
0.858     -0.0390     -0.0600     -0.1980      0.1324
0.859     -0.0453     -0.0662     -0.2056      0.1274
0.860     -0.0517     -0.0726     -0.2132      0.1224
0.861     -0.0581     -0.0790     -0.2210      0.1172
0.862     -0.0647     -0.0855     -0.2289      0.1120
0.863     -0.0713     -0.0921     -0.2370      0.1067
0.864     -0.0781     -0.0989     -0.2451      0.1013
0.865     -0.0849     -0.1057     -0.2534      0.0958
0.866     -0.0919     -0.1126     -0.2617      0.0903
0.867     -0.0989     -0.1196     -0.2702      0.0848
0.868     -0.1061     -0.1267     -0.2787      0.0793
0.869     -0.1134     -0.1340     -0.2874      0.0738
0.870     -0.1208     -0.1413     -0.2965      0.0682
0.871     -0.1283     -0.1488     -0.3056      0.0622
0.872     -0.1359     -0.1563     -0.3148      0.0560
0.873     -0.1436     -0.1640     -0.3241      0.0497
0.874     -0.1515     -0.1718     -0.3336      0.0432
0.875     -0.1595     -0.1798     -0.3432      0.0367
0.876     -0.1676     -0.1878     -0.3530      0.0301
0.877     -0.1759     -0.1960     -0.3629      0.0234
0.878     -0.1842     -0.2044     -0.3730      0.0166
0.879     -0.1928     -0.2128     -0.3833      0.0099
0.880     -0.2014     -0.2215     -0.3938      0.0032
0.881     -0.2102     -0.2302     -0.4044     -0.0036
0.882     -0.2192     -0.2391     -0.4152     -0.0105
0.883     -0.2283     -0.2482     -0.4262     -0.0176
0.884     -0.2376     -0.2574     -0.4373     -0.0247
0.885     -0.2470     -0.2668     -0.4487     -0.0320
0.886     -0.2566     -0.2763     -0.4603     -0.0394
0.887     -0.2664     -0.2860     -0.4720     -0.0470
0.888     -0.2763     -0.2959     -0.4841     -0.0546
0.889     -0.2864     -0.3060     -0.4964     -0.0624
0.890     -0.2967     -0.3162     -0.5090     -0.0704
0.891     -0.3072     -0.3266     -0.5218     -0.0785
0.892     -0.3179     -0.3373     -0.5349     -0.0868
0.893     -0.3288     -0.3481     -0.5482     -0.0952
0.894     -0.3399     -0.3591     -0.5617     -0.1037
0.895     -0.3512     -0.3703     -0.5755     -0.1125
0.896     -0.3627     -0.3818     -0.5896     -0.1213
0.897     -0.3745     -0.3935     -0.6039     -0.1304
0.898     -0.3864     -0.4054     -0.6185     -0.1397
0.899     -0.3986     -0.4175     -0.6333     -0.1491
0.900     -0.4111     -0.4299     -0.6482     -0.1587
0.901     -0.4238     -0.4425     -0.6635     -0.1685
0.902     -0.4368     -0.4554     -0.6790     -0.1785
0.903     -0.4500     -0.4686     -0.6949     -0.1886
0.904     -0.4635     -0.4820     -0.7111     -0.1988
0.905     -0.4773     -0.4957     -0.7277     -0.2092
0.906     -0.4914     -0.5097     -0.7446     -0.2198
0.907     -0.5058     -0.5240     -0.7619     -0.2306
0.908     -0.5205     -0.5386     -0.7795     -0.2417
0.909     -0.5355     -0.5536     -0.7976     -0.2530
0.910     -0.5509     -0.5689     -0.8160     -0.2646
0.911     -0.5666     -0.5845     -0.8349     -0.2764
0.912     -0.5826     -0.6004     -0.8541     -0.2886
0.913     -0.5991     -0.6168     -0.8739     -0.3009
0.914     -0.6159     -0.6335     -0.8940     -0.3136
0.915     -0.6331     -0.6506     -0.9147     -0.3266
0.916     -0.6507     -0.6681     -0.9358     -0.3399
0.917     -0.6688     -0.6860     -0.9575     -0.3540
0.918     -0.6873     -0.7044     -0.9797     -0.3685
0.919     -0.7062     -0.7233     -1.0027     -0.3833
0.920     -0.7256     -0.7426     -1.0264     -0.3985
0.921     -0.7455     -0.7623     -1.0507     -0.4141
0.922     -0.7659     -0.7826     -1.0752     -0.4301
0.923     -0.7869     -0.8035     -1.1001     -0.4463
0.924     -0.8084     -0.8248     -1.1258     -0.4627
0.925     -0.8304     -0.8468     -1.1521     -0.4795
0.926     -0.8531     -0.8693     -1.1793     -0.4968
0.927     -0.8764     -0.8925     -1.2075     -0.5146
0.928     -0.9003     -0.9162     -1.2365     -0.5328
0.929     -0.9249     -0.9407     -1.2663     -0.5516
0.930     -0.9503     -0.9659     -1.2969     -0.5709
0.931     -0.9763     -0.9918     -1.3284     -0.5907
0.932     -1.0031     -1.0184     -1.3609     -0.6112
0.933     -1.0307     -1.0459     -1.3943     -0.6327
0.934     -1.0592     -1.0742     -1.4287     -0.6553
0.935     -1.0885     -1.1033     -1.4642     -0.6785
0.936     -1.1187     -1.1334     -1.5008     -0.7025
0.937     -1.1499     -1.1644     -1.5386     -0.7272
0.938     -1.1822     -1.1964     -1.5776     -0.7527
0.939     -1.2154     -1.2295     -1.6173     -0.7791
0.940     -1.2498     -1.2636     -1.6581     -0.8063
0.941     -1.2853     -1.2990     -1.7004     -0.8337
0.942     -1.3221     -1.3355     -1.7447     -0.8621
0.943     -1.3602     -1.3733     -1.7911     -0.8915
0.944     -1.3996     -1.4125     -1.8391     -0.9219
0.945     -1.4404     -1.4531     -1.8889     -0.9540
0.946     -1.4828     -1.4952     -1.9394     -0.9867
0.947     -1.5267     -1.5389     -1.9917     -1.0207
0.948     -1.5724     -1.5843     -2.0462     -1.0559
0.949     -1.6198     -1.6315     -2.1033     -1.0925
0.950     -1.6691     -1.6805     -2.1628     -1.1304
0.951     -1.7205     -1.7316     -2.2247     -1.1697
0.952     -1.7740     -1.7847     -2.2892     -1.2110
0.953     -1.8298     -1.8402     -2.3564     -1.2541
0.954     -1.8879     -1.8980     -2.4265     -1.2990
0.955     -1.9487     -1.9584     -2.4998     -1.3459
0.956     -2.0122     -2.0216     -2.5764     -1.3950
0.957     -2.0787     -2.0877     -2.6565     -1.4463
0.958     -2.1484     -2.1569     -2.7405     -1.5001
0.959     -2.2215     -2.2296     -2.8285     -1.5565
0.960     -2.2982     -2.3058     -2.9210     -1.6158
0.961     -2.3788     -2.3860     -3.0182     -1.6780
0.962     -2.4637     -2.4704     -3.1205     -1.7436
0.963     -2.5532     -2.5593     -3.2283     -1.8127
0.964     -2.6476     -2.6532     -3.3422     -1.8856
0.965     -2.7475     -2.7525     -3.4625     -1.9627
0.966     -2.8532     -2.8576     -3.5899     -2.0443
0.967     -2.9653     -2.9690     -3.7251     -2.1309
0.968     -3.0845     -3.0874     -3.8687     -2.2229
0.969     -3.2113     -3.2135     -4.0215     -2.3208
0.970     -3.3465     -3.3480     -4.1846     -2.4253
0.971     -3.4912     -3.4918     -4.3576     -2.5369
0.972     -3.6461     -3.6458     -4.5428     -2.6565
0.973     -3.8125     -3.8112     -4.7439     -2.7850
0.974     -3.9917     -3.9893     -4.9604     -2.9234
0.975     -4.1852     -4.1817     -5.1942     -3.0728
0.976     -4.3949     -4.3902     -5.4476     -3.2348
0.977     -4.6228     -4.6167     -5.7229     -3.4107
0.978     -4.8715     -4.8639     -6.0226     -3.6027
0.979     -5.1438     -5.1346     -6.3508     -3.8129
0.980     -5.4433     -5.4323     -6.7118     -4.0442
0.981     -5.7744     -5.7615     -7.1123     -4.2999
0.982     -6.1422     -6.1272     -7.5574     -4.5839
0.983     -6.5533     -6.5358     -8.0549     -4.9013
0.984     -7.0159     -6.9956     -8.6143     -5.2584
0.985     -7.5401     -7.5167     -9.2476     -5.6632
0.986     -8.1392     -8.1122     -9.9709     -6.1258
0.987     -8.8304     -8.7994    -10.8042     -6.6594
0.988     -9.6368     -9.6011    -11.7765     -7.2822
0.989    -10.5899    -10.5485    -12.9255     -8.0180
0.990    -11.7336    -11.6855    -14.3043     -8.9012
0.991    -13.1315    -13.0750    -15.9895     -9.9804
0.992    -14.8787    -14.8120    -18.0988    -11.3294
0.993    -17.1253    -17.0452    -20.8131    -13.0639
0.994    -20.1205    -20.0230    -24.4318    -15.3766
0.995    -24.3144    -24.1919    -29.4986    -18.6141
0.996    -30.6044    -30.4448    -37.0950    -23.4706
0.997    -41.0884    -40.8672    -49.7457    -31.5644
0.998    -62.0570    -61.7104    -75.0508    -47.7545
0.999   -124.9664   -124.2467   -150.9594    -96.3295
