0.001    -90.3826    -41.1466   -110.4551    -70.9143
0.002    -44.7009    -20.1885    -54.7208    -34.9981
0.003    -29.4737    -13.2025    -36.1427    -23.0261
0.004    -21.8600     -9.7094    -26.8537    -17.0401
0.005    -17.2919     -7.6136    -21.2802    -13.4485
0.006    -14.2464     -6.2164    -17.5625    -11.0541
0.007    -12.0711     -5.2184    -14.9056     -9.3370
0.008    -10.4396     -4.4699    -12.9199     -8.0446
0.009     -9.1707     -3.8878    -11.3719     -7.0395
0.010     -8.1555     -3.4220    -10.1333     -6.2384
0.011     -7.3249     -3.0410     -9.1200     -5.5863
0.012     -6.6328     -2.7234     -8.2755     -5.0429
0.013     -6.0471     -2.4547     -7.5610     -4.5831
0.014     -5.5451     -2.2244     -6.9485     -4.1890
0.015     -5.1101     -2.0248     -6.4177     -3.8474
0.016     -4.7294     -1.8502     -5.9533     -3.5485
0.017     -4.3935     -1.6961     -5.5435     -3.2819
0.018     -4.0949     -1.5591     -5.1792     -3.0447
0.019     -3.8278     -1.4365     -4.8533     -2.8325
0.020     -3.5873     -1.3262     -4.5599     -2.6415
0.021     -3.3698     -1.2264     -4.2945     -2.4702
0.022     -3.1720     -1.1357     -4.0532     -2.3151
0.023     -2.9915     -1.0529     -3.8329     -2.1734
0.024     -2.8260     -0.9769     -3.6310     -2.0435
0.025     -2.6737     -0.9071     -3.4456     -1.9240
0.026     -2.5331     -0.8426     -3.2758     -1.8137
0.027     -2.4030     -0.7829     -3.1188     -1.7116
0.028     -2.2821     -0.7274     -2.9725     -1.6168
0.029     -2.1696     -0.6758     -2.8366     -1.5285
0.030     -2.0646     -0.6276     -2.7080     -1.4461
0.031     -1.9664     -0.5825     -2.5871     -1.3690
0.032     -1.8743     -0.5403     -2.4743     -1.2968
0.033     -1.7878     -0.5006     -2.3680     -1.2286
0.034     -1.7063     -0.4632     -2.2680     -1.1636
0.035     -1.6295     -0.4280     -2.1737     -1.1024
0.036     -1.5570     -0.3947     -2.0856     -1.0445
0.037     -1.4884     -0.3633     -2.0030     -0.9907
0.038     -1.4235     -0.3335     -1.9246     -0.9400
0.039     -1.3618     -0.3052     -1.8503     -0.8920
0.040     -1.3032     -0.2783     -1.7797     -0.8463
0.041     -1.2475     -0.2528     -1.7118     -0.8029
0.042     -1.1945     -0.2284     -1.6475     -0.7599
0.043     -1.1439     -0.2052     -1.5855     -0.7187
0.044     -1.0956     -0.1830     -1.5271     -0.6793
0.045     -1.0495     -0.1619     -1.4722     -0.6417
0.046     -1.0053     -0.1416     -1.4192     -0.6066
0.047     -0.9631     -0.1222     -1.3689     -0.5734
0.048     -0.9226     -0.1037     -1.3208     -0.5415
0.049     -0.8837     -0.0858     -1.2739     -0.5109
0.050     -0.8464     -0.0687     -1.2290     -0.4810
0.051     -0.8106     -0.0523     -1.1858     -0.4522
0.052     -0.7762     -0.0365     -1.1443     -0.4245
0.053     -0.7430     -0.0213     -1.1035     -0.3979
0.054     -0.7111     -0.0066     -1.0646     -0.3729
0.055     -0.6803      0.0075     -1.0266     -0.3491
0.056     -0.6507      0.0211     -0.9908     -0.3262
0.057     -0.6220      0.0342     -0.9559     -0.3040
0.058     -0.5944      0.0469     -0.9211     -0.2826
0.059     -0.5677      0.0591     -0.8875     -0.2613
0.060     -0.5419      0.0710     -0.8557     -0.2403
0.061     -0.5169      0.0824     -0.8249     -0.2204
0.062     -0.4928      0.0935     -0.7955     -0.2005
0.063     -0.4694      0.1043     -0.7672     -0.1815
0.064     -0.4467      0.1147     -0.7397     -0.1631
0.065     -0.4248      0.1247     -0.7130     -0.1452
0.066     -0.4035      0.1345     -0.6866     -0.1279
0.067     -0.3828      0.1440     -0.6611     -0.1117
0.068     -0.3627      0.1532     -0.6363     -0.0950
0.069     -0.3433      0.1621     -0.6126     -0.0804
0.070     -0.3244      0.1708     -0.5905     -0.0664
0.071     -0.3060      0.1792     -0.5690     -0.0525
0.072     -0.2881      0.1874     -0.5475     -0.0387
0.073     -0.2707      0.1954     -0.5254     -0.0252
0.074     -0.2538      0.2032     -0.5043     -0.0121
0.075     -0.2373      0.2107     -0.4844      0.0006
0.076     -0.2213      0.2181     -0.4650      0.0130
0.077     -0.2057      0.2252     -0.4452      0.0251
0.078     -0.1905      0.2322     -0.4266      0.0369
0.079     -0.1757      0.2390     -0.4087      0.0483
0.080     -0.1612      0.2456     -0.3912      0.0595
0.081     -0.1471      0.2521     -0.3742      0.0711
0.082     -0.1334      0.2584     -0.3574      0.0828
0.083     -0.1199      0.2646     -0.3408      0.0943
0.084     -0.1068      0.2706     -0.3247      0.1055
0.085     -0.0940      0.2765     -0.3089      0.1163
0.086     -0.0815      0.2822     -0.2938      0.1258
0.087     -0.0693      0.2878     -0.2798      0.1350
0.088     -0.0574      0.2933     -0.2654      0.1440
0.089     -0.0457      0.2986     -0.2511      0.1532
0.090     -0.0343      0.3039     -0.2371      0.1627
0.091     -0.0232      0.3090     -0.2235      0.1721
0.092     -0.0122      0.3140     -0.2101      0.1812
0.093     -0.0016      0.3189     -0.1969      0.1896
0.094      0.0089      0.3237     -0.1843      0.1976
0.095      0.0191      0.3284     -0.1717      0.2054
0.096      0.0291      0.3330     -0.1595      0.2131
0.097      0.0389      0.3375     -0.1475      0.2206
0.098      0.0486      0.3419     -0.1357      0.2280
0.099      0.0580      0.3462     -0.1242      0.2359
0.100      0.0672      0.3504     -0.1129      0.2439
0.101      0.0762      0.3546     -0.1018      0.2517
0.102      0.0851      0.3586     -0.0910      0.2594
0.103      0.0938      0.3626     -0.0803      0.2665
0.104      0.1023      0.3666     -0.0698      0.2730
0.105      0.1107      0.3704     -0.0597      0.2794
0.106      0.1189      0.3742     -0.0496      0.2856
0.107      0.1270      0.3779     -0.0398      0.2920
0.108      0.1349      0.3815     -0.0301      0.2984
0.109      0.1426      0.3850     -0.0206      0.3048
0.110      0.1503      0.3885     -0.0113      0.3110
0.111      0.1577      0.3920     -0.0021      0.3171
0.112      0.1651      0.3953      0.0069      0.3230
0.113      0.1723      0.3987      0.0157      0.3283
0.114      0.1794      0.4019      0.0243      0.3336
0.115      0.1864      0.4051      0.0326      0.3388
0.116      0.1932      0.4082      0.0405      0.3443
0.117      0.2000      0.4113      0.0482      0.3499
0.118      0.2066      0.4144      0.0559      0.3550
0.119      0.2131      0.4174      0.0634      0.3598
0.120      0.2195      0.4203      0.0710      0.3646
0.121      0.2258      0.4232      0.0789      0.3698
0.122      0.2320      0.4260      0.0866      0.3750
0.123      0.2380      0.4288      0.0939      0.3801
0.124      0.2440      0.4316      0.1011      0.3850
0.125      0.2499      0.4343      0.1077      0.3894
0.126      0.2557      0.4369      0.1143      0.3938
0.127      0.2614      0.4395      0.1209      0.3987
0.128      0.2671      0.4421      0.1280      0.4036
0.129      0.2726      0.4447      0.1345      0.4085
0.130      0.2780      0.4472      0.1409      0.4132
0.131      0.2834      0.4496      0.1477      0.4179
0.132      0.2887      0.4520      0.1544      0.4219
0.133      0.2939      0.4544      0.1610      0.4256
0.134      0.2990      0.4568      0.1675      0.4293
0.135      0.3041      0.4591      0.1739      0.4335
0.136      0.3090      0.4614      0.1799      0.4376
0.137      0.3140      0.4636      0.1858      0.4413
0.138      0.3188      0.4659      0.1916      0.4450
0.139      0.3235      0.4680      0.1973      0.4489
0.140      0.3282      0.4702      0.2030      0.4528
0.141      0.3329      0.4723      0.2087      0.4567
0.142      0.3374      0.4744      0.2145      0.4602
0.143      0.3419      0.4765      0.2203      0.4636
0.144      0.3464      0.4785      0.2260      0.4669
0.145      0.3507      0.4805      0.2316      0.4702
0.146      0.3551      0.4825      0.2366      0.4735
0.147      0.3593      0.4844      0.2419      0.4766
0.148      0.3635      0.4864      0.2469      0.4798
0.149      0.3677      0.4883      0.2519      0.4829
0.150      0.3717      0.4902      0.2571      0.4861
0.151      0.3758      0.4920      0.2622      0.4898
0.152      0.3798      0.4938      0.2666      0.4935
0.153      0.3837      0.4956      0.2709      0.4966
0.154      0.3876      0.4974      0.2755      0.4996
0.155      0.3914      0.4992      0.2801      0.5025
0.156      0.3952      0.5009      0.2845      0.5054
0.157      0.3989      0.5026      0.2889      0.5082
0.158      0.4026      0.5043      0.2933      0.5110
0.159      0.4062      0.5060      0.2980      0.5138
0.160      0.4098      0.5076      0.3025      0.5165
0.161      0.4134      0.5092      0.3070      0.5192
0.162      0.4169      0.5108      0.3113      0.5219
0.163      0.4203      0.5124      0.3153      0.5245
0.164      0.4237      0.5140      0.3195      0.5271
0.165      0.4271      0.5156      0.3238      0.5296
0.166      0.4305      0.5171      0.3280      0.5324
0.167      0.4338      0.5186      0.3322      0.5351
0.168      0.4370      0.5201      0.3364      0.5378
0.169      0.4402      0.5216      0.3405      0.5405
0.170      0.4434      0.5230      0.3444      0.5431
0.171      0.4465      0.5245      0.3481      0.5457
0.172      0.4497      0.5259      0.3517      0.5483
0.173      0.4527      0.5273      0.3553      0.5507
0.174      0.4558      0.5287      0.3589      0.5528
0.175      0.4588      0.5301      0.3626      0.5550
0.176      0.4617      0.5314      0.3663      0.5571
0.177      0.4647      0.5328      0.3699      0.5592
0.178      0.4676      0.5341      0.3730      0.5614
0.179      0.4704      0.5354      0.3761      0.5637
0.180      0.4733      0.5367      0.3793      0.5660
0.181      0.4761      0.5380      0.3827      0.5682
0.182      0.4788      0.5393      0.3861      0.5704
0.183      0.4816      0.5405      0.3895      0.5726
0.184      0.4843      0.5418      0.3929      0.5748
0.185      0.4870      0.5430      0.3962      0.5769
0.186      0.4896      0.5442      0.3995      0.5788
0.187      0.4923      0.5454      0.4028      0.5806
0.188      0.4949      0.5466      0.4059      0.5827
0.189      0.4974      0.5478      0.4087      0.5849
0.190      0.5000      0.5490      0.4116      0.5870
0.191      0.5025      0.5501      0.4148      0.5891
0.192      0.5050      0.5513      0.4179      0.5912
0.193      0.5075      0.5524      0.4210      0.5932
0.194      0.5099      0.5535      0.4239      0.5952
0.195      0.5123      0.5546      0.4265      0.5972
0.196      0.5147      0.5557      0.4294      0.5991
0.197      0.5171      0.5568      0.4324      0.6012
0.198      0.5194      0.5579      0.4353      0.6032
0.199      0.5217      0.5590      0.4382      0.6051
0.200      0.5240      0.5600      0.4410      0.6070
0.201      0.5263      0.5611      0.4437      0.6089
0.202      0.5285      0.5621      0.4463      0.6108
0.203      0.5308      0.5631      0.4489      0.6126
0.204      0.5330      0.5641      0.4516      0.6142
0.205      0.5352      0.5651      0.4542      0.6158
0.206      0.5373      0.5661      0.4568      0.6174
0.207      0.5395      0.5671      0.4593      0.6190
0.208      0.5416      0.5681      0.4617      0.6206
0.209      0.5437      0.5690      0.4642      0.6222
0.210      0.5458      0.5700      0.4665      0.6241
0.211      0.5478      0.5709      0.4689      0.6262
0.212      0.5499      0.5719      0.4713      0.6282
0.213      0.5519      0.5728      0.4737      0.6303
0.214      0.5539      0.5737      0.4760      0.6319
0.215      0.5559      0.5746      0.4784      0.6336
0.216      0.5579      0.5755      0.4806      0.6354
0.217      0.5598      0.5764      0.4829      0.6372
0.218      0.5617      0.5773      0.4852      0.6390
0.219      0.5637      0.5782      0.4874      0.6408
0.220      0.5656      0.5791      0.4896      0.6425
0.221      0.5674      0.5799      0.4918      0.6443
0.222      0.5693      0.5808      0.4940      0.6459
0.223      0.5711      0.5816      0.4962      0.6473
0.224      0.5730      0.5825      0.4983      0.6487
0.225      0.5748      0.5833      0.5004      0.6501
0.226      0.5766      0.5841      0.5025      0.6515
0.227      0.5784      0.5849      0.5046      0.6532
0.228      0.5801      0.5857      0.5067      0.6547
0.229      0.5819      0.5866      0.5087      0.6560
0.230      0.5836      0.5873      0.5107      0.6574
0.231      0.5853      0.5881      0.5127      0.6588
0.232      0.5870      0.5889      0.5147      0.6600
0.233      0.5887      0.5897      0.5167      0.6613
0.234      0.5904      0.5905      0.5187      0.6625
0.235      0.5921      0.5912      0.5206      0.6638
0.236      0.5937      0.5920      0.5225      0.6651
0.237      0.5953      0.5927      0.5244      0.6665
0.238      0.5970      0.5935      0.5263      0.6679
0.239      0.5986      0.5942      0.5282      0.6694
0.240      0.6002      0.5949      0.5301      0.6709
0.241      0.6017      0.5957      0.5319      0.6724
0.242      0.6033      0.5964      0.5337      0.6739
0.243      0.6049      0.5971      0.5355      0.6754
0.244      0.6064      0.5978      0.5373      0.6766
0.245      0.6079      0.5985      0.5391      0.6778
0.246      0.6094      0.5992      0.5410      0.6789
0.247      0.6109      0.5999      0.5427      0.6800
0.248      0.6124      0.6006      0.5445      0.6811
0.249      0.6139      0.6013      0.5462      0.6822
0.250      0.6154      0.6019      0.5479      0.6832
0.251      0.6168      0.6026      0.5496      0.6844
0.252      0.6183      0.6033      0.5513      0.6856
0.253      0.6197      0.6039      0.5530      0.6868
0.254      0.6211      0.6046      0.5547      0.6878
0.255      0.6226      0.6052      0.5564      0.6889
0.256      0.6239      0.6059      0.5581      0.6900
0.257      0.6253      0.6065      0.5598      0.6910
0.258      0.6267      0.6071      0.5612      0.6920
0.259      0.6281      0.6078      0.5628      0.6930
0.260      0.6294      0.6084      0.5644      0.6941
0.261      0.6308      0.6090      0.5660      0.6952
0.262      0.6321      0.6096      0.5676      0.6962
0.263      0.6334      0.6102      0.5692      0.6972
0.264      0.6348      0.6108      0.5707      0.6982
0.265      0.6361      0.6114      0.5721      0.6992
0.266      0.6374      0.6120      0.5737      0.7002
0.267      0.6387      0.6126      0.5752      0.7013
0.268      0.6399      0.6132      0.5767      0.7025
0.269      0.6412      0.6138      0.5781      0.7036
0.270      0.6425      0.6143      0.5796      0.7048
0.271      0.6437      0.6149      0.5811      0.7059
0.272      0.6449      0.6155      0.5825      0.7071
0.273      0.6462      0.6161      0.5840      0.7081
0.274      0.6474      0.6166      0.5854      0.7091
0.275      0.6486      0.6172      0.5867      0.7100
0.276      0.6498      0.6177      0.5881      0.7110
0.277      0.6510      0.6183      0.5895      0.7121
0.278      0.6522      0.6188      0.5909      0.7131
0.279      0.6534      0.6194      0.5921      0.7139
0.280      0.6545      0.6199      0.5935      0.7148
0.281      0.6557      0.6204      0.5949      0.7157
0.282      0.6569      0.6210      0.5962      0.7167
0.283      0.6580      0.6215      0.5975      0.7176
0.284      0.6591      0.6220      0.5989      0.7187
0.285      0.6603      0.6225      0.6002      0.7199
0.286      0.6614      0.6230      0.6015      0.7210
0.287      0.6625      0.6235      0.6027      0.7222
0.288      0.6636      0.6240      0.6039      0.7233
0.289      0.6647      0.6246      0.6051      0.7242
0.290      0.6658      0.6251      0.6064      0.7251
0.291      0.6669      0.6255      0.6077      0.7261
0.292      0.6679      0.6260      0.6090      0.7270
0.293      0.6690      0.6265      0.6103      0.7279
0.294      0.6701      0.6270      0.6116      0.7287
0.295      0.6711      0.6275      0.6128      0.7296
0.296      0.6722      0.6280      0.6141      0.7306
0.297      0.6732      0.6285      0.6153      0.7316
0.298      0.6742      0.6289      0.6165      0.7326
0.299      0.6753      0.6294      0.6177      0.7336
0.300      0.6763      0.6299      0.6189      0.7345
0.301      0.6773      0.6303      0.6200      0.7355
0.302      0.6783      0.6308      0.6212      0.7365
0.303      0.6793      0.6313      0.6224      0.7375
0.304      0.6803      0.6317      0.6235      0.7385
0.305      0.6813      0.6322      0.6248      0.7396
0.306      0.6823      0.6326      0.6260      0.7406
0.307      0.6832      0.6331      0.6272      0.7414
0.308      0.6842      0.6335      0.6284      0.7424
0.309      0.6852      0.6339      0.6296      0.7434
0.310      0.6861      0.6344      0.6307      0.7443
0.311      0.6871      0.6348      0.6317      0.7449
0.312      0.6880      0.6352      0.6327      0.7457
0.313      0.6889      0.6357      0.6339      0.7465
0.314      0.6899      0.6361      0.6350      0.7474
0.315      0.6908      0.6365      0.6361      0.7483
0.316      0.6917      0.6369      0.6372      0.7492
0.317      0.6926      0.6374      0.6382      0.7499
0.318      0.6935      0.6378      0.6392      0.7507
0.319      0.6944      0.6382      0.6401      0.7514
0.320      0.6953      0.6386      0.6411      0.7522
0.321      0.6962      0.6390      0.6421      0.7529
0.322      0.6971      0.6394      0.6431      0.7538
0.323      0.6980      0.6398      0.6441      0.7547
0.324      0.6989      0.6402      0.6451      0.7555
0.325      0.6997      0.6406      0.6460      0.7564
0.326      0.7006      0.6410      0.6470      0.7572
0.327      0.7014      0.6414      0.6479      0.7581
0.328      0.7023      0.6418      0.6489      0.7590
0.329      0.7031      0.6422      0.6498      0.7598
0.330      0.7040      0.6426      0.6507      0.7604
0.331      0.7048      0.6430      0.6516      0.7610
0.332      0.7056      0.6433      0.6525      0.7616
0.333      0.7065      0.6437      0.6534      0.7622
0.334      0.7073      0.6441      0.6543      0.7628
0.335      0.7081      0.6445      0.6552      0.7634
0.336      0.7089      0.6448      0.6562      0.7639
0.337      0.7097      0.6452      0.6574      0.7644
0.338      0.7105      0.6456      0.6588      0.7651
0.339      0.7113      0.6459      0.6597      0.7657
0.340      0.7121      0.6463      0.6609      0.7661
0.341      0.7129      0.6467      0.6618      0.7667
0.342      0.7137      0.6470      0.6627      0.7669
0.343      0.7145      0.6474      0.6637      0.7674
0.344      0.7152      0.6477      0.6646      0.7676
0.345      0.7160      0.6481      0.6656      0.7682
0.346      0.7168      0.6484      0.6666      0.7688
0.347      0.7175      0.6488      0.6675      0.7696
0.348      0.7183      0.6491      0.6684      0.7692
0.349      0.7191      0.6495      0.6698      0.7696
0.350      0.7198      0.6498      0.6713      0.7702
0.351      0.7205      0.6502      0.6720      0.7707
0.352      0.7213      0.6505      0.6730      0.7712
0.353      0.7220      0.6508      0.6743      0.7711
0.354      0.7227      0.6512      0.6753      0.7718
0.355      0.7235      0.6515      0.6759      0.7723
0.356      0.7242      0.6518      0.6762      0.7727
0.357      0.7249      0.6522      0.6770      0.7733
0.358      0.7256      0.6525      0.6777      0.7744
0.359      0.7263      0.6528      0.6790      0.7752
0.360      0.7271      0.6532      0.6794      0.7759
0.361      0.7278      0.6535      0.6804      0.7763
0.362      0.7285      0.6538      0.6803      0.7773
0.363      0.7291      0.6541      0.6799      0.7781
0.364      0.7298      0.6544      0.6805      0.7798
0.365      0.7305      0.6548      0.6808      0.7812
0.366      0.7307      0.6551      0.6809      0.7817
0.367      0.7302      0.6554      0.6794      0.7818
0.368      0.7298      0.6548      0.6783      0.7812
0.369      0.7293      0.6537      0.6777      0.7803
0.370      0.7288      0.6525      0.6762      0.7810
0.371      0.7283      0.6513      0.6746      0.7811
0.372      0.7278      0.6501      0.6728      0.7817
0.373      0.7273      0.6489      0.6711      0.7820
0.374      0.7269      0.6477      0.6699      0.7816
0.375      0.7264      0.6465      0.6684      0.7816
0.376      0.7259      0.6453      0.6665      0.7824
0.377      0.7254      0.6441      0.6645      0.7828
0.378      0.7249      0.6429      0.6637      0.7832
0.379      0.7244      0.6417      0.6625      0.7838
0.380      0.7239      0.6405      0.6617      0.7844
0.381      0.7234      0.6393      0.6610      0.7844
0.382      0.7229      0.6380      0.6593      0.7842
0.383      0.7224      0.6368      0.6584      0.7848
0.384      0.7219      0.6356      0.6576      0.7856
0.385      0.7214      0.6343      0.6568      0.7863
0.386      0.7209      0.6331      0.6557      0.7863
0.387      0.7204      0.6318      0.6547      0.7862
0.388      0.7198      0.6306      0.6527      0.7864
0.389      0.7193      0.6293      0.6514      0.7864
0.390      0.7188      0.6281      0.6506      0.7862
0.391      0.7183      0.6268      0.6499      0.7863
0.392      0.7178      0.6256      0.6491      0.7867
0.393      0.7173      0.6243      0.6482      0.7871
0.394      0.7167      0.6230      0.6470      0.7868
0.395      0.7162      0.6217      0.6452      0.7866
0.396      0.7157      0.6204      0.6434      0.7864
0.397      0.7152      0.6192      0.6427      0.7864
0.398      0.7146      0.6179      0.6420      0.7863
0.399      0.7141      0.6166      0.6412      0.7860
0.400      0.7136      0.6153      0.6405      0.7858
0.401      0.7130      0.6140      0.6397      0.7855
0.402      0.7125      0.6127      0.6390      0.7854
0.403      0.7120      0.6113      0.6383      0.7851
0.404      0.7114      0.6100      0.6375      0.7848
0.405      0.7109      0.6087      0.6367      0.7846
0.406      0.7103      0.6074      0.6360      0.7844
0.407      0.7098      0.6060      0.6352      0.7842
0.408      0.7093      0.6047      0.6345      0.7839
0.409      0.7087      0.6034      0.6335      0.7835
0.410      0.7082      0.6020      0.6327      0.7832
0.411      0.7076      0.6007      0.6320      0.7830
0.412      0.7071      0.5993      0.6312      0.7827
0.413      0.7065      0.5980      0.6305      0.7825
0.414      0.7059      0.5966      0.6297      0.7822
0.415      0.7054      0.5952      0.6289      0.7820
0.416      0.7048      0.5939      0.6281      0.7818
0.417      0.7043      0.5925      0.6274      0.7815
0.418      0.7037      0.5911      0.6266      0.7813
0.419      0.7031      0.5897      0.6258      0.7810
0.420      0.7026      0.5883      0.6250      0.7807
0.421      0.7020      0.5869      0.6242      0.7802
0.422      0.7014      0.5855      0.6234      0.7799
0.423      0.7008      0.5841      0.6226      0.7797
0.424      0.7003      0.5827      0.6218      0.7794
0.425      0.6997      0.5813      0.6210      0.7792
0.426      0.6991      0.5799      0.6202      0.7790
0.427      0.6985      0.5784      0.6194      0.7788
0.428      0.6979      0.5770      0.6186      0.7786
0.429      0.6973      0.5756      0.6178      0.7784
0.430      0.6967      0.5741      0.6170      0.7781
0.431      0.6962      0.5727      0.6162      0.7779
0.432      0.6956      0.5712      0.6154      0.7777
0.433      0.6950      0.5698      0.6144      0.7775
0.434      0.6944      0.5683      0.6135      0.7773
0.435      0.6938      0.5669      0.6125      0.7769
0.436      0.6932      0.5654      0.6115      0.7766
0.437      0.6926      0.5639      0.6107      0.7762
0.438      0.6920      0.5624      0.6098      0.7759
0.439      0.6914      0.5609      0.6089      0.7756
0.440      0.6907      0.5595      0.6079      0.7752
0.441      0.6901      0.5580      0.6070      0.7749
0.442      0.6895      0.5565      0.6060      0.7745
0.443      0.6889      0.5549      0.6051      0.7742
0.444      0.6883      0.5534      0.6041      0.7738
0.445      0.6877      0.5519      0.6031      0.7735
0.446      0.6870      0.5504      0.6022      0.7731
0.447      0.6864      0.5489      0.6013      0.7726
0.448      0.6858      0.5473      0.6004      0.7722
0.449      0.6851      0.5458      0.5995      0.7717
0.450      0.6845      0.5442      0.5986      0.7712
0.451      0.6839      0.5427      0.5976      0.7708
0.452      0.6832      0.5411      0.5966      0.7703
0.453      0.6826      0.5396      0.5957      0.7699
0.454      0.6820      0.5380      0.5947      0.7696
0.455      0.6813      0.5364      0.5937      0.7693
0.456      0.6807      0.5348      0.5927      0.7690
0.457      0.6800      0.5332      0.5917      0.7687
0.458      0.6794      0.5316      0.5907      0.7684
0.459      0.6787      0.5301      0.5897      0.7681
0.460      0.6781      0.5284      0.5887      0.7678
0.461      0.6774      0.5268      0.5877      0.7675
0.462      0.6767      0.5252      0.5867      0.7672
0.463      0.6761      0.5236      0.5857      0.7669
0.464      0.6754      0.5220      0.5847      0.7666
0.465      0.6747      0.5203      0.5837      0.7663
0.466      0.6741      0.5187      0.5827      0.7659
0.467      0.6734      0.5170      0.5816      0.7656
0.468      0.6727      0.5154      0.5806      0.7653
0.469      0.6720      0.5137      0.5796      0.7650
0.470      0.6714      0.5121      0.5785      0.7647
0.471      0.6707      0.5104      0.5775      0.7644
0.472      0.6700      0.5087      0.5764      0.7641
0.473      0.6693      0.5070      0.5754      0.7638
0.474      0.6686      0.5053      0.5744      0.7635
0.475      0.6679      0.5036      0.5733      0.7631
0.476      0.6672      0.5019      0.5723      0.7626
0.477      0.6665      0.5002      0.5712      0.7622
0.478      0.6658      0.4985      0.5701      0.7617
0.479      0.6651      0.4968      0.5690      0.7613
0.480      0.6644      0.4951      0.5680      0.7608
0.481      0.6637      0.4933      0.5669      0.7603
0.482      0.6630      0.4916      0.5658      0.7599
0.483      0.6623      0.4898      0.5647      0.7594
0.484      0.6615      0.4881      0.5636      0.7589
0.485      0.6608      0.4863      0.5625      0.7585
0.486      0.6601      0.4845      0.5614      0.7581
0.487      0.6594      0.4827      0.5603      0.7579
0.488      0.6586      0.4810      0.5591      0.7576
0.489      0.6579      0.4792      0.5579      0.7573
0.490      0.6572      0.4774      0.5569      0.7570
0.491      0.6564      0.4756      0.5559      0.7567
0.492      0.6557      0.4738      0.5547      0.7564
0.493      0.6549      0.4719      0.5536      0.7560
0.494      0.6542      0.4701      0.5525      0.7555
0.495      0.6534      0.4683      0.5513      0.7550
0.496      0.6527      0.4664      0.5502      0.7545
0.497      0.6519      0.4646      0.5492      0.7541
0.498      0.6512      0.4627      0.5481      0.7536
0.499      0.6504      0.4609      0.5469      0.7532
0.500      0.6496      0.4590      0.5456      0.7527
0.501      0.6489      0.4571      0.5444      0.7521
0.502      0.6481      0.4552      0.5432      0.7516
0.503      0.6473      0.4533      0.5420      0.7511
0.504      0.6465      0.4514      0.5408      0.7507
0.505      0.6458      0.4495      0.5396      0.7503
0.506      0.6450      0.4476      0.5385      0.7498
0.507      0.6442      0.4457      0.5373      0.7494
0.508      0.6434      0.4437      0.5361      0.7490
0.509      0.6426      0.4418      0.5348      0.7486
0.510      0.6418      0.4399      0.5336      0.7482
0.511      0.6410      0.4379      0.5324      0.7478
0.512      0.6402      0.4359      0.5312      0.7473
0.513      0.6394      0.4340      0.5300      0.7469
0.514      0.6386      0.4320      0.5287      0.7465
0.515      0.6378      0.4300      0.5275      0.7461
0.516      0.6370      0.4280      0.5263      0.7456
0.517      0.6361      0.4260      0.5250      0.7452
0.518      0.6353      0.4240      0.5238      0.7448
0.519      0.6345      0.4219      0.5225      0.7443
0.520      0.6337      0.4199      0.5212      0.7439
0.521      0.6328      0.4179      0.5200      0.7435
0.522      0.6320      0.4158      0.5187      0.7430
0.523      0.6311      0.4138      0.5174      0.7426
0.524      0.6303      0.4117      0.5161      0.7422
0.525      0.6294      0.4096      0.5148      0.7417
0.526      0.6286      0.4076      0.5135      0.7413
0.527      0.6277      0.4055      0.5122      0.7408
0.528      0.6269      0.4034      0.5109      0.7404
0.529      0.6260      0.4013      0.5096      0.7400
0.530      0.6252      0.3991      0.5083      0.7396
0.531      0.6243      0.3970      0.5070      0.7392
0.532      0.6234      0.3949      0.5057      0.7388
0.533      0.6225      0.3927      0.5043      0.7384
0.534      0.6216      0.3906      0.5030      0.7381
0.535      0.6208      0.3884      0.5016      0.7377
0.536      0.6199      0.3862      0.5003      0.7374
0.537      0.6190      0.3841      0.4989      0.7370
0.538      0.6181      0.3819      0.4976      0.7366
0.539      0.6172      0.3797      0.4962      0.7363
0.540      0.6163      0.3774      0.4948      0.7359
0.541      0.6154      0.3752      0.4934      0.7353
0.542      0.6145      0.3730      0.4921      0.7347
0.543      0.6135      0.3708      0.4907      0.7341
0.544      0.6126      0.3685      0.4893      0.7336
0.545      0.6117      0.3662      0.4879      0.7332
0.546      0.6108      0.3640      0.4864      0.7328
0.547      0.6098      0.3617      0.4850      0.7323
0.548      0.6089      0.3594      0.4836      0.7319
0.549      0.6080      0.3571      0.4822      0.7314
0.550      0.6070      0.3548      0.4807      0.7309
0.551      0.6061      0.3525      0.4793      0.7305
0.552      0.6051      0.3501      0.4778      0.7302
0.553      0.6042      0.3478      0.4764      0.7297
0.554      0.6032      0.3455      0.4749      0.7293
0.555      0.6022      0.3431      0.4735      0.7288
0.556      0.6013      0.3407      0.4720      0.7284
0.557      0.6003      0.3383      0.4705      0.7279
0.558      0.5993      0.3359      0.4690      0.7275
0.559      0.5983      0.3335      0.4675      0.7270
0.560      0.5973      0.3311      0.4659      0.7266
0.561      0.5963      0.3287      0.4644      0.7261
0.562      0.5953      0.3263      0.4629      0.7256
0.563      0.5943      0.3238      0.4613      0.7250
0.564      0.5933      0.3213      0.4598      0.7244
0.565      0.5923      0.3189      0.4582      0.7238
0.566      0.5913      0.3164      0.4566      0.7232
0.567      0.5903      0.3139      0.4550      0.7227
0.568      0.5893      0.3114      0.4533      0.7222
0.569      0.5882      0.3089      0.4517      0.7217
0.570      0.5872      0.3063      0.4502      0.7212
0.571      0.5861      0.3038      0.4486      0.7207
0.572      0.5851      0.3012      0.4471      0.7202
0.573      0.5841      0.2987      0.4454      0.7197
0.574      0.5830      0.2961      0.4438      0.7191
0.575      0.5819      0.2935      0.4422      0.7186
0.576      0.5809      0.2909      0.4405      0.7181
0.577      0.5798      0.2883      0.4389      0.7176
0.578      0.5787      0.2857      0.4372      0.7171
0.579      0.5777      0.2830      0.4356      0.7166
0.580      0.5766      0.2804      0.4339      0.7160
0.581      0.5755      0.2777      0.4322      0.7155
0.582      0.5744      0.2750      0.4305      0.7150
0.583      0.5733      0.2723      0.4288      0.7144
0.584      0.5722      0.2696      0.4271      0.7139
0.585      0.5711      0.2669      0.4254      0.7134
0.586      0.5700      0.2642      0.4237      0.7128
0.587      0.5688      0.2615      0.4219      0.7123
0.588      0.5677      0.2587      0.4202      0.7117
0.589      0.5666      0.2559      0.4184      0.7112
0.590      0.5654      0.2532      0.4168      0.7106
0.591      0.5643      0.2504      0.4151      0.7101
0.592      0.5631      0.2475      0.4134      0.7095
0.593      0.5620      0.2447      0.4118      0.7090
0.594      0.5608      0.2419      0.4101      0.7084
0.595      0.5597      0.2390      0.4084      0.7078
0.596      0.5585      0.2362      0.4066      0.7073
0.597      0.5573      0.2333      0.4047      0.7067
0.598      0.5561      0.2304      0.4028      0.7061
0.599      0.5549      0.2275      0.4009      0.7055
0.600      0.5537      0.2246      0.3989      0.7050
0.601      0.5525      0.2216      0.3970      0.7044
0.602      0.5513      0.2187      0.3951      0.7038
0.603      0.5501      0.2157      0.3931      0.7032
0.604      0.5489      0.2127      0.3912      0.7026
0.605      0.5477      0.2097      0.3893      0.7020
0.606      0.5464      0.2067      0.3874      0.7014
0.607      0.5452      0.2037      0.3855      0.7008
0.608      0.5439      0.2006      0.3835      0.7001
0.609      0.5427      0.1976      0.3816      0.6994
0.610      0.5414      0.1945      0.3797      0.6988
0.611      0.5402      0.1914      0.3777      0.6983
0.612      0.5389      0.1883      0.3757      0.6977
0.613      0.5376      0.1852      0.3738      0.6972
0.614      0.5363      0.1821      0.3718      0.6965
0.615      0.5351      0.1789      0.3698      0.6959
0.616      0.5338      0.1757      0.3678      0.6953
0.617      0.5325      0.1725      0.3658      0.6946
0.618      0.5311      0.1693      0.3638      0.6940
0.619      0.5298      0.1661      0.3617      0.6934
0.620      0.5285      0.1629      0.3597      0.6927
0.621      0.5272      0.1596      0.3576      0.6921
0.622      0.5258      0.1563      0.3556      0.6914
0.623      0.5245      0.1531      0.3536      0.6908
0.624      0.5231      0.1497      0.3516      0.6901
0.625      0.5218      0.1464      0.3497      0.6895
0.626      0.5204      0.1431      0.3477      0.6888
0.627      0.5190      0.1397      0.3457      0.6882
0.628      0.5176      0.1363      0.3437      0.6877
0.629      0.5163      0.1329      0.3417      0.6871
0.630      0.5149      0.1295      0.3397      0.6865
0.631      0.5135      0.1261      0.3375      0.6860
0.632      0.5120      0.1226      0.3352      0.6854
0.633      0.5106      0.1192      0.3330      0.6848
0.634      0.5092      0.1157      0.3307      0.6843
0.635      0.5078      0.1122      0.3284      0.6837
0.636      0.5063      0.1086      0.3261      0.6831
0.637      0.5049      0.1051      0.3238      0.6825
0.638      0.5034      0.1015      0.3215      0.6819
0.639      0.5019      0.0979      0.3191      0.6813
0.640      0.5005      0.0943      0.3169      0.6807
0.641      0.4990      0.0907      0.3148      0.6801
0.642      0.4975      0.0871      0.3128      0.6792
0.643      0.4960      0.0834      0.3107      0.6784
0.644      0.4945      0.0797      0.3086      0.6775
0.645      0.4930      0.0760      0.3065      0.6766
0.646      0.4914      0.0723      0.3044      0.6757
0.647      0.4899      0.0685      0.3023      0.6748
0.648      0.4883      0.0647      0.3002      0.6739
0.649      0.4868      0.0609      0.2980      0.6730
0.650      0.4852      0.0571      0.2956      0.6721
0.651      0.4837      0.0533      0.2932      0.6711
0.652      0.4821      0.0494      0.2908      0.6703
0.653      0.4805      0.0455      0.2884      0.6696
0.654      0.4789      0.0416      0.2859      0.6689
0.655      0.4773      0.0377      0.2835      0.6682
0.656      0.4757      0.0338      0.2810      0.6674
0.657      0.4740      0.0298      0.2786      0.6667
0.658      0.4724      0.0258      0.2761      0.6660
0.659      0.4708      0.0218      0.2736      0.6652
0.660      0.4691      0.0177      0.2711      0.6645
0.661      0.4675      0.0137      0.2685      0.6637
0.662      0.4658      0.0096      0.2660      0.6629
0.663      0.4641      0.0054      0.2634      0.6622
0.664      0.4624      0.0013      0.2609      0.6614
0.665      0.4607     -0.0029      0.2583      0.6606
0.666      0.4590     -0.0071      0.2557      0.6599
0.667      0.4573     -0.0113      0.2530      0.6591
0.668      0.4555     -0.0155      0.2504      0.6583
0.669      0.4538     -0.0198      0.2478      0.6575
0.670      0.4520     -0.0241      0.2451      0.6567
0.671      0.4503     -0.0284      0.2424      0.6559
0.672      0.4485     -0.0327      0.2397      0.6551
0.673      0.4467     -0.0371      0.2370      0.6543
0.674      0.4449     -0.0415      0.2342      0.6535
0.675      0.4431     -0.0459      0.2315      0.6527
0.676      0.4413     -0.0504      0.2287      0.6518
0.677      0.4394     -0.0549      0.2259      0.6510
0.678      0.4376     -0.0594      0.2231      0.6502
0.679      0.4357     -0.0639      0.2203      0.6493
0.680      0.4339     -0.0685      0.2175      0.6485
0.681      0.4320     -0.0731      0.2146      0.6476
0.682      0.4301     -0.0777      0.2117      0.6468
0.683      0.4282     -0.0823      0.2087      0.6459
0.684      0.4263     -0.0870      0.2058      0.6450
0.685      0.4243     -0.0917      0.2028      0.6442
0.686      0.4224     -0.0965      0.1998      0.6433
0.687      0.4205     -0.1012      0.1968      0.6424
0.688      0.4185     -0.1060      0.1938      0.6415
0.689      0.4165     -0.1109      0.1907      0.6406
0.690      0.4145     -0.1157      0.1877      0.6397
0.691      0.4125     -0.1206      0.1848      0.6388
0.692      0.4105     -0.1256      0.1818      0.6379
0.693      0.4085     -0.1305      0.1787      0.6370
0.694      0.4064     -0.1355      0.1757      0.6361
0.695      0.4044     -0.1405      0.1726      0.6351
0.696      0.4023     -0.1456      0.1695      0.6342
0.697      0.4002     -0.1507      0.1663      0.6333
0.698      0.3981     -0.1558      0.1632      0.6323
0.699      0.3960     -0.1610      0.1599      0.6313
0.700      0.3939     -0.1661      0.1567      0.6304
0.701      0.3918     -0.1714      0.1535      0.6294
0.702      0.3896     -0.1766      0.1502      0.6284
0.703      0.3874     -0.1819      0.1469      0.6274
0.704      0.3853     -0.1873      0.1436      0.6263
0.705      0.3831     -0.1926      0.1402      0.6251
0.706      0.3808     -0.1980      0.1369      0.6239
0.707      0.3786     -0.2035      0.1335      0.6227
0.708      0.3764     -0.2090      0.1301      0.6215
0.709      0.3741     -0.2145      0.1267      0.6205
0.710      0.3718     -0.2200      0.1232      0.6195
0.711      0.3696     -0.2256      0.1197      0.6186
0.712      0.3673     -0.2313      0.1162      0.6176
0.713      0.3649     -0.2369      0.1127      0.6166
0.714      0.3626     -0.2426      0.1091      0.6156
0.715      0.3602     -0.2484      0.1056      0.6146
0.716      0.3579     -0.2542      0.1020      0.6135
0.717      0.3555     -0.2600      0.0983      0.6123
0.718      0.3531     -0.2659      0.0947      0.6112
0.719      0.3507     -0.2718      0.0910      0.6100
0.720      0.3482     -0.2778      0.0873      0.6088
0.721      0.3458     -0.2838      0.0835      0.6075
0.722      0.3433     -0.2898      0.0798      0.6063
0.723      0.3408     -0.2959      0.0760      0.6051
0.724      0.3383     -0.3020      0.0722      0.6039
0.725      0.3358     -0.3082      0.0683      0.6026
0.726      0.3332     -0.3144      0.0645      0.6014
0.727      0.3307     -0.3207      0.0606      0.6001
0.728      0.3281     -0.3270      0.0566      0.5988
0.729      0.3255     -0.3334      0.0527      0.5975
0.730      0.3229     -0.3398      0.0487      0.5963
0.731      0.3202     -0.3462      0.0447      0.5951
0.732      0.3176     -0.3528      0.0406      0.5938
0.733      0.3149     -0.3593      0.0366      0.5926
0.734      0.3122     -0.3659      0.0325      0.5913
0.735      0.3095     -0.3726      0.0283      0.5901
0.736      0.3067     -0.3793      0.0242      0.5888
0.737      0.3039     -0.3860      0.0200      0.5875
0.738      0.3012     -0.3928      0.0157      0.5862
0.739      0.2984     -0.3997      0.0115      0.5849
0.740      0.2955     -0.4066      0.0072      0.5836
0.741      0.2927     -0.4135      0.0028      0.5823
0.742      0.2898     -0.4206     -0.0015      0.5809
0.743      0.2869     -0.4276     -0.0059      0.5796
0.744      0.2840     -0.4348     -0.0104      0.5782
0.745      0.2811     -0.4419     -0.0148      0.5769
0.746      0.2781     -0.4492     -0.0193      0.5755
0.747      0.2751     -0.4565     -0.0236      0.5741
0.748      0.2721     -0.4638     -0.0280      0.5727
0.749      0.2691     -0.4712     -0.0325      0.5713
0.750      0.2660     -0.4787     -0.0371      0.5699
0.751      0.2629     -0.4862     -0.0419      0.5685
0.752      0.2598     -0.4938     -0.0466      0.5670
0.753      0.2567     -0.5015     -0.0514      0.5656
0.754      0.2535     -0.5092     -0.0562      0.5640
0.755      0.2504     -0.5170     -0.0609      0.5623
0.756      0.2472     -0.5248     -0.0657      0.5605
0.757      0.2439     -0.5327     -0.0705      0.5588
0.758      0.2407     -0.5407     -0.0753      0.5570
0.759      0.2374     -0.5487     -0.0801      0.5552
0.760      0.2341     -0.5569     -0.0850      0.5534
0.761      0.2307     -0.5650     -0.0900      0.5516
0.762      0.2273     -0.5733     -0.0950      0.5498
0.763      0.2239     -0.5816     -0.1000      0.5480
0.764      0.2205     -0.5900     -0.1051      0.5463
0.765      0.2171     -0.5984     -0.1104      0.5448
0.766      0.2136     -0.6069     -0.1158      0.5432
0.767      0.2100     -0.6155     -0.1212      0.5416
0.768      0.2065     -0.6242     -0.1267      0.5400
0.769      0.2029     -0.6330     -0.1323      0.5384
0.770      0.1993     -0.6418     -0.1379      0.5368
0.771      0.1957     -0.6507     -0.1435      0.5352
0.772      0.1920     -0.6597     -0.1492      0.5336
0.773      0.1883     -0.6687     -0.1549      0.5319
0.774      0.1845     -0.6779     -0.1607      0.5302
0.775      0.1808     -0.6871     -0.1666      0.5286
0.776      0.1770     -0.6964     -0.1725      0.5269
0.777      0.1731     -0.7058     -0.1784      0.5251
0.778      0.1693     -0.7152     -0.1844      0.5234
0.779      0.1653     -0.7248     -0.1905      0.5217
0.780      0.1614     -0.7344     -0.1966      0.5199
0.781      0.1574     -0.7442     -0.2028      0.5181
0.782      0.1534     -0.7540     -0.2087      0.5163
0.783      0.1493     -0.7639     -0.2147      0.5145
0.784      0.1453     -0.7739     -0.2207      0.5127
0.785      0.1411     -0.7840     -0.2268      0.5108
0.786      0.1370     -0.7942     -0.2330      0.5090
0.787      0.1327     -0.8045     -0.2392      0.5071
0.788      0.1285     -0.8149     -0.2455      0.5052
0.789      0.1242     -0.8253     -0.2518      0.5033
0.790      0.1199     -0.8359     -0.2582      0.5014
0.791      0.1155     -0.8466     -0.2646      0.4994
0.792      0.1111     -0.8574     -0.2712      0.4974
0.793      0.1066     -0.8683     -0.2777      0.4954
0.794      0.1022     -0.8793     -0.2844      0.4934
0.795      0.0976     -0.8904     -0.2911      0.4914
0.796      0.0930     -0.9016     -0.2979      0.4894
0.797      0.0884     -0.9129     -0.3047      0.4873
0.798      0.0837     -0.9243     -0.3116      0.4852
0.799      0.0790     -0.9359     -0.3187      0.4831
0.800      0.0742     -0.9476     -0.3261      0.4808
0.801      0.0694     -0.9593     -0.3335      0.4786
0.802      0.0645     -0.9712     -0.3410      0.4763
0.803      0.0596     -0.9833     -0.3485      0.4741
0.804      0.0546     -0.9954     -0.3562      0.4718
0.805      0.0496     -1.0077     -0.3639      0.4694
0.806      0.0446     -1.0201     -0.3717      0.4671
0.807      0.0394     -1.0326     -0.3796      0.4647
0.808      0.0343     -1.0452     -0.3876      0.4623
0.809      0.0290     -1.0580     -0.3956      0.4599
0.810      0.0237     -1.0709     -0.4037      0.4574
0.811      0.0184     -1.0840     -0.4120      0.4549
0.812      0.0130     -1.0972     -0.4203      0.4524
0.813      0.0075     -1.1105     -0.4287      0.4499
0.814      0.0020     -1.1240     -0.4372      0.4473
0.815     -0.0035     -1.1376     -0.4457      0.4447
0.816     -0.0092     -1.1514     -0.4544      0.4421
0.817     -0.0149     -1.1653     -0.4632      0.4395
0.818     -0.0206     -1.1794     -0.4720      0.4368
0.819     -0.0265     -1.1936     -0.4810      0.4341
0.820     -0.0323     -1.2080     -0.4901      0.4314
0.821     -0.0383     -1.2226     -0.4992      0.4286
0.822     -0.0443     -1.2373     -0.5085      0.4258
0.823     -0.0504     -1.2522     -0.5179      0.4230
0.824     -0.0566     -1.2672     -0.5273      0.4201
0.825     -0.0628     -1.2824     -0.5369      0.4172
0.826     -0.0691     -1.2978     -0.5466      0.4143
0.827     -0.0755     -1.3134     -0.5564      0.4113
0.828     -0.0819     -1.3292     -0.5664      0.4084
0.829     -0.0884     -1.3451     -0.5764      0.4053
0.830     -0.0950     -1.3612     -0.5866      0.4023
0.831     -0.1017     -1.3776     -0.5967      0.3992
0.832     -0.1085     -1.3941     -0.6069      0.3960
0.833     -0.1153     -1.4108     -0.6172      0.3928
0.834     -0.1222     -1.4277     -0.6276      0.3896
0.835     -0.1292     -1.4448     -0.6382      0.3864
0.836     -0.1363     -1.4621     -0.6489      0.3831
0.837     -0.1435     -1.4797     -0.6597      0.3798
0.838     -0.1507     -1.4974     -0.6707      0.3764
0.839     -0.1581     -1.5154     -0.6818      0.3730
0.840     -0.1655     -1.5336     -0.6930      0.3695
0.841     -0.1731     -1.5520     -0.7044      0.3660
0.842     -0.1807     -1.5707     -0.7159      0.3625
0.843     -0.1884     -1.5896     -0.7275      0.3589
0.844     -0.1963     -1.6088     -0.7392      0.3552
0.845     -0.2042     -1.6281     -0.7511      0.3516
0.846     -0.2122     -1.6478     -0.7632      0.3478
0.847     -0.2204     -1.6677     -0.7753      0.3441
0.848     -0.2286     -1.6878     -0.7877      0.3402
0.849     -0.2370     -1.7083     -0.8002      0.3363
0.850     -0.2455     -1.7290     -0.8129      0.3324
0.851     -0.2540     -1.7499     -0.8257      0.3284
0.852     -0.2627     -1.7712     -0.8387      0.3244
0.853     -0.2716     -1.7928     -0.8519      0.3203
0.854     -0.2805     -1.8146     -0.8653      0.3161
0.855     -0.2896     -1.8368     -0.8789      0.3117
0.856     -0.2987     -1.8592     -0.8926      0.3073
0.857     -0.3081     -1.8820     -0.9066      0.3028
0.858     -0.3175     -1.9051     -0.9207      0.2983
0.859     -0.3271     -1.9285     -0.9351      0.2936
0.860     -0.3368     -1.9522     -0.9496      0.2890
0.861     -0.3467     -1.9763     -0.9644      0.2842
0.862     -0.3567     -2.0008     -0.9793      0.2794
0.863     -0.3668     -2.0256     -0.9945      0.2745
0.864     -0.3771     -2.0507     -1.0100      0.2695
0.865     -0.3875     -2.0763     -1.0257      0.2645
0.866     -0.3981     -2.1022     -1.0419      0.2594
0.867     -0.4089     -2.1285     -1.0583      0.2542
0.868     -0.4198     -2.1552     -1.0750      0.2489
0.869     -0.4309     -2.1823     -1.0920      0.2435
0.870     -0.4422     -2.2098     -1.1092      0.2381
0.871     -0.4536     -2.2378     -1.1267      0.2326
0.872     -0.4652     -2.2662     -1.1445      0.2270
0.873     -0.4770     -2.2950     -1.1625      0.2213
0.874     -0.4890     -2.3243     -1.1808      0.2155
0.875     -0.5012     -2.3541     -1.1995      0.2096
0.876     -0.5136     -2.3844     -1.2183      0.2037
0.877     -0.5262     -2.4151     -1.2372      0.1976
0.878     -0.5389     -2.4463     -1.2565      0.1914
0.879     -0.5519     -2.4781     -1.2761      0.1852
0.880     -0.5651     -2.5104     -1.2961      0.1788
0.881     -0.5786     -2.5432     -1.3164      0.1723
0.882     -0.5922     -2.5766     -1.3370      0.1657
0.883     -0.6061     -2.6106     -1.3577      0.1590
0.884     -0.6203     -2.6451     -1.3787      0.1522
0.885     -0.6346     -2.6803     -1.4001      0.1453
0.886     -0.6493     -2.7160     -1.4218      0.1382
0.887     -0.6642     -2.7524     -1.4440      0.1310
0.888     -0.6793     -2.7895     -1.4665      0.1237
0.889     -0.6947     -2.8272     -1.4894      0.1163
0.890     -0.7104     -2.8656     -1.5129      0.1087
0.891     -0.7264     -2.9047     -1.5372      0.1010
0.892     -0.7427     -2.9445     -1.5618      0.0931
0.893     -0.7593     -2.9851     -1.5870      0.0851
0.894     -0.7762     -3.0264     -1.6126      0.0770
0.895     -0.7935     -3.0685     -1.6387      0.0686
0.896     -0.8110     -3.1115     -1.6653      0.0602
0.897     -0.8290     -3.1552     -1.6925      0.0515
0.898     -0.8472     -3.1999     -1.7201      0.0427
0.899     -0.8658     -3.2454     -1.7483      0.0337
0.900     -0.8848     -3.2918     -1.7771      0.0246
0.901     -0.9042     -3.3392     -1.8065      0.0152
0.902     -0.9240     -3.3875     -1.8364      0.0057
0.903     -0.9441     -3.4368     -1.8670     -0.0040
0.904     -0.9647     -3.4872     -1.8982     -0.0140
0.905     -0.9858     -3.5386     -1.9301     -0.0241
0.906     -1.0072     -3.5911     -1.9626     -0.0345
0.907     -1.0292     -3.6447     -1.9959     -0.0451
0.908     -1.0516     -3.6995     -2.0298     -0.0559
0.909     -1.0745     -3.7555     -2.0645     -0.0669
0.910     -1.0979     -3.8127     -2.1000     -0.0782
0.911     -1.1219     -3.8713     -2.1363     -0.0898
0.912     -1.1464     -3.9311     -2.1732     -0.1016
0.913     -1.1714     -3.9924     -2.2111     -0.1137
0.914     -1.1971     -4.0550     -2.2497     -0.1261
0.915     -1.2233     -4.1192     -2.2893     -0.1387
0.916     -1.2502     -4.1848     -2.3302     -0.1517
0.917     -1.2777     -4.2521     -2.3722     -0.1649
0.918     -1.3059     -4.3210     -2.4150     -0.1785
0.919     -1.3347     -4.3916     -2.4588     -0.1925
0.920     -1.3643     -4.4639     -2.5037     -0.2067
0.921     -1.3947     -4.5381     -2.5496     -0.2210
0.922     -1.4258     -4.6142     -2.5968     -0.2356
0.923     -1.4577     -4.6923     -2.6452     -0.2507
0.924     -1.4905     -4.7724     -2.6948     -0.2665
0.925     -1.5242     -4.8546     -2.7456     -0.2827
0.926     -1.5587     -4.9391     -2.7975     -0.2993
0.927     -1.5942     -5.0259     -2.8509     -0.3164
0.928     -1.6307     -5.1151     -2.9057     -0.3340
0.929     -1.6683     -5.2068     -2.9620     -0.3521
0.930     -1.7069     -5.3012     -3.0200     -0.3707
0.931     -1.7466     -5.3982     -3.0797     -0.3898
0.932     -1.7874     -5.4981     -3.1411     -0.4095
0.933     -1.8295     -5.6011     -3.2043     -0.4298
0.934     -1.8729     -5.7071     -3.2697     -0.4507
0.935     -1.9176     -5.8164     -3.3372     -0.4722
0.936     -1.9637     -5.9291     -3.4068     -0.4944
0.937     -2.0113     -6.0454     -3.4786     -0.5173
0.938     -2.0604     -6.1654     -3.5527     -0.5410
0.939     -2.1111     -6.2894     -3.6292     -0.5654
0.940     -2.1635     -6.4175     -3.7083     -0.5907
0.941     -2.2177     -6.5499     -3.7901     -0.6168
0.942     -2.2738     -6.6869     -3.8746     -0.6438
0.943     -2.3318     -6.8287     -3.9622     -0.6717
0.944     -2.3919     -6.9756     -4.0529     -0.7007
0.945     -2.4542     -7.1278     -4.1469     -0.7306
0.946     -2.5187     -7.2857     -4.2443     -0.7618
0.947     -2.5858     -7.4495     -4.3455     -0.7940
0.948     -2.6554     -7.6196     -4.4505     -0.8276
0.949     -2.7277     -7.7964     -4.5597     -0.8624
0.950     -2.8029     -7.9803     -4.6732     -0.8986
0.951     -2.8812     -8.1717     -4.7913     -0.9363
0.952     -2.9627     -8.3710     -4.9144     -0.9756
0.953     -3.0478     -8.5788     -5.0437     -1.0166
0.954     -3.1365     -8.7957     -5.1781     -1.0593
0.955     -3.2291     -9.0222     -5.3176     -1.1040
0.956     -3.3260     -9.2590     -5.4635     -1.1506
0.957     -3.4274     -9.5068     -5.6162     -1.1992
0.958     -3.5336     -9.7664     -5.7762     -1.2495
0.959     -3.6450    -10.0386     -5.9440     -1.3023
0.960     -3.7619    -10.3245     -6.1205     -1.3577
0.961     -3.8849    -10.6251     -6.3060     -1.4160
0.962     -4.0143    -10.9415     -6.5014     -1.4773
0.963     -4.1507    -11.2749     -6.7072     -1.5420
0.964     -4.2947    -11.6269     -6.9246     -1.6102
0.965     -4.4470    -11.9990     -7.1543     -1.6823
0.966     -4.6081    -12.3930     -7.3975     -1.7587
0.967     -4.7791    -12.8109     -7.6555     -1.8397
0.968     -4.9607    -13.2548     -7.9297     -1.9258
0.969     -5.1541    -13.7275     -8.2214     -2.0174
0.970     -5.3603    -14.2316     -8.5327     -2.1151
0.971     -5.5808    -14.7705     -8.8654     -2.2196
0.972     -5.8170    -15.3479     -9.2219     -2.3316
0.973     -6.0707    -15.9681     -9.6048     -2.4518
0.974     -6.3440    -16.6360    -10.0171     -2.5813
0.975     -6.6390    -17.3572    -10.4625     -2.7211
0.976     -6.9587    -18.1387    -10.9450     -2.8726
0.977     -7.3062    -18.9880    -11.4697     -3.0372
0.978     -7.6853    -19.9146    -12.0433     -3.2168
0.979     -8.1004    -20.9294    -12.6716     -3.4136
0.980     -8.5571    -22.0457    -13.3628     -3.6300
0.981     -9.0619    -23.2796    -14.1267     -3.8692
0.982     -9.6227    -24.6505    -14.9755     -4.1349
0.983    -10.2496    -26.1826    -15.9242     -4.4320
0.984    -10.9547    -27.9064    -16.9914     -4.7661
0.985    -11.7539    -29.8600    -18.2009     -5.1448
0.986    -12.6673    -32.0927    -19.5832     -5.5777
0.987    -13.7212    -34.6686    -21.1784     -6.0771
0.988    -14.9508    -37.6741    -23.0385     -6.6598
0.989    -16.4038    -41.2258    -25.2335     -7.3483
0.990    -18.1475    -45.4885    -27.8678     -8.1746
0.991    -20.2788    -50.6977    -31.0873     -9.1879
0.992    -22.9427    -57.2097    -35.1116    -10.4578
0.993    -26.3679    -65.5816    -40.2857    -12.0906
0.994    -30.9346    -76.7449    -47.1852    -14.2667
0.995    -37.3289    -92.3738    -56.8444    -17.3149
0.996    -46.9191   -115.8173    -71.3338    -21.8857
0.997    -62.9041   -154.8866    -95.4821    -29.5061
0.998    -94.8714   -233.0314   -143.7759    -44.7424
0.999   -190.7840   -467.4785   -288.6785    -90.4573
