0.001    -96.1362   -113.9376   -114.7916    -78.2971
0.002    -47.6102    -56.4842    -56.9282    -38.6988
0.003    -31.4349    -37.3331    -37.6433    -25.4994
0.004    -23.3472    -27.7575    -28.0027    -18.8997
0.005    -18.4947    -22.0122    -22.2112    -14.9379
0.006    -15.2596    -18.1819    -18.3527    -12.2877
0.007    -12.9488    -15.4461    -15.5973    -10.3946
0.008    -11.2158    -13.3941    -13.5307     -8.9762
0.009     -9.8678    -11.7982    -11.9234     -7.8801
0.010     -8.7895    -10.5215    -10.6375     -7.0032
0.011     -7.9072     -9.4769     -9.5863     -6.2857
0.012     -7.1719     -8.6064     -8.7095     -5.6878
0.013     -6.5498     -7.8698     -7.9669     -5.1819
0.014     -6.0165     -7.2384     -7.3311     -4.7483
0.015     -5.5544     -6.6913     -6.7800     -4.3725
0.016     -5.1500     -6.2125     -6.2978     -4.0437
0.017     -4.7932     -5.7900     -5.8723     -3.7535
0.018     -4.4760     -5.4145     -5.4941     -3.4955
0.019     -4.1923     -5.0785     -5.1557     -3.2638
0.020     -3.9369     -4.7761     -4.8512     -3.0553
0.021     -3.7058     -4.5026     -4.5769     -2.8666
0.022     -3.4957     -4.2538     -4.3280     -2.6951
0.023     -3.3039     -4.0267     -4.1007     -2.5385
0.024     -3.1281     -3.8186     -3.8923     -2.3949
0.025     -2.9663     -3.6271     -3.7003     -2.2628
0.026     -2.8170     -3.4503     -3.5222     -2.1409
0.027     -2.6788     -3.2866     -3.3574     -2.0280
0.028     -2.5504     -3.1346     -3.2043     -1.9229
0.029     -2.4309     -2.9931     -3.0618     -1.8246
0.030     -2.3193     -2.8610     -2.9286     -1.7329
0.031     -2.2150     -2.7375     -2.8035     -1.6471
0.032     -2.1171     -2.6216     -2.6863     -1.5666
0.033     -2.0252     -2.5128     -2.5761     -1.4911
0.034     -1.9387     -2.4104     -2.4724     -1.4199
0.035     -1.8572     -2.3138     -2.3747     -1.3529
0.036     -1.7802     -2.2227     -2.2825     -1.2895
0.037     -1.7073     -2.1364     -2.1961     -1.2296
0.038     -1.6383     -2.0547     -2.1134     -1.1729
0.039     -1.5728     -1.9771     -2.0349     -1.1197
0.040     -1.5106     -1.9035     -1.9604     -1.0699
0.041     -1.4514     -1.8334     -1.8895     -1.0225
0.042     -1.3950     -1.7667     -1.8217     -0.9762
0.043     -1.3413     -1.7030     -1.7572     -0.9325
0.044     -1.2900     -1.6423     -1.6956     -0.8912
0.045     -1.2410     -1.5843     -1.6374     -0.8517
0.046     -1.1941     -1.5288     -1.5813     -0.8139
0.047     -1.1492     -1.4756     -1.5275     -0.7778
0.048     -1.1062     -1.4247     -1.4760     -0.7431
0.049     -1.0649     -1.3758     -1.4269     -0.7098
0.050     -1.0253     -1.3289     -1.3803     -0.6776
0.051     -0.9872     -1.2839     -1.3355     -0.6465
0.052     -0.9507     -1.2405     -1.2924     -0.6164
0.053     -0.9154     -1.1989     -1.2509     -0.5875
0.054     -0.8815     -1.1587     -1.2110     -0.5601
0.055     -0.8488     -1.1200     -1.1726     -0.5334
0.056     -0.8173     -1.0827     -1.1354     -0.5077
0.057     -0.7869     -1.0467     -1.0994     -0.4829
0.058     -0.7576     -1.0119     -1.0646     -0.4589
0.059     -0.7292     -0.9784     -1.0310     -0.4357
0.060     -0.7018     -0.9459     -0.9985     -0.4133
0.061     -0.6753     -0.9145     -0.9671     -0.3917
0.062     -0.6496     -0.8841     -0.9367     -0.3707
0.063     -0.6248     -0.8547     -0.9072     -0.3501
0.064     -0.6007     -0.8262     -0.8787     -0.3301
0.065     -0.5774     -0.7986     -0.8510     -0.3107
0.066     -0.5548     -0.7718     -0.8242     -0.2924
0.067     -0.5328     -0.7458     -0.7982     -0.2745
0.068     -0.5115     -0.7206     -0.7730     -0.2567
0.069     -0.4908     -0.6961     -0.7484     -0.2393
0.070     -0.4707     -0.6723     -0.7244     -0.2229
0.071     -0.4512     -0.6492     -0.7012     -0.2072
0.072     -0.4322     -0.6267     -0.6785     -0.1921
0.073     -0.4137     -0.6049     -0.6565     -0.1766
0.074     -0.3958     -0.5836     -0.6351     -0.1621
0.075     -0.3783     -0.5629     -0.6142     -0.1484
0.076     -0.3613     -0.5427     -0.5943     -0.1350
0.077     -0.3447     -0.5231     -0.5752     -0.1216
0.078     -0.3285     -0.5040     -0.5561     -0.1080
0.079     -0.3128     -0.4853     -0.5374     -0.0946
0.080     -0.2974     -0.4671     -0.5192     -0.0815
0.081     -0.2824     -0.4494     -0.5015     -0.0688
0.082     -0.2678     -0.4321     -0.4842     -0.0563
0.083     -0.2536     -0.4152     -0.4673     -0.0445
0.084     -0.2396     -0.3987     -0.4508     -0.0332
0.085     -0.2261     -0.3826     -0.4347     -0.0222
0.086     -0.2128     -0.3669     -0.4189     -0.0114
0.087     -0.1998     -0.3516     -0.4036     -0.0008
0.088     -0.1871     -0.3366     -0.3885      0.0095
0.089     -0.1747     -0.3219     -0.3739      0.0194
0.090     -0.1626     -0.3075     -0.3595      0.0291
0.091     -0.1508     -0.2935     -0.3455      0.0385
0.092     -0.1392     -0.2798     -0.3317      0.0477
0.093     -0.1278     -0.2664     -0.3183      0.0568
0.094     -0.1167     -0.2532     -0.3051      0.0660
0.095     -0.1059     -0.2403     -0.2922      0.0748
0.096     -0.0952     -0.2277     -0.2796      0.0832
0.097     -0.0848     -0.2154     -0.2673      0.0914
0.098     -0.0746     -0.2033     -0.2552      0.0995
0.099     -0.0646     -0.1915     -0.2433      0.1074
0.100     -0.0548     -0.1799     -0.2317      0.1156
0.101     -0.0452     -0.1685     -0.2203      0.1238
0.102     -0.0358     -0.1573     -0.2091      0.1319
0.103     -0.0265     -0.1464     -0.1982      0.1399
0.104     -0.0175     -0.1357     -0.1875      0.1475
0.105     -0.0086     -0.1251     -0.1769      0.1547
0.106      0.0001     -0.1148     -0.1666      0.1618
0.107      0.0087     -0.1047     -0.1565      0.1688
0.108      0.0171     -0.0947     -0.1462      0.1756
0.109      0.0253     -0.0850     -0.1361      0.1823
0.110      0.0334     -0.0754     -0.1261      0.1889
0.111      0.0414     -0.0660     -0.1164      0.1954
0.112      0.0492     -0.0568     -0.1071      0.2017
0.113      0.0569     -0.0477     -0.0981      0.2081
0.114      0.0644     -0.0388     -0.0893      0.2144
0.115      0.0718     -0.0300     -0.0806      0.2206
0.116      0.0791     -0.0214     -0.0721      0.2265
0.117      0.0862     -0.0129     -0.0637      0.2322
0.118      0.0933     -0.0046     -0.0555      0.2377
0.119      0.1002      0.0036     -0.0474      0.2432
0.120      0.1070      0.0116     -0.0395      0.2487
0.121      0.1136      0.0196     -0.0317      0.2540
0.122      0.1202      0.0273     -0.0240      0.2593
0.123      0.1267      0.0350     -0.0164      0.2647
0.124      0.1331      0.0425     -0.0088      0.2699
0.125      0.1393      0.0499     -0.0011      0.2750
0.126      0.1455      0.0572      0.0063      0.2800
0.127      0.1515      0.0644      0.0137      0.2850
0.128      0.1575      0.0715      0.0210      0.2900
0.129      0.1634      0.0785      0.0281      0.2950
0.130      0.1692      0.0853      0.0352      0.2999
0.131      0.1749      0.0921      0.0421      0.3047
0.132      0.1805      0.0987      0.0486      0.3094
0.133      0.1860      0.1052      0.0549      0.3141
0.134      0.1915      0.1117      0.0611      0.3187
0.135      0.1968      0.1180      0.0672      0.3232
0.136      0.2021      0.1243      0.0736      0.3277
0.137      0.2073      0.1305      0.0801      0.3321
0.138      0.2125      0.1365      0.0864      0.3364
0.139      0.2175      0.1425      0.0927      0.3407
0.140      0.2225      0.1484      0.0989      0.3449
0.141      0.2274      0.1543      0.1050      0.3491
0.142      0.2323      0.1600      0.1109      0.3530
0.143      0.2370      0.1657      0.1164      0.3569
0.144      0.2418      0.1712      0.1217      0.3606
0.145      0.2464      0.1767      0.1270      0.3644
0.146      0.2510      0.1822      0.1327      0.3680
0.147      0.2555      0.1875      0.1382      0.3717
0.148      0.2600      0.1928      0.1437      0.3752
0.149      0.2644      0.1980      0.1488      0.3788
0.150      0.2687      0.2032      0.1538      0.3825
0.151      0.2730      0.2082      0.1587      0.3861
0.152      0.2772      0.2132      0.1636      0.3895
0.153      0.2814      0.2182      0.1684      0.3928
0.154      0.2855      0.2231      0.1732      0.3961
0.155      0.2896      0.2279      0.1778      0.3996
0.156      0.2936      0.2326      0.1825      0.4029
0.157      0.2976      0.2373      0.1870      0.4062
0.158      0.3015      0.2419      0.1916      0.4095
0.159      0.3053      0.2465      0.1960      0.4128
0.160      0.3092      0.2510      0.2004      0.4160
0.161      0.3129      0.2555      0.2048      0.4191
0.162      0.3166      0.2599      0.2092      0.4223
0.163      0.3203      0.2643      0.2140      0.4254
0.164      0.3240      0.2686      0.2187      0.4284
0.165      0.3275      0.2728      0.2233      0.4314
0.166      0.3311      0.2770      0.2279      0.4344
0.167      0.3346      0.2811      0.2325      0.4373
0.168      0.3380      0.2852      0.2369      0.4400
0.169      0.3415      0.2893      0.2412      0.4427
0.170      0.3448      0.2933      0.2451      0.4453
0.171      0.3482      0.2972      0.2489      0.4479
0.172      0.3515      0.3011      0.2527      0.4505
0.173      0.3547      0.3050      0.2565      0.4530
0.174      0.3580      0.3088      0.2602      0.4556
0.175      0.3611      0.3126      0.2639      0.4583
0.176      0.3643      0.3163      0.2675      0.4609
0.177      0.3674      0.3200      0.2711      0.4635
0.178      0.3705      0.3237      0.2747      0.4660
0.179      0.3735      0.3273      0.2784      0.4686
0.180      0.3766      0.3308      0.2821      0.4711
0.181      0.3795      0.3344      0.2858      0.4735
0.182      0.3825      0.3378      0.2894      0.4760
0.183      0.3854      0.3413      0.2930      0.4784
0.184      0.3883      0.3447      0.2965      0.4808
0.185      0.3911      0.3481      0.3000      0.4831
0.186      0.3939      0.3514      0.3035      0.4853
0.187      0.3967      0.3547      0.3069      0.4875
0.188      0.3995      0.3580      0.3103      0.4896
0.189      0.4022      0.3612      0.3137      0.4917
0.190      0.4049      0.3644      0.3170      0.4938
0.191      0.4076      0.3676      0.3202      0.4959
0.192      0.4103      0.3707      0.3232      0.4979
0.193      0.4129      0.3738      0.3262      0.4999
0.194      0.4155      0.3769      0.3292      0.5023
0.195      0.4180      0.3799      0.3322      0.5046
0.196      0.4206      0.3829      0.3351      0.5068
0.197      0.4231      0.3859      0.3380      0.5089
0.198      0.4256      0.3889      0.3408      0.5109
0.199      0.4280      0.3918      0.3437      0.5129
0.200      0.4305      0.3947      0.3465      0.5150
0.201      0.4329      0.3975      0.3493      0.5171
0.202      0.4353      0.4004      0.3520      0.5192
0.203      0.4376      0.4032      0.3547      0.5212
0.204      0.4400      0.4059      0.3576      0.5233
0.205      0.4423      0.4087      0.3606      0.5252
0.206      0.4446      0.4114      0.3635      0.5271
0.207      0.4469      0.4141      0.3665      0.5289
0.208      0.4491      0.4168      0.3694      0.5307
0.209      0.4514      0.4194      0.3722      0.5324
0.210      0.4536      0.4220      0.3751      0.5345
0.211      0.4558      0.4246      0.3779      0.5365
0.212      0.4579      0.4272      0.3807      0.5385
0.213      0.4601      0.4297      0.3834      0.5403
0.214      0.4622      0.4323      0.3859      0.5421
0.215      0.4643      0.4348      0.3884      0.5437
0.216      0.4664      0.4372      0.3908      0.5454
0.217      0.4685      0.4397      0.3933      0.5470
0.218      0.4705      0.4421      0.3957      0.5486
0.219      0.4726      0.4445      0.3981      0.5502
0.220      0.4746      0.4469      0.4004      0.5518
0.221      0.4766      0.4493      0.4027      0.5534
0.222      0.4786      0.4516      0.4048      0.5551
0.223      0.4805      0.4539      0.4073      0.5565
0.224      0.4825      0.4562      0.4097      0.5580
0.225      0.4844      0.4585      0.4120      0.5595
0.226      0.4863      0.4608      0.4142      0.5610
0.227      0.4882      0.4630      0.4165      0.5625
0.228      0.4901      0.4652      0.4187      0.5640
0.229      0.4919      0.4674      0.4209      0.5655
0.230      0.4938      0.4696      0.4230      0.5669
0.231      0.4956      0.4718      0.4252      0.5684
0.232      0.4974      0.4739      0.4273      0.5698
0.233      0.4992      0.4760      0.4294      0.5714
0.234      0.5010      0.4781      0.4315      0.5730
0.235      0.5027      0.4802      0.4337      0.5746
0.236      0.5045      0.4823      0.4359      0.5762
0.237      0.5062      0.4844      0.4380      0.5777
0.238      0.5080      0.4864      0.4402      0.5793
0.239      0.5097      0.4884      0.4423      0.5808
0.240      0.5113      0.4904      0.4443      0.5821
0.241      0.5130      0.4924      0.4464      0.5835
0.242      0.5147      0.4944      0.4485      0.5848
0.243      0.5163      0.4963      0.4505      0.5861
0.244      0.5180      0.4983      0.4524      0.5874
0.245      0.5196      0.5002      0.4544      0.5887
0.246      0.5212      0.5021      0.4564      0.5899
0.247      0.5228      0.5040      0.4584      0.5912
0.248      0.5244      0.5059      0.4603      0.5924
0.249      0.5260      0.5077      0.4621      0.5937
0.250      0.5275      0.5096      0.4639      0.5949
0.251      0.5291      0.5114      0.4657      0.5961
0.252      0.5306      0.5132      0.4675      0.5973
0.253      0.5321      0.5150      0.4693      0.5985
0.254      0.5336      0.5168      0.4711      0.5999
0.255      0.5351      0.5186      0.4729      0.6012
0.256      0.5366      0.5203      0.4747      0.6025
0.257      0.5381      0.5221      0.4764      0.6038
0.258      0.5396      0.5238      0.4781      0.6051
0.259      0.5410      0.5255      0.4797      0.6064
0.260      0.5425      0.5273      0.4814      0.6076
0.261      0.5439      0.5289      0.4831      0.6089
0.262      0.5453      0.5306      0.4847      0.6101
0.263      0.5467      0.5323      0.4863      0.6114
0.264      0.5481      0.5339      0.4881      0.6126
0.265      0.5495      0.5356      0.4897      0.6138
0.266      0.5509      0.5372      0.4912      0.6150
0.267      0.5522      0.5388      0.4928      0.6162
0.268      0.5536      0.5404      0.4943      0.6174
0.269      0.5549      0.5420      0.4959      0.6186
0.270      0.5563      0.5436      0.4974      0.6198
0.271      0.5576      0.5452      0.4990      0.6210
0.272      0.5589      0.5468      0.5005      0.6221
0.273      0.5602      0.5483      0.5020      0.6232
0.274      0.5615      0.5498      0.5035      0.6242
0.275      0.5628      0.5514      0.5050      0.6253
0.276      0.5641      0.5529      0.5067      0.6264
0.277      0.5654      0.5544      0.5083      0.6274
0.278      0.5666      0.5559      0.5099      0.6284
0.279      0.5679      0.5574      0.5114      0.6294
0.280      0.5691      0.5588      0.5128      0.6304
0.281      0.5704      0.5603      0.5142      0.6315
0.282      0.5716      0.5617      0.5155      0.6326
0.283      0.5728      0.5632      0.5169      0.6336
0.284      0.5740      0.5646      0.5182      0.6347
0.285      0.5752      0.5660      0.5195      0.6358
0.286      0.5764      0.5674      0.5209      0.6368
0.287      0.5776      0.5688      0.5222      0.6377
0.288      0.5787      0.5702      0.5235      0.6386
0.289      0.5799      0.5716      0.5249      0.6395
0.290      0.5811      0.5730      0.5263      0.6404
0.291      0.5822      0.5743      0.5277      0.6413
0.292      0.5834      0.5757      0.5291      0.6423
0.293      0.5845      0.5770      0.5304      0.6433
0.294      0.5856      0.5784      0.5316      0.6443
0.295      0.5867      0.5797      0.5328      0.6453
0.296      0.5879      0.5810      0.5340      0.6462
0.297      0.5890      0.5823      0.5353      0.6472
0.298      0.5901      0.5836      0.5365      0.6481
0.299      0.5911      0.5849      0.5378      0.6490
0.300      0.5922      0.5862      0.5391      0.6499
0.301      0.5933      0.5875      0.5404      0.6508
0.302      0.5944      0.5887      0.5417      0.6517
0.303      0.5954      0.5900      0.5431      0.6526
0.304      0.5965      0.5912      0.5444      0.6535
0.305      0.5975      0.5925      0.5458      0.6542
0.306      0.5986      0.5937      0.5471      0.6550
0.307      0.5996      0.5949      0.5484      0.6557
0.308      0.6006      0.5961      0.5496      0.6564
0.309      0.6016      0.5973      0.5506      0.6572
0.310      0.6027      0.5985      0.5517      0.6579
0.311      0.6037      0.5997      0.5530      0.6588
0.312      0.6047      0.6009      0.5542      0.6596
0.313      0.6057      0.6021      0.5554      0.6605
0.314      0.6066      0.6033      0.5566      0.6613
0.315      0.6076      0.6044      0.5578      0.6621
0.316      0.6086      0.6056      0.5590      0.6630
0.317      0.6096      0.6067      0.5602      0.6639
0.318      0.6105      0.6079      0.5614      0.6647
0.319      0.6115      0.6090      0.5626      0.6656
0.320      0.6124      0.6101      0.5636      0.6664
0.321      0.6134      0.6112      0.5647      0.6672
0.322      0.6143      0.6123      0.5659      0.6680
0.323      0.6153      0.6135      0.5670      0.6688
0.324      0.6162      0.6146      0.5681      0.6696
0.325      0.6171      0.6156      0.5691      0.6704
0.326      0.6180      0.6167      0.5701      0.6712
0.327      0.6189      0.6178      0.5710      0.6720
0.328      0.6198      0.6189      0.5720      0.6728
0.329      0.6207      0.6199      0.5731      0.6736
0.330      0.6216      0.6210      0.5740      0.6743
0.331      0.6225      0.6221      0.5749      0.6750
0.332      0.6234      0.6231      0.5759      0.6758
0.333      0.6243      0.6241      0.5769      0.6765
0.334      0.6252      0.6252      0.5779      0.6773
0.335      0.6260      0.6262      0.5789      0.6780
0.336      0.6269      0.6272      0.5798      0.6787
0.337      0.6277      0.6282      0.5808      0.6794
0.338      0.6286      0.6292      0.5817      0.6801
0.339      0.6294      0.6302      0.5827      0.6808
0.340      0.6303      0.6312      0.5836      0.6814
0.341      0.6311      0.6322      0.5846      0.6821
0.342      0.6320      0.6332      0.5855      0.6827
0.343      0.6328      0.6342      0.5864      0.6833
0.344      0.6336      0.6352      0.5874      0.6839
0.345      0.6344      0.6361      0.5884      0.6845
0.346      0.6352      0.6371      0.5893      0.6851
0.347      0.6360      0.6381      0.5903      0.6857
0.348      0.6368      0.6390      0.5913      0.6863
0.349      0.6376      0.6400      0.5922      0.6869
0.350      0.6384      0.6409      0.5930      0.6876
0.351      0.6392      0.6418      0.5939      0.6883
0.352      0.6400      0.6428      0.5947      0.6890
0.353      0.6408      0.6437      0.5955      0.6898
0.354      0.6416      0.6446      0.5964      0.6904
0.355      0.6423      0.6455      0.5973      0.6909
0.356      0.6431      0.6464      0.5983      0.6915
0.357      0.6439      0.6473      0.5992      0.6920
0.358      0.6446      0.6482      0.6001      0.6926
0.359      0.6454      0.6491      0.6010      0.6931
0.360      0.6461      0.6500      0.6019      0.6937
0.361      0.6469      0.6509      0.6028      0.6942
0.362      0.6476      0.6518      0.6037      0.6947
0.363      0.6484      0.6527      0.6044      0.6953
0.364      0.6491      0.6535      0.6051      0.6958
0.365      0.6498      0.6544      0.6059      0.6963
0.366      0.6506      0.6552      0.6066      0.6968
0.367      0.6513      0.6561      0.6074      0.6974
0.368      0.6520      0.6570      0.6083      0.6980
0.369      0.6527      0.6578      0.6092      0.6986
0.370      0.6534      0.6586      0.6101      0.6992
0.371      0.6541      0.6595      0.6110      0.6998
0.372      0.6548      0.6603      0.6118      0.7004
0.373      0.6555      0.6611      0.6125      0.7011
0.374      0.6562      0.6620      0.6132      0.7016
0.375      0.6569      0.6628      0.6140      0.7022
0.376      0.6576      0.6636      0.6148      0.7025
0.377      0.6583      0.6644      0.6155      0.7031
0.378      0.6590      0.6652      0.6163      0.7035
0.379      0.6597      0.6660      0.6170      0.7038
0.380      0.6603      0.6668      0.6179      0.7041
0.381      0.6610      0.6676      0.6187      0.7046
0.382      0.6617      0.6684      0.6195      0.7052
0.383      0.6623      0.6692      0.6202      0.7059
0.384      0.6630      0.6700      0.6214      0.7061
0.385      0.6636      0.6707      0.6231      0.7061
0.386      0.6643      0.6715      0.6240      0.7064
0.387      0.6650      0.6723      0.6248      0.7067
0.388      0.6656      0.6731      0.6259      0.7071
0.389      0.6662      0.6738      0.6267      0.7074
0.390      0.6669      0.6746      0.6280      0.7067
0.391      0.6675      0.6753      0.6295      0.7068
0.392      0.6682      0.6761      0.6301      0.7071
0.393      0.6688      0.6768      0.6316      0.7077
0.394      0.6694      0.6776      0.6325      0.7081
0.395      0.6700      0.6783      0.6336      0.7081
0.396      0.6707      0.6790      0.6349      0.7091
0.397      0.6713      0.6798      0.6350      0.7087
0.398      0.6719      0.6805      0.6365      0.7101
0.399      0.6715      0.6812      0.6361      0.7103
0.400      0.6707      0.6819      0.6356      0.7102
0.401      0.6700      0.6813      0.6349      0.7098
0.402      0.6692      0.6807      0.6341      0.7092
0.403      0.6684      0.6801      0.6331      0.7089
0.404      0.6677      0.6795      0.6315      0.7084
0.405      0.6669      0.6789      0.6306      0.7084
0.406      0.6661      0.6783      0.6294      0.7079
0.407      0.6654      0.6776      0.6287      0.7077
0.408      0.6646      0.6770      0.6275      0.7068
0.409      0.6638      0.6764      0.6260      0.7066
0.410      0.6630      0.6758      0.6247      0.7060
0.411      0.6622      0.6751      0.6235      0.7052
0.412      0.6614      0.6745      0.6224      0.7046
0.413      0.6606      0.6739      0.6215      0.7039
0.414      0.6598      0.6732      0.6206      0.7033
0.415      0.6590      0.6726      0.6193      0.7028
0.416      0.6582      0.6720      0.6185      0.7027
0.417      0.6574      0.6713      0.6175      0.7021
0.418      0.6566      0.6707      0.6166      0.7013
0.419      0.6558      0.6700      0.6156      0.7006
0.420      0.6550      0.6694      0.6147      0.6998
0.421      0.6542      0.6687      0.6138      0.6991
0.422      0.6534      0.6681      0.6129      0.6985
0.423      0.6525      0.6674      0.6120      0.6979
0.424      0.6517      0.6668      0.6111      0.6971
0.425      0.6509      0.6661      0.6103      0.6963
0.426      0.6501      0.6654      0.6095      0.6956
0.427      0.6492      0.6648      0.6086      0.6950
0.428      0.6484      0.6641      0.6078      0.6944
0.429      0.6476      0.6634      0.6069      0.6938
0.430      0.6467      0.6628      0.6061      0.6932
0.431      0.6459      0.6621      0.6051      0.6926
0.432      0.6450      0.6614      0.6042      0.6920
0.433      0.6442      0.6607      0.6033      0.6913
0.434      0.6433      0.6601      0.6023      0.6906
0.435      0.6425      0.6594      0.6014      0.6898
0.436      0.6416      0.6587      0.6004      0.6891
0.437      0.6407      0.6580      0.5989      0.6884
0.438      0.6399      0.6573      0.5979      0.6876
0.439      0.6390      0.6566      0.5970      0.6869
0.440      0.6381      0.6559      0.5960      0.6861
0.441      0.6373      0.6552      0.5951      0.6854
0.442      0.6364      0.6545      0.5941      0.6846
0.443      0.6355      0.6538      0.5932      0.6839
0.444      0.6346      0.6531      0.5922      0.6831
0.445      0.6337      0.6524      0.5911      0.6824
0.446      0.6328      0.6517      0.5900      0.6816
0.447      0.6319      0.6510      0.5890      0.6809
0.448      0.6310      0.6503      0.5879      0.6801
0.449      0.6301      0.6495      0.5868      0.6792
0.450      0.6292      0.6488      0.5857      0.6784
0.451      0.6283      0.6481      0.5846      0.6777
0.452      0.6274      0.6474      0.5835      0.6770
0.453      0.6265      0.6466      0.5825      0.6762
0.454      0.6256      0.6459      0.5815      0.6754
0.455      0.6247      0.6452      0.5805      0.6746
0.456      0.6237      0.6444      0.5795      0.6739
0.457      0.6228      0.6437      0.5785      0.6729
0.458      0.6219      0.6430      0.5773      0.6720
0.459      0.6209      0.6422      0.5763      0.6711
0.460      0.6200      0.6415      0.5753      0.6701
0.461      0.6191      0.6407      0.5742      0.6693
0.462      0.6181      0.6400      0.5733      0.6686
0.463      0.6172      0.6392      0.5723      0.6679
0.464      0.6162      0.6384      0.5713      0.6672
0.465      0.6153      0.6377      0.5701      0.6664
0.466      0.6143      0.6369      0.5690      0.6655
0.467      0.6133      0.6361      0.5679      0.6647
0.468      0.6124      0.6354      0.5668      0.6638
0.469      0.6114      0.6346      0.5656      0.6629
0.470      0.6104      0.6338      0.5645      0.6621
0.471      0.6095      0.6330      0.5634      0.6612
0.472      0.6085      0.6323      0.5622      0.6603
0.473      0.6075      0.6315      0.5611      0.6594
0.474      0.6065      0.6307      0.5600      0.6585
0.475      0.6055      0.6299      0.5590      0.6577
0.476      0.6045      0.6291      0.5578      0.6568
0.477      0.6035      0.6283      0.5566      0.6559
0.478      0.6025      0.6275      0.5553      0.6550
0.479      0.6015      0.6267      0.5542      0.6541
0.480      0.6005      0.6259      0.5530      0.6532
0.481      0.5995      0.6251      0.5519      0.6524
0.482      0.5985      0.6243      0.5507      0.6516
0.483      0.5974      0.6235      0.5496      0.6508
0.484      0.5964      0.6226      0.5484      0.6499
0.485      0.5954      0.6218      0.5472      0.6489
0.486      0.5943      0.6210      0.5461      0.6480
0.487      0.5933      0.6202      0.5449      0.6471
0.488      0.5923      0.6193      0.5438      0.6462
0.489      0.5912      0.6185      0.5427      0.6454
0.490      0.5902      0.6177      0.5416      0.6446
0.491      0.5891      0.6168      0.5404      0.6438
0.492      0.5881      0.6160      0.5393      0.6430
0.493      0.5870      0.6151      0.5381      0.6423
0.494      0.5859      0.6143      0.5370      0.6415
0.495      0.5848      0.6134      0.5356      0.6406
0.496      0.5838      0.6126      0.5343      0.6397
0.497      0.5827      0.6117      0.5331      0.6388
0.498      0.5816      0.6108      0.5320      0.6379
0.499      0.5805      0.6100      0.5308      0.6369
0.500      0.5794      0.6091      0.5295      0.6360
0.501      0.5783      0.6082      0.5282      0.6351
0.502      0.5772      0.6073      0.5271      0.6341
0.503      0.5761      0.6064      0.5259      0.6331
0.504      0.5750      0.6056      0.5247      0.6321
0.505      0.5739      0.6047      0.5236      0.6310
0.506      0.5728      0.6038      0.5224      0.6301
0.507      0.5716      0.6029      0.5212      0.6292
0.508      0.5705      0.6020      0.5199      0.6284
0.509      0.5694      0.6011      0.5186      0.6274
0.510      0.5682      0.6002      0.5173      0.6265
0.511      0.5671      0.5993      0.5160      0.6255
0.512      0.5660      0.5983      0.5147      0.6245
0.513      0.5648      0.5974      0.5134      0.6235
0.514      0.5636      0.5965      0.5121      0.6225
0.515      0.5625      0.5956      0.5107      0.6215
0.516      0.5613      0.5946      0.5094      0.6205
0.517      0.5601      0.5937      0.5080      0.6195
0.518      0.5590      0.5928      0.5067      0.6184
0.519      0.5578      0.5918      0.5053      0.6175
0.520      0.5566      0.5909      0.5040      0.6165
0.521      0.5554      0.5899      0.5026      0.6155
0.522      0.5542      0.5890      0.5012      0.6145
0.523      0.5530      0.5880      0.4998      0.6136
0.524      0.5518      0.5870      0.4985      0.6126
0.525      0.5506      0.5861      0.4971      0.6117
0.526      0.5494      0.5851      0.4957      0.6107
0.527      0.5481      0.5841      0.4943      0.6098
0.528      0.5469      0.5832      0.4929      0.6088
0.529      0.5457      0.5822      0.4914      0.6078
0.530      0.5445      0.5812      0.4900      0.6068
0.531      0.5432      0.5802      0.4886      0.6057
0.532      0.5420      0.5792      0.4872      0.6046
0.533      0.5407      0.5782      0.4857      0.6035
0.534      0.5394      0.5772      0.4843      0.6023
0.535      0.5382      0.5762      0.4828      0.6012
0.536      0.5369      0.5752      0.4814      0.6001
0.537      0.5356      0.5742      0.4799      0.5990
0.538      0.5344      0.5731      0.4783      0.5978
0.539      0.5331      0.5721      0.4768      0.5967
0.540      0.5318      0.5711      0.4753      0.5955
0.541      0.5305      0.5700      0.4738      0.5944
0.542      0.5292      0.5690      0.4723      0.5934
0.543      0.5279      0.5680      0.4708      0.5924
0.544      0.5266      0.5669      0.4693      0.5914
0.545      0.5252      0.5659      0.4678      0.5903
0.546      0.5239      0.5648      0.4664      0.5891
0.547      0.5226      0.5637      0.4649      0.5880
0.548      0.5212      0.5627      0.4634      0.5870
0.549      0.5199      0.5616      0.4618      0.5859
0.550      0.5185      0.5605      0.4603      0.5848
0.551      0.5172      0.5594      0.4587      0.5837
0.552      0.5158      0.5583      0.4571      0.5825
0.553      0.5145      0.5573      0.4556      0.5813
0.554      0.5131      0.5562      0.4540      0.5801
0.555      0.5117      0.5551      0.4524      0.5790
0.556      0.5103      0.5540      0.4508      0.5778
0.557      0.5089      0.5528      0.4493      0.5765
0.558      0.5075      0.5517      0.4478      0.5752
0.559      0.5061      0.5506      0.4462      0.5738
0.560      0.5047      0.5495      0.4446      0.5726
0.561      0.5033      0.5483      0.4430      0.5714
0.562      0.5019      0.5472      0.4415      0.5702
0.563      0.5004      0.5461      0.4399      0.5690
0.564      0.4990      0.5449      0.4384      0.5678
0.565      0.4976      0.5438      0.4367      0.5666
0.566      0.4961      0.5426      0.4351      0.5654
0.567      0.4946      0.5414      0.4333      0.5642
0.568      0.4932      0.5403      0.4316      0.5630
0.569      0.4917      0.5391      0.4299      0.5617
0.570      0.4902      0.5379      0.4282      0.5605
0.571      0.4887      0.5367      0.4265      0.5593
0.572      0.4873      0.5356      0.4248      0.5581
0.573      0.4858      0.5344      0.4231      0.5568
0.574      0.4843      0.5332      0.4214      0.5556
0.575      0.4827      0.5319      0.4197      0.5543
0.576      0.4812      0.5307      0.4180      0.5530
0.577      0.4797      0.5295      0.4162      0.5518
0.578      0.4782      0.5283      0.4145      0.5505
0.579      0.4766      0.5271      0.4127      0.5492
0.580      0.4751      0.5258      0.4109      0.5479
0.581      0.4735      0.5246      0.4091      0.5467
0.582      0.4719      0.5233      0.4074      0.5455
0.583      0.4704      0.5221      0.4055      0.5443
0.584      0.4688      0.5208      0.4037      0.5431
0.585      0.4672      0.5196      0.4019      0.5419
0.586      0.4656      0.5183      0.4001      0.5407
0.587      0.4640      0.5170      0.3982      0.5395
0.588      0.4624      0.5157      0.3964      0.5383
0.589      0.4608      0.5144      0.3945      0.5370
0.590      0.4592      0.5131      0.3927      0.5357
0.591      0.4575      0.5118      0.3908      0.5344
0.592      0.4559      0.5105      0.3888      0.5330
0.593      0.4542      0.5092      0.3868      0.5316
0.594      0.4526      0.5079      0.3848      0.5301
0.595      0.4509      0.5066      0.3828      0.5287
0.596      0.4492      0.5052      0.3808      0.5272
0.597      0.4476      0.5039      0.3789      0.5257
0.598      0.4459      0.5025      0.3771      0.5243
0.599      0.4442      0.5012      0.3753      0.5228
0.600      0.4425      0.4998      0.3735      0.5213
0.601      0.4407      0.4984      0.3716      0.5198
0.602      0.4390      0.4971      0.3696      0.5183
0.603      0.4373      0.4957      0.3676      0.5168
0.604      0.4355      0.4943      0.3656      0.5155
0.605      0.4338      0.4929      0.3636      0.5141
0.606      0.4320      0.4915      0.3616      0.5127
0.607      0.4303      0.4901      0.3595      0.5113
0.608      0.4285      0.4887      0.3575      0.5099
0.609      0.4267      0.4872      0.3554      0.5084
0.610      0.4249      0.4858      0.3534      0.5070
0.611      0.4231      0.4844      0.3513      0.5056
0.612      0.4213      0.4829      0.3492      0.5041
0.613      0.4194      0.4815      0.3469      0.5027
0.614      0.4176      0.4800      0.3447      0.5012
0.615      0.4158      0.4785      0.3425      0.4996
0.616      0.4139      0.4770      0.3403      0.4981
0.617      0.4121      0.4756      0.3382      0.4964
0.618      0.4102      0.4741      0.3361      0.4948
0.619      0.4083      0.4726      0.3340      0.4931
0.620      0.4064      0.4710      0.3318      0.4915
0.621      0.4045      0.4695      0.3295      0.4900
0.622      0.4026      0.4680      0.3273      0.4884
0.623      0.4007      0.4665      0.3250      0.4868
0.624      0.3987      0.4649      0.3227      0.4851
0.625      0.3968      0.4634      0.3205      0.4835
0.626      0.3948      0.4618      0.3183      0.4818
0.627      0.3929      0.4603      0.3161      0.4801
0.628      0.3909      0.4587      0.3138      0.4785
0.629      0.3889      0.4571      0.3116      0.4768
0.630      0.3869      0.4555      0.3093      0.4751
0.631      0.3849      0.4539      0.3070      0.4734
0.632      0.3829      0.4523      0.3048      0.4718
0.633      0.3809      0.4507      0.3025      0.4702
0.634      0.3788      0.4490      0.3001      0.4686
0.635      0.3768      0.4474      0.2978      0.4670
0.636      0.3747      0.4458      0.2955      0.4653
0.637      0.3726      0.4441      0.2931      0.4637
0.638      0.3706      0.4425      0.2908      0.4620
0.639      0.3685      0.4408      0.2884      0.4602
0.640      0.3664      0.4391      0.2860      0.4585
0.641      0.3642      0.4374      0.2836      0.4567
0.642      0.3621      0.4357      0.2812      0.4549
0.643      0.3600      0.4340      0.2787      0.4531
0.644      0.3578      0.4323      0.2763      0.4513
0.645      0.3556      0.4305      0.2738      0.4495
0.646      0.3535      0.4288      0.2713      0.4477
0.647      0.3513      0.4271      0.2689      0.4458
0.648      0.3491      0.4253      0.2664      0.4440
0.649      0.3468      0.4235      0.2638      0.4421
0.650      0.3446      0.4218      0.2613      0.4403
0.651      0.3424      0.4200      0.2587      0.4384
0.652      0.3401      0.4182      0.2561      0.4365
0.653      0.3378      0.4164      0.2535      0.4345
0.654      0.3356      0.4145      0.2509      0.4326
0.655      0.3333      0.4127      0.2483      0.4306
0.656      0.3310      0.4109      0.2457      0.4286
0.657      0.3286      0.4090      0.2430      0.4267
0.658      0.3263      0.4071      0.2403      0.4247
0.659      0.3240      0.4053      0.2376      0.4227
0.660      0.3216      0.4034      0.2349      0.4206
0.661      0.3192      0.4015      0.2321      0.4186
0.662      0.3168      0.3996      0.2294      0.4166
0.663      0.3144      0.3977      0.2266      0.4148
0.664      0.3120      0.3957      0.2239      0.4129
0.665      0.3096      0.3938      0.2211      0.4109
0.666      0.3071      0.3918      0.2183      0.4088
0.667      0.3047      0.3899      0.2154      0.4068
0.668      0.3022      0.3879      0.2126      0.4047
0.669      0.2997      0.3859      0.2097      0.4025
0.670      0.2972      0.3839      0.2069      0.4003
0.671      0.2947      0.3819      0.2040      0.3981
0.672      0.2921      0.3799      0.2011      0.3959
0.673      0.2896      0.3778      0.1981      0.3936
0.674      0.2870      0.3758      0.1952      0.3914
0.675      0.2844      0.3737      0.1922      0.3892
0.676      0.2818      0.3716      0.1892      0.3870
0.677      0.2792      0.3696      0.1863      0.3848
0.678      0.2766      0.3675      0.1833      0.3826
0.679      0.2739      0.3653      0.1802      0.3804
0.680      0.2712      0.3632      0.1772      0.3782
0.681      0.2686      0.3611      0.1741      0.3760
0.682      0.2659      0.3589      0.1711      0.3737
0.683      0.2631      0.3567      0.1680      0.3715
0.684      0.2604      0.3546      0.1648      0.3692
0.685      0.2576      0.3524      0.1617      0.3669
0.686      0.2549      0.3502      0.1586      0.3646
0.687      0.2521      0.3479      0.1554      0.3623
0.688      0.2493      0.3457      0.1522      0.3599
0.689      0.2465      0.3434      0.1490      0.3576
0.690      0.2436      0.3412      0.1458      0.3552
0.691      0.2408      0.3389      0.1426      0.3528
0.692      0.2379      0.3366      0.1393      0.3504
0.693      0.2350      0.3343      0.1361      0.3480
0.694      0.2321      0.3320      0.1328      0.3456
0.695      0.2291      0.3296      0.1295      0.3432
0.696      0.2262      0.3273      0.1261      0.3407
0.697      0.2232      0.3249      0.1228      0.3382
0.698      0.2202      0.3225      0.1194      0.3357
0.699      0.2172      0.3201      0.1160      0.3332
0.700      0.2142      0.3177      0.1126      0.3307
0.701      0.2111      0.3152      0.1091      0.3281
0.702      0.2080      0.3128      0.1057      0.3255
0.703      0.2049      0.3103      0.1022      0.3229
0.704      0.2018      0.3078      0.0987      0.3202
0.705      0.1987      0.3053      0.0951      0.3176
0.706      0.1955      0.3028      0.0916      0.3149
0.707      0.1923      0.3003      0.0880      0.3122
0.708      0.1891      0.2977      0.0844      0.3095
0.709      0.1859      0.2951      0.0807      0.3067
0.710      0.1827      0.2926      0.0769      0.3040
0.711      0.1794      0.2899      0.0731      0.3012
0.712      0.1761      0.2873      0.0693      0.2984
0.713      0.1728      0.2847      0.0654      0.2956
0.714      0.1695      0.2820      0.0615      0.2927
0.715      0.1661      0.2793      0.0576      0.2899
0.716      0.1627      0.2766      0.0537      0.2870
0.717      0.1593      0.2739      0.0499      0.2841
0.718      0.1559      0.2712      0.0460      0.2812
0.719      0.1524      0.2684      0.0421      0.2783
0.720      0.1489      0.2656      0.0382      0.2753
0.721      0.1454      0.2628      0.0343      0.2722
0.722      0.1419      0.2600      0.0303      0.2691
0.723      0.1383      0.2572      0.0263      0.2660
0.724      0.1348      0.2543      0.0222      0.2630
0.725      0.1311      0.2514      0.0182      0.2601
0.726      0.1275      0.2485      0.0141      0.2571
0.727      0.1239      0.2456      0.0099      0.2540
0.728      0.1202      0.2427      0.0058      0.2509
0.729      0.1164      0.2397      0.0016      0.2477
0.730      0.1127      0.2367     -0.0027      0.2445
0.731      0.1089      0.2337     -0.0072      0.2413
0.732      0.1051      0.2307     -0.0117      0.2381
0.733      0.1013      0.2276     -0.0161      0.2348
0.734      0.0974      0.2246     -0.0206      0.2316
0.735      0.0936      0.2215     -0.0251      0.2282
0.736      0.0896      0.2183     -0.0296      0.2248
0.737      0.0857      0.2152     -0.0341      0.2214
0.738      0.0817      0.2120     -0.0387      0.2179
0.739      0.0777      0.2088     -0.0433      0.2144
0.740      0.0737      0.2056     -0.0479      0.2109
0.741      0.0696      0.2024     -0.0525      0.2074
0.742      0.0655      0.1991     -0.0572      0.2038
0.743      0.0614      0.1958     -0.0619      0.2002
0.744      0.0572      0.1925     -0.0667      0.1966
0.745      0.0530      0.1891     -0.0716      0.1929
0.746      0.0488      0.1857     -0.0766      0.1892
0.747      0.0445      0.1823     -0.0816      0.1855
0.748      0.0402      0.1789     -0.0866      0.1818
0.749      0.0359      0.1755     -0.0916      0.1780
0.750      0.0315      0.1720     -0.0966      0.1746
0.751      0.0271      0.1685     -0.1017      0.1711
0.752      0.0227      0.1649     -0.1068      0.1677
0.753      0.0182      0.1614     -0.1120      0.1643
0.754      0.0137      0.1578     -0.1172      0.1604
0.755      0.0092      0.1541     -0.1225      0.1566
0.756      0.0046      0.1505     -0.1278      0.1527
0.757      0.0000      0.1468     -0.1332      0.1488
0.758     -0.0047      0.1431     -0.1386      0.1448
0.759     -0.0094      0.1393     -0.1440      0.1408
0.760     -0.0141      0.1355     -0.1495      0.1368
0.761     -0.0189      0.1317     -0.1551      0.1327
0.762     -0.0237      0.1279     -0.1606      0.1286
0.763     -0.0286      0.1240     -0.1661      0.1245
0.764     -0.0335      0.1201     -0.1718      0.1204
0.765     -0.0384      0.1162     -0.1776      0.1162
0.766     -0.0434      0.1122     -0.1834      0.1119
0.767     -0.0484      0.1082     -0.1892      0.1077
0.768     -0.0535      0.1041     -0.1951      0.1034
0.769     -0.0586      0.1001     -0.2011      0.0990
0.770     -0.0638      0.0960     -0.2071      0.0946
0.771     -0.0690      0.0918     -0.2131      0.0902
0.772     -0.0742      0.0876     -0.2192      0.0859
0.773     -0.0795      0.0834     -0.2252      0.0816
0.774     -0.0848      0.0791     -0.2314      0.0773
0.775     -0.0902      0.0748     -0.2375      0.0729
0.776     -0.0957      0.0705     -0.2438      0.0685
0.777     -0.1011      0.0661     -0.2501      0.0640
0.778     -0.1067      0.0617     -0.2564      0.0595
0.779     -0.1123      0.0573     -0.2628      0.0550
0.780     -0.1179      0.0528     -0.2693      0.0504
0.781     -0.1236      0.0482     -0.2758      0.0458
0.782     -0.1293      0.0436     -0.2824      0.0412
0.783     -0.1351      0.0390     -0.2890      0.0365
0.784     -0.1410      0.0344     -0.2957      0.0317
0.785     -0.1469      0.0297     -0.3025      0.0269
0.786     -0.1528      0.0249     -0.3093      0.0221
0.787     -0.1588      0.0201     -0.3163      0.0172
0.788     -0.1649      0.0153     -0.3233      0.0123
0.789     -0.1710      0.0104     -0.3303      0.0073
0.790     -0.1772      0.0055     -0.3375      0.0023
0.791     -0.1834      0.0005     -0.3447     -0.0028
0.792     -0.1897     -0.0046     -0.3519     -0.0079
0.793     -0.1961     -0.0096     -0.3593     -0.0130
0.794     -0.2025     -0.0148     -0.3667     -0.0184
0.795     -0.2090     -0.0199     -0.3742     -0.0238
0.796     -0.2156     -0.0252     -0.3817     -0.0293
0.797     -0.2222     -0.0304     -0.3894     -0.0348
0.798     -0.2289     -0.0358     -0.3971     -0.0404
0.799     -0.2356     -0.0411     -0.4049     -0.0461
0.800     -0.2424     -0.0466     -0.4127     -0.0518
0.801     -0.2493     -0.0521     -0.4207     -0.0576
0.802     -0.2562     -0.0576     -0.4287     -0.0634
0.803     -0.2633     -0.0632     -0.4368     -0.0693
0.804     -0.2704     -0.0689     -0.4450     -0.0753
0.805     -0.2775     -0.0746     -0.4532     -0.0815
0.806     -0.2848     -0.0804     -0.4616     -0.0877
0.807     -0.2921     -0.0862     -0.4700     -0.0940
0.808     -0.2995     -0.0921     -0.4786     -0.1005
0.809     -0.3070     -0.0981     -0.4872     -0.1069
0.810     -0.3145     -0.1041     -0.4959     -0.1135
0.811     -0.3221     -0.1102     -0.5047     -0.1201
0.812     -0.3298     -0.1163     -0.5136     -0.1266
0.813     -0.3376     -0.1226     -0.5226     -0.1330
0.814     -0.3455     -0.1288     -0.5317     -0.1395
0.815     -0.3535     -0.1352     -0.5409     -0.1463
0.816     -0.3615     -0.1416     -0.5501     -0.1532
0.817     -0.3697     -0.1481     -0.5594     -0.1602
0.818     -0.3779     -0.1547     -0.5688     -0.1672
0.819     -0.3862     -0.1613     -0.5783     -0.1743
0.820     -0.3946     -0.1680     -0.5879     -0.1815
0.821     -0.4031     -0.1748     -0.5975     -0.1887
0.822     -0.4117     -0.1816     -0.6073     -0.1961
0.823     -0.4204     -0.1886     -0.6172     -0.2035
0.824     -0.4292     -0.1956     -0.6272     -0.2110
0.825     -0.4381     -0.2027     -0.6373     -0.2186
0.826     -0.4471     -0.2099     -0.6476     -0.2263
0.827     -0.4562     -0.2171     -0.6580     -0.2341
0.828     -0.4654     -0.2245     -0.6684     -0.2419
0.829     -0.4747     -0.2319     -0.6791     -0.2499
0.830     -0.4841     -0.2394     -0.6898     -0.2579
0.831     -0.4937     -0.2470     -0.7006     -0.2661
0.832     -0.5033     -0.2547     -0.7116     -0.2743
0.833     -0.5131     -0.2625     -0.7228     -0.2827
0.834     -0.5230     -0.2704     -0.7340     -0.2911
0.835     -0.5330     -0.2784     -0.7454     -0.2997
0.836     -0.5431     -0.2865     -0.7570     -0.3083
0.837     -0.5533     -0.2946     -0.7688     -0.3171
0.838     -0.5637     -0.3029     -0.7807     -0.3257
0.839     -0.5742     -0.3113     -0.7928     -0.3343
0.840     -0.5848     -0.3198     -0.8050     -0.3430
0.841     -0.5956     -0.3284     -0.8173     -0.3518
0.842     -0.6065     -0.3371     -0.8297     -0.3607
0.843     -0.6176     -0.3459     -0.8423     -0.3697
0.844     -0.6287     -0.3548     -0.8552     -0.3789
0.845     -0.6401     -0.3638     -0.8683     -0.3882
0.846     -0.6516     -0.3730     -0.8815     -0.3976
0.847     -0.6632     -0.3823     -0.8948     -0.4071
0.848     -0.6750     -0.3917     -0.9083     -0.4167
0.849     -0.6869     -0.4012     -0.9220     -0.4265
0.850     -0.6990     -0.4108     -0.9359     -0.4364
0.851     -0.7112     -0.4206     -0.9500     -0.4464
0.852     -0.7237     -0.4305     -0.9642     -0.4566
0.853     -0.7363     -0.4406     -0.9787     -0.4669
0.854     -0.7490     -0.4508     -0.9933     -0.4774
0.855     -0.7620     -0.4611     -1.0081     -0.4879
0.856     -0.7751     -0.4716     -1.0232     -0.4987
0.857     -0.7884     -0.4822     -1.0385     -0.5096
0.858     -0.8019     -0.4929     -1.0539     -0.5207
0.859     -0.8156     -0.5038     -1.0695     -0.5322
0.860     -0.8294     -0.5149     -1.0853     -0.5438
0.861     -0.8435     -0.5261     -1.1013     -0.5556
0.862     -0.8578     -0.5375     -1.1176     -0.5676
0.863     -0.8723     -0.5491     -1.1342     -0.5798
0.864     -0.8870     -0.5608     -1.1514     -0.5921
0.865     -0.9019     -0.5727     -1.1687     -0.6046
0.866     -0.9171     -0.5848     -1.1861     -0.6173
0.867     -0.9324     -0.5971     -1.2037     -0.6302
0.868     -0.9480     -0.6095     -1.2216     -0.6432
0.869     -0.9639     -0.6222     -1.2398     -0.6565
0.870     -0.9800     -0.6350     -1.2582     -0.6700
0.871     -0.9963     -0.6480     -1.2770     -0.6837
0.872     -1.0129     -0.6613     -1.2960     -0.6976
0.873     -1.0297     -0.6747     -1.3153     -0.7117
0.874     -1.0469     -0.6884     -1.3350     -0.7261
0.875     -1.0642     -0.7023     -1.3549     -0.7407
0.876     -1.0819     -0.7164     -1.3752     -0.7555
0.877     -1.0999     -0.7307     -1.3958     -0.7706
0.878     -1.1181     -0.7452     -1.4167     -0.7859
0.879     -1.1367     -0.7601     -1.4380     -0.8015
0.880     -1.1556     -0.7751     -1.4597     -0.8174
0.881     -1.1747     -0.7904     -1.4817     -0.8335
0.882     -1.1943     -0.8060     -1.5042     -0.8499
0.883     -1.2141     -0.8218     -1.5270     -0.8666
0.884     -1.2343     -0.8379     -1.5502     -0.8836
0.885     -1.2548     -0.8543     -1.5739     -0.9008
0.886     -1.2757     -0.8710     -1.5979     -0.9184
0.887     -1.2970     -0.8879     -1.6224     -0.9363
0.888     -1.3186     -0.9052     -1.6473     -0.9545
0.889     -1.3407     -0.9228     -1.6727     -0.9730
0.890     -1.3631     -0.9407     -1.6985     -0.9919
0.891     -1.3859     -0.9589     -1.7248     -1.0111
0.892     -1.4092     -0.9775     -1.7516     -1.0306
0.893     -1.4329     -0.9964     -1.7789     -1.0506
0.894     -1.4571     -1.0157     -1.8067     -1.0709
0.895     -1.4817     -1.0353     -1.8350     -1.0916
0.896     -1.5068     -1.0553     -1.8639     -1.1127
0.897     -1.5324     -1.0757     -1.8933     -1.1342
0.898     -1.5584     -1.0965     -1.9233     -1.1561
0.899     -1.5850     -1.1177     -1.9539     -1.1783
0.900     -1.6121     -1.1394     -1.9852     -1.2008
0.901     -1.6398     -1.1614     -2.0170     -1.2238
0.902     -1.6680     -1.1840     -2.0495     -1.2472
0.903     -1.6969     -1.2070     -2.0827     -1.2711
0.904     -1.7263     -1.2304     -2.1165     -1.2956
0.905     -1.7563     -1.2544     -2.1511     -1.3208
0.906     -1.7870     -1.2789     -2.1864     -1.3465
0.907     -1.8183     -1.3039     -2.2225     -1.3727
0.908     -1.8504     -1.3294     -2.2595     -1.3994
0.909     -1.8831     -1.3555     -2.2973     -1.4265
0.910     -1.9165     -1.3822     -2.3359     -1.4542
0.911     -1.9507     -1.4095     -2.3755     -1.4826
0.912     -1.9857     -1.4374     -2.4159     -1.5116
0.913     -2.0215     -1.4659     -2.4572     -1.5412
0.914     -2.0581     -1.4952     -2.4993     -1.5716
0.915     -2.0956     -1.5251     -2.5423     -1.6026
0.916     -2.1339     -1.5557     -2.5864     -1.6344
0.917     -2.1732     -1.5870     -2.6315     -1.6670
0.918     -2.2135     -1.6191     -2.6777     -1.7003
0.919     -2.2547     -1.6520     -2.7251     -1.7345
0.920     -2.2970     -1.6858     -2.7737     -1.7695
0.921     -2.3404     -1.7203     -2.8235     -1.8055
0.922     -2.3848     -1.7558     -2.8745     -1.8423
0.923     -2.4304     -1.7922     -2.9270     -1.8801
0.924     -2.4772     -1.8295     -2.9809     -1.9189
0.925     -2.5253     -1.8679     -3.0362     -1.9587
0.926     -2.5747     -1.9073     -3.0930     -1.9996
0.927     -2.6254     -1.9477     -3.1514     -2.0417
0.928     -2.6775     -1.9893     -3.2114     -2.0849
0.929     -2.7311     -2.0321     -3.2731     -2.1294
0.930     -2.7862     -2.0760     -3.3365     -2.1751
0.931     -2.8429     -2.1213     -3.4018     -2.2222
0.932     -2.9013     -2.1679     -3.4690     -2.2706
0.933     -2.9614     -2.2158     -3.5382     -2.3205
0.934     -3.0234     -2.2653     -3.6095     -2.3719
0.935     -3.0872     -2.3162     -3.6830     -2.4249
0.936     -3.1531     -2.3687     -3.7588     -2.4796
0.937     -3.2210     -2.4229     -3.8375     -2.5360
0.938     -3.2912     -2.4789     -3.9188     -2.5942
0.939     -3.3636     -2.5367     -4.0028     -2.6543
0.940     -3.4384     -2.5964     -4.0896     -2.7164
0.941     -3.5158     -2.6581     -4.1793     -2.7806
0.942     -3.5959     -2.7220     -4.2721     -2.8470
0.943     -3.6788     -2.7881     -4.3682     -2.9158
0.944     -3.7646     -2.8566     -4.4677     -2.9870
0.945     -3.8535     -2.9276     -4.5708     -3.0608
0.946     -3.9458     -3.0011     -4.6777     -3.1374
0.947     -4.0415     -3.0775     -4.7887     -3.2168
0.948     -4.1409     -3.1568     -4.9040     -3.2993
0.949     -4.2442     -3.2392     -5.0237     -3.3850
0.950     -4.3516     -3.3249     -5.1483     -3.4742
0.951     -4.4634     -3.4141     -5.2779     -3.5670
0.952     -4.5799     -3.5071     -5.4130     -3.6636
0.953     -4.7013     -3.6039     -5.5534     -3.7644
0.954     -4.8280     -3.7050     -5.6998     -3.8695
0.955     -4.9604     -3.8106     -5.8527     -3.9794
0.956     -5.0987     -3.9210     -6.0126     -4.0942
0.957     -5.2435     -4.0365     -6.1799     -4.2143
0.958     -5.3952     -4.1575     -6.3551     -4.3402
0.959     -5.5543     -4.2844     -6.5389     -4.4722
0.960     -5.7213     -4.4177     -6.7319     -4.6109
0.961     -5.8969     -4.5578     -6.9348     -4.7569
0.962     -6.0818     -4.7053     -7.1484     -4.9108
0.963     -6.2766     -4.8607     -7.3735     -5.0730
0.964     -6.4823     -5.0248     -7.6111     -5.2442
0.965     -6.6997     -5.1983     -7.8623     -5.4252
0.966     -6.9299     -5.3819     -8.1283     -5.6169
0.967     -7.1741     -5.5767     -8.4104     -5.8202
0.968     -7.4335     -5.7837     -8.7101     -6.0361
0.969     -7.7097     -6.0040     -9.0287     -6.2661
0.970     -8.0042     -6.2390     -9.3686     -6.5115
0.971     -8.3191     -6.4902     -9.7319     -6.7738
0.972     -8.6565     -6.7594    -10.1212     -7.0549
0.973     -9.0188     -7.0485    -10.5393     -7.3568
0.974     -9.4091     -7.3598    -10.9896     -7.6819
0.975     -9.8305     -7.6960    -11.4759     -8.0331
0.976    -10.2871     -8.0603    -12.0027     -8.4134
0.977    -10.7834     -8.4563    -12.5753     -8.8269
0.978    -11.3248     -8.8882    -13.2000     -9.2780
0.979    -11.9177     -9.3612    -13.8842     -9.7719
0.980    -12.5700     -9.8816    -14.6368    -10.3154
0.981    -13.2909    -10.4568    -15.4686    -10.9160
0.982    -14.0919    -11.0958    -16.3928    -11.5834
0.983    -14.9871    -11.8100    -17.4258    -12.3291
0.984    -15.9943    -12.6136    -18.5879    -13.1682
0.985    -17.1359    -13.5242    -19.9050    -14.1193
0.986    -18.4403    -14.5650    -21.4102    -15.2060
0.987    -19.9455    -15.7659    -23.1469    -16.4601
0.988    -21.7016    -17.1668    -25.1733    -17.9232
0.989    -23.7769    -18.8226    -27.5677    -19.6521
0.990    -26.2675    -20.8095    -30.4415    -21.7271
0.991    -29.3112    -23.2380    -33.9536    -24.2630
0.992    -33.1161    -26.2733    -38.3436    -27.4330
0.993    -38.0081    -30.1762    -43.9881    -31.5085
0.994    -44.5303    -35.3801    -51.5138    -36.9423
0.995    -53.6627    -42.6656    -62.0513    -44.5512
0.996    -67.3595    -53.5939    -77.8544    -55.9617
0.997    -90.1890    -71.8063   -104.1976    -74.9819
0.998   -135.8488   -108.2340   -156.8789   -113.0245
0.999   -272.8354   -217.5223   -314.9380   -227.1443
