0.001   -456.2473   -335.2006   -522.4377   -391.4637
0.002   -227.5341   -167.1215   -260.5797   -195.1876
0.003   -151.2963   -111.0952   -173.2937   -129.7621
0.004   -113.1774    -83.0819   -129.6507    -97.0494
0.005    -90.3061    -66.2740   -103.4649    -77.4217
0.006    -75.0585    -55.0688    -86.0077    -64.3366
0.007    -64.1674    -47.0650    -73.5382    -54.9901
0.008    -55.9991    -41.0622    -64.1861    -47.9803
0.009    -49.6459    -36.3933    -56.9123    -42.5281
0.010    -44.5634    -32.6582    -51.0932    -38.1664
0.011    -40.4050    -29.6022    -46.3322    -34.5978
0.012    -36.9396    -27.0556    -42.3646    -31.6239
0.013    -34.0074    -24.9007    -39.0075    -29.1065
0.014    -31.4940    -23.0537    -36.1299    -26.9506
0.015    -29.3158    -21.4529    -33.6360    -25.0813
0.016    -27.4099    -20.0523    -31.4539    -23.4457
0.017    -25.7282    -18.8164    -29.5284    -22.0025
0.018    -24.2333    -17.7178    -27.8170    -20.7196
0.019    -22.8958    -16.7349    -26.2856    -19.5718
0.020    -21.6920    -15.8503    -24.9074    -18.5388
0.021    -20.6029    -15.0499    -23.6609    -17.6041
0.022    -19.6128    -14.3223    -22.5285    -16.7545
0.023    -18.7088    -13.6580    -21.4950    -15.9787
0.024    -17.8802    -13.0490    -20.5485    -15.2675
0.025    -17.1178    -12.4887    -19.6778    -14.6133
0.026    -16.4141    -11.9715    -18.8740    -14.0086
0.027    -15.7624    -11.4927    -18.1298    -13.4478
0.028    -15.1574    -11.0480    -17.4388    -12.9271
0.029    -14.5941    -10.6340    -16.7953    -12.4423
0.030    -14.0683    -10.2476    -16.1948    -11.9897
0.031    -13.5764     -9.8862    -15.6331    -11.5664
0.032    -13.1153     -9.5473    -15.1064    -11.1696
0.033    -12.6821     -9.2290    -14.6117    -10.7968
0.034    -12.2744     -8.9294    -14.1461    -10.4459
0.035    -11.8901     -8.6469    -13.7070    -10.1151
0.036    -11.5270     -8.3801    -13.2924     -9.8026
0.037    -11.1836     -8.1277    -12.9002     -9.5071
0.038    -10.8583     -7.8886    -12.5286     -9.2271
0.039    -10.5496     -7.6618    -12.1761     -8.9615
0.040    -10.2564     -7.4463    -11.8412     -8.7091
0.041     -9.9775     -7.2414    -11.5226     -8.4691
0.042     -9.7118     -7.0461    -11.2192     -8.2404
0.043     -9.4585     -6.8600    -10.9300     -8.0225
0.044     -9.2168     -6.6823    -10.6538     -7.8144
0.045     -8.9858     -6.5126    -10.3900     -7.6156
0.046     -8.7648     -6.3502    -10.1376     -7.4254
0.047     -8.5532     -6.1947     -9.8959     -7.2433
0.048     -8.3504     -6.0457     -9.6644     -7.0688
0.049     -8.1560     -5.9027     -9.4422     -6.9014
0.050     -7.9693     -5.7655     -9.2290     -6.7407
0.051     -7.7899     -5.6337     -9.0241     -6.5863
0.052     -7.6174     -5.5070     -8.8271     -6.4379
0.053     -7.4514     -5.3850     -8.6376     -6.2950
0.054     -7.2916     -5.2675     -8.4550     -6.1575
0.055     -7.1376     -5.1543     -8.2791     -6.0255
0.056     -6.9891     -5.0452     -8.1095     -5.8995
0.057     -6.8457     -4.9399     -7.9458     -5.7780
0.058     -6.7074     -4.8382     -7.7878     -5.6606
0.059     -6.5737     -4.7400     -7.6351     -5.5472
0.060     -6.4445     -4.6450     -7.4875     -5.4377
0.061     -6.3195     -4.5532     -7.3448     -5.3317
0.062     -6.1986     -4.4643     -7.2067     -5.2291
0.063     -6.0815     -4.3782     -7.0729     -5.1297
0.064     -5.9680     -4.2948     -6.9427     -5.0335
0.065     -5.8581     -4.2140     -6.8165     -4.9403
0.066     -5.7514     -4.1357     -6.6941     -4.8498
0.067     -5.6480     -4.0597     -6.5753     -4.7612
0.068     -5.5476     -3.9859     -6.4600     -4.6748
0.069     -5.4501     -3.9142     -6.3481     -4.5909
0.070     -5.3554     -3.8446     -6.2394     -4.5094
0.071     -5.2633     -3.7770     -6.1337     -4.4302
0.072     -5.1739     -3.7112     -6.0310     -4.3532
0.073     -5.0868     -3.6473     -5.9311     -4.2783
0.074     -5.0022     -3.5851     -5.8339     -4.2054
0.075     -4.9197     -3.5245     -5.7393     -4.1345
0.076     -4.8395     -3.4655     -5.6471     -4.0654
0.077     -4.7613     -3.4081     -5.5571     -3.9981
0.078     -4.6852     -3.3521     -5.4692     -3.9326
0.079     -4.6109     -3.2975     -5.3835     -3.8687
0.080     -4.5386     -3.2443     -5.3000     -3.8064
0.081     -4.4680     -3.1925     -5.2185     -3.7457
0.082     -4.3991     -3.1419     -5.1390     -3.6864
0.083     -4.3319     -3.0925     -5.0614     -3.6285
0.084     -4.2663     -3.0443     -4.9857     -3.5721
0.085     -4.2022     -2.9972     -4.9119     -3.5169
0.086     -4.1396     -2.9512     -4.8404     -3.4631
0.087     -4.0785     -2.9063     -4.7706     -3.4105
0.088     -4.0188     -2.8624     -4.7024     -3.3590
0.089     -3.9603     -2.8194     -4.6357     -3.3088
0.090     -3.9032     -2.7775     -4.5705     -3.2596
0.091     -3.8474     -2.7364     -4.5067     -3.2116
0.092     -3.7927     -2.6963     -4.4443     -3.1645
0.093     -3.7393     -2.6570     -4.3832     -3.1185
0.094     -3.6870     -2.6185     -4.3235     -3.0740
0.095     -3.6357     -2.5809     -4.2650     -3.0305
0.096     -3.5856     -2.5440     -4.2076     -2.9880
0.097     -3.5365     -2.5079     -4.1512     -2.9462
0.098     -3.4883     -2.4726     -4.0960     -2.9046
0.099     -3.4412     -2.4379     -4.0419     -2.8639
0.100     -3.3950     -2.4040     -3.9888     -2.8240
0.101     -3.3497     -2.3707     -3.9368     -2.7849
0.102     -3.3053     -2.3380     -3.8859     -2.7465
0.103     -3.2618     -2.3060     -3.8359     -2.7089
0.104     -3.2191     -2.2747     -3.7869     -2.6720
0.105     -3.1772     -2.2439     -3.7388     -2.6358
0.106     -3.1361     -2.2137     -3.6916     -2.6003
0.107     -3.0957     -2.1840     -3.6453     -2.5655
0.108     -3.0561     -2.1549     -3.5998     -2.5313
0.109     -3.0173     -2.1264     -3.5552     -2.4977
0.110     -2.9791     -2.0984     -3.5114     -2.4647
0.111     -2.9417     -2.0708     -3.4684     -2.4324
0.112     -2.9049     -2.0438     -3.4262     -2.4006
0.113     -2.8687     -2.0172     -3.3847     -2.3703
0.114     -2.8332     -1.9911     -3.3438     -2.3406
0.115     -2.7983     -1.9655     -3.3036     -2.3114
0.116     -2.7641     -1.9403     -3.2642     -2.2825
0.117     -2.7303     -1.9155     -3.2254     -2.2528
0.118     -2.6972     -1.8912     -3.1872     -2.2237
0.119     -2.6646     -1.8672     -3.1497     -2.1950
0.120     -2.6326     -1.8437     -3.1128     -2.1668
0.121     -2.6011     -1.8205     -3.0765     -2.1391
0.122     -2.5701     -1.7978     -3.0409     -2.1123
0.123     -2.5396     -1.7754     -3.0058     -2.0861
0.124     -2.5096     -1.7533     -2.9712     -2.0603
0.125     -2.4801     -1.7316     -2.9379     -2.0353
0.126     -2.4511     -1.7103     -2.9052     -2.0109
0.127     -2.4225     -1.6893     -2.8724     -1.9864
0.128     -2.3944     -1.6686     -2.8401     -1.9615
0.129     -2.3667     -1.6483     -2.8083     -1.9372
0.130     -2.3394     -1.6282     -2.7770     -1.9137
0.131     -2.3125     -1.6085     -2.7462     -1.8906
0.132     -2.2861     -1.5890     -2.7158     -1.8678
0.133     -2.2600     -1.5699     -2.6859     -1.8454
0.134     -2.2344     -1.5510     -2.6564     -1.8233
0.135     -2.2091     -1.5324     -2.6274     -1.8016
0.136     -2.1842     -1.5141     -2.5988     -1.7801
0.137     -2.1596     -1.4961     -2.5706     -1.7590
0.138     -2.1354     -1.4783     -2.5428     -1.7382
0.139     -2.1116     -1.4608     -2.5154     -1.7181
0.140     -2.0881     -1.4435     -2.4885     -1.6982
0.141     -2.0649     -1.4265     -2.4619     -1.6787
0.142     -2.0420     -1.4097     -2.4356     -1.6594
0.143     -2.0195     -1.3931     -2.4098     -1.6404
0.144     -1.9973     -1.3768     -2.3843     -1.6216
0.145     -1.9754     -1.3607     -2.3591     -1.6031
0.146     -1.9538     -1.3448     -2.3343     -1.5849
0.147     -1.9325     -1.3292     -2.3098     -1.5669
0.148     -1.9114     -1.3137     -2.2857     -1.5490
0.149     -1.8907     -1.2985     -2.2619     -1.5309
0.150     -1.8702     -1.2834     -2.2384     -1.5131
0.151     -1.8500     -1.2686     -2.2152     -1.4956
0.152     -1.8301     -1.2539     -2.1923     -1.4782
0.153     -1.8104     -1.2395     -2.1697     -1.4618
0.154     -1.7910     -1.2252     -2.1475     -1.4457
0.155     -1.7719     -1.2111     -2.1255     -1.4298
0.156     -1.7529     -1.1972     -2.1037     -1.4141
0.157     -1.7343     -1.1835     -2.0823     -1.3986
0.158     -1.7158     -1.1700     -2.0611     -1.3833
0.159     -1.6976     -1.1566     -2.0402     -1.3681
0.160     -1.6796     -1.1434     -2.0196     -1.3532
0.161     -1.6619     -1.1303     -1.9992     -1.3377
0.162     -1.6443     -1.1174     -1.9791     -1.3223
0.163     -1.6270     -1.1047     -1.9588     -1.3071
0.164     -1.6099     -1.0921     -1.9388     -1.2922
0.165     -1.5930     -1.0797     -1.9195     -1.2773
0.166     -1.5763     -1.0674     -1.9002     -1.2627
0.167     -1.5598     -1.0553     -1.8815     -1.2483
0.168     -1.5435     -1.0433     -1.8632     -1.2340
0.169     -1.5274     -1.0315     -1.8448     -1.2199
0.170     -1.5115     -1.0198     -1.8265     -1.2059
0.171     -1.4957     -1.0082     -1.8085     -1.1921
0.172     -1.4802     -0.9968     -1.7906     -1.1785
0.173     -1.4648     -0.9855     -1.7733     -1.1650
0.174     -1.4496     -0.9743     -1.7562     -1.1517
0.175     -1.4346     -0.9633     -1.7393     -1.1386
0.176     -1.4197     -0.9524     -1.7227     -1.1256
0.177     -1.4051     -0.9416     -1.7062     -1.1127
0.178     -1.3905     -0.9309     -1.6899     -1.1000
0.179     -1.3762     -0.9204     -1.6738     -1.0874
0.180     -1.3620     -0.9099     -1.6575     -1.0750
0.181     -1.3479     -0.8996     -1.6411     -1.0627
0.182     -1.3341     -0.8894     -1.6249     -1.0505
0.183     -1.3203     -0.8793     -1.6089     -1.0385
0.184     -1.3067     -0.8693     -1.5930     -1.0266
0.185     -1.2933     -0.8594     -1.5773     -1.0148
0.186     -1.2800     -0.8497     -1.5618     -1.0032
0.187     -1.2669     -0.8400     -1.5465     -0.9916
0.188     -1.2538     -0.8304     -1.5316     -0.9802
0.189     -1.2410     -0.8210     -1.5169     -0.9690
0.190     -1.2282     -0.8116     -1.5023     -0.9578
0.191     -1.2156     -0.8024     -1.4879     -0.9468
0.192     -1.2032     -0.7932     -1.4736     -0.9359
0.193     -1.1908     -0.7841     -1.4595     -0.9252
0.194     -1.1786     -0.7751     -1.4455     -0.9147
0.195     -1.1665     -0.7663     -1.4317     -0.9043
0.196     -1.1545     -0.7575     -1.4178     -0.8940
0.197     -1.1427     -0.7488     -1.4041     -0.8838
0.198     -1.1310     -0.7401     -1.3905     -0.8737
0.199     -1.1193     -0.7316     -1.3770     -0.8637
0.200     -1.1079     -0.7232     -1.3638     -0.8538
0.201     -1.0965     -0.7148     -1.3509     -0.8440
0.202     -1.0852     -0.7065     -1.3382     -0.8343
0.203     -1.0741     -0.6983     -1.3256     -0.8247
0.204     -1.0630     -0.6902     -1.3132     -0.8152
0.205     -1.0521     -0.6822     -1.3008     -0.8058
0.206     -1.0412     -0.6742     -1.2884     -0.7965
0.207     -1.0305     -0.6663     -1.2762     -0.7871
0.208     -1.0199     -0.6585     -1.2643     -0.7777
0.209     -1.0094     -0.6508     -1.2524     -0.7685
0.210     -0.9989     -0.6431     -1.2407     -0.7594
0.211     -0.9886     -0.6355     -1.2292     -0.7506
0.212     -0.9784     -0.6280     -1.2176     -0.7419
0.213     -0.9683     -0.6206     -1.2062     -0.7333
0.214     -0.9582     -0.6132     -1.1949     -0.7248
0.215     -0.9483     -0.6059     -1.1837     -0.7163
0.216     -0.9384     -0.5987     -1.1725     -0.7080
0.217     -0.9287     -0.5915     -1.1615     -0.6996
0.218     -0.9190     -0.5844     -1.1506     -0.6913
0.219     -0.9094     -0.5773     -1.1398     -0.6831
0.220     -0.8999     -0.5704     -1.1291     -0.6749
0.221     -0.8905     -0.5635     -1.1184     -0.6668
0.222     -0.8812     -0.5566     -1.1079     -0.6590
0.223     -0.8720     -0.5498     -1.0975     -0.6512
0.224     -0.8628     -0.5431     -1.0871     -0.6435
0.225     -0.8537     -0.5364     -1.0769     -0.6358
0.226     -0.8447     -0.5298     -1.0667     -0.6283
0.227     -0.8358     -0.5232     -1.0564     -0.6207
0.228     -0.8270     -0.5168     -1.0462     -0.6133
0.229     -0.8182     -0.5103     -1.0360     -0.6059
0.230     -0.8095     -0.5039     -1.0260     -0.5985
0.231     -0.8009     -0.4976     -1.0160     -0.5912
0.232     -0.7924     -0.4913     -1.0062     -0.5839
0.233     -0.7839     -0.4851     -0.9964     -0.5767
0.234     -0.7755     -0.4789     -0.9867     -0.5693
0.235     -0.7672     -0.4728     -0.9771     -0.5621
0.236     -0.7590     -0.4668     -0.9676     -0.5549
0.237     -0.7508     -0.4608     -0.9581     -0.5477
0.238     -0.7427     -0.4548     -0.9487     -0.5406
0.239     -0.7346     -0.4489     -0.9394     -0.5336
0.240     -0.7267     -0.4430     -0.9302     -0.5266
0.241     -0.7188     -0.4372     -0.9211     -0.5197
0.242     -0.7109     -0.4315     -0.9120     -0.5129
0.243     -0.7031     -0.4257     -0.9030     -0.5061
0.244     -0.6954     -0.4201     -0.8941     -0.4993
0.245     -0.6878     -0.4144     -0.8853     -0.4926
0.246     -0.6802     -0.4089     -0.8765     -0.4860
0.247     -0.6726     -0.4033     -0.8678     -0.4794
0.248     -0.6652     -0.3978     -0.8592     -0.4729
0.249     -0.6578     -0.3924     -0.8506     -0.4665
0.250     -0.6504     -0.3870     -0.8421     -0.4602
0.251     -0.6431     -0.3816     -0.8337     -0.4539
0.252     -0.6359     -0.3763     -0.8253     -0.4478
0.253     -0.6287     -0.3711     -0.8170     -0.4418
0.254     -0.6216     -0.3658     -0.8088     -0.4358
0.255     -0.6145     -0.3606     -0.8006     -0.4299
0.256     -0.6075     -0.3555     -0.7926     -0.4240
0.257     -0.6006     -0.3504     -0.7845     -0.4182
0.258     -0.5937     -0.3453     -0.7766     -0.4124
0.259     -0.5868     -0.3403     -0.7688     -0.4066
0.260     -0.5801     -0.3353     -0.7610     -0.4006
0.261     -0.5733     -0.3303     -0.7531     -0.3949
0.262     -0.5666     -0.3254     -0.7455     -0.3888
0.263     -0.5600     -0.3205     -0.7380     -0.3827
0.264     -0.5534     -0.3157     -0.7305     -0.3767
0.265     -0.5469     -0.3109     -0.7230     -0.3710
0.266     -0.5404     -0.3061     -0.7156     -0.3654
0.267     -0.5339     -0.3014     -0.7082     -0.3599
0.268     -0.5275     -0.2967     -0.7009     -0.3545
0.269     -0.5212     -0.2920     -0.6937     -0.3492
0.270     -0.5149     -0.2874     -0.6865     -0.3439
0.271     -0.5086     -0.2828     -0.6796     -0.3387
0.272     -0.5024     -0.2782     -0.6728     -0.3335
0.273     -0.4963     -0.2737     -0.6660     -0.3283
0.274     -0.4902     -0.2692     -0.6592     -0.3232
0.275     -0.4841     -0.2648     -0.6527     -0.3181
0.276     -0.4781     -0.2603     -0.6461     -0.3131
0.277     -0.4721     -0.2559     -0.6393     -0.3077
0.278     -0.4661     -0.2516     -0.6327     -0.3024
0.279     -0.4602     -0.2472     -0.6262     -0.2972
0.280     -0.4544     -0.2429     -0.6198     -0.2921
0.281     -0.4486     -0.2387     -0.6134     -0.2869
0.282     -0.4428     -0.2344     -0.6070     -0.2820
0.283     -0.4371     -0.2302     -0.6007     -0.2772
0.284     -0.4314     -0.2260     -0.5944     -0.2725
0.285     -0.4257     -0.2219     -0.5882     -0.2678
0.286     -0.4201     -0.2178     -0.5820     -0.2631
0.287     -0.4145     -0.2137     -0.5759     -0.2583
0.288     -0.4090     -0.2096     -0.5698     -0.2535
0.289     -0.4035     -0.2055     -0.5637     -0.2487
0.290     -0.3981     -0.2015     -0.5577     -0.2440
0.291     -0.3926     -0.1976     -0.5512     -0.2393
0.292     -0.3872     -0.1936     -0.5447     -0.2346
0.293     -0.3819     -0.1897     -0.5382     -0.2300
0.294     -0.3766     -0.1858     -0.5318     -0.2254
0.295     -0.3713     -0.1819     -0.5254     -0.2208
0.296     -0.3661     -0.1780     -0.5193     -0.2163
0.297     -0.3609     -0.1742     -0.5135     -0.2118
0.298     -0.3557     -0.1704     -0.5077     -0.2073
0.299     -0.3506     -0.1666     -0.5021     -0.2029
0.300     -0.3455     -0.1629     -0.4964     -0.1985
0.301     -0.3404     -0.1592     -0.4908     -0.1941
0.302     -0.3354     -0.1555     -0.4852     -0.1897
0.303     -0.3304     -0.1518     -0.4796     -0.1854
0.304     -0.3254     -0.1482     -0.4741     -0.1811
0.305     -0.3205     -0.1445     -0.4687     -0.1769
0.306     -0.3156     -0.1409     -0.4632     -0.1728
0.307     -0.3107     -0.1374     -0.4578     -0.1688
0.308     -0.3059     -0.1338     -0.4524     -0.1647
0.309     -0.3011     -0.1303     -0.4471     -0.1603
0.310     -0.2963     -0.1268     -0.4418     -0.1563
0.311     -0.2915     -0.1233     -0.4366     -0.1524
0.312     -0.2868     -0.1198     -0.4313     -0.1485
0.313     -0.2821     -0.1164     -0.4261     -0.1446
0.314     -0.2775     -0.1129     -0.4210     -0.1408
0.315     -0.2729     -0.1095     -0.4158     -0.1370
0.316     -0.2683     -0.1062     -0.4107     -0.1332
0.317     -0.2637     -0.1028     -0.4054     -0.1294
0.318     -0.2592     -0.0995     -0.4001     -0.1257
0.319     -0.2547     -0.0962     -0.3949     -0.1219
0.320     -0.2502     -0.0929     -0.3896     -0.1178
0.321     -0.2457     -0.0896     -0.3845     -0.1138
0.322     -0.2413     -0.0863     -0.3794     -0.1098
0.323     -0.2369     -0.0831     -0.3743     -0.1058
0.324     -0.2325     -0.0799     -0.3692     -0.1018
0.325     -0.2282     -0.0767     -0.3641     -0.0979
0.326     -0.2239     -0.0735     -0.3591     -0.0940
0.327     -0.2196     -0.0704     -0.3541     -0.0901
0.328     -0.2153     -0.0672     -0.3492     -0.0862
0.329     -0.2111     -0.0641     -0.3444     -0.0822
0.330     -0.2069     -0.0610     -0.3395     -0.0784
0.331     -0.2027     -0.0580     -0.3348     -0.0748
0.332     -0.1985     -0.0549     -0.3301     -0.0712
0.333     -0.1944     -0.0519     -0.3255     -0.0676
0.334     -0.1903     -0.0488     -0.3211     -0.0641
0.335     -0.1862     -0.0458     -0.3166     -0.0605
0.336     -0.1821     -0.0428     -0.3121     -0.0570
0.337     -0.1781     -0.0399     -0.3076     -0.0535
0.338     -0.1741     -0.0369     -0.3031     -0.0500
0.339     -0.1701     -0.0340     -0.2987     -0.0466
0.340     -0.1661     -0.0311     -0.2943     -0.0431
0.341     -0.1621     -0.0282     -0.2900     -0.0397
0.342     -0.1582     -0.0253     -0.2858     -0.0363
0.343     -0.1543     -0.0224     -0.2815     -0.0329
0.344     -0.1504     -0.0196     -0.2773     -0.0296
0.345     -0.1466     -0.0167     -0.2731     -0.0263
0.346     -0.1428     -0.0139     -0.2690     -0.0229
0.347     -0.1390     -0.0111     -0.2648     -0.0196
0.348     -0.1352     -0.0083     -0.2607     -0.0164
0.349     -0.1314     -0.0056     -0.2563     -0.0131
0.350     -0.1277     -0.0028     -0.2518     -0.0100
0.351     -0.1239     -0.0001     -0.2475     -0.0070
0.352     -0.1202      0.0026     -0.2434     -0.0039
0.353     -0.1165      0.0053     -0.2393     -0.0007
0.354     -0.1129      0.0080     -0.2352      0.0025
0.355     -0.1092      0.0107     -0.2310      0.0056
0.356     -0.1056      0.0134     -0.2268      0.0087
0.357     -0.1020      0.0160     -0.2226      0.0118
0.358     -0.0984      0.0186     -0.2184      0.0149
0.359     -0.0949      0.0213     -0.2142      0.0179
0.360     -0.0913      0.0239     -0.2101      0.0210
0.361     -0.0878      0.0264     -0.2060      0.0240
0.362     -0.0843      0.0290     -0.2019      0.0270
0.363     -0.0808      0.0316     -0.1979      0.0300
0.364     -0.0774      0.0341     -0.1938      0.0330
0.365     -0.0739      0.0366     -0.1898      0.0360
0.366     -0.0705      0.0392     -0.1858      0.0389
0.367     -0.0671      0.0417     -0.1819      0.0419
0.368     -0.0637      0.0442     -0.1779      0.0448
0.369     -0.0604      0.0466     -0.1740      0.0477
0.370     -0.0570      0.0491     -0.1701      0.0507
0.371     -0.0537      0.0515     -0.1662      0.0538
0.372     -0.0504      0.0540     -0.1623      0.0569
0.373     -0.0471      0.0564     -0.1585      0.0599
0.374     -0.0438      0.0588     -0.1547      0.0628
0.375     -0.0405      0.0612     -0.1509      0.0656
0.376     -0.0373      0.0636     -0.1471      0.0684
0.377     -0.0341      0.0660     -0.1433      0.0712
0.378     -0.0308      0.0683     -0.1396      0.0740
0.379     -0.0276      0.0707     -0.1359      0.0767
0.380     -0.0245      0.0730     -0.1324      0.0795
0.381     -0.0213      0.0753     -0.1291      0.0822
0.382     -0.0182      0.0776     -0.1258      0.0850
0.383     -0.0150      0.0799     -0.1224      0.0879
0.384     -0.0119      0.0822     -0.1186      0.0907
0.385     -0.0088      0.0845     -0.1149      0.0935
0.386     -0.0058      0.0868     -0.1117      0.0963
0.387     -0.0027      0.0890     -0.1085      0.0991
0.388      0.0003      0.0912     -0.1049      0.1019
0.389      0.0034      0.0935     -0.1012      0.1047
0.390      0.0064      0.0957     -0.0976      0.1074
0.391      0.0094      0.0979     -0.0939      0.1102
0.392      0.0124      0.1001     -0.0903      0.1129
0.393      0.0153      0.1023     -0.0867      0.1156
0.394      0.0183      0.1044     -0.0835      0.1183
0.395      0.0212      0.1066     -0.0804      0.1210
0.396      0.0242      0.1087     -0.0772      0.1236
0.397      0.0271      0.1109     -0.0741      0.1263
0.398      0.0300      0.1130     -0.0710      0.1289
0.399      0.0328      0.1151     -0.0679      0.1316
0.400      0.0357      0.1172     -0.0648      0.1342
0.401      0.0386      0.1193     -0.0614      0.1368
0.402      0.0414      0.1214     -0.0581      0.1394
0.403      0.0442      0.1235     -0.0547      0.1420
0.404      0.0470      0.1256     -0.0516      0.1445
0.405      0.0498      0.1276     -0.0486      0.1471
0.406      0.0526      0.1297     -0.0454      0.1496
0.407      0.0554      0.1317     -0.0423      0.1520
0.408      0.0581      0.1337     -0.0393      0.1542
0.409      0.0609      0.1357     -0.0364      0.1563
0.410      0.0636      0.1377     -0.0334      0.1585
0.411      0.0663      0.1397     -0.0304      0.1606
0.412      0.0690      0.1417     -0.0275      0.1628
0.413      0.0717      0.1437     -0.0246      0.1649
0.414      0.0744      0.1457     -0.0217      0.1670
0.415      0.0770      0.1476     -0.0188      0.1694
0.416      0.0797      0.1496     -0.0159      0.1718
0.417      0.0823      0.1515     -0.0130      0.1743
0.418      0.0850      0.1534     -0.0102      0.1767
0.419      0.0876      0.1553     -0.0074      0.1791
0.420      0.0902      0.1573     -0.0045      0.1813
0.421      0.0928      0.1592     -0.0017      0.1835
0.422      0.0953      0.1610      0.0013      0.1858
0.423      0.0979      0.1629      0.0044      0.1881
0.424      0.1004      0.1648      0.0074      0.1904
0.425      0.1030      0.1667      0.0103      0.1927
0.426      0.1055      0.1685      0.0132      0.1949
0.427      0.1080      0.1704      0.0162      0.1972
0.428      0.1105      0.1722      0.0192      0.1995
0.429      0.1130      0.1740      0.0222      0.2017
0.430      0.1155      0.1759      0.0252      0.2040
0.431      0.1180      0.1777      0.0282      0.2062
0.432      0.1204      0.1795      0.0311      0.2084
0.433      0.1229      0.1813      0.0340      0.2106
0.434      0.1253      0.1831      0.0368      0.2128
0.435      0.1277      0.1848      0.0395      0.2150
0.436      0.1301      0.1866      0.0421      0.2172
0.437      0.1325      0.1884      0.0447      0.2193
0.438      0.1349      0.1901      0.0473      0.2216
0.439      0.1373      0.1919      0.0499      0.2238
0.440      0.1397      0.1936      0.0525      0.2260
0.441      0.1420      0.1954      0.0550      0.2282
0.442      0.1444      0.1971      0.0576      0.2303
0.443      0.1467      0.1988      0.0602      0.2322
0.444      0.1490      0.2005      0.0630      0.2344
0.445      0.1514      0.2022      0.0657      0.2365
0.446      0.1537      0.2039      0.0683      0.2386
0.447      0.1560      0.2056      0.0708      0.2406
0.448      0.1582      0.2073      0.0733      0.2425
0.449      0.1605      0.2089      0.0756      0.2445
0.450      0.1628      0.2106      0.0779      0.2466
0.451      0.1650      0.2123      0.0802      0.2486
0.452      0.1673      0.2139      0.0825      0.2507
0.453      0.1695      0.2156      0.0849      0.2528
0.454      0.1717      0.2172      0.0873      0.2549
0.455      0.1739      0.2188      0.0897      0.2570
0.456      0.1762      0.2204      0.0921      0.2589
0.457      0.1783      0.2221      0.0945      0.2611
0.458      0.1805      0.2237      0.0969      0.2630
0.459      0.1827      0.2253      0.0995      0.2650
0.460      0.1849      0.2268      0.1020      0.2670
0.461      0.1870      0.2284      0.1046      0.2690
0.462      0.1892      0.2300      0.1071      0.2710
0.463      0.1913      0.2316      0.1095      0.2730
0.464      0.1934      0.2331      0.1119      0.2750
0.465      0.1956      0.2347      0.1142      0.2770
0.466      0.1977      0.2363      0.1165      0.2789
0.467      0.1998      0.2378      0.1189      0.2809
0.468      0.2019      0.2393      0.1213      0.2829
0.469      0.2040      0.2409      0.1238      0.2847
0.470      0.2060      0.2424      0.1263      0.2865
0.471      0.2081      0.2439      0.1287      0.2882
0.472      0.2102      0.2454      0.1311      0.2900
0.473      0.2122      0.2469      0.1336      0.2918
0.474      0.2142      0.2484      0.1360      0.2935
0.475      0.2163      0.2499      0.1384      0.2952
0.476      0.2183      0.2514      0.1408      0.2971
0.477      0.2203      0.2529      0.1429      0.2992
0.478      0.2223      0.2544      0.1452      0.3010
0.479      0.2243      0.2558      0.1475      0.3028
0.480      0.2263      0.2573      0.1498      0.3045
0.481      0.2283      0.2588      0.1519      0.3062
0.482      0.2303      0.2602      0.1540      0.3079
0.483      0.2322      0.2616      0.1560      0.3096
0.484      0.2342      0.2631      0.1581      0.3114
0.485      0.2361      0.2645      0.1602      0.3130
0.486      0.2381      0.2659      0.1622      0.3147
0.487      0.2400      0.2674      0.1642      0.3163
0.488      0.2419      0.2688      0.1663      0.3180
0.489      0.2438      0.2702      0.1686      0.3196
0.490      0.2458      0.2716      0.1709      0.3213
0.491      0.2477      0.2730      0.1732      0.3229
0.492      0.2496      0.2744      0.1752      0.3246
0.493      0.2514      0.2758      0.1770      0.3262
0.494      0.2533      0.2771      0.1789      0.3278
0.495      0.2552      0.2785      0.1808      0.3294
0.496      0.2570      0.2799      0.1826      0.3311
0.497      0.2589      0.2813      0.1847      0.3329
0.498      0.2608      0.2826      0.1869      0.3347
0.499      0.2626      0.2840      0.1890      0.3364
0.500      0.2644      0.2853      0.1912      0.3381
0.501      0.2663      0.2867      0.1933      0.3398
0.502      0.2681      0.2880      0.1952      0.3413
0.503      0.2699      0.2893      0.1971      0.3427
0.504      0.2717      0.2906      0.1989      0.3443
0.505      0.2735      0.2920      0.2008      0.3460
0.506      0.2753      0.2933      0.2026      0.3475
0.507      0.2771      0.2946      0.2044      0.3491
0.508      0.2788      0.2959      0.2063      0.3508
0.509      0.2806      0.2972      0.2081      0.3524
0.510      0.2824      0.2985      0.2099      0.3541
0.511      0.2841      0.2998      0.2117      0.3557
0.512      0.2859      0.3011      0.2135      0.3573
0.513      0.2876      0.3023      0.2154      0.3590
0.514      0.2893      0.3036      0.2174      0.3606
0.515      0.2911      0.3049      0.2194      0.3621
0.516      0.2928      0.3062      0.2213      0.3637
0.517      0.2945      0.3074      0.2233      0.3653
0.518      0.2962      0.3087      0.2252      0.3669
0.519      0.2979      0.3099      0.2272      0.3686
0.520      0.2996      0.3112      0.2289      0.3702
0.521      0.3013      0.3124      0.2306      0.3717
0.522      0.3030      0.3136      0.2323      0.3733
0.523      0.3047      0.3149      0.2340      0.3748
0.524      0.3063      0.3161      0.2357      0.3762
0.525      0.3080      0.3173      0.2373      0.3777
0.526      0.3096      0.3185      0.2390      0.3792
0.527      0.3113      0.3198      0.2408      0.3807
0.528      0.3129      0.3210      0.2426      0.3822
0.529      0.3146      0.3222      0.2444      0.3837
0.530      0.3162      0.3234      0.2462      0.3852
0.531      0.3178      0.3246      0.2480      0.3867
0.532      0.3195      0.3258      0.2498      0.3882
0.533      0.3211      0.3269      0.2515      0.3897
0.534      0.3227      0.3281      0.2533      0.3912
0.535      0.3243      0.3293      0.2550      0.3927
0.536      0.3259      0.3305      0.2568      0.3940
0.537      0.3275      0.3316      0.2586      0.3953
0.538      0.3290      0.3328      0.2605      0.3965
0.539      0.3306      0.3340      0.2623      0.3980
0.540      0.3322      0.3351      0.2642      0.3995
0.541      0.3338      0.3363      0.2658      0.4008
0.542      0.3353      0.3374      0.2675      0.4021
0.543      0.3369      0.3386      0.2691      0.4034
0.544      0.3384      0.3397      0.2708      0.4048
0.545      0.3400      0.3408      0.2724      0.4062
0.546      0.3415      0.3420      0.2740      0.4075
0.547      0.3430      0.3431      0.2756      0.4091
0.548      0.3446      0.3442      0.2773      0.4107
0.549      0.3461      0.3453      0.2789      0.4122
0.550      0.3476      0.3464      0.2805      0.4138
0.551      0.3491      0.3475      0.2822      0.4152
0.552      0.3506      0.3486      0.2838      0.4164
0.553      0.3521      0.3497      0.2855      0.4177
0.554      0.3536      0.3508      0.2871      0.4189
0.555      0.3551      0.3519      0.2887      0.4201
0.556      0.3566      0.3530      0.2904      0.4215
0.557      0.3580      0.3541      0.2920      0.4229
0.558      0.3595      0.3552      0.2937      0.4243
0.559      0.3610      0.3563      0.2955      0.4257
0.560      0.3624      0.3573      0.2971      0.4271
0.561      0.3639      0.3584      0.2987      0.4286
0.562      0.3654      0.3595      0.3002      0.4301
0.563      0.3668      0.3605      0.3018      0.4315
0.564      0.3682      0.3616      0.3033      0.4330
0.565      0.3697      0.3627      0.3048      0.4344
0.566      0.3711      0.3637      0.3064      0.4359
0.567      0.3725      0.3648      0.3079      0.4372
0.568      0.3740      0.3658      0.3094      0.4385
0.569      0.3754      0.3668      0.3110      0.4398
0.570      0.3768      0.3679      0.3126      0.4411
0.571      0.3782      0.3689      0.3142      0.4425
0.572      0.3796      0.3699      0.3159      0.4439
0.573      0.3810      0.3710      0.3175      0.4451
0.574      0.3824      0.3720      0.3191      0.4463
0.575      0.3838      0.3730      0.3206      0.4475
0.576      0.3851      0.3740      0.3222      0.4488
0.577      0.3865      0.3750      0.3238      0.4500
0.578      0.3879      0.3760      0.3254      0.4512
0.579      0.3893      0.3770      0.3270      0.4524
0.580      0.3906      0.3780      0.3285      0.4536
0.581      0.3920      0.3790      0.3299      0.4548
0.582      0.3933      0.3800      0.3313      0.4560
0.583      0.3947      0.3810      0.3328      0.4573
0.584      0.3960      0.3820      0.3342      0.4586
0.585      0.3974      0.3830      0.3356      0.4598
0.586      0.3987      0.3840      0.3370      0.4611
0.587      0.4000      0.3850      0.3384      0.4622
0.588      0.4013      0.3859      0.3398      0.4635
0.589      0.4027      0.3869      0.3412      0.4647
0.590      0.4040      0.3879      0.3426      0.4659
0.591      0.4053      0.3888      0.3440      0.4672
0.592      0.4066      0.3898      0.3454      0.4685
0.593      0.4079      0.3907      0.3468      0.4698
0.594      0.4092      0.3917      0.3481      0.4710
0.595      0.4105      0.3927      0.3495      0.4723
0.596      0.4118      0.3936      0.3509      0.4734
0.597      0.4131      0.3945      0.3522      0.4746
0.598      0.4144      0.3955      0.3536      0.4758
0.599      0.4156      0.3964      0.3549      0.4770
0.600      0.4169      0.3974      0.3563      0.4782
0.601      0.4182      0.3983      0.3576      0.4794
0.602      0.4194      0.3992      0.3590      0.4805
0.603      0.4207      0.4002      0.3603      0.4817
0.604      0.4220      0.4011      0.3616      0.4828
0.605      0.4232      0.4020      0.3629      0.4840
0.606      0.4245      0.4029      0.3643      0.4853
0.607      0.4257      0.4038      0.3656      0.4865
0.608      0.4269      0.4047      0.3668      0.4878
0.609      0.4282      0.4056      0.3680      0.4890
0.610      0.4294      0.4065      0.3693      0.4901
0.611      0.4306      0.4075      0.3705      0.4913
0.612      0.4319      0.4083      0.3717      0.4924
0.613      0.4331      0.4092      0.3729      0.4934
0.614      0.4343      0.4101      0.3741      0.4944
0.615      0.4355      0.4110      0.3755      0.4955
0.616      0.4367      0.4119      0.3768      0.4966
0.617      0.4379      0.4128      0.3780      0.4977
0.618      0.4391      0.4137      0.3791      0.4989
0.619      0.4403      0.4146      0.3804      0.5000
0.620      0.4415      0.4154      0.3819      0.5011
0.621      0.4427      0.4163      0.3831      0.5022
0.622      0.4439      0.4172      0.3842      0.5033
0.623      0.4450      0.4180      0.3855      0.5044
0.624      0.4462      0.4189      0.3869      0.5054
0.625      0.4474      0.4198      0.3883      0.5064
0.626      0.4486      0.4206      0.3895      0.5074
0.627      0.4497      0.4215      0.3905      0.5085
0.628      0.4509      0.4223      0.3916      0.5095
0.629      0.4521      0.4232      0.3926      0.5106
0.630      0.4532      0.4240      0.3938      0.5117
0.631      0.4544      0.4249      0.3950      0.5129
0.632      0.4555      0.4257      0.3963      0.5140
0.633      0.4566      0.4266      0.3975      0.5152
0.634      0.4578      0.4274      0.3988      0.5163
0.635      0.4589      0.4282      0.4001      0.5174
0.636      0.4601      0.4291      0.4014      0.5185
0.637      0.4612      0.4299      0.4027      0.5195
0.638      0.4623      0.4307      0.4041      0.5206
0.639      0.4634      0.4316      0.4054      0.5216
0.640      0.4646      0.4324      0.4067      0.5227
0.641      0.4657      0.4332      0.4079      0.5236
0.642      0.4668      0.4340      0.4091      0.5245
0.643      0.4679      0.4348      0.4102      0.5254
0.644      0.4690      0.4356      0.4114      0.5263
0.645      0.4701      0.4365      0.4126      0.5273
0.646      0.4712      0.4373      0.4137      0.5284
0.647      0.4723      0.4381      0.4149      0.5295
0.648      0.4734      0.4389      0.4160      0.5305
0.649      0.4745      0.4397      0.4172      0.5313
0.650      0.4755      0.4405      0.4183      0.5323
0.651      0.4766      0.4413      0.4195      0.5333
0.652      0.4777      0.4420      0.4206      0.5343
0.653      0.4788      0.4428      0.4222      0.5353
0.654      0.4799      0.4436      0.4241      0.5358
0.655      0.4809      0.4444      0.4251      0.5357
0.656      0.4820      0.4452      0.4262      0.5365
0.657      0.4830      0.4460      0.4283      0.5376
0.658      0.4841      0.4467      0.4299      0.5384
0.659      0.4852      0.4475      0.4321      0.5393
0.660      0.4862      0.4483      0.4329      0.5405
0.661      0.4873      0.4491      0.4346      0.5416
0.662      0.4883      0.4498      0.4368      0.5425
0.663      0.4893      0.4506      0.4384      0.5436
0.664      0.4904      0.4514      0.4394      0.5446
0.665      0.4914      0.4521      0.4405      0.5452
0.666      0.4925      0.4529      0.4425      0.5463
0.667      0.4935      0.4536      0.4434      0.5465
0.668      0.4945      0.4544      0.4445      0.5479
0.669      0.4936      0.4551      0.4428      0.5479
0.670      0.4923      0.4559      0.4408      0.5481
0.671      0.4910      0.4546      0.4400      0.5476
0.672      0.4897      0.4529      0.4391      0.5470
0.673      0.4884      0.4512      0.4369      0.5481
0.674      0.4872      0.4494      0.4336      0.5484
0.675      0.4858      0.4477      0.4307      0.5494
0.676      0.4845      0.4459      0.4285      0.5493
0.677      0.4832      0.4441      0.4262      0.5488
0.678      0.4819      0.4423      0.4242      0.5485
0.679      0.4806      0.4405      0.4222      0.5498
0.680      0.4792      0.4387      0.4199      0.5491
0.681      0.4779      0.4369      0.4167      0.5478
0.682      0.4765      0.4351      0.4145      0.5470
0.683      0.4751      0.4332      0.4129      0.5459
0.684      0.4737      0.4313      0.4100      0.5450
0.685      0.4724      0.4295      0.4084      0.5438
0.686      0.4710      0.4276      0.4067      0.5427
0.687      0.4696      0.4257      0.4051      0.5416
0.688      0.4681      0.4238      0.4033      0.5404
0.689      0.4667      0.4219      0.4017      0.5392
0.690      0.4653      0.4199      0.4001      0.5380
0.691      0.4638      0.4180      0.3985      0.5369
0.692      0.4624      0.4160      0.3969      0.5357
0.693      0.4609      0.4141      0.3953      0.5346
0.694      0.4595      0.4121      0.3937      0.5334
0.695      0.4580      0.4101      0.3920      0.5322
0.696      0.4565      0.4081      0.3903      0.5311
0.697      0.4550      0.4061      0.3886      0.5300
0.698      0.4535      0.4040      0.3870      0.5289
0.699      0.4520      0.4020      0.3851      0.5278
0.700      0.4504      0.3999      0.3834      0.5267
0.701      0.4489      0.3978      0.3814      0.5256
0.702      0.4473      0.3957      0.3795      0.5245
0.703      0.4458      0.3936      0.3778      0.5232
0.704      0.4442      0.3915      0.3760      0.5219
0.705      0.4426      0.3894      0.3739      0.5205
0.706      0.4410      0.3872      0.3719      0.5192
0.707      0.4394      0.3851      0.3700      0.5178
0.708      0.4378      0.3829      0.3680      0.5165
0.709      0.4362      0.3807      0.3660      0.5151
0.710      0.4345      0.3785      0.3640      0.5137
0.711      0.4329      0.3763      0.3620      0.5125
0.712      0.4312      0.3740      0.3601      0.5113
0.713      0.4296      0.3718      0.3583      0.5100
0.714      0.4279      0.3695      0.3564      0.5088
0.715      0.4262      0.3672      0.3544      0.5075
0.716      0.4245      0.3649      0.3523      0.5062
0.717      0.4228      0.3626      0.3502      0.5050
0.718      0.4210      0.3603      0.3481      0.5037
0.719      0.4193      0.3579      0.3460      0.5024
0.720      0.4175      0.3556      0.3438      0.5011
0.721      0.4158      0.3532      0.3416      0.4997
0.722      0.4140      0.3508      0.3394      0.4984
0.723      0.4122      0.3483      0.3372      0.4969
0.724      0.4104      0.3459      0.3349      0.4954
0.725      0.4086      0.3435      0.3327      0.4939
0.726      0.4067      0.3410      0.3304      0.4923
0.727      0.4049      0.3385      0.3281      0.4908
0.728      0.4030      0.3360      0.3259      0.4893
0.729      0.4011      0.3335      0.3236      0.4877
0.730      0.3993      0.3309      0.3215      0.4861
0.731      0.3974      0.3283      0.3191      0.4845
0.732      0.3954      0.3258      0.3167      0.4830
0.733      0.3935      0.3232      0.3144      0.4815
0.734      0.3916      0.3205      0.3121      0.4801
0.735      0.3896      0.3179      0.3098      0.4787
0.736      0.3876      0.3152      0.3075      0.4772
0.737      0.3856      0.3125      0.3052      0.4758
0.738      0.3836      0.3098      0.3028      0.4743
0.739      0.3816      0.3071      0.3004      0.4728
0.740      0.3796      0.3044      0.2980      0.4714
0.741      0.3775      0.3016      0.2956      0.4699
0.742      0.3755      0.2988      0.2931      0.4684
0.743      0.3734      0.2960      0.2906      0.4668
0.744      0.3713      0.2932      0.2881      0.4653
0.745      0.3692      0.2903      0.2855      0.4635
0.746      0.3670      0.2875      0.2829      0.4616
0.747      0.3649      0.2846      0.2803      0.4596
0.748      0.3627      0.2816      0.2777      0.4577
0.749      0.3605      0.2787      0.2751      0.4558
0.750      0.3583      0.2757      0.2724      0.4541
0.751      0.3561      0.2727      0.2698      0.4524
0.752      0.3539      0.2697      0.2671      0.4505
0.753      0.3516      0.2667      0.2645      0.4486
0.754      0.3493      0.2636      0.2618      0.4467
0.755      0.3470      0.2605      0.2591      0.4447
0.756      0.3447      0.2574      0.2564      0.4427
0.757      0.3424      0.2543      0.2537      0.4408
0.758      0.3400      0.2511      0.2509      0.4387
0.759      0.3377      0.2479      0.2482      0.4367
0.760      0.3353      0.2447      0.2454      0.4347
0.761      0.3329      0.2414      0.2424      0.4326
0.762      0.3305      0.2381      0.2394      0.4306
0.763      0.3280      0.2348      0.2364      0.4286
0.764      0.3255      0.2315      0.2334      0.4266
0.765      0.3230      0.2282      0.2303      0.4246
0.766      0.3205      0.2248      0.2272      0.4226
0.767      0.3180      0.2214      0.2244      0.4206
0.768      0.3154      0.2179      0.2216      0.4185
0.769      0.3129      0.2144      0.2188      0.4165
0.770      0.3103      0.2109      0.2159      0.4144
0.771      0.3076      0.2074      0.2129      0.4123
0.772      0.3050      0.2038      0.2098      0.4102
0.773      0.3023      0.2002      0.2067      0.4081
0.774      0.2996      0.1966      0.2036      0.4059
0.775      0.2969      0.1929      0.2004      0.4039
0.776      0.2942      0.1892      0.1972      0.4018
0.777      0.2914      0.1855      0.1939      0.3996
0.778      0.2886      0.1817      0.1906      0.3973
0.779      0.2858      0.1779      0.1873      0.3949
0.780      0.2830      0.1741      0.1840      0.3926
0.781      0.2801      0.1702      0.1806      0.3904
0.782      0.2772      0.1663      0.1772      0.3879
0.783      0.2743      0.1624      0.1739      0.3853
0.784      0.2713      0.1584      0.1706      0.3828
0.785      0.2684      0.1544      0.1673      0.3805
0.786      0.2654      0.1504      0.1640      0.3782
0.787      0.2623      0.1463      0.1603      0.3757
0.788      0.2593      0.1422      0.1567      0.3731
0.789      0.2562      0.1380      0.1529      0.3706
0.790      0.2531      0.1338      0.1492      0.3680
0.791      0.2499      0.1295      0.1454      0.3654
0.792      0.2467      0.1253      0.1415      0.3628
0.793      0.2435      0.1209      0.1378      0.3601
0.794      0.2403      0.1166      0.1340      0.3575
0.795      0.2370      0.1122      0.1301      0.3548
0.796      0.2337      0.1077      0.1263      0.3520
0.797      0.2304      0.1032      0.1223      0.3493
0.798      0.2270      0.0987      0.1183      0.3465
0.799      0.2236      0.0941      0.1139      0.3437
0.800      0.2202      0.0894      0.1100      0.3408
0.801      0.2167      0.0848      0.1061      0.3381
0.802      0.2132      0.0800      0.1021      0.3352
0.803      0.2096      0.0753      0.0980      0.3322
0.804      0.2061      0.0704      0.0936      0.3293
0.805      0.2024      0.0656      0.0892      0.3263
0.806      0.1988      0.0606      0.0851      0.3233
0.807      0.1951      0.0557      0.0806      0.3202
0.808      0.1914      0.0506      0.0762      0.3171
0.809      0.1876      0.0455      0.0717      0.3140
0.810      0.1838      0.0404      0.0671      0.3109
0.811      0.1800      0.0352      0.0626      0.3077
0.812      0.1761      0.0300      0.0579      0.3045
0.813      0.1721      0.0247      0.0532      0.3012
0.814      0.1682      0.0193      0.0485      0.2979
0.815      0.1641      0.0139      0.0437      0.2946
0.816      0.1601      0.0084      0.0390      0.2913
0.817      0.1560      0.0029      0.0341      0.2879
0.818      0.1518     -0.0027      0.0291      0.2844
0.819      0.1476     -0.0083      0.0241      0.2810
0.820      0.1434     -0.0141      0.0190      0.2776
0.821      0.1391     -0.0198      0.0139      0.2744
0.822      0.1348     -0.0257      0.0087      0.2711
0.823      0.1304     -0.0316      0.0034      0.2677
0.824      0.1260     -0.0376     -0.0019      0.2644
0.825      0.1215     -0.0436     -0.0073      0.2610
0.826      0.1169     -0.0497     -0.0127      0.2576
0.827      0.1123     -0.0559     -0.0182      0.2540
0.828      0.1077     -0.0622     -0.0237      0.2505
0.829      0.1030     -0.0685     -0.0293      0.2469
0.830      0.0983     -0.0749     -0.0350      0.2433
0.831      0.0934     -0.0814     -0.0407      0.2397
0.832      0.0886     -0.0880     -0.0466      0.2360
0.833      0.0837     -0.0946     -0.0526      0.2322
0.834      0.0787     -0.1013     -0.0586      0.2283
0.835      0.0736     -0.1081     -0.0646      0.2242
0.836      0.0685     -0.1150     -0.0707      0.2200
0.837      0.0634     -0.1220     -0.0769      0.2158
0.838      0.0581     -0.1290     -0.0832      0.2116
0.839      0.0528     -0.1362     -0.0896      0.2073
0.840      0.0475     -0.1434     -0.0960      0.2030
0.841      0.0420     -0.1507     -0.1025      0.1986
0.842      0.0365     -0.1582     -0.1091      0.1941
0.843      0.0310     -0.1657     -0.1161      0.1898
0.844      0.0253     -0.1733     -0.1232      0.1854
0.845      0.0196     -0.1810     -0.1304      0.1810
0.846      0.0138     -0.1888     -0.1375      0.1766
0.847      0.0080     -0.1967     -0.1446      0.1720
0.848      0.0020     -0.2047     -0.1518      0.1675
0.849     -0.0040     -0.2128     -0.1591      0.1628
0.850     -0.0101     -0.2210     -0.1665      0.1581
0.851     -0.0163     -0.2294     -0.1740      0.1533
0.852     -0.0225     -0.2378     -0.1814      0.1485
0.853     -0.0289     -0.2464     -0.1889      0.1433
0.854     -0.0353     -0.2551     -0.1964      0.1380
0.855     -0.0419     -0.2639     -0.2041      0.1326
0.856     -0.0485     -0.2728     -0.2121      0.1272
0.857     -0.0552     -0.2818     -0.2202      0.1216
0.858     -0.0620     -0.2910     -0.2285      0.1160
0.859     -0.0689     -0.3003     -0.2369      0.1106
0.860     -0.0759     -0.3097     -0.2454      0.1053
0.861     -0.0830     -0.3193     -0.2541      0.0997
0.862     -0.0902     -0.3290     -0.2630      0.0938
0.863     -0.0975     -0.3389     -0.2721      0.0878
0.864     -0.1049     -0.3489     -0.2810      0.0817
0.865     -0.1124     -0.3590     -0.2899      0.0758
0.866     -0.1201     -0.3693     -0.2989      0.0699
0.867     -0.1278     -0.3798     -0.3080      0.0638
0.868     -0.1357     -0.3904     -0.3172      0.0577
0.869     -0.1437     -0.4012     -0.3266      0.0515
0.870     -0.1518     -0.4121     -0.3362      0.0451
0.871     -0.1600     -0.4232     -0.3459      0.0387
0.872     -0.1684     -0.4345     -0.3557      0.0322
0.873     -0.1769     -0.4459     -0.3657      0.0256
0.874     -0.1855     -0.4576     -0.3763      0.0189
0.875     -0.1943     -0.4694     -0.3870      0.0120
0.876     -0.2032     -0.4814     -0.3979      0.0050
0.877     -0.2123     -0.4936     -0.4089     -0.0023
0.878     -0.2215     -0.5061     -0.4202     -0.0096
0.879     -0.2309     -0.5187     -0.4316     -0.0171
0.880     -0.2404     -0.5315     -0.4433     -0.0246
0.881     -0.2500     -0.5446     -0.4551     -0.0324
0.882     -0.2599     -0.5578     -0.4671     -0.0402
0.883     -0.2699     -0.5713     -0.4794     -0.0482
0.884     -0.2801     -0.5850     -0.4913     -0.0563
0.885     -0.2904     -0.5990     -0.5033     -0.0646
0.886     -0.3010     -0.6132     -0.5156     -0.0729
0.887     -0.3117     -0.6277     -0.5280     -0.0809
0.888     -0.3226     -0.6424     -0.5407     -0.0891
0.889     -0.3337     -0.6574     -0.5536     -0.0975
0.890     -0.3450     -0.6726     -0.5667     -0.1060
0.891     -0.3566     -0.6882     -0.5804     -0.1146
0.892     -0.3683     -0.7040     -0.5945     -0.1234
0.893     -0.3802     -0.7201     -0.6088     -0.1327
0.894     -0.3924     -0.7365     -0.6234     -0.1422
0.895     -0.4048     -0.7533     -0.6383     -0.1519
0.896     -0.4175     -0.7703     -0.6534     -0.1618
0.897     -0.4304     -0.7877     -0.6689     -0.1718
0.898     -0.4435     -0.8055     -0.6847     -0.1820
0.899     -0.4570     -0.8235     -0.7008     -0.1925
0.900     -0.4706     -0.8420     -0.7172     -0.2031
0.901     -0.4846     -0.8608     -0.7339     -0.2140
0.902     -0.4988     -0.8800     -0.7510     -0.2251
0.903     -0.5134     -0.8996     -0.7684     -0.2364
0.904     -0.5282     -0.9196     -0.7862     -0.2480
0.905     -0.5433     -0.9400     -0.8043     -0.2598
0.906     -0.5588     -0.9609     -0.8229     -0.2718
0.907     -0.5746     -0.9822     -0.8418     -0.2841
0.908     -0.5908     -1.0040     -0.8612     -0.2967
0.909     -0.6073     -1.0262     -0.8811     -0.3095
0.910     -0.6241     -1.0490     -0.9015     -0.3227
0.911     -0.6414     -1.0722     -0.9223     -0.3361
0.912     -0.6590     -1.0960     -0.9435     -0.3498
0.913     -0.6771     -1.1203     -0.9653     -0.3639
0.914     -0.6955     -1.1452     -0.9876     -0.3788
0.915     -0.7144     -1.1707     -1.0104     -0.3942
0.916     -0.7338     -1.1968     -1.0337     -0.4098
0.917     -0.7536     -1.2235     -1.0576     -0.4251
0.918     -0.7739     -1.2509     -1.0821     -0.4410
0.919     -0.7947     -1.2789     -1.1072     -0.4578
0.920     -0.8160     -1.3077     -1.1329     -0.4745
0.921     -0.8379     -1.3372     -1.1593     -0.4923
0.922     -0.8603     -1.3674     -1.1858     -0.5107
0.923     -0.8833     -1.3984     -1.2129     -0.5293
0.924     -0.9069     -1.4302     -1.2408     -0.5483
0.925     -0.9312     -1.4629     -1.2695     -0.5678
0.926     -0.9561     -1.4965     -1.2997     -0.5879
0.927     -0.9816     -1.5310     -1.3307     -0.6085
0.928     -1.0079     -1.5664     -1.3625     -0.6297
0.929     -1.0349     -1.6029     -1.3950     -0.6515
0.930     -1.0627     -1.6403     -1.4279     -0.6740
0.931     -1.0913     -1.6789     -1.4616     -0.6970
0.932     -1.1208     -1.7186     -1.4966     -0.7208
0.933     -1.1511     -1.7595     -1.5330     -0.7452
0.934     -1.1824     -1.8016     -1.5705     -0.7704
0.935     -1.2146     -1.8451     -1.6091     -0.7964
0.936     -1.2478     -1.8898     -1.6489     -0.8232
0.937     -1.2820     -1.9360     -1.6902     -0.8508
0.938     -1.3174     -1.9837     -1.7332     -0.8794
0.939     -1.3539     -2.0330     -1.7776     -0.9088
0.940     -1.3917     -2.0839     -1.8228     -0.9393
0.941     -1.4307     -2.1365     -1.8695     -0.9707
0.942     -1.4711     -2.1909     -1.9179     -1.0028
0.943     -1.5129     -2.2473     -1.9673     -1.0357
0.944     -1.5562     -2.3056     -2.0186     -1.0697
0.945     -1.6010     -2.3661     -2.0724     -1.1050
0.946     -1.6475     -2.4288     -2.1275     -1.1416
0.947     -1.6958     -2.4939     -2.1847     -1.1796
0.948     -1.7459     -2.5615     -2.2440     -1.2190
0.949     -1.7980     -2.6318     -2.3057     -1.2600
0.950     -1.8522     -2.7048     -2.3698     -1.3026
0.951     -1.9086     -2.7809     -2.4366     -1.3470
0.952     -1.9673     -2.8601     -2.5061     -1.3932
0.953     -2.0286     -2.9426     -2.5798     -1.4414
0.954     -2.0925     -3.0288     -2.6570     -1.4917
0.955     -2.1592     -3.1188     -2.7377     -1.5442
0.956     -2.2290     -3.2129     -2.8220     -1.5991
0.957     -2.3020     -3.3113     -2.9103     -1.6565
0.958     -2.3785     -3.4145     -3.0028     -1.7167
0.959     -2.4588     -3.5227     -3.0984     -1.7799
0.960     -2.5430     -3.6362     -3.1986     -1.8461
0.961     -2.6316     -3.7557     -3.3040     -1.9158
0.962     -2.7248     -3.8814     -3.4149     -1.9898
0.963     -2.8231     -4.0139     -3.5318     -2.0686
0.964     -2.9268     -4.1537     -3.6552     -2.1518
0.965     -3.0364     -4.3015     -3.7856     -2.2397
0.966     -3.1525     -4.4581     -3.9237     -2.3322
0.967     -3.2757     -4.6241     -4.0702     -2.4293
0.968     -3.4065     -4.8005     -4.2259     -2.5321
0.969     -3.5458     -4.9883     -4.3920     -2.6410
0.970     -3.6943     -5.1886     -4.5701     -2.7573
0.971     -3.8531     -5.4027     -4.7604     -2.8816
0.972     -4.0233     -5.6322     -4.9644     -3.0147
0.973     -4.2060     -5.8785     -5.1834     -3.1577
0.974     -4.4028     -6.1439     -5.4194     -3.3117
0.975     -4.6154     -6.4305     -5.6741     -3.4781
0.976     -4.8456     -6.7410     -5.9502     -3.6583
0.977     -5.0959     -7.0785     -6.2502     -3.8570
0.978     -5.3690     -7.4466     -6.5775     -4.0739
0.979     -5.6680     -7.8498     -6.9364     -4.3115
0.980     -5.9969     -8.2933     -7.3323     -4.5728
0.981     -6.3605     -8.7836     -7.7698     -4.8610
0.982     -6.7645     -9.3283     -8.2539     -5.1795
0.983     -7.2160     -9.9370     -8.7943     -5.5354
0.984     -7.7239    -10.6219     -9.4023     -5.9358
0.985     -8.2996    -11.3981    -10.0913     -6.3896
0.986     -8.9575    -12.2852    -10.8792     -6.9082
0.987     -9.7166    -13.3087    -11.7891     -7.5065
0.988    -10.6023    -14.5028    -12.8509     -8.2047
0.989    -11.6489    -15.9141    -14.1054     -9.0296
0.990    -12.9049    -17.6076    -15.6111    -10.0221
0.991    -14.4400    -19.6775    -17.4512    -11.2352
0.992    -16.3588    -22.2648    -19.7514    -12.7517
0.993    -18.8261    -25.5911    -22.7088    -14.7018
0.994    -22.1155    -30.0265    -26.6517    -17.3013
0.995    -26.7211    -36.2361    -32.1727    -20.9410
0.996    -33.6289    -45.5505    -40.4536    -26.4006
0.997    -45.1419    -61.0747    -54.2538    -35.4989
0.998    -68.1704    -92.1239    -81.8614    -53.6848
0.999   -137.2518   -185.2771   -164.6918   -108.2109
