0.001    -23.1316    -16.8810    -29.7075    -16.5963
0.002    -11.0677     -7.9750    -14.3509     -7.8127
0.003     -7.0464     -5.0063     -9.2320     -4.8740
0.004     -5.0358     -3.5219     -6.6726     -3.4046
0.005     -3.8294     -2.6313     -5.1369     -2.5230
0.006     -3.0251     -2.0376     -4.1132     -1.9390
0.007     -2.4506     -1.6135     -3.3819     -1.5223
0.008     -2.0198     -1.2954     -2.8342     -1.2098
0.009     -1.6847     -1.0480     -2.4090     -0.9665
0.010     -1.4166     -0.8501     -2.0687     -0.7700
0.011     -1.1973     -0.6882     -1.7903     -0.6105
0.012     -1.0145     -0.5532     -1.5583     -0.4790
0.013     -0.8598     -0.4391     -1.3620     -0.3676
0.014     -0.7272     -0.3412     -1.1937     -0.2695
0.015     -0.6123     -0.2564     -1.0479     -0.1844
0.016     -0.5118     -0.1822     -0.9207     -0.1100
0.017     -0.4231     -0.1167     -0.8094     -0.0443
0.018     -0.3442     -0.0585     -0.7106      0.0141
0.019     -0.2737     -0.0064     -0.6221      0.0663
0.020     -0.2102      0.0405     -0.5417      0.1133
0.021     -0.1528      0.0829     -0.4683      0.1553
0.022     -0.1005      0.1215     -0.4015      0.1929
0.023     -0.0529      0.1567     -0.3406      0.2273
0.024     -0.0091      0.1889     -0.2847      0.2588
0.025      0.0311      0.2186     -0.2333      0.2877
0.026      0.0682      0.2460     -0.1863      0.3145
0.027      0.1026      0.2714     -0.1426      0.3396
0.028      0.1345      0.2950     -0.1013      0.3633
0.029      0.1642      0.3169     -0.0631      0.3849
0.030      0.1919      0.3374     -0.0276      0.4049
0.031      0.2179      0.3565      0.0052      0.4238
0.032      0.2422      0.3745      0.0355      0.4420
0.033      0.2650      0.3913      0.0640      0.4590
0.034      0.2865      0.4072      0.0911      0.4742
0.035      0.3068      0.4222      0.1177      0.4886
0.036      0.3260      0.4363      0.1437      0.5021
0.037      0.3441      0.4497      0.1683      0.5142
0.038      0.3612      0.4624      0.1925      0.5233
0.039      0.3775      0.4744      0.2191      0.5346
0.040      0.3930      0.4858      0.2393      0.5404
0.041      0.4077      0.4967      0.2655      0.5451
0.042      0.4217      0.5070      0.2868      0.5531
0.043      0.4351      0.5169      0.3073      0.5572
0.044      0.4347      0.5263      0.3104      0.5475
0.045      0.4340      0.5329      0.3095      0.5468
0.046      0.4333      0.5309      0.3064      0.5473
0.047      0.4327      0.5289      0.3035      0.5493
0.048      0.4320      0.5268      0.2954      0.5475
0.049      0.4313      0.5248      0.2915      0.5499
0.050      0.4306      0.5227      0.2887      0.5521
0.051      0.4299      0.5207      0.2856      0.5537
0.052      0.4292      0.5186      0.2825      0.5541
0.053      0.4285      0.5166      0.2816      0.5542
0.054      0.4278      0.5145      0.2805      0.5534
0.055      0.4271      0.5124      0.2798      0.5530
0.056      0.4264      0.5104      0.2792      0.5530
0.057      0.4257      0.5083      0.2786      0.5530
0.058      0.4250      0.5062      0.2777      0.5529
0.059      0.4243      0.5041      0.2768      0.5529
0.060      0.4236      0.5020      0.2759      0.5519
0.061      0.4229      0.4999      0.2750      0.5508
0.062      0.4222      0.4978      0.2743      0.5497
0.063      0.4215      0.4957      0.2732      0.5486
0.064      0.4208      0.4936      0.2723      0.5478
0.065      0.4201      0.4915      0.2713      0.5476
0.066      0.4194      0.4894      0.2704      0.5475
0.067      0.4187      0.4873      0.2694      0.5473
0.068      0.4180      0.4851      0.2686      0.5470
0.069      0.4172      0.4830      0.2677      0.5463
0.070      0.4165      0.4809      0.2671      0.5456
0.071      0.4158      0.4787      0.2666      0.5449
0.072      0.4151      0.4766      0.2661      0.5443
0.073      0.4144      0.4744      0.2656      0.5437
0.074      0.4136      0.4723      0.2645      0.5430
0.075      0.4129      0.4701      0.2631      0.5422
0.076      0.4122      0.4680      0.2625      0.5415
0.077      0.4115      0.4658      0.2622      0.5408
0.078      0.4107      0.4636      0.2618      0.5401
0.079      0.4100      0.4614      0.2609      0.5394
0.080      0.4093      0.4592      0.2604      0.5387
0.081      0.4085      0.4571      0.2599      0.5380
0.082      0.4078      0.4549      0.2588      0.5373
0.083      0.4071      0.4527      0.2575      0.5366
0.084      0.4063      0.4505      0.2564      0.5359
0.085      0.4056      0.4483      0.2558      0.5352
0.086      0.4048      0.4461      0.2545      0.5351
0.087      0.4041      0.4438      0.2536      0.5352
0.088      0.4033      0.4416      0.2527      0.5354
0.089      0.4026      0.4394      0.2517      0.5346
0.090      0.4018      0.4372      0.2508      0.5346
0.091      0.4011      0.4349      0.2499      0.5337
0.092      0.4003      0.4327      0.2486      0.5326
0.093      0.3996      0.4304      0.2471      0.5315
0.094      0.3988      0.4282      0.2457      0.5304
0.095      0.3981      0.4259      0.2442      0.5291
0.096      0.3973      0.4237      0.2431      0.5281
0.097      0.3965      0.4214      0.2423      0.5278
0.098      0.3958      0.4191      0.2408      0.5281
0.099      0.3950      0.4169      0.2400      0.5284
0.100      0.3943      0.4146      0.2393      0.5287
0.101      0.3935      0.4123      0.2386      0.5290
0.102      0.3927      0.4100      0.2380      0.5290
0.103      0.3919      0.4077      0.2365      0.5284
0.104      0.3912      0.4054      0.2355      0.5278
0.105      0.3904      0.4031      0.2346      0.5272
0.106      0.3896      0.4008      0.2337      0.5265
0.107      0.3888      0.3985      0.2328      0.5258
0.108      0.3881      0.3961      0.2319      0.5252
0.109      0.3873      0.3938      0.2310      0.5245
0.110      0.3865      0.3915      0.2297      0.5238
0.111      0.3857      0.3891      0.2285      0.5235
0.112      0.3849      0.3868      0.2272      0.5226
0.113      0.3841      0.3845      0.2260      0.5220
0.114      0.3833      0.3821      0.2247      0.5217
0.115      0.3825      0.3797      0.2234      0.5211
0.116      0.3818      0.3774      0.2224      0.5205
0.117      0.3810      0.3750      0.2211      0.5198
0.118      0.3802      0.3726      0.2199      0.5192
0.119      0.3794      0.3703      0.2188      0.5186
0.120      0.3786      0.3679      0.2178      0.5179
0.121      0.3778      0.3655      0.2167      0.5173
0.122      0.3769      0.3631      0.2149      0.5166
0.123      0.3761      0.3607      0.2133      0.5158
0.124      0.3753      0.3583      0.2120      0.5153
0.125      0.3745      0.3559      0.2107      0.5147
0.126      0.3737      0.3534      0.2094      0.5141
0.127      0.3729      0.3510      0.2081      0.5134
0.128      0.3721      0.3486      0.2068      0.5129
0.129      0.3713      0.3462      0.2054      0.5124
0.130      0.3704      0.3437      0.2041      0.5119
0.131      0.3696      0.3413      0.2028      0.5111
0.132      0.3688      0.3388      0.2015      0.5105
0.133      0.3680      0.3364      0.2001      0.5098
0.134      0.3671      0.3339      0.1988      0.5092
0.135      0.3663      0.3314      0.1974      0.5086
0.136      0.3655      0.3290      0.1961      0.5079
0.137      0.3646      0.3265      0.1948      0.5074
0.138      0.3638      0.3240      0.1934      0.5074
0.139      0.3630      0.3215      0.1921      0.5073
0.140      0.3621      0.3190      0.1907      0.5072
0.141      0.3613      0.3165      0.1894      0.5071
0.142      0.3604      0.3140      0.1880      0.5070
0.143      0.3596      0.3115      0.1867      0.5066
0.144      0.3587      0.3089      0.1853      0.5057
0.145      0.3579      0.3064      0.1840      0.5058
0.146      0.3570      0.3039      0.1826      0.5054
0.147      0.3562      0.3013      0.1812      0.5054
0.148      0.3553      0.2988      0.1799      0.5055
0.149      0.3545      0.2963      0.1785      0.5056
0.150      0.3536      0.2937      0.1774      0.5054
0.151      0.3528      0.2911      0.1766      0.5046
0.152      0.3519      0.2886      0.1758      0.5038
0.153      0.3510      0.2860      0.1750      0.5030
0.154      0.3502      0.2834      0.1742      0.5022
0.155      0.3493      0.2808      0.1734      0.5014
0.156      0.3484      0.2782      0.1719      0.5006
0.157      0.3475      0.2756      0.1703      0.4998
0.158      0.3467      0.2730      0.1687      0.4997
0.159      0.3458      0.2704      0.1670      0.4995
0.160      0.3449      0.2678      0.1654      0.4993
0.161      0.3440      0.2652      0.1638      0.4992
0.162      0.3432      0.2625      0.1622      0.4990
0.163      0.3423      0.2599      0.1606      0.4986
0.164      0.3414      0.2573      0.1591      0.4978
0.165      0.3405      0.2546      0.1579      0.4974
0.166      0.3396      0.2520      0.1567      0.4973
0.167      0.3387      0.2493      0.1556      0.4973
0.168      0.3378      0.2466      0.1544      0.4969
0.169      0.3369      0.2439      0.1532      0.4962
0.170      0.3360      0.2413      0.1515      0.4960
0.171      0.3351      0.2386      0.1497      0.4954
0.172      0.3342      0.2359      0.1478      0.4947
0.173      0.3333      0.2332      0.1459      0.4942
0.174      0.3324      0.2305      0.1441      0.4934
0.175      0.3315      0.2278      0.1424      0.4927
0.176      0.3305      0.2250      0.1412      0.4919
0.177      0.3296      0.2223      0.1399      0.4911
0.178      0.3287      0.2196      0.1387      0.4903
0.179      0.3278      0.2168      0.1375      0.4895
0.180      0.3269      0.2141      0.1363      0.4887
0.181      0.3259      0.2113      0.1351      0.4879
0.182      0.3250      0.2086      0.1338      0.4872
0.183      0.3241      0.2058      0.1326      0.4867
0.184      0.3232      0.2030      0.1311      0.4865
0.185      0.3222      0.2003      0.1292      0.4859
0.186      0.3213      0.1975      0.1274      0.4854
0.187      0.3203      0.1947      0.1264      0.4847
0.188      0.3194      0.1919      0.1255      0.4838
0.189      0.3185      0.1891      0.1245      0.4831
0.190      0.3175      0.1862      0.1233      0.4829
0.191      0.3166      0.1834      0.1220      0.4820
0.192      0.3156      0.1806      0.1206      0.4810
0.193      0.3147      0.1778      0.1193      0.4803
0.194      0.3137      0.1749      0.1179      0.4796
0.195      0.3127      0.1721      0.1166      0.4784
0.196      0.3118      0.1692      0.1152      0.4771
0.197      0.3108      0.1663      0.1136      0.4761
0.198      0.3099      0.1635      0.1118      0.4751
0.199      0.3089      0.1606      0.1100      0.4745
0.200      0.3079      0.1577      0.1088      0.4743
0.201      0.3069      0.1548      0.1079      0.4740
0.202      0.3060      0.1519      0.1069      0.4738
0.203      0.3050      0.1490      0.1055      0.4731
0.204      0.3040      0.1461      0.1041      0.4724
0.205      0.3030      0.1432      0.1027      0.4719
0.206      0.3020      0.1402      0.1013      0.4713
0.207      0.3011      0.1373      0.0999      0.4707
0.208      0.3001      0.1344      0.0985      0.4705
0.209      0.2991      0.1314      0.0971      0.4693
0.210      0.2981      0.1284      0.0956      0.4685
0.211      0.2971      0.1255      0.0943      0.4675
0.212      0.2961      0.1225      0.0929      0.4667
0.213      0.2951      0.1195      0.0915      0.4660
0.214      0.2941      0.1165      0.0900      0.4652
0.215      0.2931      0.1135      0.0886      0.4644
0.216      0.2921      0.1105      0.0872      0.4636
0.217      0.2910      0.1075      0.0857      0.4632
0.218      0.2900      0.1045      0.0843      0.4631
0.219      0.2890      0.1015      0.0828      0.4629
0.220      0.2880      0.0984      0.0814      0.4623
0.221      0.2870      0.0954      0.0799      0.4622
0.222      0.2859      0.0923      0.0785      0.4622
0.223      0.2849      0.0893      0.0769      0.4621
0.224      0.2839      0.0862      0.0751      0.4617
0.225      0.2828      0.0831      0.0733      0.4617
0.226      0.2818      0.0800      0.0716      0.4617
0.227      0.2808      0.0770      0.0698      0.4618
0.228      0.2797      0.0739      0.0680      0.4617
0.229      0.2787      0.0708      0.0668      0.4616
0.230      0.2776      0.0676      0.0651      0.4616
0.231      0.2766      0.0645      0.0637      0.4615
0.232      0.2755      0.0614      0.0623      0.4614
0.233      0.2745      0.0582      0.0609      0.4613
0.234      0.2734      0.0551      0.0595      0.4612
0.235      0.2724      0.0519      0.0581      0.4610
0.236      0.2713      0.0488      0.0567      0.4609
0.237      0.2702      0.0456      0.0553      0.4607
0.238      0.2692      0.0424      0.0539      0.4604
0.239      0.2681      0.0392      0.0522      0.4599
0.240      0.2670      0.0360      0.0500      0.4594
0.241      0.2659      0.0328      0.0477      0.4589
0.242      0.2649      0.0296      0.0460      0.4584
0.243      0.2638      0.0264      0.0445      0.4578
0.244      0.2627      0.0232      0.0430      0.4573
0.245      0.2616      0.0199      0.0415      0.4565
0.246      0.2605      0.0167      0.0400      0.4557
0.247      0.2594      0.0134      0.0385      0.4549
0.248      0.2583      0.0101      0.0369      0.4542
0.249      0.2572      0.0069      0.0354      0.4538
0.250      0.2561      0.0036      0.0339      0.4535
0.251      0.2550      0.0003      0.0323      0.4533
0.252      0.2539     -0.0030      0.0310      0.4528
0.253      0.2528     -0.0063      0.0296      0.4523
0.254      0.2517     -0.0096      0.0277      0.4520
0.255      0.2506     -0.0130      0.0256      0.4516
0.256      0.2494     -0.0163      0.0236      0.4515
0.257      0.2483     -0.0196      0.0220      0.4513
0.258      0.2472     -0.0230      0.0204      0.4506
0.259      0.2460     -0.0264      0.0188      0.4500
0.260      0.2449     -0.0297      0.0172      0.4493
0.261      0.2438     -0.0331      0.0159      0.4486
0.262      0.2426     -0.0365      0.0146      0.4479
0.263      0.2415     -0.0399      0.0133      0.4473
0.264      0.2403     -0.0433      0.0120      0.4466
0.265      0.2392     -0.0467      0.0105      0.4461
0.266      0.2380     -0.0502      0.0087      0.4455
0.267      0.2369     -0.0536      0.0070      0.4450
0.268      0.2357     -0.0571      0.0051      0.4444
0.269      0.2346     -0.0605      0.0032      0.4439
0.270      0.2334     -0.0640      0.0013      0.4433
0.271      0.2322     -0.0675     -0.0005      0.4427
0.272      0.2311     -0.0709     -0.0024      0.4422
0.273      0.2299     -0.0744     -0.0041      0.4414
0.274      0.2287     -0.0779     -0.0058      0.4407
0.275      0.2275     -0.0814     -0.0071      0.4399
0.276      0.2263     -0.0850     -0.0090      0.4391
0.277      0.2252     -0.0885     -0.0108      0.4384
0.278      0.2240     -0.0920     -0.0125      0.4376
0.279      0.2228     -0.0956     -0.0145      0.4368
0.280      0.2216     -0.0992     -0.0167      0.4363
0.281      0.2204     -0.1027     -0.0189      0.4358
0.282      0.2192     -0.1063     -0.0212      0.4353
0.283      0.2180     -0.1099     -0.0231      0.4344
0.284      0.2168     -0.1135     -0.0250      0.4342
0.285      0.2155     -0.1171     -0.0269      0.4338
0.286      0.2143     -0.1207     -0.0288      0.4331
0.287      0.2131     -0.1244     -0.0306      0.4323
0.288      0.2119     -0.1280     -0.0321      0.4315
0.289      0.2106     -0.1317     -0.0341      0.4308
0.290      0.2094     -0.1353     -0.0361      0.4300
0.291      0.2082     -0.1390     -0.0379      0.4292
0.292      0.2069     -0.1427     -0.0400      0.4284
0.293      0.2057     -0.1464     -0.0424      0.4280
0.294      0.2045     -0.1501     -0.0445      0.4276
0.295      0.2032     -0.1538     -0.0464      0.4272
0.296      0.2020     -0.1575     -0.0484      0.4268
0.297      0.2007     -0.1613     -0.0504      0.4263
0.298      0.1994     -0.1650     -0.0524      0.4259
0.299      0.1982     -0.1688     -0.0544      0.4255
0.300      0.1969     -0.1726     -0.0564      0.4250
0.301      0.1956     -0.1763     -0.0584      0.4246
0.302      0.1944     -0.1801     -0.0604      0.4242
0.303      0.1931     -0.1839     -0.0624      0.4237
0.304      0.1918     -0.1877     -0.0645      0.4233
0.305      0.1905     -0.1916     -0.0665      0.4228
0.306      0.1892     -0.1954     -0.0685      0.4224
0.307      0.1879     -0.1992     -0.0706      0.4220
0.308      0.1866     -0.2031     -0.0726      0.4215
0.309      0.1853     -0.2070     -0.0747      0.4209
0.310      0.1840     -0.2108     -0.0767      0.4203
0.311      0.1827     -0.2147     -0.0788      0.4193
0.312      0.1814     -0.2186     -0.0809      0.4184
0.313      0.1801     -0.2226     -0.0830      0.4178
0.314      0.1788     -0.2265     -0.0855      0.4171
0.315      0.1775     -0.2304     -0.0880      0.4165
0.316      0.1761     -0.2344     -0.0901      0.4159
0.317      0.1748     -0.2383     -0.0920      0.4152
0.318      0.1735     -0.2423     -0.0939      0.4146
0.319      0.1721     -0.2463     -0.0960      0.4140
0.320      0.1708     -0.2503     -0.0985      0.4133
0.321      0.1694     -0.2543     -0.1009      0.4127
0.322      0.1681     -0.2583     -0.1034      0.4120
0.323      0.1667     -0.2623     -0.1059      0.4114
0.324      0.1654     -0.2664     -0.1084      0.4107
0.325      0.1640     -0.2704     -0.1109      0.4101
0.326      0.1627     -0.2745     -0.1126      0.4094
0.327      0.1613     -0.2786     -0.1141      0.4088
0.328      0.1599     -0.2826     -0.1162      0.4081
0.329      0.1585     -0.2867     -0.1185      0.4075
0.330      0.1571     -0.2909     -0.1207      0.4068
0.331      0.1558     -0.2950     -0.1226      0.4061
0.332      0.1544     -0.2991     -0.1245      0.4055
0.333      0.1530     -0.3033     -0.1263      0.4048
0.334      0.1516     -0.3074     -0.1282      0.4041
0.335      0.1502     -0.3116     -0.1303      0.4034
0.336      0.1488     -0.3158     -0.1330      0.4028
0.337      0.1474     -0.3200     -0.1359      0.4021
0.338      0.1459     -0.3242     -0.1389      0.4014
0.339      0.1445     -0.3284     -0.1416      0.4007
0.340      0.1431     -0.3327     -0.1439      0.4001
0.341      0.1417     -0.3369     -0.1463      0.3994
0.342      0.1402     -0.3412     -0.1487      0.3987
0.343      0.1388     -0.3455     -0.1510      0.3980
0.344      0.1373     -0.3498     -0.1535      0.3973
0.345      0.1359     -0.3541     -0.1564      0.3966
0.346      0.1345     -0.3584     -0.1593      0.3959
0.347      0.1330     -0.3627     -0.1622      0.3952
0.348      0.1315     -0.3671     -0.1651      0.3945
0.349      0.1301     -0.3714     -0.1681      0.3938
0.350      0.1286     -0.3758     -0.1710      0.3931
0.351      0.1271     -0.3802     -0.1736      0.3925
0.352      0.1256     -0.3846     -0.1756      0.3920
0.353      0.1242     -0.3890     -0.1776      0.3915
0.354      0.1227     -0.3934     -0.1797      0.3915
0.355      0.1212     -0.3978     -0.1817      0.3916
0.356      0.1197     -0.4023     -0.1837      0.3916
0.357      0.1182     -0.4068     -0.1858      0.3916
0.358      0.1167     -0.4112     -0.1879      0.3916
0.359      0.1152     -0.4157     -0.1900      0.3917
0.360      0.1137     -0.4203     -0.1925      0.3917
0.361      0.1121     -0.4248     -0.1950      0.3917
0.362      0.1106     -0.4293     -0.1975      0.3917
0.363      0.1091     -0.4339     -0.2000      0.3918
0.364      0.1075     -0.4384     -0.2026      0.3918
0.365      0.1060     -0.4430     -0.2051      0.3918
0.366      0.1045     -0.4476     -0.2077      0.3918
0.367      0.1029     -0.4522     -0.2102      0.3917
0.368      0.1014     -0.4568     -0.2128      0.3911
0.369      0.0998     -0.4615     -0.2153      0.3905
0.370      0.0982     -0.4661     -0.2179      0.3900
0.371      0.0967     -0.4708     -0.2205      0.3894
0.372      0.0951     -0.4755     -0.2231      0.3888
0.373      0.0935     -0.4802     -0.2256      0.3882
0.374      0.0919     -0.4849     -0.2280      0.3876
0.375      0.0903     -0.4896     -0.2304      0.3870
0.376      0.0888     -0.4943     -0.2328      0.3864
0.377      0.0872     -0.4991     -0.2352      0.3858
0.378      0.0856     -0.5039     -0.2376      0.3852
0.379      0.0839     -0.5087     -0.2399      0.3846
0.380      0.0823     -0.5135     -0.2422      0.3840
0.381      0.0807     -0.5183     -0.2446      0.3834
0.382      0.0791     -0.5231     -0.2469      0.3828
0.383      0.0775     -0.5280     -0.2493      0.3822
0.384      0.0758     -0.5328     -0.2516      0.3821
0.385      0.0742     -0.5377     -0.2540      0.3820
0.386      0.0725     -0.5426     -0.2567      0.3819
0.387      0.0709     -0.5475     -0.2596      0.3818
0.388      0.0692     -0.5525     -0.2624      0.3816
0.389      0.0676     -0.5574     -0.2651      0.3810
0.390      0.0659     -0.5624     -0.2676      0.3799
0.391      0.0642     -0.5674     -0.2702      0.3794
0.392      0.0625     -0.5723     -0.2727      0.3792
0.393      0.0609     -0.5774     -0.2753      0.3787
0.394      0.0592     -0.5824     -0.2779      0.3782
0.395      0.0575     -0.5874     -0.2804      0.3776
0.396      0.0558     -0.5925     -0.2830      0.3770
0.397      0.0541     -0.5976     -0.2856      0.3764
0.398      0.0523     -0.6027     -0.2882      0.3758
0.399      0.0506     -0.6078     -0.2909      0.3753
0.400      0.0489     -0.6129     -0.2935      0.3747
0.401      0.0472     -0.6180     -0.2961      0.3741
0.402      0.0454     -0.6232     -0.2988      0.3735
0.403      0.0437     -0.6284     -0.3019      0.3729
0.404      0.0420     -0.6336     -0.3049      0.3723
0.405      0.0402     -0.6388     -0.3080      0.3717
0.406      0.0384     -0.6440     -0.3111      0.3711
0.407      0.0367     -0.6493     -0.3142      0.3705
0.408      0.0349     -0.6546     -0.3173      0.3699
0.409      0.0331     -0.6598     -0.3204      0.3693
0.410      0.0313     -0.6651     -0.3235      0.3687
0.411      0.0296     -0.6705     -0.3266      0.3681
0.412      0.0278     -0.6758     -0.3298      0.3675
0.413      0.0260     -0.6812     -0.3329      0.3669
0.414      0.0242     -0.6865     -0.3361      0.3662
0.415      0.0223     -0.6919     -0.3393      0.3656
0.416      0.0205     -0.6974     -0.3425      0.3650
0.417      0.0187     -0.7028     -0.3457      0.3644
0.418      0.0169     -0.7082     -0.3489      0.3638
0.419      0.0150     -0.7137     -0.3521      0.3631
0.420      0.0132     -0.7192     -0.3553      0.3625
0.421      0.0113     -0.7247     -0.3585      0.3619
0.422      0.0095     -0.7302     -0.3618      0.3613
0.423      0.0076     -0.7358     -0.3651      0.3609
0.424      0.0057     -0.7413     -0.3683      0.3611
0.425      0.0039     -0.7469     -0.3716      0.3612
0.426      0.0020     -0.7525     -0.3749      0.3613
0.427      0.0001     -0.7581     -0.3782      0.3615
0.428     -0.0018     -0.7638     -0.3815      0.3605
0.429     -0.0037     -0.7695     -0.3849      0.3594
0.430     -0.0056     -0.7751     -0.3882      0.3584
0.431     -0.0075     -0.7808     -0.3911      0.3573
0.432     -0.0095     -0.7866     -0.3938      0.3564
0.433     -0.0114     -0.7923     -0.3965      0.3562
0.434     -0.0133     -0.7981     -0.3991      0.3560
0.435     -0.0153     -0.8039     -0.4018      0.3557
0.436     -0.0172     -0.8097     -0.4045      0.3555
0.437     -0.0192     -0.8155     -0.4073      0.3546
0.438     -0.0211     -0.8213     -0.4100      0.3536
0.439     -0.0231     -0.8272     -0.4127      0.3527
0.440     -0.0251     -0.8331     -0.4154      0.3517
0.441     -0.0271     -0.8390     -0.4182      0.3507
0.442     -0.0291     -0.8449     -0.4210      0.3498
0.443     -0.0311     -0.8509     -0.4237      0.3488
0.444     -0.0331     -0.8568     -0.4265      0.3478
0.445     -0.0351     -0.8628     -0.4293      0.3468
0.446     -0.0371     -0.8688     -0.4321      0.3459
0.447     -0.0391     -0.8749     -0.4349      0.3449
0.448     -0.0412     -0.8809     -0.4377      0.3440
0.449     -0.0432     -0.8870     -0.4410      0.3437
0.450     -0.0453     -0.8931     -0.4447      0.3433
0.451     -0.0473     -0.8993     -0.4485      0.3429
0.452     -0.0494     -0.9054     -0.4522      0.3425
0.453     -0.0515     -0.9116     -0.4560      0.3421
0.454     -0.0536     -0.9178     -0.4598      0.3417
0.455     -0.0556     -0.9240     -0.4636      0.3413
0.456     -0.0577     -0.9302     -0.4674      0.3410
0.457     -0.0598     -0.9365     -0.4712      0.3406
0.458     -0.0620     -0.9428     -0.4751      0.3402
0.459     -0.0641     -0.9491     -0.4789      0.3398
0.460     -0.0662     -0.9554     -0.4828      0.3394
0.461     -0.0683     -0.9618     -0.4867      0.3390
0.462     -0.0705     -0.9681     -0.4906      0.3386
0.463     -0.0726     -0.9745     -0.4945      0.3382
0.464     -0.0748     -0.9810     -0.4984      0.3378
0.465     -0.0770     -0.9874     -0.5024      0.3374
0.466     -0.0791     -0.9939     -0.5063      0.3370
0.467     -0.0813     -1.0004     -0.5103      0.3366
0.468     -0.0835     -1.0069     -0.5143      0.3362
0.469     -0.0857     -1.0134     -0.5183      0.3357
0.470     -0.0879     -1.0200     -0.5223      0.3353
0.471     -0.0901     -1.0266     -0.5263      0.3349
0.472     -0.0924     -1.0332     -0.5304      0.3345
0.473     -0.0946     -1.0399     -0.5344      0.3341
0.474     -0.0968     -1.0466     -0.5385      0.3337
0.475     -0.0991     -1.0533     -0.5426      0.3333
0.476     -0.1014     -1.0600     -0.5467      0.3328
0.477     -0.1036     -1.0667     -0.5508      0.3324
0.478     -0.1059     -1.0735     -0.5546      0.3320
0.479     -0.1082     -1.0803     -0.5584      0.3316
0.480     -0.1105     -1.0871     -0.5622      0.3311
0.481     -0.1128     -1.0940     -0.5660      0.3303
0.482     -0.1151     -1.1009     -0.5698      0.3295
0.483     -0.1174     -1.1078     -0.5736      0.3288
0.484     -0.1198     -1.1147     -0.5775      0.3280
0.485     -0.1221     -1.1217     -0.5814      0.3272
0.486     -0.1244     -1.1286     -0.5858      0.3264
0.487     -0.1268     -1.1357     -0.5897      0.3256
0.488     -0.1292     -1.1427     -0.5931      0.3248
0.489     -0.1315     -1.1498     -0.5969      0.3239
0.490     -0.1339     -1.1569     -0.6009      0.3231
0.491     -0.1363     -1.1640     -0.6048      0.3223
0.492     -0.1387     -1.1711     -0.6091      0.3215
0.493     -0.1411     -1.1783     -0.6135      0.3207
0.494     -0.1436     -1.1855     -0.6179      0.3199
0.495     -0.1460     -1.1928     -0.6224      0.3190
0.496     -0.1484     -1.2000     -0.6269      0.3182
0.497     -0.1509     -1.2073     -0.6308      0.3174
0.498     -0.1533     -1.2147     -0.6348      0.3165
0.499     -0.1558     -1.2220     -0.6387      0.3157
0.500     -0.1583     -1.2294     -0.6431      0.3148
0.501     -0.1608     -1.2368     -0.6476      0.3140
0.502     -0.1633     -1.2442     -0.6522      0.3131
0.503     -0.1658     -1.2517     -0.6567      0.3123
0.504     -0.1683     -1.2592     -0.6613      0.3114
0.505     -0.1709     -1.2668     -0.6659      0.3106
0.506     -0.1734     -1.2743     -0.6705      0.3097
0.507     -0.1760     -1.2819     -0.6751      0.3088
0.508     -0.1785     -1.2895     -0.6798      0.3080
0.509     -0.1811     -1.2972     -0.6844      0.3071
0.510     -0.1837     -1.3049     -0.6891      0.3062
0.511     -0.1863     -1.3126     -0.6938      0.3053
0.512     -0.1889     -1.3203     -0.6986      0.3044
0.513     -0.1915     -1.3281     -0.7033      0.3035
0.514     -0.1941     -1.3359     -0.7076      0.3026
0.515     -0.1968     -1.3438     -0.7118      0.3017
0.516     -0.1994     -1.3517     -0.7161      0.3008
0.517     -0.2021     -1.3596     -0.7204      0.2999
0.518     -0.2047     -1.3675     -0.7247      0.2990
0.519     -0.2074     -1.3755     -0.7291      0.2981
0.520     -0.2101     -1.3835     -0.7334      0.2972
0.521     -0.2128     -1.3916     -0.7378      0.2963
0.522     -0.2155     -1.3996     -0.7422      0.2954
0.523     -0.2182     -1.4077     -0.7466      0.2944
0.524     -0.2210     -1.4159     -0.7511      0.2935
0.525     -0.2237     -1.4241     -0.7559      0.2926
0.526     -0.2265     -1.4323     -0.7607      0.2916
0.527     -0.2293     -1.4405     -0.7656      0.2907
0.528     -0.2321     -1.4488     -0.7705      0.2897
0.529     -0.2348     -1.4571     -0.7753      0.2888
0.530     -0.2377     -1.4655     -0.7802      0.2878
0.531     -0.2405     -1.4739     -0.7852      0.2869
0.532     -0.2433     -1.4823     -0.7901      0.2859
0.533     -0.2462     -1.4908     -0.7951      0.2851
0.534     -0.2490     -1.4993     -0.7995      0.2843
0.535     -0.2519     -1.5078     -0.8039      0.2835
0.536     -0.2548     -1.5164     -0.8083      0.2827
0.537     -0.2577     -1.5250     -0.8127      0.2819
0.538     -0.2606     -1.5336     -0.8172      0.2811
0.539     -0.2635     -1.5423     -0.8217      0.2803
0.540     -0.2664     -1.5510     -0.8262      0.2795
0.541     -0.2694     -1.5598     -0.8314      0.2787
0.542     -0.2723     -1.5686     -0.8367      0.2779
0.543     -0.2753     -1.5774     -0.8420      0.2771
0.544     -0.2783     -1.5863     -0.8474      0.2763
0.545     -0.2813     -1.5952     -0.8528      0.2755
0.546     -0.2843     -1.6042     -0.8582      0.2746
0.547     -0.2873     -1.6132     -0.8637      0.2738
0.548     -0.2903     -1.6222     -0.8691      0.2727
0.549     -0.2934     -1.6313     -0.8746      0.2714
0.550     -0.2964     -1.6404     -0.8801      0.2701
0.551     -0.2995     -1.6495     -0.8857      0.2687
0.552     -0.3026     -1.6587     -0.8912      0.2674
0.553     -0.3057     -1.6680     -0.8964      0.2660
0.554     -0.3088     -1.6772     -0.9017      0.2647
0.555     -0.3120     -1.6866     -0.9069      0.2633
0.556     -0.3151     -1.6959     -0.9121      0.2620
0.557     -0.3183     -1.7053     -0.9174      0.2608
0.558     -0.3214     -1.7148     -0.9231      0.2599
0.559     -0.3246     -1.7243     -0.9294      0.2590
0.560     -0.3278     -1.7338     -0.9357      0.2576
0.561     -0.3311     -1.7434     -0.9420      0.2562
0.562     -0.3343     -1.7530     -0.9482      0.2549
0.563     -0.3375     -1.7626     -0.9541      0.2538
0.564     -0.3408     -1.7724     -0.9600      0.2527
0.565     -0.3441     -1.7821     -0.9659      0.2516
0.566     -0.3474     -1.7919     -0.9718      0.2505
0.567     -0.3507     -1.8017     -0.9777      0.2493
0.568     -0.3540     -1.8116     -0.9836      0.2482
0.569     -0.3573     -1.8216     -0.9894      0.2471
0.570     -0.3607     -1.8315     -0.9953      0.2459
0.571     -0.3641     -1.8416     -1.0011      0.2448
0.572     -0.3674     -1.8516     -1.0071      0.2436
0.573     -0.3708     -1.8618     -1.0130      0.2429
0.574     -0.3743     -1.8719     -1.0190      0.2421
0.575     -0.3777     -1.8821     -1.0250      0.2414
0.576     -0.3811     -1.8924     -1.0310      0.2406
0.577     -0.3846     -1.9027     -1.0371      0.2399
0.578     -0.3881     -1.9131     -1.0431      0.2391
0.579     -0.3916     -1.9235     -1.0493      0.2384
0.580     -0.3951     -1.9339     -1.0554      0.2376
0.581     -0.3986     -1.9445     -1.0616      0.2369
0.582     -0.4022     -1.9550     -1.0678      0.2361
0.583     -0.4058     -1.9656     -1.0740      0.2353
0.584     -0.4093     -1.9763     -1.0803      0.2346
0.585     -0.4129     -1.9870     -1.0866      0.2338
0.586     -0.4166     -1.9978     -1.0929      0.2330
0.587     -0.4202     -2.0086     -1.0992      0.2322
0.588     -0.4238     -2.0195     -1.1056      0.2314
0.589     -0.4275     -2.0304     -1.1120      0.2303
0.590     -0.4312     -2.0414     -1.1185      0.2293
0.591     -0.4349     -2.0524     -1.1250      0.2283
0.592     -0.4386     -2.0635     -1.1315      0.2272
0.593     -0.4424     -2.0746     -1.1380      0.2265
0.594     -0.4461     -2.0858     -1.1446      0.2260
0.595     -0.4499     -2.0970     -1.1512      0.2256
0.596     -0.4537     -2.1083     -1.1578      0.2250
0.597     -0.4575     -2.1197     -1.1645      0.2236
0.598     -0.4614     -2.1311     -1.1712      0.2223
0.599     -0.4652     -2.1426     -1.1780      0.2209
0.600     -0.4691     -2.1541     -1.1847      0.2195
0.601     -0.4730     -2.1657     -1.1915      0.2181
0.602     -0.4769     -2.1774     -1.1984      0.2167
0.603     -0.4809     -2.1891     -1.2052      0.2155
0.604     -0.4848     -2.2008     -1.2122      0.2147
0.605     -0.4888     -2.2126     -1.2191      0.2138
0.606     -0.4928     -2.2245     -1.2261      0.2130
0.607     -0.4968     -2.2365     -1.2331      0.2122
0.608     -0.5008     -2.2485     -1.2396      0.2114
0.609     -0.5049     -2.2605     -1.2456      0.2098
0.610     -0.5090     -2.2727     -1.2517      0.2083
0.611     -0.5131     -2.2849     -1.2578      0.2067
0.612     -0.5172     -2.2971     -1.2639      0.2053
0.613     -0.5213     -2.3094     -1.2701      0.2042
0.614     -0.5255     -2.3218     -1.2763      0.2030
0.615     -0.5297     -2.3343     -1.2825      0.2019
0.616     -0.5339     -2.3468     -1.2888      0.2007
0.617     -0.5381     -2.3593     -1.2950      0.1995
0.618     -0.5423     -2.3720     -1.3014      0.1983
0.619     -0.5466     -2.3847     -1.3077      0.1971
0.620     -0.5509     -2.3975     -1.3141      0.1959
0.621     -0.5552     -2.4103     -1.3208      0.1947
0.622     -0.5596     -2.4232     -1.3281      0.1935
0.623     -0.5639     -2.4362     -1.3354      0.1923
0.624     -0.5683     -2.4492     -1.3428      0.1911
0.625     -0.5727     -2.4624     -1.3502      0.1898
0.626     -0.5771     -2.4756     -1.3576      0.1886
0.627     -0.5816     -2.4888     -1.3652      0.1874
0.628     -0.5861     -2.5021     -1.3735      0.1861
0.629     -0.5906     -2.5155     -1.3819      0.1849
0.630     -0.5951     -2.5290     -1.3903      0.1836
0.631     -0.5997     -2.5426     -1.3988      0.1829
0.632     -0.6042     -2.5562     -1.4068      0.1823
0.633     -0.6089     -2.5699     -1.4143      0.1817
0.634     -0.6135     -2.5836     -1.4217      0.1812
0.635     -0.6181     -2.5975     -1.4293      0.1806
0.636     -0.6228     -2.6114     -1.4368      0.1800
0.637     -0.6275     -2.6254     -1.4445      0.1794
0.638     -0.6322     -2.6395     -1.4533      0.1788
0.639     -0.6370     -2.6536     -1.4621      0.1781
0.640     -0.6418     -2.6679     -1.4710      0.1768
0.641     -0.6466     -2.6822     -1.4799      0.1755
0.642     -0.6514     -2.6966     -1.4889      0.1742
0.643     -0.6563     -2.7110     -1.4979      0.1729
0.644     -0.6612     -2.7256     -1.5069      0.1715
0.645     -0.6661     -2.7402     -1.5150      0.1702
0.646     -0.6711     -2.7549     -1.5231      0.1688
0.647     -0.6760     -2.7697     -1.5313      0.1675
0.648     -0.6810     -2.7846     -1.5395      0.1661
0.649     -0.6861     -2.7996     -1.5477      0.1647
0.650     -0.6911     -2.8146     -1.5560      0.1633
0.651     -0.6962     -2.8298     -1.5644      0.1619
0.652     -0.7013     -2.8450     -1.5728      0.1605
0.653     -0.7065     -2.8603     -1.5812      0.1591
0.654     -0.7117     -2.8757     -1.5897      0.1577
0.655     -0.7169     -2.8912     -1.5983      0.1563
0.656     -0.7221     -2.9068     -1.6069      0.1549
0.657     -0.7274     -2.9225     -1.6155      0.1534
0.658     -0.7327     -2.9383     -1.6242      0.1518
0.659     -0.7380     -2.9541     -1.6330      0.1502
0.660     -0.7434     -2.9701     -1.6418      0.1487
0.661     -0.7488     -2.9861     -1.6506      0.1471
0.662     -0.7542     -3.0022     -1.6595      0.1455
0.663     -0.7596     -3.0185     -1.6685      0.1439
0.664     -0.7651     -3.0348     -1.6775      0.1423
0.665     -0.7706     -3.0512     -1.6866      0.1407
0.666     -0.7762     -3.0678     -1.6957      0.1391
0.667     -0.7818     -3.0844     -1.7049      0.1374
0.668     -0.7874     -3.1011     -1.7141      0.1358
0.669     -0.7931     -3.1180     -1.7234      0.1345
0.670     -0.7988     -3.1349     -1.7327      0.1332
0.671     -0.8045     -3.1519     -1.7421      0.1319
0.672     -0.8102     -3.1691     -1.7516      0.1306
0.673     -0.8160     -3.1863     -1.7611      0.1291
0.674     -0.8219     -3.2037     -1.7706      0.1276
0.675     -0.8277     -3.2211     -1.7803      0.1259
0.676     -0.8336     -3.2387     -1.7900      0.1243
0.677     -0.8396     -3.2564     -1.7997      0.1227
0.678     -0.8456     -3.2741     -1.8095      0.1211
0.679     -0.8516     -3.2920     -1.8191      0.1194
0.680     -0.8576     -3.3100     -1.8287      0.1178
0.681     -0.8637     -3.3282     -1.8384      0.1161
0.682     -0.8698     -3.3464     -1.8485      0.1144
0.683     -0.8760     -3.3647     -1.8594      0.1127
0.684     -0.8822     -3.3832     -1.8697      0.1110
0.685     -0.8885     -3.4018     -1.8799      0.1093
0.686     -0.8947     -3.4205     -1.8902      0.1076
0.687     -0.9011     -3.4393     -1.9006      0.1059
0.688     -0.9074     -3.4582     -1.9113      0.1041
0.689     -0.9138     -3.4773     -1.9220      0.1024
0.690     -0.9203     -3.4965     -1.9328      0.1006
0.691     -0.9268     -3.5158     -1.9438      0.0988
0.692     -0.9333     -3.5352     -1.9549      0.0971
0.693     -0.9399     -3.5548     -1.9662      0.0953
0.694     -0.9465     -3.5745     -1.9775      0.0935
0.695     -0.9532     -3.5943     -1.9889      0.0916
0.696     -0.9599     -3.6142     -2.0004      0.0898
0.697     -0.9666     -3.6343     -2.0120      0.0879
0.698     -0.9734     -3.6545     -2.0236      0.0861
0.699     -0.9802     -3.6749     -2.0353      0.0842
0.700     -0.9871     -3.6953     -2.0471      0.0823
0.701     -0.9941     -3.7160     -2.0587      0.0804
0.702     -1.0010     -3.7367     -2.0703      0.0785
0.703     -1.0081     -3.7576     -2.0819      0.0766
0.704     -1.0151     -3.7787     -2.0937      0.0747
0.705     -1.0223     -3.7998     -2.1055      0.0727
0.706     -1.0294     -3.8212     -2.1173      0.0708
0.707     -1.0366     -3.8426     -2.1293      0.0688
0.708     -1.0439     -3.8642     -2.1413      0.0668
0.709     -1.0512     -3.8860     -2.1535      0.0648
0.710     -1.0586     -3.9079     -2.1657      0.0628
0.711     -1.0660     -3.9300     -2.1780      0.0608
0.712     -1.0735     -3.9522     -2.1904      0.0587
0.713     -1.0810     -3.9746     -2.2028      0.0567
0.714     -1.0886     -3.9971     -2.2154      0.0546
0.715     -1.0962     -4.0198     -2.2280      0.0525
0.716     -1.1039     -4.0427     -2.2407      0.0504
0.717     -1.1116     -4.0657     -2.2536      0.0483
0.718     -1.1194     -4.0888     -2.2666      0.0461
0.719     -1.1272     -4.1122     -2.2797      0.0440
0.720     -1.1351     -4.1357     -2.2930      0.0418
0.721     -1.1431     -4.1594     -2.3063      0.0397
0.722     -1.1511     -4.1832     -2.3197      0.0375
0.723     -1.1592     -4.2072     -2.3333      0.0353
0.724     -1.1673     -4.2314     -2.3469      0.0330
0.725     -1.1755     -4.2558     -2.3606      0.0308
0.726     -1.1838     -4.2803     -2.3745      0.0285
0.727     -1.1921     -4.3051     -2.3884      0.0263
0.728     -1.2004     -4.3300     -2.4024      0.0240
0.729     -1.2089     -4.3551     -2.4166      0.0217
0.730     -1.2174     -4.3803     -2.4308      0.0193
0.731     -1.2259     -4.4058     -2.4451      0.0171
0.732     -1.2345     -4.4314     -2.4597      0.0151
0.733     -1.2432     -4.4573     -2.4746      0.0130
0.734     -1.2520     -4.4833     -2.4895      0.0109
0.735     -1.2608     -4.5096     -2.5046      0.0089
0.736     -1.2697     -4.5360     -2.5198      0.0067
0.737     -1.2786     -4.5626     -2.5351      0.0046
0.738     -1.2877     -4.5895     -2.5505      0.0025
0.739     -1.2968     -4.6165     -2.5660      0.0003
0.740     -1.3059     -4.6438     -2.5817     -0.0018
0.741     -1.3151     -4.6712     -2.5975     -0.0040
0.742     -1.3244     -4.6989     -2.6134     -0.0062
0.743     -1.3338     -4.7268     -2.6294     -0.0084
0.744     -1.3433     -4.7549     -2.6455     -0.0107
0.745     -1.3528     -4.7833     -2.6618     -0.0129
0.746     -1.3624     -4.8118     -2.6782     -0.0152
0.747     -1.3721     -4.8406     -2.6948     -0.0175
0.748     -1.3818     -4.8696     -2.7114     -0.0198
0.749     -1.3916     -4.8988     -2.7282     -0.0221
0.750     -1.4015     -4.9283     -2.7451     -0.0245
0.751     -1.4115     -4.9580     -2.7622     -0.0268
0.752     -1.4216     -4.9880     -2.7794     -0.0292
0.753     -1.4317     -5.0182     -2.7968     -0.0316
0.754     -1.4420     -5.0486     -2.8142     -0.0340
0.755     -1.4523     -5.0793     -2.8319     -0.0365
0.756     -1.4627     -5.1102     -2.8496     -0.0389
0.757     -1.4732     -5.1414     -2.8676     -0.0414
0.758     -1.4837     -5.1729     -2.8856     -0.0439
0.759     -1.4944     -5.2046     -2.9038     -0.0465
0.760     -1.5051     -5.2366     -2.9219     -0.0490
0.761     -1.5160     -5.2688     -2.9399     -0.0516
0.762     -1.5269     -5.3013     -2.9581     -0.0542
0.763     -1.5379     -5.3341     -2.9764     -0.0568
0.764     -1.5490     -5.3672     -2.9949     -0.0594
0.765     -1.5603     -5.4005     -3.0136     -0.0620
0.766     -1.5716     -5.4342     -3.0323     -0.0645
0.767     -1.5830     -5.4681     -3.0513     -0.0670
0.768     -1.5945     -5.5023     -3.0704     -0.0695
0.769     -1.6061     -5.5368     -3.0897     -0.0720
0.770     -1.6178     -5.5716     -3.1092     -0.0746
0.771     -1.6296     -5.6067     -3.1288     -0.0772
0.772     -1.6415     -5.6421     -3.1486     -0.0798
0.773     -1.6535     -5.6779     -3.1686     -0.0824
0.774     -1.6656     -5.7139     -3.1887     -0.0850
0.775     -1.6778     -5.7503     -3.2090     -0.0877
0.776     -1.6902     -5.7870     -3.2295     -0.0904
0.777     -1.7026     -5.8240     -3.2502     -0.0931
0.778     -1.7152     -5.8614     -3.2711     -0.0958
0.779     -1.7278     -5.8991     -3.2922     -0.0986
0.780     -1.7406     -5.9371     -3.3134     -0.1014
0.781     -1.7535     -5.9755     -3.3349     -0.1042
0.782     -1.7665     -6.0142     -3.3573     -0.1070
0.783     -1.7797     -6.0533     -3.3800     -0.1099
0.784     -1.7929     -6.0928     -3.4029     -0.1128
0.785     -1.8063     -6.1326     -3.4261     -0.1163
0.786     -1.8198     -6.1728     -3.4494     -0.1199
0.787     -1.8335     -6.2134     -3.4730     -0.1229
0.788     -1.8472     -6.2543     -3.4968     -0.1259
0.789     -1.8611     -6.2957     -3.5209     -0.1289
0.790     -1.8752     -6.3374     -3.5452     -0.1320
0.791     -1.8893     -6.3796     -3.5696     -0.1351
0.792     -1.9036     -6.4221     -3.5944     -0.1382
0.793     -1.9181     -6.4651     -3.6194     -0.1414
0.794     -1.9326     -6.5084     -3.6446     -0.1446
0.795     -1.9474     -6.5522     -3.6700     -0.1478
0.796     -1.9622     -6.5965     -3.6957     -0.1511
0.797     -1.9772     -6.6411     -3.7217     -0.1544
0.798     -1.9924     -6.6862     -3.7479     -0.1577
0.799     -2.0077     -6.7318     -3.7744     -0.1611
0.800     -2.0232     -6.7778     -3.8012     -0.1644
0.801     -2.0388     -6.8243     -3.8282     -0.1679
0.802     -2.0546     -6.8712     -3.8555     -0.1713
0.803     -2.0705     -6.9186     -3.8830     -0.1748
0.804     -2.0866     -6.9665     -3.9109     -0.1783
0.805     -2.1029     -7.0149     -3.9390     -0.1819
0.806     -2.1193     -7.0638     -3.9674     -0.1855
0.807     -2.1359     -7.1132     -3.9961     -0.1892
0.808     -2.1527     -7.1631     -4.0252     -0.1928
0.809     -2.1696     -7.2135     -4.0545     -0.1965
0.810     -2.1868     -7.2645     -4.0841     -0.2003
0.811     -2.2041     -7.3160     -4.1141     -0.2041
0.812     -2.2216     -7.3680     -4.1443     -0.2079
0.813     -2.2392     -7.4206     -4.1749     -0.2118
0.814     -2.2571     -7.4738     -4.2058     -0.2157
0.815     -2.2752     -7.5276     -4.2371     -0.2197
0.816     -2.2934     -7.5819     -4.2686     -0.2237
0.817     -2.3119     -7.6368     -4.3006     -0.2277
0.818     -2.3306     -7.6924     -4.3329     -0.2318
0.819     -2.3494     -7.7485     -4.3651     -0.2360
0.820     -2.3685     -7.8053     -4.3977     -0.2401
0.821     -2.3878     -7.8627     -4.4307     -0.2444
0.822     -2.4073     -7.9207     -4.4641     -0.2486
0.823     -2.4270     -7.9794     -4.4978     -0.2530
0.824     -2.4470     -8.0388     -4.5319     -0.2573
0.825     -2.4672     -8.0988     -4.5664     -0.2618
0.826     -2.4876     -8.1596     -4.6013     -0.2662
0.827     -2.5082     -8.2210     -4.6366     -0.2708
0.828     -2.5291     -8.2832     -4.6723     -0.2753
0.829     -2.5503     -8.3460     -4.7084     -0.2800
0.830     -2.5717     -8.4097     -4.7449     -0.2847
0.831     -2.5933     -8.4740     -4.7819     -0.2894
0.832     -2.6152     -8.5392     -4.8193     -0.2942
0.833     -2.6373     -8.6051     -4.8572     -0.2991
0.834     -2.6598     -8.6718     -4.8955     -0.3040
0.835     -2.6825     -8.7393     -4.9343     -0.3089
0.836     -2.7054     -8.8077     -4.9736     -0.3140
0.837     -2.7287     -8.8769     -5.0133     -0.3191
0.838     -2.7522     -8.9469     -5.0535     -0.3242
0.839     -2.7761     -9.0178     -5.0943     -0.3295
0.840     -2.8002     -9.0896     -5.1355     -0.3348
0.841     -2.8246     -9.1623     -5.1773     -0.3401
0.842     -2.8494     -9.2359     -5.2196     -0.3455
0.843     -2.8744     -9.3105     -5.2624     -0.3517
0.844     -2.8998     -9.3860     -5.3058     -0.3583
0.845     -2.9255     -9.4625     -5.3497     -0.3649
0.846     -2.9516     -9.5400     -5.3942     -0.3716
0.847     -2.9779     -9.6185     -5.4393     -0.3784
0.848     -3.0047     -9.6980     -5.4850     -0.3852
0.849     -3.0318     -9.7786     -5.5313     -0.3922
0.850     -3.0592     -9.8602     -5.5782     -0.3993
0.851     -3.0870     -9.9430     -5.6257     -0.4064
0.852     -3.1152    -10.0268     -5.6739     -0.4137
0.853     -3.1438    -10.1118     -5.7227     -0.4210
0.854     -3.1727    -10.1980     -5.7722     -0.4285
0.855     -3.2021    -10.2854     -5.8224     -0.4360
0.856     -3.2319    -10.3740     -5.8733     -0.4437
0.857     -3.2621    -10.4638     -5.9249     -0.4514
0.858     -3.2927    -10.5549     -5.9772     -0.4593
0.859     -3.3237    -10.6472     -6.0302     -0.4673
0.860     -3.3552    -10.7409     -6.0841     -0.4754
0.861     -3.3872    -10.8360     -6.1387     -0.4836
0.862     -3.4196    -10.9324     -6.1940     -0.4919
0.863     -3.4524    -11.0302     -6.2502     -0.5004
0.864     -3.4858    -11.1295     -6.3073     -0.5090
0.865     -3.5197    -11.2302     -6.3651     -0.5177
0.866     -3.5540    -11.3324     -6.4238     -0.5265
0.867     -3.5889    -11.4362     -6.4835     -0.5355
0.868     -3.6243    -11.5415     -6.5440     -0.5446
0.869     -3.6603    -11.6485     -6.6054     -0.5539
0.870     -3.6968    -11.7571     -6.6678     -0.5633
0.871     -3.7338    -11.8674     -6.7311     -0.5728
0.872     -3.7715    -11.9794     -6.7955     -0.5825
0.873     -3.8097    -12.0932     -6.8608     -0.5923
0.874     -3.8486    -12.2087     -6.9272     -0.6023
0.875     -3.8880    -12.3262     -6.9947     -0.6125
0.876     -3.9281    -12.4455     -7.0632     -0.6226
0.877     -3.9689    -12.5667     -7.1329     -0.6323
0.878     -4.0103    -12.6900     -7.2037     -0.6421
0.879     -4.0524    -12.8153     -7.2756     -0.6521
0.880     -4.0952    -12.9427     -7.3488     -0.6622
0.881     -4.1388    -13.0722     -7.4232     -0.6725
0.882     -4.1830    -13.2039     -7.4989     -0.6830
0.883     -4.2281    -13.3378     -7.5758     -0.6937
0.884     -4.2739    -13.4741     -7.6541     -0.7045
0.885     -4.3205    -13.6127     -7.7337     -0.7155
0.886     -4.3679    -13.7538     -7.8148     -0.7268
0.887     -4.4161    -13.8974     -7.8972     -0.7382
0.888     -4.4653    -14.0435     -7.9812     -0.7498
0.889     -4.5153    -14.1923     -8.0666     -0.7616
0.890     -4.5662    -14.3438     -8.1536     -0.7737
0.891     -4.6180    -14.4980     -8.2423     -0.7860
0.892     -4.6708    -14.6551     -8.3325     -0.7985
0.893     -4.7246    -14.8152     -8.4244     -0.8112
0.894     -4.7794    -14.9782     -8.5181     -0.8242
0.895     -4.8353    -15.1444     -8.6136     -0.8374
0.896     -4.8922    -15.3138     -8.7108     -0.8509
0.897     -4.9502    -15.4864     -8.8100     -0.8646
0.898     -5.0094    -15.6625     -8.9111     -0.8786
0.899     -5.0697    -15.8420     -9.0143     -0.8929
0.900     -5.1313    -16.0251     -9.1195     -0.9075
0.901     -5.1941    -16.2119     -9.2268     -0.9224
0.902     -5.2581    -16.4025     -9.3363     -0.9375
0.903     -5.3235    -16.5971     -9.4480     -0.9530
0.904     -5.3903    -16.7957     -9.5621     -0.9688
0.905     -5.4584    -16.9985     -9.6786     -0.9849
0.906     -5.5281    -17.2056     -9.7976     -1.0014
0.907     -5.5992    -17.4172     -9.9191     -1.0183
0.908     -5.6718    -17.6333    -10.0433     -1.0355
0.909     -5.7461    -17.8542    -10.1702     -1.0540
0.910     -5.8220    -18.0801    -10.2999     -1.0734
0.911     -5.8996    -18.3110    -10.4325     -1.0933
0.912     -5.9789    -18.5471    -10.5682     -1.1136
0.913     -6.0601    -18.7887    -10.7069     -1.1344
0.914     -6.1432    -19.0359    -10.8489     -1.1556
0.915     -6.2283    -19.2889    -10.9942     -1.1774
0.916     -6.3153    -19.5479    -11.1430     -1.1997
0.917     -6.4045    -19.8132    -11.2954     -1.2225
0.918     -6.4958    -20.0849    -11.4515     -1.2459
0.919     -6.5894    -20.3633    -11.6115     -1.2699
0.920     -6.6853    -20.6488    -11.7754     -1.2944
0.921     -6.7837    -20.9414    -11.9435     -1.3196
0.922     -6.8846    -21.2415    -12.1159     -1.3454
0.923     -6.9881    -21.5495    -12.2928     -1.3719
0.924     -7.0943    -21.8655    -12.4743     -1.3991
0.925     -7.2034    -22.1900    -12.6607     -1.4271
0.926     -7.3154    -22.5232    -12.8508     -1.4557
0.927     -7.4304    -22.8656    -13.0458     -1.4852
0.928     -7.5487    -23.2175    -13.2462     -1.5155
0.929     -7.6703    -23.5792    -13.4523     -1.5466
0.930     -7.7954    -23.9514    -13.6642     -1.5786
0.931     -7.9241    -24.3343    -13.8823     -1.6116
0.932     -8.0566    -24.7284    -14.1068     -1.6455
0.933     -8.1930    -25.1344    -14.3379     -1.6804
0.934     -8.3336    -25.5526    -14.5761     -1.7164
0.935     -8.4785    -25.9838    -14.8217     -1.7535
0.936     -8.6279    -26.4283    -15.0749     -1.7918
0.937     -8.7821    -26.8870    -15.3361     -1.8312
0.938     -8.9412    -27.3605    -15.6081     -1.8719
0.939     -9.1056    -27.8496    -15.8903     -1.9140
0.940     -9.2754    -28.3549    -16.1818     -1.9575
0.941     -9.4510    -28.8773    -16.4831     -2.0025
0.942     -9.6327    -29.4178    -16.7949     -2.0490
0.943     -9.8207    -29.9772    -17.1177     -2.0971
0.944    -10.0155    -30.5566    -17.4519     -2.1470
0.945    -10.2173    -31.1571    -17.7983     -2.1986
0.946    -10.4266    -31.7798    -18.1575     -2.2522
0.947    -10.6438    -32.4260    -18.5303     -2.3078
0.948    -10.8693    -33.0971    -18.9175     -2.3656
0.949    -11.1037    -33.7945    -19.3198     -2.4255
0.950    -11.3475    -34.5197    -19.7381     -2.4880
0.951    -11.6012    -35.2746    -20.1736     -2.5529
0.952    -11.8655    -36.0610    -20.6268     -2.6206
0.953    -12.1411    -36.8808    -21.0963     -2.6911
0.954    -12.4286    -37.7362    -21.5862     -2.7648
0.955    -12.7289    -38.6296    -22.0979     -2.8416
0.956    -13.0428    -39.5638    -22.6328     -2.9220
0.957    -13.3714    -40.5412    -23.1927     -3.0061
0.958    -13.7156    -41.5654    -23.7792     -3.0943
0.959    -14.0766    -42.6394    -24.3943     -3.1866
0.960    -14.4556    -43.7670    -25.0401     -3.2837
0.961    -14.8541    -44.9526    -25.7173     -3.3857
0.962    -15.2736    -46.2007    -26.4291     -3.4931
0.963    -15.7157    -47.5160    -27.1794     -3.6062
0.964    -16.1824    -48.9045    -27.9714     -3.7258
0.965    -16.6757    -50.3722    -28.8086     -3.8520
0.966    -17.1980    -51.9265    -29.6951     -3.9858
0.967    -17.7521    -53.5749    -30.6353     -4.1277
0.968    -18.3408    -55.3263    -31.6354     -4.2783
0.969    -18.9674    -57.1906    -32.7061     -4.4387
0.970    -19.6358    -59.1793    -33.8480     -4.6099
0.971    -20.3504    -61.3053    -35.0689     -4.7928
0.972    -21.1159    -63.5829    -36.3769     -4.9888
0.973    -21.9381    -66.0292    -37.7817     -5.1993
0.974    -22.8236    -68.6637    -39.2947     -5.4259
0.975    -23.7799    -71.5091    -40.9282     -5.6707
0.976    -24.8161    -74.5917    -42.6938     -5.9360
0.977    -25.9421    -77.9421    -44.6124     -6.2243
0.978    -27.1706    -81.5971    -46.7058     -6.5388
0.979    -28.5161    -85.6001    -48.9984     -6.8831
0.980    -29.9962    -90.0038    -51.5205     -7.2623
0.981    -31.6320    -94.8711    -54.3077     -7.6811
0.982    -33.4497   -100.2787    -57.4050     -8.1462
0.983    -35.4811   -106.3225    -60.8662     -8.6667
0.984    -37.7665   -113.1218    -64.7609     -9.2515
0.985    -40.3566   -120.8282    -69.1736     -9.9145
0.986    -43.3168   -129.6357    -74.2182    -10.6723
0.987    -46.7323   -139.7973    -80.0376    -11.5470
0.988    -50.7171   -151.6525    -86.8278    -12.5671
0.989    -55.4264   -165.6643    -94.8522    -13.7733
0.990    -61.0776   -182.4786   -104.4813    -15.2186
0.991    -67.9846   -203.0279   -116.2504    -16.9884
0.992    -76.6184   -228.7143   -130.9628    -19.1976
0.993    -87.7190   -261.7394   -149.8761    -22.0406
0.994   -102.5184   -305.7766   -175.0940    -25.8283
0.995   -123.2412   -367.4299   -210.4023    -31.1346
0.996   -154.3234   -459.9029   -263.3720    -39.0869
0.997   -206.1277   -614.0228   -351.6379    -52.3618
0.998   -309.7250   -922.2561   -528.1490    -78.8618
0.999   -620.5887  -1847.0586  -1057.8260   -158.4347
