0.001    -74.1090    -85.4781    -92.6847    -54.9241
0.002    -36.6222    -42.2957    -45.8914    -27.0278
0.003    -24.1266    -27.9016    -30.2937    -17.7322
0.004    -17.8788    -20.7045    -22.4948    -13.0844
0.005    -14.1301    -16.3863    -17.8155    -10.2958
0.006    -11.6310    -13.5075    -14.6959     -8.4371
0.007     -9.8459    -11.4512    -12.4696     -7.1095
0.008     -8.5071     -9.9089    -10.8028     -6.1137
0.009     -7.4658     -8.7094     -9.5065     -5.3421
0.010     -6.6328     -7.7498     -8.4694     -4.7257
0.011     -5.9512     -6.9647     -7.6208     -4.2199
0.012     -5.3832     -6.3104     -6.9137     -3.7967
0.013     -4.9026     -5.7568     -6.3154     -3.4386
0.014     -4.4907     -5.2822     -5.8026     -3.1317
0.015     -4.1337     -4.8710     -5.3581     -2.8657
0.016     -3.8213     -4.5111     -4.9692     -2.6343
0.017     -3.5456     -4.1936     -4.6260     -2.4301
0.018     -3.3006     -3.9114     -4.3210     -2.2486
0.019     -3.0814     -3.6589     -4.0481     -2.0862
0.020     -2.8841     -3.4316     -3.8024     -1.9400
0.021     -2.7056     -3.2259     -3.5802     -1.8078
0.022     -2.5433     -3.0390     -3.3782     -1.6876
0.023     -2.3951     -2.8683     -3.1937     -1.5778
0.024     -2.2593     -2.7119     -3.0246     -1.4772
0.025     -2.1344     -2.5679     -2.8685     -1.3846
0.026     -2.0190     -2.4351     -2.7239     -1.2992
0.027     -1.9122     -2.3120     -2.5899     -1.2201
0.028     -1.8131     -2.1978     -2.4656     -1.1462
0.029     -1.7207     -2.0914     -2.3498     -1.0774
0.030     -1.6345     -1.9922     -2.2417     -1.0132
0.031     -1.5539     -1.8993     -2.1406     -0.9531
0.032     -1.4784     -1.8122     -2.0458     -0.8968
0.033     -1.4074     -1.7305     -1.9567     -0.8439
0.034     -1.3405     -1.6535     -1.8729     -0.7944
0.035     -1.2775     -1.5809     -1.7942     -0.7479
0.036     -1.2180     -1.5124     -1.7202     -0.7040
0.037     -1.1617     -1.4475     -1.6502     -0.6624
0.038     -1.1084     -1.3861     -1.5838     -0.6230
0.039     -1.0578     -1.3278     -1.5209     -0.5856
0.040     -1.0098     -1.2725     -1.4611     -0.5501
0.041     -0.9641     -1.2198     -1.4042     -0.5164
0.042     -0.9205     -1.1696     -1.3501     -0.4838
0.043     -0.8790     -1.1218     -1.2985     -0.4524
0.044     -0.8394     -1.0762     -1.2492     -0.4225
0.045     -0.8015     -1.0326     -1.2021     -0.3938
0.046     -0.7653     -0.9908     -1.1570     -0.3665
0.047     -0.7306     -0.9509     -1.1139     -0.3402
0.048     -0.6974     -0.9126     -1.0725     -0.3151
0.049     -0.6655     -0.8759     -1.0329     -0.2911
0.050     -0.6349     -0.8406     -0.9948     -0.2683
0.051     -0.6055     -0.8068     -0.9583     -0.2464
0.052     -0.5772     -0.7742     -0.9231     -0.2254
0.053     -0.5500     -0.7429     -0.8892     -0.2041
0.054     -0.5238     -0.7127     -0.8567     -0.1848
0.055     -0.4986     -0.6836     -0.8253     -0.1662
0.056     -0.4742     -0.6556     -0.7950     -0.1483
0.057     -0.4508     -0.6285     -0.7658     -0.1310
0.058     -0.4281     -0.6024     -0.7376     -0.1142
0.059     -0.4062     -0.5771     -0.7103     -0.0979
0.060     -0.3850     -0.5528     -0.6840     -0.0821
0.061     -0.3645     -0.5292     -0.6584     -0.0669
0.062     -0.3447     -0.5063     -0.6335     -0.0521
0.063     -0.3255     -0.4842     -0.6094     -0.0378
0.064     -0.3069     -0.4628     -0.5856     -0.0241
0.065     -0.2889     -0.4420     -0.5624     -0.0108
0.066     -0.2714     -0.4219     -0.5400      0.0021
0.067     -0.2544     -0.4024     -0.5190      0.0146
0.068     -0.2380     -0.3834     -0.4986      0.0268
0.069     -0.2220     -0.3650     -0.4788      0.0386
0.070     -0.2065     -0.3471     -0.4596      0.0500
0.071     -0.1914     -0.3297     -0.4409      0.0612
0.072     -0.1767     -0.3128     -0.4225      0.0726
0.073     -0.1625     -0.2964     -0.4046      0.0837
0.074     -0.1486     -0.2804     -0.3871      0.0940
0.075     -0.1351     -0.2649     -0.3701      0.1041
0.076     -0.1219     -0.2497     -0.3537      0.1139
0.077     -0.1091     -0.2350     -0.3381      0.1234
0.078     -0.0966     -0.2206     -0.3229      0.1327
0.079     -0.0845     -0.2066     -0.3081      0.1417
0.080     -0.0726     -0.1929     -0.2937      0.1505
0.081     -0.0610     -0.1796     -0.2795      0.1590
0.082     -0.0497     -0.1666     -0.2655      0.1673
0.083     -0.0387     -0.1539     -0.2519      0.1755
0.084     -0.0280     -0.1415     -0.2385      0.1834
0.085     -0.0175     -0.1294     -0.2255      0.1911
0.086     -0.0072     -0.1176     -0.2128      0.1985
0.087      0.0028     -0.1060     -0.2004      0.2058
0.088      0.0126     -0.0948     -0.1883      0.2129
0.089      0.0222     -0.0837     -0.1765      0.2198
0.090      0.0315     -0.0729     -0.1648      0.2270
0.091      0.0407     -0.0624     -0.1530      0.2340
0.092      0.0496     -0.0521     -0.1415      0.2406
0.093      0.0584     -0.0420     -0.1302      0.2471
0.094      0.0670     -0.0321     -0.1192      0.2534
0.095      0.0754     -0.0224     -0.1084      0.2596
0.096      0.0836     -0.0130     -0.0978      0.2657
0.097      0.0916     -0.0037     -0.0874      0.2718
0.098      0.0995      0.0054     -0.0772      0.2778
0.099      0.1073      0.0143     -0.0678      0.2836
0.100      0.1148      0.0230     -0.0586      0.2890
0.101      0.1223      0.0316     -0.0497      0.2946
0.102      0.1295      0.0399     -0.0409      0.3002
0.103      0.1367      0.0482     -0.0322      0.3058
0.104      0.1437      0.0562     -0.0234      0.3112
0.105      0.1505      0.0641     -0.0146      0.3161
0.106      0.1573      0.0719     -0.0064      0.3212
0.107      0.1639      0.0795      0.0017      0.3263
0.108      0.1704      0.0870      0.0100      0.3313
0.109      0.1767      0.0943      0.0178      0.3363
0.110      0.1830      0.1015      0.0253      0.3411
0.111      0.1891      0.1086      0.0326      0.3457
0.112      0.1952      0.1155      0.0398      0.3502
0.113      0.2011      0.1224      0.0469      0.3546
0.114      0.2069      0.1291      0.0538      0.3589
0.115      0.2126      0.1357      0.0607      0.3629
0.116      0.2182      0.1421      0.0677      0.3669
0.117      0.2238      0.1485      0.0749      0.3708
0.118      0.2292      0.1548      0.0820      0.3746
0.119      0.2345      0.1609      0.0889      0.3786
0.120      0.2398      0.1670      0.0952      0.3828
0.121      0.2450      0.1729      0.1013      0.3869
0.122      0.2500      0.1788      0.1073      0.3910
0.123      0.2550      0.1845      0.1132      0.3948
0.124      0.2599      0.1902      0.1190      0.3984
0.125      0.2648      0.1957      0.1247      0.4021
0.126      0.2695      0.2012      0.1303      0.4056
0.127      0.2742      0.2066      0.1360      0.4091
0.128      0.2788      0.2119      0.1418      0.4125
0.129      0.2834      0.2172      0.1474      0.4159
0.130      0.2879      0.2223      0.1530      0.4192
0.131      0.2923      0.2274      0.1585      0.4225
0.132      0.2966      0.2324      0.1638      0.4258
0.133      0.3009      0.2373      0.1692      0.4289
0.134      0.3051      0.2421      0.1744      0.4320
0.135      0.3092      0.2469      0.1795      0.4351
0.136      0.3133      0.2516      0.1846      0.4382
0.137      0.3173      0.2563      0.1897      0.4412
0.138      0.3213      0.2608      0.1947      0.4441
0.139      0.3252      0.2653      0.1997      0.4470
0.140      0.3290      0.2698      0.2046      0.4499
0.141      0.3328      0.2741      0.2094      0.4527
0.142      0.3366      0.2785      0.2141      0.4555
0.143      0.3403      0.2827      0.2188      0.4583
0.144      0.3439      0.2869      0.2234      0.4610
0.145      0.3475      0.2910      0.2280      0.4637
0.146      0.3511      0.2951      0.2325      0.4663
0.147      0.3545      0.2991      0.2369      0.4689
0.148      0.3580      0.3031      0.2413      0.4715
0.149      0.3614      0.3070      0.2456      0.4740
0.150      0.3647      0.3109      0.2498      0.4765
0.151      0.3681      0.3147      0.2540      0.4789
0.152      0.3713      0.3185      0.2582      0.4812
0.153      0.3745      0.3222      0.2623      0.4835
0.154      0.3777      0.3259      0.2663      0.4858
0.155      0.3809      0.3295      0.2701      0.4880
0.156      0.3840      0.3330      0.2740      0.4903
0.157      0.3870      0.3366      0.2779      0.4925
0.158      0.3901      0.3400      0.2816      0.4950
0.159      0.3930      0.3435      0.2852      0.4976
0.160      0.3960      0.3469      0.2888      0.4998
0.161      0.3989      0.3502      0.2924      0.5020
0.162      0.4018      0.3535      0.2961      0.5041
0.163      0.4046      0.3568      0.2997      0.5062
0.164      0.4074      0.3600      0.3034      0.5083
0.165      0.4102      0.3632      0.3070      0.5104
0.166      0.4129      0.3664      0.3105      0.5124
0.167      0.4156      0.3695      0.3140      0.5144
0.168      0.4183      0.3726      0.3175      0.5164
0.169      0.4209      0.3756      0.3209      0.5184
0.170      0.4236      0.3786      0.3243      0.5203
0.171      0.4261      0.3816      0.3276      0.5221
0.172      0.4287      0.3845      0.3308      0.5240
0.173      0.4312      0.3874      0.3339      0.5259
0.174      0.4337      0.3903      0.3369      0.5279
0.175      0.4362      0.3931      0.3402      0.5297
0.176      0.4386      0.3960      0.3434      0.5315
0.177      0.4410      0.3987      0.3465      0.5333
0.178      0.4434      0.4015      0.3495      0.5350
0.179      0.4457      0.4042      0.3525      0.5367
0.180      0.4481      0.4069      0.3555      0.5384
0.181      0.4504      0.4095      0.3584      0.5400
0.182      0.4526      0.4121      0.3613      0.5417
0.183      0.4549      0.4147      0.3641      0.5434
0.184      0.4571      0.4173      0.3670      0.5450
0.185      0.4593      0.4198      0.3698      0.5468
0.186      0.4615      0.4223      0.3725      0.5486
0.187      0.4636      0.4248      0.3752      0.5502
0.188      0.4658      0.4273      0.3780      0.5518
0.189      0.4679      0.4297      0.3806      0.5534
0.190      0.4700      0.4321      0.3833      0.5549
0.191      0.4720      0.4345      0.3859      0.5565
0.192      0.4741      0.4368      0.3885      0.5580
0.193      0.4761      0.4392      0.3911      0.5595
0.194      0.4781      0.4415      0.3936      0.5610
0.195      0.4801      0.4438      0.3959      0.5625
0.196      0.4821      0.4460      0.3981      0.5639
0.197      0.4840      0.4483      0.4003      0.5654
0.198      0.4859      0.4505      0.4028      0.5668
0.199      0.4878      0.4527      0.4053      0.5682
0.200      0.4897      0.4548      0.4077      0.5696
0.201      0.4916      0.4570      0.4100      0.5710
0.202      0.4934      0.4591      0.4122      0.5724
0.203      0.4952      0.4612      0.4144      0.5738
0.204      0.4971      0.4633      0.4166      0.5751
0.205      0.4988      0.4654      0.4187      0.5764
0.206      0.5006      0.4674      0.4208      0.5778
0.207      0.5024      0.4694      0.4229      0.5791
0.208      0.5041      0.4714      0.4250      0.5805
0.209      0.5058      0.4734      0.4271      0.5818
0.210      0.5076      0.4754      0.4291      0.5832
0.211      0.5092      0.4774      0.4311      0.5845
0.212      0.5109      0.4793      0.4332      0.5859
0.213      0.5126      0.4812      0.4352      0.5872
0.214      0.5142      0.4831      0.4372      0.5886
0.215      0.5159      0.4850      0.4391      0.5901
0.216      0.5175      0.4868      0.4410      0.5915
0.217      0.5191      0.4887      0.4429      0.5928
0.218      0.5207      0.4905      0.4447      0.5942
0.219      0.5222      0.4923      0.4466      0.5956
0.220      0.5238      0.4941      0.4484      0.5969
0.221      0.5253      0.4959      0.4502      0.5983
0.222      0.5269      0.4976      0.4520      0.5996
0.223      0.5284      0.4994      0.4538      0.6008
0.224      0.5299      0.5011      0.4555      0.6019
0.225      0.5314      0.5028      0.4573      0.6031
0.226      0.5328      0.5045      0.4590      0.6042
0.227      0.5343      0.5062      0.4607      0.6053
0.228      0.5357      0.5079      0.4624      0.6065
0.229      0.5372      0.5095      0.4641      0.6076
0.230      0.5386      0.5112      0.4660      0.6087
0.231      0.5400      0.5128      0.4679      0.6097
0.232      0.5414      0.5144      0.4696      0.6108
0.233      0.5428      0.5160      0.4713      0.6118
0.234      0.5442      0.5176      0.4729      0.6128
0.235      0.5455      0.5192      0.4745      0.6138
0.236      0.5469      0.5207      0.4761      0.6149
0.237      0.5482      0.5223      0.4778      0.6161
0.238      0.5496      0.5238      0.4793      0.6171
0.239      0.5509      0.5253      0.4809      0.6181
0.240      0.5522      0.5268      0.4825      0.6191
0.241      0.5535      0.5283      0.4840      0.6201
0.242      0.5548      0.5298      0.4856      0.6211
0.243      0.5560      0.5313      0.4871      0.6221
0.244      0.5573      0.5327      0.4886      0.6231
0.245      0.5586      0.5342      0.4901      0.6240
0.246      0.5598      0.5356      0.4916      0.6250
0.247      0.5610      0.5370      0.4931      0.6259
0.248      0.5623      0.5384      0.4945      0.6269
0.249      0.5635      0.5398      0.4960      0.6278
0.250      0.5647      0.5412      0.4974      0.6288
0.251      0.5659      0.5426      0.4989      0.6297
0.252      0.5671      0.5439      0.5003      0.6307
0.253      0.5682      0.5453      0.5017      0.6316
0.254      0.5694      0.5466      0.5032      0.6325
0.255      0.5706      0.5480      0.5046      0.6333
0.256      0.5717      0.5493      0.5061      0.6342
0.257      0.5728      0.5506      0.5075      0.6350
0.258      0.5740      0.5519      0.5090      0.6359
0.259      0.5751      0.5532      0.5104      0.6368
0.260      0.5762      0.5545      0.5119      0.6376
0.261      0.5773      0.5558      0.5133      0.6385
0.262      0.5784      0.5570      0.5148      0.6393
0.263      0.5795      0.5583      0.5162      0.6401
0.264      0.5806      0.5595      0.5174      0.6410
0.265      0.5817      0.5608      0.5187      0.6418
0.266      0.5827      0.5620      0.5199      0.6426
0.267      0.5838      0.5632      0.5212      0.6434
0.268      0.5848      0.5644      0.5225      0.6442
0.269      0.5859      0.5656      0.5239      0.6449
0.270      0.5869      0.5668      0.5252      0.6457
0.271      0.5879      0.5680      0.5265      0.6464
0.272      0.5889      0.5691      0.5279      0.6471
0.273      0.5899      0.5703      0.5292      0.6479
0.274      0.5909      0.5715      0.5304      0.6486
0.275      0.5919      0.5726      0.5315      0.6493
0.276      0.5929      0.5737      0.5326      0.6501
0.277      0.5939      0.5749      0.5337      0.6508
0.278      0.5949      0.5760      0.5349      0.6515
0.279      0.5958      0.5771      0.5361      0.6522
0.280      0.5968      0.5782      0.5373      0.6529
0.281      0.5978      0.5793      0.5385      0.6537
0.282      0.5987      0.5804      0.5396      0.6544
0.283      0.5996      0.5815      0.5408      0.6551
0.284      0.6006      0.5826      0.5420      0.6558
0.285      0.6015      0.5836      0.5431      0.6564
0.286      0.6024      0.5847      0.5443      0.6571
0.287      0.6033      0.5857      0.5454      0.6578
0.288      0.6042      0.5868      0.5464      0.6585
0.289      0.6051      0.5878      0.5474      0.6592
0.290      0.6060      0.5889      0.5485      0.6599
0.291      0.6069      0.5899      0.5495      0.6606
0.292      0.6078      0.5909      0.5505      0.6613
0.293      0.6087      0.5919      0.5515      0.6620
0.294      0.6096      0.5929      0.5525      0.6627
0.295      0.6104      0.5939      0.5535      0.6634
0.296      0.6113      0.5949      0.5545      0.6641
0.297      0.6121      0.5959      0.5555      0.6648
0.298      0.6130      0.5968      0.5565      0.6655
0.299      0.6138      0.5978      0.5575      0.6661
0.300      0.6147      0.5988      0.5584      0.6668
0.301      0.6155      0.5997      0.5595      0.6674
0.302      0.6163      0.6007      0.5605      0.6680
0.303      0.6171      0.6016      0.5616      0.6686
0.304      0.6179      0.6026      0.5626      0.6692
0.305      0.6188      0.6035      0.5636      0.6698
0.306      0.6196      0.6044      0.5647      0.6703
0.307      0.6204      0.6053      0.5657      0.6710
0.308      0.6212      0.6063      0.5667      0.6717
0.309      0.6219      0.6072      0.5677      0.6724
0.310      0.6227      0.6081      0.5687      0.6731
0.311      0.6235      0.6090      0.5697      0.6736
0.312      0.6243      0.6099      0.5707      0.6742
0.313      0.6250      0.6107      0.5716      0.6747
0.314      0.6258      0.6116      0.5724      0.6752
0.315      0.6266      0.6125      0.5733      0.6758
0.316      0.6273      0.6134      0.5741      0.6764
0.317      0.6281      0.6142      0.5750      0.6770
0.318      0.6288      0.6151      0.5758      0.6777
0.319      0.6295      0.6159      0.5766      0.6783
0.320      0.6303      0.6168      0.5775      0.6790
0.321      0.6310      0.6176      0.5783      0.6796
0.322      0.6317      0.6184      0.5791      0.6802
0.323      0.6325      0.6193      0.5799      0.6808
0.324      0.6332      0.6201      0.5806      0.6814
0.325      0.6339      0.6209      0.5814      0.6820
0.326      0.6346      0.6217      0.5822      0.6826
0.327      0.6353      0.6225      0.5830      0.6831
0.328      0.6360      0.6234      0.5838      0.6837
0.329      0.6367      0.6242      0.5847      0.6842
0.330      0.6374      0.6250      0.5854      0.6847
0.331      0.6381      0.6257      0.5862      0.6853
0.332      0.6387      0.6265      0.5870      0.6858
0.333      0.6394      0.6273      0.5879      0.6864
0.334      0.6401      0.6281      0.5887      0.6870
0.335      0.6408      0.6289      0.5898      0.6875
0.336      0.6414      0.6296      0.5907      0.6881
0.337      0.6421      0.6304      0.5916      0.6886
0.338      0.6428      0.6311      0.5925      0.6891
0.339      0.6434      0.6319      0.5942      0.6896
0.340      0.6441      0.6326      0.5950      0.6900
0.341      0.6447      0.6334      0.5962      0.6906
0.342      0.6454      0.6341      0.5974      0.6909
0.343      0.6460      0.6349      0.5982      0.6913
0.344      0.6466      0.6356      0.5989      0.6917
0.345      0.6473      0.6363      0.5998      0.6918
0.346      0.6479      0.6371      0.6005      0.6919
0.347      0.6485      0.6378      0.6016      0.6916
0.348      0.6491      0.6385      0.6024      0.6920
0.349      0.6497      0.6392      0.6031      0.6926
0.350      0.6504      0.6399      0.6039      0.6927
0.351      0.6510      0.6406      0.6048      0.6930
0.352      0.6516      0.6413      0.6056      0.6928
0.353      0.6522      0.6420      0.6076      0.6927
0.354      0.6528      0.6427      0.6092      0.6928
0.355      0.6534      0.6434      0.6111      0.6924
0.356      0.6540      0.6441      0.6128      0.6923
0.357      0.6546      0.6447      0.6139      0.6925
0.358      0.6551      0.6454      0.6148      0.6927
0.359      0.6557      0.6461      0.6159      0.6923
0.360      0.6563      0.6468      0.6176      0.6919
0.361      0.6569      0.6474      0.6190      0.6920
0.362      0.6575      0.6481      0.6201      0.6914
0.363      0.6580      0.6487      0.6209      0.6915
0.364      0.6586      0.6494      0.6220      0.6923
0.365      0.6592      0.6500      0.6232      0.6923
0.366      0.6597      0.6507      0.6244      0.6921
0.367      0.6603      0.6513      0.6255      0.6929
0.368      0.6608      0.6520      0.6264      0.6930
0.369      0.6614      0.6526      0.6268      0.6942
0.370      0.6619      0.6532      0.6275      0.6950
0.371      0.6621      0.6539      0.6280      0.6948
0.372      0.6612      0.6545      0.6279      0.6933
0.373      0.6603      0.6544      0.6267      0.6935
0.374      0.6594      0.6535      0.6253      0.6933
0.375      0.6585      0.6527      0.6240      0.6929
0.376      0.6576      0.6518      0.6219      0.6927
0.377      0.6567      0.6510      0.6201      0.6924
0.378      0.6558      0.6501      0.6179      0.6926
0.379      0.6548      0.6492      0.6159      0.6924
0.380      0.6539      0.6483      0.6138      0.6919
0.381      0.6530      0.6475      0.6116      0.6922
0.382      0.6520      0.6466      0.6095      0.6926
0.383      0.6511      0.6457      0.6074      0.6927
0.384      0.6502      0.6448      0.6053      0.6919
0.385      0.6492      0.6439      0.6035      0.6911
0.386      0.6483      0.6430      0.6019      0.6916
0.387      0.6473      0.6422      0.5998      0.6909
0.388      0.6464      0.6413      0.5981      0.6912
0.389      0.6454      0.6404      0.5963      0.6913
0.390      0.6445      0.6395      0.5948      0.6910
0.391      0.6435      0.6385      0.5929      0.6911
0.392      0.6425      0.6376      0.5914      0.6907
0.393      0.6416      0.6367      0.5904      0.6904
0.394      0.6406      0.6358      0.5890      0.6906
0.395      0.6396      0.6349      0.5873      0.6900
0.396      0.6386      0.6340      0.5859      0.6891
0.397      0.6377      0.6331      0.5846      0.6884
0.398      0.6367      0.6321      0.5835      0.6885
0.399      0.6357      0.6312      0.5823      0.6889
0.400      0.6347      0.6303      0.5811      0.6882
0.401      0.6337      0.6293      0.5800      0.6872
0.402      0.6327      0.6284      0.5786      0.6867
0.403      0.6317      0.6274      0.5773      0.6859
0.404      0.6307      0.6265      0.5760      0.6850
0.405      0.6297      0.6256      0.5747      0.6842
0.406      0.6287      0.6246      0.5735      0.6838
0.407      0.6277      0.6236      0.5723      0.6831
0.408      0.6267      0.6227      0.5711      0.6822
0.409      0.6256      0.6217      0.5699      0.6813
0.410      0.6246      0.6208      0.5686      0.6805
0.411      0.6236      0.6198      0.5674      0.6796
0.412      0.6226      0.6188      0.5661      0.6788
0.413      0.6215      0.6178      0.5649      0.6779
0.414      0.6205      0.6169      0.5636      0.6770
0.415      0.6194      0.6159      0.5621      0.6762
0.416      0.6184      0.6149      0.5609      0.6753
0.417      0.6174      0.6139      0.5597      0.6744
0.418      0.6163      0.6129      0.5585      0.6734
0.419      0.6152      0.6119      0.5572      0.6724
0.420      0.6142      0.6109      0.5559      0.6714
0.421      0.6131      0.6099      0.5546      0.6704
0.422      0.6121      0.6089      0.5533      0.6695
0.423      0.6110      0.6079      0.5520      0.6686
0.424      0.6099      0.6069      0.5508      0.6677
0.425      0.6088      0.6059      0.5496      0.6668
0.426      0.6077      0.6049      0.5484      0.6659
0.427      0.6067      0.6038      0.5473      0.6650
0.428      0.6056      0.6028      0.5461      0.6641
0.429      0.6045      0.6018      0.5449      0.6632
0.430      0.6034      0.6008      0.5438      0.6623
0.431      0.6023      0.5997      0.5426      0.6613
0.432      0.6012      0.5987      0.5414      0.6604
0.433      0.6001      0.5976      0.5402      0.6596
0.434      0.5990      0.5966      0.5390      0.6586
0.435      0.5978      0.5955      0.5378      0.6577
0.436      0.5967      0.5945      0.5366      0.6568
0.437      0.5956      0.5934      0.5354      0.6558
0.438      0.5945      0.5924      0.5342      0.6549
0.439      0.5933      0.5913      0.5330      0.6540
0.440      0.5922      0.5902      0.5318      0.6530
0.441      0.5911      0.5891      0.5306      0.6521
0.442      0.5899      0.5881      0.5292      0.6511
0.443      0.5888      0.5870      0.5279      0.6502
0.444      0.5876      0.5859      0.5265      0.6492
0.445      0.5865      0.5848      0.5251      0.6482
0.446      0.5853      0.5837      0.5238      0.6473
0.447      0.5841      0.5826      0.5224      0.6463
0.448      0.5830      0.5815      0.5210      0.6453
0.449      0.5818      0.5804      0.5196      0.6442
0.450      0.5806      0.5793      0.5182      0.6432
0.451      0.5794      0.5782      0.5168      0.6422
0.452      0.5782      0.5771      0.5154      0.6412
0.453      0.5770      0.5759      0.5141      0.6401
0.454      0.5758      0.5748      0.5127      0.6391
0.455      0.5746      0.5737      0.5114      0.6380
0.456      0.5734      0.5725      0.5101      0.6368
0.457      0.5722      0.5714      0.5087      0.6357
0.458      0.5710      0.5703      0.5074      0.6346
0.459      0.5698      0.5691      0.5060      0.6335
0.460      0.5686      0.5680      0.5046      0.6324
0.461      0.5674      0.5668      0.5032      0.6313
0.462      0.5661      0.5657      0.5016      0.6301
0.463      0.5649      0.5645      0.5001      0.6290
0.464      0.5636      0.5633      0.4986      0.6279
0.465      0.5624      0.5621      0.4970      0.6267
0.466      0.5612      0.5610      0.4955      0.6256
0.467      0.5599      0.5598      0.4939      0.6244
0.468      0.5586      0.5586      0.4923      0.6233
0.469      0.5574      0.5574      0.4907      0.6221
0.470      0.5561      0.5562      0.4892      0.6209
0.471      0.5548      0.5550      0.4876      0.6198
0.472      0.5536      0.5538      0.4860      0.6186
0.473      0.5523      0.5526      0.4845      0.6174
0.474      0.5510      0.5514      0.4830      0.6162
0.475      0.5497      0.5502      0.4814      0.6150
0.476      0.5484      0.5489      0.4799      0.6138
0.477      0.5471      0.5477      0.4783      0.6126
0.478      0.5458      0.5465      0.4768      0.6114
0.479      0.5445      0.5453      0.4752      0.6102
0.480      0.5431      0.5440      0.4737      0.6091
0.481      0.5418      0.5428      0.4721      0.6080
0.482      0.5405      0.5415      0.4705      0.6068
0.483      0.5392      0.5403      0.4689      0.6057
0.484      0.5378      0.5390      0.4673      0.6046
0.485      0.5365      0.5377      0.4657      0.6034
0.486      0.5351      0.5365      0.4641      0.6023
0.487      0.5338      0.5352      0.4625      0.6013
0.488      0.5324      0.5339      0.4609      0.6002
0.489      0.5311      0.5326      0.4593      0.5992
0.490      0.5297      0.5313      0.4577      0.5982
0.491      0.5283      0.5300      0.4560      0.5971
0.492      0.5269      0.5287      0.4544      0.5959
0.493      0.5255      0.5274      0.4527      0.5947
0.494      0.5241      0.5261      0.4511      0.5934
0.495      0.5228      0.5248      0.4494      0.5921
0.496      0.5213      0.5235      0.4478      0.5909
0.497      0.5199      0.5221      0.4461      0.5898
0.498      0.5185      0.5208      0.4444      0.5887
0.499      0.5171      0.5195      0.4427      0.5875
0.500      0.5157      0.5181      0.4410      0.5862
0.501      0.5142      0.5168      0.4393      0.5850
0.502      0.5128      0.5154      0.4377      0.5837
0.503      0.5114      0.5141      0.4360      0.5824
0.504      0.5099      0.5127      0.4342      0.5811
0.505      0.5085      0.5113      0.4324      0.5798
0.506      0.5070      0.5100      0.4308      0.5784
0.507      0.5055      0.5086      0.4292      0.5772
0.508      0.5041      0.5072      0.4276      0.5759
0.509      0.5026      0.5058      0.4260      0.5747
0.510      0.5011      0.5044      0.4244      0.5735
0.511      0.4996      0.5030      0.4227      0.5723
0.512      0.4981      0.5016      0.4210      0.5710
0.513      0.4966      0.5002      0.4193      0.5698
0.514      0.4951      0.4988      0.4176      0.5685
0.515      0.4936      0.4973      0.4158      0.5674
0.516      0.4921      0.4959      0.4141      0.5662
0.517      0.4905      0.4945      0.4124      0.5651
0.518      0.4890      0.4930      0.4106      0.5638
0.519      0.4875      0.4916      0.4089      0.5625
0.520      0.4859      0.4901      0.4071      0.5611
0.521      0.4844      0.4886      0.4054      0.5597
0.522      0.4828      0.4872      0.4036      0.5584
0.523      0.4812      0.4857      0.4018      0.5571
0.524      0.4797      0.4842      0.4000      0.5558
0.525      0.4781      0.4827      0.3982      0.5544
0.526      0.4765      0.4812      0.3964      0.5529
0.527      0.4749      0.4797      0.3946      0.5514
0.528      0.4733      0.4782      0.3928      0.5499
0.529      0.4717      0.4767      0.3910      0.5485
0.530      0.4701      0.4752      0.3891      0.5472
0.531      0.4685      0.4737      0.3873      0.5458
0.532      0.4668      0.4721      0.3855      0.5444
0.533      0.4652      0.4706      0.3836      0.5431
0.534      0.4636      0.4690      0.3817      0.5417
0.535      0.4619      0.4675      0.3797      0.5403
0.536      0.4603      0.4659      0.3776      0.5389
0.537      0.4586      0.4644      0.3756      0.5375
0.538      0.4569      0.4628      0.3738      0.5361
0.539      0.4553      0.4612      0.3719      0.5347
0.540      0.4536      0.4596      0.3700      0.5332
0.541      0.4519      0.4580      0.3680      0.5318
0.542      0.4502      0.4564      0.3659      0.5303
0.543      0.4485      0.4548      0.3639      0.5289
0.544      0.4468      0.4532      0.3619      0.5275
0.545      0.4450      0.4516      0.3598      0.5261
0.546      0.4433      0.4500      0.3578      0.5247
0.547      0.4416      0.4483      0.3557      0.5233
0.548      0.4398      0.4467      0.3537      0.5219
0.549      0.4381      0.4450      0.3516      0.5205
0.550      0.4363      0.4434      0.3495      0.5192
0.551      0.4346      0.4417      0.3474      0.5178
0.552      0.4328      0.4400      0.3453      0.5164
0.553      0.4310      0.4384      0.3432      0.5148
0.554      0.4292      0.4367      0.3410      0.5133
0.555      0.4274      0.4350      0.3389      0.5119
0.556      0.4256      0.4333      0.3367      0.5105
0.557      0.4238      0.4316      0.3346      0.5092
0.558      0.4220      0.4298      0.3324      0.5078
0.559      0.4201      0.4281      0.3302      0.5064
0.560      0.4183      0.4264      0.3281      0.5050
0.561      0.4164      0.4246      0.3259      0.5035
0.562      0.4146      0.4229      0.3237      0.5020
0.563      0.4127      0.4211      0.3214      0.5006
0.564      0.4109      0.4194      0.3192      0.4991
0.565      0.4090      0.4176      0.3170      0.4976
0.566      0.4071      0.4158      0.3147      0.4960
0.567      0.4052      0.4140      0.3125      0.4944
0.568      0.4033      0.4122      0.3102      0.4929
0.569      0.4013      0.4104      0.3079      0.4913
0.570      0.3994      0.4086      0.3056      0.4897
0.571      0.3975      0.4068      0.3033      0.4881
0.572      0.3955      0.4050      0.3010      0.4865
0.573      0.3936      0.4031      0.2988      0.4849
0.574      0.3916      0.4013      0.2965      0.4833
0.575      0.3897      0.3994      0.2942      0.4816
0.576      0.3877      0.3975      0.2919      0.4800
0.577      0.3857      0.3957      0.2896      0.4784
0.578      0.3837      0.3938      0.2872      0.4767
0.579      0.3817      0.3919      0.2849      0.4750
0.580      0.3797      0.3900      0.2826      0.4733
0.581      0.3776      0.3881      0.2802      0.4716
0.582      0.3756      0.3862      0.2778      0.4698
0.583      0.3735      0.3842      0.2754      0.4680
0.584      0.3715      0.3823      0.2730      0.4662
0.585      0.3694      0.3803      0.2706      0.4643
0.586      0.3673      0.3784      0.2682      0.4624
0.587      0.3652      0.3764      0.2658      0.4605
0.588      0.3631      0.3744      0.2634      0.4586
0.589      0.3610      0.3724      0.2609      0.4566
0.590      0.3589      0.3704      0.2584      0.4547
0.591      0.3568      0.3684      0.2560      0.4528
0.592      0.3546      0.3664      0.2535      0.4509
0.593      0.3525      0.3644      0.2510      0.4492
0.594      0.3503      0.3624      0.2484      0.4474
0.595      0.3482      0.3603      0.2459      0.4456
0.596      0.3460      0.3583      0.2434      0.4439
0.597      0.3438      0.3562      0.2408      0.4421
0.598      0.3416      0.3541      0.2382      0.4403
0.599      0.3394      0.3520      0.2356      0.4385
0.600      0.3371      0.3499      0.2331      0.4367
0.601      0.3349      0.3478      0.2305      0.4348
0.602      0.3327      0.3457      0.2278      0.4329
0.603      0.3304      0.3436      0.2251      0.4310
0.604      0.3281      0.3414      0.2224      0.4290
0.605      0.3258      0.3393      0.2196      0.4271
0.606      0.3235      0.3371      0.2169      0.4251
0.607      0.3212      0.3350      0.2142      0.4231
0.608      0.3189      0.3328      0.2115      0.4211
0.609      0.3166      0.3306      0.2088      0.4191
0.610      0.3143      0.3284      0.2061      0.4171
0.611      0.3119      0.3262      0.2033      0.4151
0.612      0.3095      0.3239      0.2006      0.4130
0.613      0.3072      0.3217      0.1978      0.4110
0.614      0.3048      0.3194      0.1950      0.4091
0.615      0.3024      0.3172      0.1922      0.4072
0.616      0.2999      0.3149      0.1894      0.4052
0.617      0.2975      0.3126      0.1866      0.4033
0.618      0.2951      0.3103      0.1837      0.4013
0.619      0.2926      0.3080      0.1809      0.3991
0.620      0.2902      0.3057      0.1780      0.3970
0.621      0.2877      0.3033      0.1751      0.3949
0.622      0.2852      0.3010      0.1722      0.3927
0.623      0.2827      0.2986      0.1693      0.3905
0.624      0.2802      0.2963      0.1664      0.3883
0.625      0.2776      0.2939      0.1633      0.3862
0.626      0.2751      0.2915      0.1603      0.3840
0.627      0.2725      0.2891      0.1572      0.3817
0.628      0.2699      0.2866      0.1541      0.3795
0.629      0.2674      0.2842      0.1510      0.3773
0.630      0.2648      0.2818      0.1479      0.3750
0.631      0.2621      0.2793      0.1448      0.3727
0.632      0.2595      0.2768      0.1416      0.3705
0.633      0.2569      0.2743      0.1384      0.3683
0.634      0.2542      0.2718      0.1352      0.3660
0.635      0.2515      0.2693      0.1320      0.3638
0.636      0.2489      0.2668      0.1288      0.3615
0.637      0.2462      0.2642      0.1256      0.3593
0.638      0.2434      0.2617      0.1225      0.3570
0.639      0.2407      0.2591      0.1193      0.3547
0.640      0.2380      0.2565      0.1161      0.3524
0.641      0.2352      0.2539      0.1129      0.3501
0.642      0.2324      0.2513      0.1097      0.3478
0.643      0.2296      0.2486      0.1064      0.3454
0.644      0.2268      0.2460      0.1030      0.3431
0.645      0.2240      0.2433      0.0995      0.3407
0.646      0.2211      0.2407      0.0961      0.3383
0.647      0.2183      0.2380      0.0926      0.3359
0.648      0.2154      0.2353      0.0891      0.3335
0.649      0.2125      0.2325      0.0855      0.3311
0.650      0.2096      0.2298      0.0820      0.3286
0.651      0.2067      0.2270      0.0784      0.3262
0.652      0.2038      0.2243      0.0748      0.3237
0.653      0.2008      0.2215      0.0713      0.3213
0.654      0.1978      0.2187      0.0679      0.3188
0.655      0.1948      0.2159      0.0645      0.3164
0.656      0.1918      0.2130      0.0611      0.3139
0.657      0.1888      0.2102      0.0576      0.3114
0.658      0.1857      0.2073      0.0542      0.3089
0.659      0.1827      0.2044      0.0507      0.3064
0.660      0.1796      0.2015      0.0472      0.3039
0.661      0.1765      0.1986      0.0437      0.3013
0.662      0.1734      0.1957      0.0401      0.2987
0.663      0.1703      0.1927      0.0365      0.2962
0.664      0.1671      0.1898      0.0330      0.2936
0.665      0.1639      0.1868      0.0293      0.2909
0.666      0.1607      0.1838      0.0256      0.2883
0.667      0.1575      0.1807      0.0217      0.2857
0.668      0.1543      0.1777      0.0179      0.2830
0.669      0.1511      0.1746      0.0140      0.2803
0.670      0.1478      0.1715      0.0101      0.2776
0.671      0.1445      0.1685      0.0062      0.2749
0.672      0.1412      0.1653      0.0022      0.2722
0.673      0.1379      0.1622     -0.0017      0.2695
0.674      0.1345      0.1590     -0.0057      0.2667
0.675      0.1311      0.1559     -0.0098      0.2639
0.676      0.1277      0.1527     -0.0138      0.2611
0.677      0.1243      0.1495     -0.0179      0.2582
0.678      0.1209      0.1462     -0.0220      0.2553
0.679      0.1174      0.1430     -0.0260      0.2524
0.680      0.1140      0.1397     -0.0301      0.2494
0.681      0.1105      0.1364     -0.0341      0.2464
0.682      0.1069      0.1331     -0.0383      0.2435
0.683      0.1034      0.1297     -0.0425      0.2404
0.684      0.0998      0.1264     -0.0468      0.2374
0.685      0.0963      0.1230     -0.0511      0.2344
0.686      0.0926      0.1196     -0.0554      0.2313
0.687      0.0890      0.1162     -0.0597      0.2282
0.688      0.0854      0.1127     -0.0639      0.2251
0.689      0.0817      0.1093     -0.0681      0.2219
0.690      0.0780      0.1058     -0.0724      0.2188
0.691      0.0742      0.1023     -0.0766      0.2156
0.692      0.0705      0.0987     -0.0809      0.2124
0.693      0.0667      0.0952     -0.0853      0.2093
0.694      0.0629      0.0916     -0.0896      0.2060
0.695      0.0591      0.0880     -0.0940      0.2027
0.696      0.0552      0.0844     -0.0984      0.1995
0.697      0.0514      0.0807     -0.1029      0.1962
0.698      0.0475      0.0770     -0.1073      0.1928
0.699      0.0435      0.0733     -0.1118      0.1894
0.700      0.0396      0.0696     -0.1164      0.1860
0.701      0.0356      0.0659     -0.1210      0.1826
0.702      0.0316      0.0621     -0.1258      0.1793
0.703      0.0276      0.0583     -0.1306      0.1759
0.704      0.0235      0.0545     -0.1354      0.1724
0.705      0.0194      0.0506     -0.1403      0.1690
0.706      0.0153      0.0467     -0.1452      0.1655
0.707      0.0111      0.0428     -0.1501      0.1619
0.708      0.0070      0.0389     -0.1551      0.1584
0.709      0.0028      0.0349     -0.1601      0.1548
0.710     -0.0015      0.0309     -0.1651      0.1512
0.711     -0.0057      0.0269     -0.1702      0.1476
0.712     -0.0100      0.0229     -0.1753      0.1439
0.713     -0.0143      0.0188     -0.1805      0.1403
0.714     -0.0187      0.0147     -0.1857      0.1365
0.715     -0.0231      0.0106     -0.1909      0.1328
0.716     -0.0275      0.0064     -0.1961      0.1291
0.717     -0.0319      0.0023     -0.2014      0.1253
0.718     -0.0364     -0.0020     -0.2068      0.1215
0.719     -0.0409     -0.0062     -0.2121      0.1176
0.720     -0.0454     -0.0105     -0.2173      0.1138
0.721     -0.0500     -0.0148     -0.2226      0.1099
0.722     -0.0546     -0.0191     -0.2279      0.1060
0.723     -0.0593     -0.0235     -0.2334      0.1020
0.724     -0.0639     -0.0279     -0.2390      0.0981
0.725     -0.0686     -0.0323     -0.2447      0.0942
0.726     -0.0734     -0.0368     -0.2503      0.0903
0.727     -0.0781     -0.0413     -0.2560      0.0863
0.728     -0.0830     -0.0458     -0.2618      0.0823
0.729     -0.0878     -0.0504     -0.2676      0.0782
0.730     -0.0927     -0.0550     -0.2735      0.0742
0.731     -0.0976     -0.0596     -0.2794      0.0701
0.732     -0.1025     -0.0643     -0.2853      0.0659
0.733     -0.1075     -0.0690     -0.2913      0.0618
0.734     -0.1126     -0.0737     -0.2973      0.0576
0.735     -0.1176     -0.0785     -0.3034      0.0534
0.736     -0.1227     -0.0833     -0.3095      0.0492
0.737     -0.1279     -0.0881     -0.3156      0.0450
0.738     -0.1331     -0.0930     -0.3216      0.0407
0.739     -0.1383     -0.0979     -0.3277      0.0364
0.740     -0.1435     -0.1029     -0.3339      0.0321
0.741     -0.1488     -0.1079     -0.3401      0.0278
0.742     -0.1542     -0.1129     -0.3464      0.0234
0.743     -0.1596     -0.1180     -0.3527      0.0189
0.744     -0.1650     -0.1231     -0.3590      0.0143
0.745     -0.1705     -0.1283     -0.3654      0.0098
0.746     -0.1760     -0.1335     -0.3719      0.0051
0.747     -0.1815     -0.1387     -0.3784      0.0005
0.748     -0.1871     -0.1440     -0.3850     -0.0042
0.749     -0.1928     -0.1493     -0.3916     -0.0090
0.750     -0.1985     -0.1546     -0.3982     -0.0137
0.751     -0.2042     -0.1601     -0.4050     -0.0185
0.752     -0.2100     -0.1655     -0.4117     -0.0234
0.753     -0.2158     -0.1710     -0.4186     -0.0283
0.754     -0.2217     -0.1765     -0.4254     -0.0332
0.755     -0.2276     -0.1821     -0.4324     -0.0382
0.756     -0.2336     -0.1877     -0.4394     -0.0432
0.757     -0.2396     -0.1934     -0.4464     -0.0483
0.758     -0.2457     -0.1991     -0.4535     -0.0533
0.759     -0.2518     -0.2049     -0.4607     -0.0585
0.760     -0.2580     -0.2107     -0.4679     -0.0636
0.761     -0.2642     -0.2166     -0.4752     -0.0688
0.762     -0.2705     -0.2225     -0.4826     -0.0741
0.763     -0.2768     -0.2285     -0.4900     -0.0793
0.764     -0.2832     -0.2345     -0.4975     -0.0847
0.765     -0.2896     -0.2405     -0.5050     -0.0900
0.766     -0.2961     -0.2467     -0.5126     -0.0955
0.767     -0.3027     -0.2528     -0.5203     -0.1011
0.768     -0.3093     -0.2590     -0.5280     -0.1067
0.769     -0.3160     -0.2653     -0.5358     -0.1123
0.770     -0.3227     -0.2717     -0.5437     -0.1179
0.771     -0.3295     -0.2780     -0.5516     -0.1236
0.772     -0.3363     -0.2845     -0.5596     -0.1294
0.773     -0.3432     -0.2910     -0.5677     -0.1351
0.774     -0.3502     -0.2975     -0.5759     -0.1410
0.775     -0.3572     -0.3042     -0.5841     -0.1469
0.776     -0.3643     -0.3108     -0.5924     -0.1528
0.777     -0.3714     -0.3176     -0.6007     -0.1588
0.778     -0.3786     -0.3244     -0.6092     -0.1649
0.779     -0.3859     -0.3312     -0.6177     -0.1710
0.780     -0.3932     -0.3381     -0.6263     -0.1771
0.781     -0.4007     -0.3451     -0.6350     -0.1834
0.782     -0.4081     -0.3522     -0.6437     -0.1896
0.783     -0.4157     -0.3593     -0.6526     -0.1960
0.784     -0.4233     -0.3664     -0.6615     -0.2024
0.785     -0.4310     -0.3737     -0.6705     -0.2088
0.786     -0.4388     -0.3810     -0.6796     -0.2153
0.787     -0.4466     -0.3884     -0.6888     -0.2218
0.788     -0.4545     -0.3958     -0.6980     -0.2284
0.789     -0.4625     -0.4034     -0.7074     -0.2351
0.790     -0.4705     -0.4109     -0.7168     -0.2418
0.791     -0.4787     -0.4186     -0.7263     -0.2487
0.792     -0.4869     -0.4263     -0.7360     -0.2557
0.793     -0.4952     -0.4342     -0.7457     -0.2626
0.794     -0.5036     -0.4420     -0.7555     -0.2697
0.795     -0.5120     -0.4500     -0.7654     -0.2768
0.796     -0.5205     -0.4581     -0.7754     -0.2839
0.797     -0.5292     -0.4662     -0.7855     -0.2912
0.798     -0.5379     -0.4744     -0.7958     -0.2985
0.799     -0.5467     -0.4827     -0.8063     -0.3060
0.800     -0.5556     -0.4910     -0.8169     -0.3136
0.801     -0.5645     -0.4995     -0.8277     -0.3212
0.802     -0.5736     -0.5080     -0.8385     -0.3287
0.803     -0.5827     -0.5167     -0.8494     -0.3362
0.804     -0.5920     -0.5254     -0.8605     -0.3439
0.805     -0.6013     -0.5342     -0.8717     -0.3517
0.806     -0.6108     -0.5431     -0.8829     -0.3596
0.807     -0.6203     -0.5520     -0.8943     -0.3676
0.808     -0.6299     -0.5611     -0.9059     -0.3757
0.809     -0.6397     -0.5703     -0.9175     -0.3839
0.810     -0.6495     -0.5796     -0.9291     -0.3921
0.811     -0.6595     -0.5889     -0.9407     -0.4005
0.812     -0.6695     -0.5984     -0.9524     -0.4089
0.813     -0.6797     -0.6080     -0.9643     -0.4174
0.814     -0.6899     -0.6176     -0.9763     -0.4260
0.815     -0.7003     -0.6274     -0.9884     -0.4347
0.816     -0.7108     -0.6373     -1.0008     -0.4435
0.817     -0.7214     -0.6473     -1.0134     -0.4524
0.818     -0.7321     -0.6574     -1.0261     -0.4614
0.819     -0.7430     -0.6676     -1.0390     -0.4705
0.820     -0.7539     -0.6779     -1.0520     -0.4797
0.821     -0.7650     -0.6884     -1.0650     -0.4890
0.822     -0.7762     -0.6989     -1.0781     -0.4984
0.823     -0.7876     -0.7096     -1.0913     -0.5079
0.824     -0.7990     -0.7204     -1.1047     -0.5176
0.825     -0.8106     -0.7313     -1.1183     -0.5273
0.826     -0.8223     -0.7424     -1.1320     -0.5371
0.827     -0.8342     -0.7535     -1.1458     -0.5471
0.828     -0.8462     -0.7648     -1.1599     -0.5571
0.829     -0.8583     -0.7763     -1.1741     -0.5673
0.830     -0.8706     -0.7879     -1.1884     -0.5776
0.831     -0.8831     -0.7996     -1.2029     -0.5881
0.832     -0.8956     -0.8114     -1.2177     -0.5986
0.833     -0.9084     -0.8234     -1.2329     -0.6093
0.834     -0.9212     -0.8355     -1.2482     -0.6201
0.835     -0.9343     -0.8478     -1.2637     -0.6310
0.836     -0.9475     -0.8602     -1.2794     -0.6421
0.837     -0.9608     -0.8728     -1.2953     -0.6533
0.838     -0.9744     -0.8856     -1.3114     -0.6646
0.839     -0.9880     -0.8985     -1.3277     -0.6761
0.840     -1.0019     -0.9115     -1.3442     -0.6878
0.841     -1.0159     -0.9247     -1.3609     -0.6995
0.842     -1.0302     -0.9381     -1.3778     -0.7114
0.843     -1.0445     -0.9517     -1.3949     -0.7232
0.844     -1.0591     -0.9654     -1.4123     -0.7352
0.845     -1.0739     -0.9793     -1.4299     -0.7474
0.846     -1.0889     -0.9934     -1.4477     -0.7597
0.847     -1.1040     -1.0077     -1.4657     -0.7722
0.848     -1.1194     -1.0222     -1.4840     -0.7848
0.849     -1.1349     -1.0368     -1.5025     -0.7976
0.850     -1.1507     -1.0517     -1.5213     -0.8106
0.851     -1.1667     -1.0667     -1.5403     -0.8237
0.852     -1.1829     -1.0820     -1.5596     -0.8371
0.853     -1.1993     -1.0975     -1.5791     -0.8506
0.854     -1.2159     -1.1131     -1.5989     -0.8643
0.855     -1.2328     -1.1290     -1.6190     -0.8784
0.856     -1.2499     -1.1451     -1.6393     -0.8927
0.857     -1.2672     -1.1615     -1.6600     -0.9071
0.858     -1.2848     -1.1780     -1.6809     -0.9218
0.859     -1.3026     -1.1948     -1.7021     -0.9367
0.860     -1.3207     -1.2119     -1.7236     -0.9518
0.861     -1.3391     -1.2292     -1.7455     -0.9671
0.862     -1.3577     -1.2467     -1.7676     -0.9827
0.863     -1.3766     -1.2645     -1.7901     -0.9985
0.864     -1.3957     -1.2825     -1.8129     -1.0145
0.865     -1.4152     -1.3009     -1.8361     -1.0307
0.866     -1.4349     -1.3195     -1.8595     -1.0472
0.867     -1.4550     -1.3383     -1.8833     -1.0639
0.868     -1.4753     -1.3575     -1.9074     -1.0809
0.869     -1.4960     -1.3770     -1.9319     -1.0982
0.870     -1.5169     -1.3967     -1.9568     -1.1157
0.871     -1.5382     -1.4168     -1.9820     -1.1334
0.872     -1.5598     -1.4371     -2.0077     -1.1515
0.873     -1.5818     -1.4578     -2.0337     -1.1699
0.874     -1.6041     -1.4789     -2.0602     -1.1885
0.875     -1.6268     -1.5002     -2.0871     -1.2074
0.876     -1.6498     -1.5219     -2.1144     -1.2267
0.877     -1.6732     -1.5440     -2.1421     -1.2462
0.878     -1.6970     -1.5664     -2.1703     -1.2661
0.879     -1.7212     -1.5892     -2.1985     -1.2863
0.880     -1.7458     -1.6123     -2.2273     -1.3068
0.881     -1.7708     -1.6359     -2.2565     -1.3277
0.882     -1.7963     -1.6599     -2.2862     -1.3489
0.883     -1.8221     -1.6842     -2.3164     -1.3705
0.884     -1.8484     -1.7090     -2.3471     -1.3925
0.885     -1.8752     -1.7342     -2.3784     -1.4149
0.886     -1.9024     -1.7599     -2.4103     -1.4376
0.887     -1.9302     -1.7860     -2.4426     -1.4608
0.888     -1.9584     -1.8126     -2.4756     -1.4843
0.889     -1.9871     -1.8396     -2.5092     -1.5083
0.890     -2.0163     -1.8672     -2.5433     -1.5327
0.891     -2.0461     -1.8952     -2.5781     -1.5576
0.892     -2.0764     -1.9238     -2.6136     -1.5829
0.893     -2.1073     -1.9529     -2.6497     -1.6087
0.894     -2.1388     -1.9826     -2.6865     -1.6350
0.895     -2.1709     -2.0128     -2.7240     -1.6618
0.896     -2.2036     -2.0436     -2.7622     -1.6891
0.897     -2.2369     -2.0750     -2.8011     -1.7170
0.898     -2.2709     -2.1070     -2.8408     -1.7452
0.899     -2.3056     -2.1397     -2.8813     -1.7738
0.900     -2.3410     -2.1730     -2.9226     -1.8029
0.901     -2.3770     -2.2070     -2.9648     -1.8326
0.902     -2.4138     -2.2416     -3.0078     -1.8630
0.903     -2.4514     -2.2770     -3.0517     -1.8939
0.904     -2.4897     -2.3132     -3.0965     -1.9256
0.905     -2.5289     -2.3500     -3.1422     -1.9578
0.906     -2.5689     -2.3877     -3.1890     -1.9908
0.907     -2.6097     -2.4262     -3.2367     -2.0245
0.908     -2.6515     -2.4655     -3.2854     -2.0591
0.909     -2.6941     -2.5057     -3.3353     -2.0947
0.910     -2.7377     -2.5468     -3.3862     -2.1311
0.911     -2.7823     -2.5888     -3.4383     -2.1683
0.912     -2.8279     -2.6317     -3.4916     -2.2065
0.913     -2.8745     -2.6756     -3.5461     -2.2455
0.914     -2.9222     -2.7206     -3.6018     -2.2854
0.915     -2.9711     -2.7666     -3.6593     -2.3262
0.916     -3.0211     -2.8137     -3.7183     -2.3680
0.917     -3.0723     -2.8620     -3.7782     -2.4109
0.918     -3.1248     -2.9114     -3.8396     -2.4547
0.919     -3.1785     -2.9621     -3.9024     -2.4997
0.920     -3.2336     -3.0140     -3.9668     -2.5458
0.921     -3.2901     -3.0672     -4.0329     -2.5930
0.922     -3.3481     -3.1218     -4.1006     -2.6415
0.923     -3.4075     -3.1778     -4.1701     -2.6912
0.924     -3.4686     -3.2353     -4.2415     -2.7422
0.925     -3.5312     -3.2943     -4.3156     -2.7946
0.926     -3.5956     -3.3549     -4.3918     -2.8484
0.927     -3.6617     -3.4172     -4.4700     -2.9037
0.928     -3.7296     -3.4812     -4.5504     -2.9602
0.929     -3.7994     -3.5470     -4.6330     -3.0179
0.930     -3.8713     -3.6147     -4.7180     -3.0773
0.931     -3.9452     -3.6843     -4.8055     -3.1389
0.932     -4.0213     -3.7560     -4.8956     -3.2026
0.933     -4.0997     -3.8298     -4.9883     -3.2681
0.934     -4.1804     -3.9059     -5.0839     -3.3356
0.935     -4.2637     -3.9843     -5.1824     -3.4053
0.936     -4.3495     -4.0652     -5.2839     -3.4770
0.937     -4.4381     -4.1486     -5.3887     -3.5511
0.938     -4.5295     -4.2347     -5.4969     -3.6275
0.939     -4.6239     -4.3237     -5.6086     -3.7065
0.940     -4.7215     -4.4156     -5.7241     -3.7881
0.941     -4.8224     -4.5106     -5.8435     -3.8724
0.942     -4.9267     -4.6089     -5.9669     -3.9597
0.943     -5.0347     -4.7107     -6.0947     -4.0500
0.944     -5.1466     -4.8161     -6.2271     -4.1436
0.945     -5.2625     -4.9253     -6.3643     -4.2405
0.946     -5.3827     -5.0385     -6.5066     -4.3411
0.947     -5.5075     -5.1561     -6.6542     -4.4454
0.948     -5.6371     -5.2781     -6.8075     -4.5537
0.949     -5.7717     -5.4050     -6.9669     -4.6663
0.950     -5.9117     -5.5369     -7.1326     -4.7832
0.951     -6.0575     -5.6742     -7.3050     -4.9043
0.952     -6.2093     -5.8172     -7.4847     -5.0305
0.953     -6.3676     -5.9663     -7.6720     -5.1620
0.954     -6.5328     -6.1219     -7.8674     -5.2992
0.955     -6.7052     -6.2844     -8.0716     -5.4426
0.956     -6.8856     -6.4543     -8.2850     -5.5924
0.957     -7.0743     -6.6321     -8.5083     -5.7493
0.958     -7.2721     -6.8184     -8.7423     -5.9136
0.959     -7.4794     -7.0137     -8.9877     -6.0859
0.960     -7.6971     -7.2189     -9.2453     -6.2668
0.961     -7.9260     -7.4345     -9.5159     -6.4570
0.962     -8.1670     -7.6615     -9.8008     -6.6575
0.963     -8.4210     -7.9007    -10.1009     -6.8692
0.964     -8.6890     -8.1533    -10.4178     -7.0927
0.965     -8.9724     -8.4202    -10.7528     -7.3290
0.966     -9.2725     -8.7029    -11.1074     -7.5792
0.967     -9.5908     -9.0028    -11.4836     -7.8445
0.968     -9.9289     -9.3213    -11.8833     -8.1264
0.969    -10.2888     -9.6604    -12.3088     -8.4265
0.970    -10.6728    -10.0221    -12.7626     -8.7466
0.971    -11.0832    -10.4088    -13.2477     -9.0888
0.972    -11.5230    -10.8230    -13.7675     -9.4555
0.973    -11.9953    -11.2680    -14.3258     -9.8493
0.974    -12.5040    -11.7472    -14.9270    -10.2733
0.975    -13.0533    -12.2647    -15.5764    -10.7313
0.976    -13.6485    -12.8254    -16.2798    -11.2275
0.977    -14.2954    -13.4348    -17.0444    -11.7668
0.978    -15.0010    -14.0996    -17.8785    -12.3551
0.979    -15.7739    -14.8277    -18.7920    -12.9995
0.980    -16.6241    -15.6286    -19.7969    -13.7084
0.981    -17.5639    -16.5139    -20.9077    -14.4927
0.982    -18.6080    -17.4975    -22.1418    -15.3641
0.983    -19.7748    -18.5968    -23.5210    -16.3381
0.984    -21.0876    -19.8335    -25.0728    -17.4337
0.985    -22.5755    -21.2352    -26.8313    -18.6756
0.986    -24.2759    -22.8370    -28.8413    -20.0948
0.987    -26.2378    -24.6853    -31.1602    -21.7322
0.988    -28.5268    -26.8417    -33.8659    -23.6427
0.989    -31.2320    -29.3900    -37.0631    -25.9007
0.990    -34.4783    -32.4482    -40.9004    -28.6098
0.991    -38.4459    -36.1861    -45.5900    -31.9217
0.992    -43.4051    -40.8580    -51.4516    -36.0604
0.993    -49.7817    -46.8653    -58.9885    -41.3827
0.994    -58.2838    -54.8743    -69.0383    -48.4789
0.995    -70.1870    -66.0879    -83.1075    -58.4137
0.996    -88.0419    -82.9069   -104.2113    -73.3102
0.997   -117.7975   -110.9410   -139.3845    -98.1354
0.998   -177.3136   -167.0048   -209.7069   -147.7888
0.999   -355.8714   -335.2140   -420.6763   -296.7552
