0.001    -81.9630    -42.2667    -98.1741    -65.8122
0.002    -40.4725    -20.6762    -48.5742    -32.3928
0.003    -26.6424    -13.4794    -32.0409    -21.2530
0.004    -19.7273     -9.8810    -23.7742    -15.6887
0.005    -15.5782     -7.7220    -18.8142    -12.3467
0.006    -12.8122     -6.2826    -15.5027    -10.1218
0.007    -10.8365     -5.2545    -13.1369     -8.5339
0.008     -9.3547     -4.4834    -11.3625     -7.3430
0.009     -8.2022     -3.8837     -9.9824     -6.4167
0.010     -7.2802     -3.4039     -8.8835     -5.6757
0.011     -6.5258     -3.0113     -7.9847     -5.0694
0.012     -5.8971     -2.6842     -7.2356     -4.5641
0.013     -5.3652     -2.4074     -6.6018     -4.1364
0.014     -4.9093     -2.1701     -6.0549     -3.7697
0.015     -4.5141     -1.9645     -5.5808     -3.4518
0.016     -4.1684     -1.7846     -5.1660     -3.1737
0.017     -3.8633     -1.6258     -4.8000     -2.9282
0.018     -3.5921     -1.4847     -4.4746     -2.7101
0.019     -3.3495     -1.3585     -4.1835     -2.5149
0.020     -3.1311     -1.2448     -3.9216     -2.3393
0.021     -2.9335     -1.1420     -3.6845     -2.1803
0.022     -2.7539     -1.0485     -3.4690     -2.0358
0.023     -2.5899     -0.9632     -3.2733     -1.9039
0.024     -2.4396     -0.8850     -3.0939     -1.7830
0.025     -2.3013     -0.8130     -2.9279     -1.6717
0.026     -2.1736     -0.7466     -2.7747     -1.5690
0.027     -2.0554     -0.6851     -2.6337     -1.4735
0.028     -1.9457     -0.6280     -2.5033     -1.3846
0.029     -1.8435     -0.5748     -2.3819     -1.3019
0.030     -1.7481     -0.5251     -2.2686     -1.2247
0.031     -1.6589     -0.4787     -2.1626     -1.1525
0.032     -1.5752     -0.4352     -2.0632     -1.0855
0.033     -1.4966     -0.3943     -1.9699     -1.0226
0.034     -1.4227     -0.3558     -1.8820     -0.9634
0.035     -1.3530     -0.3195     -1.7992     -0.9075
0.036     -1.2871     -0.2852     -1.7210     -0.8547
0.037     -1.2248     -0.2528     -1.6469     -0.8040
0.038     -1.1658     -0.2221     -1.5766     -0.7559
0.039     -1.1098     -0.1930     -1.5099     -0.7103
0.040     -1.0566     -0.1653     -1.4465     -0.6670
0.041     -1.0060     -0.1390     -1.3862     -0.6258
0.042     -0.9578     -0.1139     -1.3288     -0.5866
0.043     -0.9119     -0.0900     -1.2741     -0.5492
0.044     -0.8680     -0.0672     -1.2218     -0.5135
0.045     -0.8261     -0.0454     -1.1719     -0.4793
0.046     -0.7860     -0.0245     -1.1241     -0.4467
0.047     -0.7476     -0.0045     -1.0784     -0.4157
0.048     -0.7108      0.0146     -1.0346     -0.3862
0.049     -0.6756      0.0330     -0.9925     -0.3579
0.050     -0.6417      0.0506     -0.9522     -0.3307
0.051     -0.6092      0.0675     -0.9128     -0.3045
0.052     -0.5779      0.0838     -0.8750     -0.2794
0.053     -0.5478      0.0995     -0.8386     -0.2552
0.054     -0.5188      0.1146     -0.8036     -0.2319
0.055     -0.4908      0.1291     -0.7698     -0.2095
0.056     -0.4639      0.1431     -0.7373     -0.1879
0.057     -0.4379      0.1567     -0.7059     -0.1670
0.058     -0.4128      0.1697     -0.6755     -0.1468
0.059     -0.3885      0.1823     -0.6462     -0.1274
0.060     -0.3651      0.1945     -0.6182     -0.1085
0.061     -0.3424      0.2063     -0.5912     -0.0903
0.062     -0.3205      0.2178     -0.5652     -0.0727
0.063     -0.2992      0.2288     -0.5401     -0.0556
0.064     -0.2787      0.2395     -0.5158     -0.0387
0.065     -0.2587      0.2499     -0.4922     -0.0224
0.066     -0.2394      0.2600     -0.4694     -0.0065
0.067     -0.2206      0.2697     -0.4472      0.0088
0.068     -0.2024      0.2792     -0.4257      0.0236
0.069     -0.1847      0.2884     -0.4048      0.0376
0.070     -0.1675      0.2974     -0.3845      0.0512
0.071     -0.1508      0.3060     -0.3648      0.0644
0.072     -0.1346      0.3145     -0.3456      0.0773
0.073     -0.1188      0.3227     -0.3270      0.0898
0.074     -0.1034      0.3307     -0.3088      0.1020
0.075     -0.0885      0.3385     -0.2911      0.1138
0.076     -0.0739      0.3461     -0.2740      0.1253
0.077     -0.0597      0.3534     -0.2572      0.1369
0.078     -0.0459      0.3606     -0.2409      0.1483
0.079     -0.0325      0.3676     -0.2248      0.1594
0.080     -0.0193      0.3745     -0.2091      0.1702
0.081     -0.0065      0.3811     -0.1936      0.1808
0.082      0.0060      0.3876     -0.1785      0.1911
0.083      0.0182      0.3940     -0.1638      0.2011
0.084      0.0301      0.4002     -0.1495      0.2109
0.085      0.0417      0.4062     -0.1355      0.2201
0.086      0.0530      0.4121     -0.1218      0.2292
0.087      0.0641      0.4179     -0.1084      0.2380
0.088      0.0750      0.4235     -0.0953      0.2467
0.089      0.0856      0.4290     -0.0825      0.2551
0.090      0.0959      0.4344     -0.0700      0.2634
0.091      0.1060      0.4397     -0.0578      0.2719
0.092      0.1160      0.4449     -0.0459      0.2797
0.093      0.1257      0.4499     -0.0342      0.2874
0.094      0.1352      0.4549     -0.0227      0.2949
0.095      0.1444      0.4597     -0.0115      0.3023
0.096      0.1535      0.4644     -0.0006      0.3096
0.097      0.1625      0.4691      0.0100      0.3169
0.098      0.1712      0.4736      0.0206      0.3241
0.099      0.1797      0.4781      0.0309      0.3311
0.100      0.1881      0.4824      0.0410      0.3380
0.101      0.1963      0.4867      0.0509      0.3447
0.102      0.2044      0.4909      0.0606      0.3513
0.103      0.2123      0.4950      0.0699      0.3577
0.104      0.2200      0.4990      0.0791      0.3638
0.105      0.2276      0.5030      0.0880      0.3701
0.106      0.2351      0.5069      0.0969      0.3762
0.107      0.2424      0.5107      0.1056      0.3823
0.108      0.2496      0.5144      0.1142      0.3882
0.109      0.2566      0.5181      0.1227      0.3940
0.110      0.2636      0.5217      0.1310      0.3997
0.111      0.2704      0.5252      0.1390      0.4053
0.112      0.2770      0.5287      0.1472      0.4108
0.113      0.2836      0.5321      0.1551      0.4158
0.114      0.2900      0.5354      0.1626      0.4208
0.115      0.2964      0.5387      0.1699      0.4256
0.116      0.3026      0.5420      0.1772      0.4303
0.117      0.3087      0.5452      0.1842      0.4352
0.118      0.3147      0.5483      0.1912      0.4401
0.119      0.3206      0.5514      0.1981      0.4450
0.120      0.3264      0.5544      0.2048      0.4498
0.121      0.3321      0.5574      0.2115      0.4545
0.122      0.3378      0.5603      0.2184      0.4592
0.123      0.3433      0.5632      0.2253      0.4637
0.124      0.3487      0.5660      0.2318      0.4682
0.125      0.3541      0.5688      0.2382      0.4725
0.126      0.3593      0.5715      0.2444      0.4767
0.127      0.3645      0.5742      0.2506      0.4808
0.128      0.3696      0.5769      0.2567      0.4848
0.129      0.3747      0.5795      0.2627      0.4888
0.130      0.3796      0.5821      0.2686      0.4927
0.131      0.3845      0.5846      0.2744      0.4966
0.132      0.3893      0.5871      0.2799      0.5005
0.133      0.3940      0.5896      0.2852      0.5044
0.134      0.3987      0.5920      0.2905      0.5083
0.135      0.4033      0.5944      0.2958      0.5121
0.136      0.4078      0.5967      0.3012      0.5158
0.137      0.4122      0.5990      0.3066      0.5193
0.138      0.4166      0.6013      0.3119      0.5228
0.139      0.4209      0.6036      0.3171      0.5262
0.140      0.4252      0.6058      0.3222      0.5296
0.141      0.4294      0.6080      0.3273      0.5329
0.142      0.4336      0.6101      0.3320      0.5362
0.143      0.4376      0.6123      0.3367      0.5395
0.144      0.4417      0.6144      0.3416      0.5427
0.145      0.4456      0.6164      0.3464      0.5458
0.146      0.4496      0.6185      0.3511      0.5489
0.147      0.4534      0.6205      0.3558      0.5520
0.148      0.4572      0.6225      0.3604      0.5550
0.149      0.4610      0.6244      0.3648      0.5580
0.150      0.4647      0.6264      0.3695      0.5609
0.151      0.4684      0.6283      0.3736      0.5631
0.152      0.4720      0.6301      0.3778      0.5658
0.153      0.4756      0.6320      0.3824      0.5687
0.154      0.4791      0.6338      0.3868      0.5710
0.155      0.4826      0.6356      0.3908      0.5740
0.156      0.4860      0.6374      0.3948      0.5765
0.157      0.4894      0.6392      0.3993      0.5789
0.158      0.4927      0.6409      0.4039      0.5809
0.159      0.4960      0.6426      0.4088      0.5836
0.160      0.4993      0.6443      0.4129      0.5863
0.161      0.5025      0.6460      0.4169      0.5890
0.162      0.5057      0.6477      0.4215      0.5917
0.163      0.5088      0.6493      0.4259      0.5941
0.164      0.5119      0.6509      0.4304      0.5958
0.165      0.5150      0.6525      0.4339      0.5976
0.166      0.5180      0.6541      0.4392      0.5989
0.167      0.5210      0.6557      0.4440      0.5986
0.168      0.5240      0.6572      0.4488      0.5995
0.169      0.5269      0.6587      0.4537      0.6002
0.170      0.5298      0.6602      0.4589      0.6019
0.171      0.5327      0.6617      0.4637      0.6023
0.172      0.5355      0.6632      0.4675      0.6033
0.173      0.5383      0.6646      0.4720      0.6039
0.174      0.5410      0.6661      0.4768      0.6057
0.175      0.5437      0.6675      0.4817      0.6068
0.176      0.5441      0.6689      0.4831      0.6045
0.177      0.5436      0.6703      0.4847      0.6040
0.178      0.5432      0.6716      0.4835      0.6013
0.179      0.5427      0.6719      0.4835      0.5999
0.180      0.5423      0.6710      0.4826      0.5986
0.181      0.5418      0.6701      0.4827      0.5975
0.182      0.5414      0.6692      0.4810      0.5966
0.183      0.5409      0.6683      0.4808      0.5963
0.184      0.5404      0.6674      0.4799      0.5966
0.185      0.5400      0.6665      0.4791      0.5962
0.186      0.5395      0.6656      0.4783      0.5964
0.187      0.5391      0.6647      0.4773      0.5971
0.188      0.5386      0.6638      0.4763      0.5968
0.189      0.5381      0.6629      0.4753      0.5967
0.190      0.5377      0.6620      0.4747      0.5968
0.191      0.5372      0.6611      0.4727      0.5962
0.192      0.5367      0.6602      0.4718      0.5959
0.193      0.5363      0.6593      0.4704      0.5952
0.194      0.5358      0.6584      0.4698      0.5949
0.195      0.5353      0.6575      0.4694      0.5951
0.196      0.5348      0.6566      0.4689      0.5944
0.197      0.5344      0.6556      0.4683      0.5942
0.198      0.5339      0.6547      0.4674      0.5941
0.199      0.5334      0.6538      0.4669      0.5936
0.200      0.5329      0.6529      0.4663      0.5930
0.201      0.5325      0.6519      0.4657      0.5926
0.202      0.5320      0.6510      0.4652      0.5921
0.203      0.5315      0.6501      0.4646      0.5917
0.204      0.5310      0.6491      0.4641      0.5912
0.205      0.5305      0.6482      0.4637      0.5907
0.206      0.5300      0.6473      0.4632      0.5903
0.207      0.5296      0.6463      0.4627      0.5898
0.208      0.5291      0.6454      0.4622      0.5893
0.209      0.5286      0.6444      0.4616      0.5888
0.210      0.5281      0.6435      0.4611      0.5883
0.211      0.5276      0.6425      0.4606      0.5878
0.212      0.5271      0.6416      0.4602      0.5873
0.213      0.5266      0.6406      0.4598      0.5869
0.214      0.5261      0.6397      0.4594      0.5864
0.215      0.5256      0.6387      0.4589      0.5859
0.216      0.5251      0.6377      0.4583      0.5854
0.217      0.5246      0.6368      0.4578      0.5849
0.218      0.5241      0.6358      0.4572      0.5844
0.219      0.5236      0.6348      0.4566      0.5838
0.220      0.5231      0.6339      0.4561      0.5833
0.221      0.5226      0.6329      0.4556      0.5827
0.222      0.5221      0.6319      0.4550      0.5822
0.223      0.5216      0.6309      0.4545      0.5816
0.224      0.5211      0.6299      0.4539      0.5811
0.225      0.5206      0.6289      0.4534      0.5805
0.226      0.5201      0.6280      0.4528      0.5800
0.227      0.5196      0.6270      0.4523      0.5796
0.228      0.5191      0.6260      0.4517      0.5791
0.229      0.5185      0.6250      0.4511      0.5787
0.230      0.5180      0.6240      0.4506      0.5783
0.231      0.5175      0.6230      0.4500      0.5778
0.232      0.5170      0.6220      0.4495      0.5773
0.233      0.5165      0.6210      0.4489      0.5768
0.234      0.5160      0.6199      0.4484      0.5763
0.235      0.5154      0.6189      0.4478      0.5759
0.236      0.5149      0.6179      0.4473      0.5754
0.237      0.5144      0.6169      0.4468      0.5749
0.238      0.5139      0.6159      0.4462      0.5744
0.239      0.5133      0.6149      0.4457      0.5739
0.240      0.5128      0.6138      0.4451      0.5734
0.241      0.5123      0.6128      0.4444      0.5730
0.242      0.5117      0.6118      0.4437      0.5725
0.243      0.5112      0.6107      0.4432      0.5720
0.244      0.5107      0.6097      0.4426      0.5715
0.245      0.5101      0.6087      0.4420      0.5710
0.246      0.5096      0.6076      0.4414      0.5706
0.247      0.5091      0.6066      0.4408      0.5702
0.248      0.5085      0.6055      0.4402      0.5697
0.249      0.5080      0.6045      0.4396      0.5692
0.250      0.5074      0.6034      0.4390      0.5687
0.251      0.5069      0.6024      0.4384      0.5683
0.252      0.5063      0.6013      0.4378      0.5678
0.253      0.5058      0.6002      0.4373      0.5673
0.254      0.5052      0.5992      0.4367      0.5668
0.255      0.5047      0.5981      0.4361      0.5663
0.256      0.5041      0.5970      0.4355      0.5658
0.257      0.5036      0.5960      0.4349      0.5654
0.258      0.5030      0.5949      0.4343      0.5649
0.259      0.5025      0.5938      0.4336      0.5645
0.260      0.5019      0.5927      0.4330      0.5640
0.261      0.5013      0.5916      0.4324      0.5635
0.262      0.5008      0.5905      0.4319      0.5629
0.263      0.5002      0.5895      0.4313      0.5623
0.264      0.4997      0.5884      0.4307      0.5620
0.265      0.4991      0.5873      0.4300      0.5617
0.266      0.4985      0.5862      0.4293      0.5612
0.267      0.4980      0.5851      0.4286      0.5608
0.268      0.4974      0.5840      0.4279      0.5602
0.269      0.4968      0.5828      0.4271      0.5598
0.270      0.4962      0.5817      0.4266      0.5594
0.271      0.4957      0.5806      0.4261      0.5588
0.272      0.4951      0.5795      0.4256      0.5582
0.273      0.4945      0.5784      0.4250      0.5576
0.274      0.4939      0.5773      0.4244      0.5570
0.275      0.4933      0.5761      0.4238      0.5566
0.276      0.4928      0.5750      0.4232      0.5562
0.277      0.4922      0.5739      0.4226      0.5558
0.278      0.4916      0.5727      0.4220      0.5554
0.279      0.4910      0.5716      0.4214      0.5550
0.280      0.4904      0.5704      0.4208      0.5546
0.281      0.4898      0.5693      0.4202      0.5541
0.282      0.4892      0.5681      0.4195      0.5536
0.283      0.4886      0.5670      0.4189      0.5531
0.284      0.4880      0.5658      0.4182      0.5526
0.285      0.4874      0.5647      0.4176      0.5521
0.286      0.4868      0.5635      0.4169      0.5516
0.287      0.4862      0.5624      0.4161      0.5511
0.288      0.4856      0.5612      0.4154      0.5506
0.289      0.4850      0.5600      0.4148      0.5501
0.290      0.4844      0.5588      0.4140      0.5496
0.291      0.4838      0.5577      0.4134      0.5492
0.292      0.4832      0.5565      0.4127      0.5486
0.293      0.4826      0.5553      0.4120      0.5481
0.294      0.4820      0.5541      0.4114      0.5476
0.295      0.4814      0.5529      0.4108      0.5471
0.296      0.4808      0.5517      0.4102      0.5465
0.297      0.4801      0.5505      0.4096      0.5458
0.298      0.4795      0.5493      0.4089      0.5452
0.299      0.4789      0.5481      0.4083      0.5446
0.300      0.4783      0.5469      0.4077      0.5439
0.301      0.4776      0.5457      0.4071      0.5434
0.302      0.4770      0.5445      0.4064      0.5429
0.303      0.4764      0.5432      0.4058      0.5424
0.304      0.4758      0.5420      0.4052      0.5419
0.305      0.4751      0.5408      0.4046      0.5411
0.306      0.4745      0.5396      0.4040      0.5402
0.307      0.4738      0.5383      0.4034      0.5396
0.308      0.4732      0.5371      0.4028      0.5392
0.309      0.4726      0.5358      0.4021      0.5388
0.310      0.4719      0.5346      0.4015      0.5384
0.311      0.4713      0.5334      0.4009      0.5380
0.312      0.4706      0.5321      0.4002      0.5376
0.313      0.4700      0.5308      0.3996      0.5372
0.314      0.4693      0.5296      0.3990      0.5368
0.315      0.4687      0.5283      0.3983      0.5361
0.316      0.4680      0.5271      0.3976      0.5353
0.317      0.4674      0.5258      0.3968      0.5345
0.318      0.4667      0.5245      0.3960      0.5337
0.319      0.4661      0.5232      0.3951      0.5329
0.320      0.4654      0.5220      0.3943      0.5325
0.321      0.4647      0.5207      0.3933      0.5322
0.322      0.4641      0.5194      0.3926      0.5319
0.323      0.4634      0.5181      0.3918      0.5317
0.324      0.4627      0.5168      0.3910      0.5313
0.325      0.4621      0.5155      0.3901      0.5307
0.326      0.4614      0.5142      0.3893      0.5301
0.327      0.4607      0.5129      0.3884      0.5297
0.328      0.4600      0.5116      0.3875      0.5294
0.329      0.4594      0.5102      0.3867      0.5289
0.330      0.4587      0.5089      0.3860      0.5283
0.331      0.4580      0.5076      0.3853      0.5277
0.332      0.4573      0.5063      0.3845      0.5272
0.333      0.4566      0.5049      0.3838      0.5268
0.334      0.4559      0.5036      0.3831      0.5263
0.335      0.4552      0.5023      0.3823      0.5257
0.336      0.4546      0.5009      0.3816      0.5251
0.337      0.4539      0.4996      0.3810      0.5245
0.338      0.4532      0.4982      0.3803      0.5240
0.339      0.4525      0.4969      0.3795      0.5234
0.340      0.4518      0.4955      0.3788      0.5228
0.341      0.4511      0.4941      0.3781      0.5222
0.342      0.4503      0.4928      0.3773      0.5217
0.343      0.4496      0.4914      0.3766      0.5211
0.344      0.4489      0.4900      0.3757      0.5205
0.345      0.4482      0.4886      0.3746      0.5199
0.346      0.4475      0.4873      0.3738      0.5193
0.347      0.4468      0.4859      0.3730      0.5187
0.348      0.4461      0.4845      0.3723      0.5181
0.349      0.4453      0.4831      0.3715      0.5176
0.350      0.4446      0.4817      0.3707      0.5170
0.351      0.4439      0.4803      0.3699      0.5163
0.352      0.4432      0.4789      0.3691      0.5156
0.353      0.4424      0.4774      0.3683      0.5150
0.354      0.4417      0.4760      0.3675      0.5144
0.355      0.4410      0.4746      0.3667      0.5137
0.356      0.4402      0.4732      0.3659      0.5130
0.357      0.4395      0.4717      0.3651      0.5123
0.358      0.4388      0.4703      0.3643      0.5116
0.359      0.4380      0.4688      0.3634      0.5110
0.360      0.4373      0.4674      0.3624      0.5103
0.361      0.4365      0.4659      0.3614      0.5096
0.362      0.4358      0.4645      0.3606      0.5088
0.363      0.4350      0.4630      0.3598      0.5081
0.364      0.4343      0.4616      0.3591      0.5073
0.365      0.4335      0.4601      0.3582      0.5065
0.366      0.4327      0.4586      0.3572      0.5059
0.367      0.4320      0.4571      0.3563      0.5052
0.368      0.4312      0.4557      0.3554      0.5045
0.369      0.4304      0.4542      0.3544      0.5040
0.370      0.4297      0.4527      0.3535      0.5034
0.371      0.4289      0.4512      0.3525      0.5029
0.372      0.4281      0.4497      0.3516      0.5024
0.373      0.4273      0.4482      0.3506      0.5019
0.374      0.4266      0.4467      0.3497      0.5014
0.375      0.4258      0.4451      0.3487      0.5009
0.376      0.4250      0.4436      0.3478      0.5004
0.377      0.4242      0.4421      0.3468      0.4996
0.378      0.4234      0.4406      0.3458      0.4988
0.379      0.4226      0.4390      0.3449      0.4980
0.380      0.4218      0.4375      0.3439      0.4972
0.381      0.4210      0.4359      0.3429      0.4964
0.382      0.4202      0.4344      0.3419      0.4956
0.383      0.4194      0.4328      0.3410      0.4948
0.384      0.4186      0.4313      0.3400      0.4940
0.385      0.4178      0.4297      0.3390      0.4931
0.386      0.4170      0.4281      0.3380      0.4923
0.387      0.4162      0.4266      0.3372      0.4915
0.388      0.4154      0.4250      0.3365      0.4910
0.389      0.4146      0.4234      0.3357      0.4905
0.390      0.4137      0.4218      0.3349      0.4900
0.391      0.4129      0.4202      0.3340      0.4895
0.392      0.4121      0.4186      0.3329      0.4890
0.393      0.4113      0.4170      0.3321      0.4883
0.394      0.4104      0.4154      0.3310      0.4875
0.395      0.4096      0.4138      0.3299      0.4867
0.396      0.4088      0.4121      0.3288      0.4858
0.397      0.4079      0.4105      0.3277      0.4850
0.398      0.4071      0.4089      0.3266      0.4842
0.399      0.4062      0.4072      0.3255      0.4834
0.400      0.4054      0.4056      0.3244      0.4825
0.401      0.4045      0.4039      0.3232      0.4817
0.402      0.4037      0.4023      0.3221      0.4808
0.403      0.4028      0.4006      0.3210      0.4799
0.404      0.4019      0.3989      0.3200      0.4792
0.405      0.4011      0.3973      0.3190      0.4784
0.406      0.4002      0.3956      0.3181      0.4778
0.407      0.3993      0.3939      0.3171      0.4771
0.408      0.3985      0.3922      0.3161      0.4763
0.409      0.3976      0.3905      0.3151      0.4756
0.410      0.3967      0.3888      0.3144      0.4747
0.411      0.3958      0.3871      0.3132      0.4738
0.412      0.3950      0.3854      0.3122      0.4730
0.413      0.3941      0.3837      0.3112      0.4721
0.414      0.3932      0.3819      0.3102      0.4712
0.415      0.3923      0.3802      0.3091      0.4704
0.416      0.3914      0.3785      0.3078      0.4695
0.417      0.3905      0.3767      0.3066      0.4686
0.418      0.3896      0.3750      0.3054      0.4677
0.419      0.3887      0.3732      0.3041      0.4672
0.420      0.3878      0.3715      0.3029      0.4663
0.421      0.3869      0.3697      0.3016      0.4654
0.422      0.3859      0.3679      0.3004      0.4648
0.423      0.3850      0.3661      0.2991      0.4641
0.424      0.3841      0.3644      0.2978      0.4635
0.425      0.3832      0.3626      0.2966      0.4629
0.426      0.3823      0.3608      0.2955      0.4622
0.427      0.3813      0.3590      0.2944      0.4616
0.428      0.3804      0.3572      0.2932      0.4610
0.429      0.3795      0.3553      0.2922      0.4603
0.430      0.3785      0.3535      0.2911      0.4597
0.431      0.3776      0.3517      0.2900      0.4589
0.432      0.3766      0.3498      0.2890      0.4582
0.433      0.3757      0.3480      0.2879      0.4575
0.434      0.3747      0.3462      0.2868      0.4564
0.435      0.3738      0.3443      0.2858      0.4553
0.436      0.3728      0.3424      0.2845      0.4543
0.437      0.3718      0.3406      0.2832      0.4536
0.438      0.3709      0.3387      0.2818      0.4530
0.439      0.3699      0.3368      0.2807      0.4524
0.440      0.3689      0.3349      0.2797      0.4519
0.441      0.3679      0.3330      0.2787      0.4511
0.442      0.3670      0.3311      0.2776      0.4504
0.443      0.3660      0.3292      0.2766      0.4497
0.444      0.3650      0.3273      0.2755      0.4491
0.445      0.3640      0.3254      0.2745      0.4484
0.446      0.3630      0.3234      0.2734      0.4478
0.447      0.3620      0.3215      0.2724      0.4471
0.448      0.3610      0.3196      0.2713      0.4463
0.449      0.3600      0.3176      0.2703      0.4454
0.450      0.3590      0.3156      0.2692      0.4445
0.451      0.3580      0.3137      0.2679      0.4436
0.452      0.3570      0.3117      0.2667      0.4426
0.453      0.3559      0.3097      0.2654      0.4417
0.454      0.3549      0.3077      0.2641      0.4408
0.455      0.3539      0.3057      0.2628      0.4399
0.456      0.3528      0.3037      0.2614      0.4389
0.457      0.3518      0.3017      0.2601      0.4380
0.458      0.3508      0.2997      0.2588      0.4373
0.459      0.3497      0.2977      0.2575      0.4365
0.460      0.3487      0.2957      0.2562      0.4356
0.461      0.3476      0.2936      0.2551      0.4346
0.462      0.3466      0.2916      0.2540      0.4338
0.463      0.3455      0.2895      0.2528      0.4331
0.464      0.3444      0.2875      0.2517      0.4321
0.465      0.3434      0.2854      0.2505      0.4312
0.466      0.3423      0.2833      0.2493      0.4304
0.467      0.3412      0.2812      0.2479      0.4296
0.468      0.3401      0.2791      0.2463      0.4288
0.469      0.3391      0.2770      0.2447      0.4280
0.470      0.3380      0.2749      0.2431      0.4271
0.471      0.3369      0.2728      0.2418      0.4263
0.472      0.3358      0.2707      0.2405      0.4254
0.473      0.3347      0.2686      0.2392      0.4246
0.474      0.3336      0.2664      0.2379      0.4238
0.475      0.3325      0.2643      0.2366      0.4229
0.476      0.3314      0.2621      0.2353      0.4221
0.477      0.3302      0.2599      0.2338      0.4212
0.478      0.3291      0.2578      0.2323      0.4204
0.479      0.3280      0.2556      0.2307      0.4195
0.480      0.3269      0.2534      0.2292      0.4187
0.481      0.3257      0.2512      0.2276      0.4178
0.482      0.3246      0.2490      0.2261      0.4170
0.483      0.3235      0.2468      0.2247      0.4161
0.484      0.3223      0.2445      0.2234      0.4152
0.485      0.3212      0.2423      0.2220      0.4143
0.486      0.3200      0.2401      0.2206      0.4135
0.487      0.3188      0.2378      0.2192      0.4126
0.488      0.3177      0.2356      0.2178      0.4117
0.489      0.3165      0.2333      0.2164      0.4108
0.490      0.3153      0.2310      0.2150      0.4099
0.491      0.3141      0.2287      0.2136      0.4090
0.492      0.3130      0.2264      0.2122      0.4081
0.493      0.3118      0.2241      0.2108      0.4072
0.494      0.3106      0.2218      0.2093      0.4063
0.495      0.3094      0.2195      0.2078      0.4054
0.496      0.3082      0.2172      0.2063      0.4044
0.497      0.3070      0.2148      0.2048      0.4033
0.498      0.3058      0.2125      0.2033      0.4023
0.499      0.3045      0.2101      0.2017      0.4016
0.500      0.3033      0.2077      0.2002      0.4008
0.501      0.3021      0.2054      0.1986      0.3996
0.502      0.3009      0.2030      0.1972      0.3986
0.503      0.2996      0.2006      0.1959      0.3977
0.504      0.2984      0.1982      0.1945      0.3968
0.505      0.2971      0.1957      0.1931      0.3958
0.506      0.2959      0.1933      0.1918      0.3949
0.507      0.2946      0.1909      0.1901      0.3942
0.508      0.2934      0.1884      0.1883      0.3932
0.509      0.2921      0.1860      0.1866      0.3923
0.510      0.2908      0.1835      0.1851      0.3913
0.511      0.2895      0.1810      0.1836      0.3903
0.512      0.2883      0.1785      0.1821      0.3894
0.513      0.2870      0.1760      0.1806      0.3884
0.514      0.2857      0.1735      0.1791      0.3874
0.515      0.2844      0.1710      0.1776      0.3864
0.516      0.2831      0.1685      0.1761      0.3853
0.517      0.2818      0.1660      0.1746      0.3842
0.518      0.2805      0.1634      0.1730      0.3833
0.519      0.2791      0.1608      0.1715      0.3823
0.520      0.2778      0.1583      0.1700      0.3814
0.521      0.2765      0.1557      0.1684      0.3804
0.522      0.2751      0.1531      0.1669      0.3794
0.523      0.2738      0.1505      0.1653      0.3784
0.524      0.2724      0.1479      0.1635      0.3774
0.525      0.2711      0.1453      0.1618      0.3763
0.526      0.2697      0.1426      0.1600      0.3753
0.527      0.2684      0.1400      0.1583      0.3742
0.528      0.2670      0.1373      0.1566      0.3731
0.529      0.2656      0.1346      0.1551      0.3721
0.530      0.2642      0.1320      0.1537      0.3711
0.531      0.2628      0.1293      0.1522      0.3701
0.532      0.2614      0.1266      0.1506      0.3690
0.533      0.2600      0.1239      0.1489      0.3679
0.534      0.2586      0.1211      0.1473      0.3669
0.535      0.2572      0.1184      0.1456      0.3658
0.536      0.2558      0.1156      0.1438      0.3649
0.537      0.2544      0.1129      0.1422      0.3640
0.538      0.2530      0.1101      0.1405      0.3629
0.539      0.2515      0.1073      0.1387      0.3618
0.540      0.2501      0.1045      0.1370      0.3607
0.541      0.2486      0.1017      0.1353      0.3596
0.542      0.2472      0.0989      0.1335      0.3585
0.543      0.2457      0.0960      0.1318      0.3575
0.544      0.2442      0.0932      0.1300      0.3565
0.545      0.2428      0.0903      0.1283      0.3555
0.546      0.2413      0.0875      0.1265      0.3545
0.547      0.2398      0.0846      0.1247      0.3534
0.548      0.2383      0.0817      0.1229      0.3524
0.549      0.2368      0.0788      0.1212      0.3514
0.550      0.2353      0.0758      0.1194      0.3503
0.551      0.2338      0.0729      0.1177      0.3492
0.552      0.2322      0.0700      0.1159      0.3480
0.553      0.2307      0.0670      0.1140      0.3468
0.554      0.2292      0.0640      0.1120      0.3456
0.555      0.2276      0.0610      0.1104      0.3443
0.556      0.2261      0.0580      0.1088      0.3431
0.557      0.2245      0.0550      0.1069      0.3416
0.558      0.2230      0.0520      0.1050      0.3403
0.559      0.2214      0.0489      0.1031      0.3391
0.560      0.2198      0.0459      0.1012      0.3379
0.561      0.2182      0.0428      0.0993      0.3367
0.562      0.2166      0.0397      0.0973      0.3355
0.563      0.2150      0.0366      0.0954      0.3343
0.564      0.2134      0.0335      0.0934      0.3331
0.565      0.2118      0.0304      0.0915      0.3319
0.566      0.2102      0.0272      0.0895      0.3306
0.567      0.2086      0.0241      0.0876      0.3294
0.568      0.2069      0.0209      0.0856      0.3282
0.569      0.2053      0.0177      0.0836      0.3269
0.570      0.2036      0.0145      0.0816      0.3257
0.571      0.2020      0.0113      0.0796      0.3244
0.572      0.2003      0.0080      0.0776      0.3232
0.573      0.1986      0.0048      0.0755      0.3219
0.574      0.1970      0.0015      0.0735      0.3206
0.575      0.1953     -0.0017      0.0715      0.3194
0.576      0.1936     -0.0050      0.0695      0.3181
0.577      0.1919     -0.0083      0.0674      0.3168
0.578      0.1901     -0.0117      0.0653      0.3155
0.579      0.1884     -0.0150      0.0632      0.3142
0.580      0.1867     -0.0184      0.0610      0.3131
0.581      0.1849     -0.0217      0.0586      0.3120
0.582      0.1832     -0.0251      0.0566      0.3109
0.583      0.1814     -0.0285      0.0544      0.3094
0.584      0.1797     -0.0320      0.0520      0.3079
0.585      0.1779     -0.0354      0.0498      0.3064
0.586      0.1761     -0.0389      0.0479      0.3050
0.587      0.1743     -0.0423      0.0459      0.3036
0.588      0.1725     -0.0458      0.0439      0.3024
0.589      0.1707     -0.0493      0.0417      0.3010
0.590      0.1689     -0.0528      0.0393      0.2995
0.591      0.1671     -0.0564      0.0370      0.2981
0.592      0.1652     -0.0599      0.0347      0.2967
0.593      0.1634     -0.0635      0.0323      0.2955
0.594      0.1615     -0.0671      0.0299      0.2945
0.595      0.1597     -0.0707      0.0276      0.2934
0.596      0.1578     -0.0743      0.0252      0.2923
0.597      0.1559     -0.0780      0.0228      0.2912
0.598      0.1540     -0.0816      0.0204      0.2901
0.599      0.1521     -0.0853      0.0179      0.2890
0.600      0.1502     -0.0890      0.0155      0.2879
0.601      0.1483     -0.0927      0.0130      0.2868
0.602      0.1464     -0.0965      0.0106      0.2857
0.603      0.1445     -0.1002      0.0082      0.2845
0.604      0.1425     -0.1040      0.0058      0.2831
0.605      0.1405     -0.1078      0.0035      0.2816
0.606      0.1386     -0.1116      0.0012      0.2802
0.607      0.1366     -0.1155     -0.0012      0.2788
0.608      0.1346     -0.1193     -0.0036      0.2773
0.609      0.1326     -0.1232     -0.0060      0.2759
0.610      0.1306     -0.1271     -0.0084      0.2744
0.611      0.1286     -0.1310     -0.0108      0.2730
0.612      0.1266     -0.1349     -0.0132      0.2715
0.613      0.1245     -0.1389     -0.0156      0.2700
0.614      0.1225     -0.1428     -0.0181      0.2685
0.615      0.1204     -0.1468     -0.0208      0.2670
0.616      0.1183     -0.1509     -0.0236      0.2655
0.617      0.1163     -0.1549     -0.0264      0.2640
0.618      0.1142     -0.1589     -0.0293      0.2625
0.619      0.1121     -0.1630     -0.0321      0.2610
0.620      0.1100     -0.1671     -0.0350      0.2594
0.621      0.1078     -0.1712     -0.0379      0.2579
0.622      0.1057     -0.1754     -0.0408      0.2563
0.623      0.1035     -0.1796     -0.0437      0.2547
0.624      0.1014     -0.1837     -0.0466      0.2529
0.625      0.0992     -0.1879     -0.0496      0.2514
0.626      0.0970     -0.1922     -0.0524      0.2500
0.627      0.0948     -0.1964     -0.0552      0.2484
0.628      0.0926     -0.2007     -0.0581      0.2468
0.629      0.0904     -0.2050     -0.0609      0.2453
0.630      0.0882     -0.2093     -0.0637      0.2438
0.631      0.0859     -0.2137     -0.0668      0.2422
0.632      0.0837     -0.2181     -0.0697      0.2407
0.633      0.0814     -0.2225     -0.0725      0.2392
0.634      0.0791     -0.2269     -0.0752      0.2377
0.635      0.0768     -0.2313     -0.0780      0.2361
0.636      0.0745     -0.2358     -0.0809      0.2346
0.637      0.0722     -0.2403     -0.0837      0.2330
0.638      0.0699     -0.2448     -0.0866      0.2314
0.639      0.0675     -0.2493     -0.0894      0.2298
0.640      0.0652     -0.2539     -0.0923      0.2283
0.641      0.0628     -0.2585     -0.0952      0.2267
0.642      0.0604     -0.2631     -0.0981      0.2251
0.643      0.0580     -0.2678     -0.1010      0.2235
0.644      0.0556     -0.2724     -0.1040      0.2218
0.645      0.0532     -0.2771     -0.1069      0.2199
0.646      0.0508     -0.2818     -0.1099      0.2180
0.647      0.0483     -0.2866     -0.1130      0.2161
0.648      0.0459     -0.2914     -0.1164      0.2145
0.649      0.0434     -0.2962     -0.1198      0.2130
0.650      0.0409     -0.3010     -0.1232      0.2114
0.651      0.0384     -0.3059     -0.1267      0.2098
0.652      0.0359     -0.3107     -0.1301      0.2082
0.653      0.0333     -0.3157     -0.1336      0.2063
0.654      0.0308     -0.3206     -0.1370      0.2040
0.655      0.0282     -0.3256     -0.1404      0.2017
0.656      0.0256     -0.3306     -0.1439      0.1995
0.657      0.0230     -0.3356     -0.1475      0.1978
0.658      0.0204     -0.3407     -0.1511      0.1961
0.659      0.0178     -0.3458     -0.1547      0.1944
0.660      0.0152     -0.3509     -0.1583      0.1926
0.661      0.0125     -0.3560     -0.1620      0.1909
0.662      0.0098     -0.3612     -0.1657      0.1891
0.663      0.0071     -0.3664     -0.1694      0.1874
0.664      0.0044     -0.3717     -0.1731      0.1856
0.665      0.0017     -0.3769     -0.1766      0.1838
0.666     -0.0010     -0.3822     -0.1798      0.1820
0.667     -0.0038     -0.3876     -0.1830      0.1802
0.668     -0.0065     -0.3929     -0.1862      0.1783
0.669     -0.0093     -0.3983     -0.1895      0.1765
0.670     -0.0121     -0.4038     -0.1928      0.1746
0.671     -0.0149     -0.4092     -0.1961      0.1724
0.672     -0.0178     -0.4147     -0.1994      0.1701
0.673     -0.0206     -0.4203     -0.2028      0.1679
0.674     -0.0235     -0.4258     -0.2065      0.1657
0.675     -0.0264     -0.4314     -0.2103      0.1634
0.676     -0.0293     -0.4371     -0.2142      0.1611
0.677     -0.0322     -0.4428     -0.2181      0.1588
0.678     -0.0352     -0.4485     -0.2221      0.1565
0.679     -0.0381     -0.4542     -0.2261      0.1542
0.680     -0.0411     -0.4600     -0.2300      0.1519
0.681     -0.0441     -0.4658     -0.2337      0.1495
0.682     -0.0471     -0.4716     -0.2373      0.1472
0.683     -0.0502     -0.4775     -0.2410      0.1448
0.684     -0.0532     -0.4835     -0.2447      0.1424
0.685     -0.0563     -0.4894     -0.2484      0.1400
0.686     -0.0594     -0.4954     -0.2522      0.1376
0.687     -0.0625     -0.5015     -0.2561      0.1352
0.688     -0.0656     -0.5075     -0.2601      0.1327
0.689     -0.0688     -0.5137     -0.2642      0.1302
0.690     -0.0720     -0.5198     -0.2682      0.1280
0.691     -0.0752     -0.5260     -0.2723      0.1261
0.692     -0.0784     -0.5322     -0.2764      0.1241
0.693     -0.0816     -0.5385     -0.2806      0.1221
0.694     -0.0849     -0.5448     -0.2847      0.1201
0.695     -0.0882     -0.5512     -0.2889      0.1180
0.696     -0.0915     -0.5576     -0.2931      0.1155
0.697     -0.0948     -0.5640     -0.2974      0.1129
0.698     -0.0981     -0.5705     -0.3016      0.1103
0.699     -0.1015     -0.5771     -0.3059      0.1078
0.700     -0.1049     -0.5836     -0.3106      0.1058
0.701     -0.1083     -0.5903     -0.3153      0.1037
0.702     -0.1117     -0.5969     -0.3196      0.1016
0.703     -0.1152     -0.6036     -0.3237      0.0994
0.704     -0.1187     -0.6104     -0.3279      0.0973
0.705     -0.1222     -0.6172     -0.3323      0.0952
0.706     -0.1257     -0.6240     -0.3369      0.0930
0.707     -0.1293     -0.6309     -0.3414      0.0908
0.708     -0.1329     -0.6378     -0.3460      0.0886
0.709     -0.1365     -0.6448     -0.3506      0.0864
0.710     -0.1401     -0.6519     -0.3557      0.0842
0.711     -0.1437     -0.6589     -0.3606      0.0820
0.712     -0.1474     -0.6661     -0.3652      0.0797
0.713     -0.1511     -0.6732     -0.3698      0.0773
0.714     -0.1549     -0.6805     -0.3748      0.0744
0.715     -0.1586     -0.6878     -0.3798      0.0716
0.716     -0.1624     -0.6951     -0.3848      0.0687
0.717     -0.1662     -0.7025     -0.3898      0.0660
0.718     -0.1700     -0.7099     -0.3949      0.0636
0.719     -0.1739     -0.7174     -0.3997      0.0612
0.720     -0.1778     -0.7249     -0.4044      0.0587
0.721     -0.1817     -0.7325     -0.4092      0.0559
0.722     -0.1857     -0.7402     -0.4141      0.0531
0.723     -0.1896     -0.7479     -0.4189      0.0503
0.724     -0.1936     -0.7557     -0.4238      0.0476
0.725     -0.1977     -0.7635     -0.4287      0.0447
0.726     -0.2017     -0.7714     -0.4337      0.0418
0.727     -0.2058     -0.7793     -0.4387      0.0388
0.728     -0.2100     -0.7873     -0.4437      0.0359
0.729     -0.2141     -0.7953     -0.4488      0.0329
0.730     -0.2183     -0.8035     -0.4539      0.0299
0.731     -0.2225     -0.8116     -0.4597      0.0269
0.732     -0.2268     -0.8199     -0.4656      0.0239
0.733     -0.2310     -0.8282     -0.4713      0.0208
0.734     -0.2353     -0.8365     -0.4768      0.0177
0.735     -0.2397     -0.8449     -0.4824      0.0146
0.736     -0.2441     -0.8534     -0.4880      0.0115
0.737     -0.2485     -0.8620     -0.4936      0.0083
0.738     -0.2529     -0.8706     -0.4993      0.0052
0.739     -0.2574     -0.8793     -0.5052      0.0020
0.740     -0.2619     -0.8880     -0.5112     -0.0013
0.741     -0.2664     -0.8968     -0.5172     -0.0045
0.742     -0.2710     -0.9057     -0.5233     -0.0078
0.743     -0.2756     -0.9147     -0.5295     -0.0111
0.744     -0.2803     -0.9237     -0.5354     -0.0144
0.745     -0.2850     -0.9328     -0.5413     -0.0178
0.746     -0.2897     -0.9419     -0.5473     -0.0211
0.747     -0.2945     -0.9512     -0.5533     -0.0245
0.748     -0.2993     -0.9605     -0.5594     -0.0280
0.749     -0.3041     -0.9699     -0.5655     -0.0314
0.750     -0.3090     -0.9793     -0.5716     -0.0349
0.751     -0.3139     -0.9889     -0.5778     -0.0384
0.752     -0.3189     -0.9985     -0.5840     -0.0420
0.753     -0.3239     -1.0082     -0.5903     -0.0455
0.754     -0.3289     -1.0179     -0.5967     -0.0491
0.755     -0.3340     -1.0278     -0.6031     -0.0527
0.756     -0.3391     -1.0377     -0.6096     -0.0564
0.757     -0.3443     -1.0477     -0.6161     -0.0601
0.758     -0.3495     -1.0578     -0.6226     -0.0638
0.759     -0.3547     -1.0680     -0.6293     -0.0673
0.760     -0.3600     -1.0782     -0.6361     -0.0706
0.761     -0.3654     -1.0886     -0.6429     -0.0739
0.762     -0.3708     -1.0990     -0.6501     -0.0773
0.763     -0.3762     -1.1095     -0.6573     -0.0806
0.764     -0.3817     -1.1202     -0.6646     -0.0840
0.765     -0.3872     -1.1309     -0.6720     -0.0875
0.766     -0.3927     -1.1416     -0.6794     -0.0909
0.767     -0.3984     -1.1525     -0.6869     -0.0944
0.768     -0.4040     -1.1635     -0.6945     -0.0986
0.769     -0.4097     -1.1746     -0.7021     -0.1025
0.770     -0.4155     -1.1858     -0.7098     -0.1061
0.771     -0.4213     -1.1970     -0.7176     -0.1097
0.772     -0.4272     -1.2084     -0.7249     -0.1134
0.773     -0.4331     -1.2199     -0.7322     -0.1171
0.774     -0.4391     -1.2314     -0.7395     -0.1208
0.775     -0.4451     -1.2431     -0.7469     -0.1246
0.776     -0.4512     -1.2549     -0.7544     -0.1284
0.777     -0.4573     -1.2668     -0.7619     -0.1323
0.778     -0.4635     -1.2788     -0.7695     -0.1362
0.779     -0.4697     -1.2909     -0.7772     -0.1401
0.780     -0.4760     -1.3031     -0.7852     -0.1440
0.781     -0.4824     -1.3154     -0.7937     -0.1480
0.782     -0.4888     -1.3278     -0.8023     -0.1520
0.783     -0.4952     -1.3404     -0.8109     -0.1561
0.784     -0.5018     -1.3530     -0.8197     -0.1602
0.785     -0.5084     -1.3658     -0.8285     -0.1643
0.786     -0.5150     -1.3787     -0.8373     -0.1685
0.787     -0.5217     -1.3917     -0.8460     -0.1727
0.788     -0.5285     -1.4049     -0.8546     -0.1770
0.789     -0.5354     -1.4181     -0.8633     -0.1815
0.790     -0.5423     -1.4315     -0.8722     -0.1863
0.791     -0.5492     -1.4450     -0.8814     -0.1911
0.792     -0.5563     -1.4587     -0.8906     -0.1960
0.793     -0.5634     -1.4725     -0.8999     -0.2009
0.794     -0.5706     -1.4864     -0.9094     -0.2059
0.795     -0.5778     -1.5005     -0.9189     -0.2109
0.796     -0.5852     -1.5147     -0.9285     -0.2160
0.797     -0.5925     -1.5290     -0.9382     -0.2212
0.798     -0.6000     -1.5435     -0.9480     -0.2263
0.799     -0.6076     -1.5581     -0.9579     -0.2316
0.800     -0.6152     -1.5728     -0.9679     -0.2368
0.801     -0.6229     -1.5878     -0.9780     -0.2422
0.802     -0.6306     -1.6028     -0.9882     -0.2476
0.803     -0.6385     -1.6180     -0.9985     -0.2530
0.804     -0.6464     -1.6334     -1.0089     -0.2585
0.805     -0.6544     -1.6489     -1.0191     -0.2641
0.806     -0.6625     -1.6646     -1.0293     -0.2697
0.807     -0.6707     -1.6805     -1.0396     -0.2754
0.808     -0.6789     -1.6965     -1.0500     -0.2811
0.809     -0.6873     -1.7127     -1.0606     -0.2869
0.810     -0.6957     -1.7290     -1.0712     -0.2927
0.811     -0.7043     -1.7456     -1.0820     -0.2987
0.812     -0.7129     -1.7623     -1.0929     -0.3046
0.813     -0.7216     -1.7791     -1.1044     -0.3107
0.814     -0.7304     -1.7962     -1.1161     -0.3168
0.815     -0.7393     -1.8135     -1.1279     -0.3229
0.816     -0.7483     -1.8309     -1.1399     -0.3292
0.817     -0.7574     -1.8485     -1.1519     -0.3353
0.818     -0.7666     -1.8663     -1.1641     -0.3412
0.819     -0.7759     -1.8844     -1.1764     -0.3472
0.820     -0.7853     -1.9026     -1.1889     -0.3532
0.821     -0.7948     -1.9210     -1.2015     -0.3596
0.822     -0.8044     -1.9396     -1.2142     -0.3666
0.823     -0.8141     -1.9585     -1.2271     -0.3736
0.824     -0.8239     -1.9775     -1.2400     -0.3807
0.825     -0.8339     -1.9968     -1.2527     -0.3873
0.826     -0.8439     -2.0163     -1.2655     -0.3940
0.827     -0.8541     -2.0360     -1.2785     -0.4008
0.828     -0.8644     -2.0559     -1.2917     -0.4076
0.829     -0.8748     -2.0761     -1.3050     -0.4146
0.830     -0.8853     -2.0965     -1.3184     -0.4216
0.831     -0.8960     -2.1172     -1.3321     -0.4287
0.832     -0.9067     -2.1381     -1.3458     -0.4359
0.833     -0.9177     -2.1593     -1.3598     -0.4432
0.834     -0.9287     -2.1807     -1.3739     -0.4505
0.835     -0.9399     -2.2023     -1.3882     -0.4580
0.836     -0.9512     -2.2243     -1.4028     -0.4655
0.837     -0.9626     -2.2465     -1.4178     -0.4732
0.838     -0.9742     -2.2690     -1.4330     -0.4809
0.839     -0.9860     -2.2917     -1.4484     -0.4887
0.840     -0.9979     -2.3147     -1.4640     -0.4966
0.841     -1.0099     -2.3381     -1.4797     -0.5047
0.842     -1.0221     -2.3617     -1.4957     -0.5128
0.843     -1.0344     -2.3856     -1.5119     -0.5211
0.844     -1.0469     -2.4099     -1.5283     -0.5296
0.845     -1.0596     -2.4344     -1.5448     -0.5383
0.846     -1.0724     -2.4593     -1.5617     -0.5471
0.847     -1.0854     -2.4845     -1.5783     -0.5561
0.848     -1.0986     -2.5100     -1.5951     -0.5651
0.849     -1.1119     -2.5358     -1.6121     -0.5742
0.850     -1.1254     -2.5621     -1.6293     -0.5835
0.851     -1.1391     -2.5886     -1.6467     -0.5929
0.852     -1.1530     -2.6155     -1.6644     -0.6025
0.853     -1.1671     -2.6428     -1.6823     -0.6121
0.854     -1.1814     -2.6705     -1.7005     -0.6219
0.855     -1.1958     -2.6985     -1.7189     -0.6318
0.856     -1.2105     -2.7269     -1.7375     -0.6419
0.857     -1.2253     -2.7557     -1.7565     -0.6521
0.858     -1.2404     -2.7850     -1.7757     -0.6624
0.859     -1.2557     -2.8146     -1.7951     -0.6729
0.860     -1.2712     -2.8447     -1.8149     -0.6836
0.861     -1.2870     -2.8752     -1.8349     -0.6944
0.862     -1.3029     -2.9061     -1.8552     -0.7053
0.863     -1.3191     -2.9375     -1.8758     -0.7164
0.864     -1.3355     -2.9694     -1.8968     -0.7277
0.865     -1.3522     -3.0017     -1.9180     -0.7392
0.866     -1.3691     -3.0345     -1.9395     -0.7508
0.867     -1.3863     -3.0678     -1.9614     -0.7626
0.868     -1.4038     -3.1016     -1.9836     -0.7745
0.869     -1.4215     -3.1359     -2.0061     -0.7871
0.870     -1.4394     -3.1708     -2.0294     -0.7995
0.871     -1.4577     -3.2062     -2.0536     -0.8116
0.872     -1.4762     -3.2421     -2.0781     -0.8243
0.873     -1.4951     -3.2786     -2.1025     -0.8372
0.874     -1.5142     -3.3157     -2.1264     -0.8503
0.875     -1.5337     -3.3534     -2.1510     -0.8637
0.876     -1.5534     -3.3917     -2.1766     -0.8772
0.877     -1.5735     -3.4306     -2.2025     -0.8910
0.878     -1.5939     -3.4702     -2.2289     -0.9050
0.879     -1.6146     -3.5104     -2.2557     -0.9192
0.880     -1.6357     -3.5513     -2.2830     -0.9337
0.881     -1.6571     -3.5928     -2.3107     -0.9484
0.882     -1.6789     -3.6351     -2.3389     -0.9634
0.883     -1.7011     -3.6781     -2.3676     -0.9786
0.884     -1.7237     -3.7218     -2.3968     -0.9941
0.885     -1.7466     -3.7663     -2.4265     -1.0099
0.886     -1.7700     -3.8116     -2.4567     -1.0259
0.887     -1.7938     -3.8577     -2.4874     -1.0422
0.888     -1.8179     -3.9046     -2.5187     -1.0588
0.889     -1.8426     -3.9523     -2.5506     -1.0757
0.890     -1.8676     -4.0009     -2.5830     -1.0929
0.891     -1.8932     -4.0504     -2.6160     -1.1104
0.892     -1.9192     -4.1008     -2.6496     -1.1283
0.893     -1.9457     -4.1522     -2.6839     -1.1465
0.894     -1.9727     -4.2045     -2.7188     -1.1650
0.895     -2.0002     -4.2578     -2.7544     -1.1839
0.896     -2.0282     -4.3122     -2.7907     -1.2031
0.897     -2.0568     -4.3676     -2.8276     -1.2227
0.898     -2.0859     -4.4241     -2.8653     -1.2427
0.899     -2.1157     -4.4817     -2.9037     -1.2631
0.900     -2.1460     -4.5405     -2.9430     -1.2839
0.901     -2.1769     -4.6004     -2.9830     -1.3051
0.902     -2.2085     -4.6616     -3.0238     -1.3268
0.903     -2.2407     -4.7240     -3.0654     -1.3489
0.904     -2.2735     -4.7878     -3.1079     -1.3715
0.905     -2.3071     -4.8529     -3.1514     -1.3945
0.906     -2.3414     -4.9193     -3.1963     -1.4180
0.907     -2.3764     -4.9872     -3.2425     -1.4421
0.908     -2.4122     -5.0566     -3.2891     -1.4666
0.909     -2.4488     -5.1275     -3.3359     -1.4917
0.910     -2.4862     -5.1999     -3.3838     -1.5174
0.911     -2.5244     -5.2740     -3.4327     -1.5436
0.912     -2.5635     -5.3498     -3.4829     -1.5705
0.913     -2.6035     -5.4273     -3.5346     -1.5979
0.914     -2.6444     -5.5067     -3.5876     -1.6260
0.915     -2.6863     -5.5879     -3.6417     -1.6547
0.916     -2.7291     -5.6710     -3.6972     -1.6841
0.917     -2.7730     -5.7561     -3.7540     -1.7143
0.918     -2.8180     -5.8433     -3.8122     -1.7452
0.919     -2.8641     -5.9327     -3.8718     -1.7768
0.920     -2.9114     -6.0243     -3.9331     -1.8097
0.921     -2.9598     -6.1182     -3.9966     -1.8435
0.922     -3.0095     -6.2145     -4.0614     -1.8781
0.923     -3.0605     -6.3133     -4.1266     -1.9136
0.924     -3.1128     -6.4148     -4.1936     -1.9501
0.925     -3.1665     -6.5189     -4.2624     -1.9875
0.926     -3.2217     -6.6258     -4.3330     -2.0260
0.927     -3.2784     -6.7357     -4.4055     -2.0655
0.928     -3.3366     -6.8486     -4.4801     -2.1061
0.929     -3.3965     -6.9647     -4.5567     -2.1479
0.930     -3.4581     -7.0842     -4.6356     -2.1908
0.931     -3.5215     -7.2070     -4.7167     -2.2350
0.932     -3.5867     -7.3335     -4.8003     -2.2805
0.933     -3.6539     -7.4638     -4.8863     -2.3273
0.934     -3.7232     -7.5980     -4.9749     -2.3756
0.935     -3.7945     -7.7364     -5.0663     -2.4253
0.936     -3.8681     -7.8791     -5.1605     -2.4756
0.937     -3.9441     -8.0263     -5.2577     -2.5272
0.938     -4.0224     -8.1782     -5.3580     -2.5805
0.939     -4.1034     -8.3351     -5.4617     -2.6355
0.940     -4.1870     -8.4973     -5.5688     -2.6923
0.941     -4.2735     -8.6650     -5.6795     -2.7511
0.942     -4.3630     -8.8384     -5.7940     -2.8119
0.943     -4.4556     -9.0179     -5.9125     -2.8748
0.944     -4.5515     -9.2039     -6.0353     -2.9400
0.945     -4.6509     -9.3966     -6.1630     -3.0076
0.946     -4.7540     -9.5964     -6.2960     -3.0776
0.947     -4.8610     -9.8038     -6.4341     -3.1503
0.948     -4.9721    -10.0192     -6.5774     -3.2258
0.949     -5.0875    -10.2430     -6.7264     -3.3043
0.950     -5.2076    -10.4757     -6.8813     -3.3859
0.951     -5.3326    -10.7180     -7.0425     -3.4709
0.952     -5.4627    -10.9703     -7.2105     -3.5602
0.953     -5.5984    -11.2334     -7.3856     -3.6534
0.954     -5.7400    -11.5080     -7.5684     -3.7506
0.955     -5.8879    -11.7947     -7.7592     -3.8521
0.956     -6.0426    -12.0944     -7.9587     -3.9582
0.957     -6.2044    -12.4081     -8.1676     -4.0692
0.958     -6.3739    -12.7368     -8.3863     -4.1856
0.959     -6.5517    -13.0815     -8.6157     -4.3076
0.960     -6.7384    -13.4434     -8.8567     -4.4357
0.961     -6.9346    -13.8238     -9.1099     -4.5704
0.962     -7.1412    -14.2243     -9.3765     -4.7122
0.963     -7.3590    -14.6465     -9.6575     -4.8617
0.964     -7.5889    -15.0920     -9.9541     -5.0194
0.965     -7.8318    -15.5631    -10.2676     -5.1861
0.966     -8.0891    -16.0619    -10.5996     -5.3627
0.967     -8.3620    -16.5909    -10.9517     -5.5500
0.968     -8.6519    -17.1529    -11.3258     -5.7490
0.969     -8.9605    -17.7512    -11.7241     -5.9608
0.970     -9.2897    -18.3894    -12.1489     -6.1867
0.971     -9.6417    -19.0717    -12.6030     -6.4283
0.972    -10.0187    -19.8026    -13.0896     -6.6870
0.973    -10.4237    -20.5876    -13.6121     -6.9650
0.974    -10.8598    -21.4332    -14.1749     -7.2643
0.975    -11.3308    -22.3463    -14.7827     -7.5876
0.976    -11.8411    -23.3355    -15.4412     -7.9378
0.977    -12.3958    -24.4107    -16.1563     -8.3196
0.978    -13.0008    -25.5837    -16.9358     -8.7363
0.979    -13.6635    -26.8683    -17.7894     -9.1926
0.980    -14.3924    -28.2815    -18.7304     -9.6947
0.981    -15.1982    -29.8434    -19.7730    -10.2495
0.982    -16.0934    -31.5790    -20.9283    -10.8659
0.983    -17.0939    -33.5186    -22.2192    -11.5551
0.984    -18.2195    -35.7006    -23.6716    -12.3302
0.985    -19.4952    -38.1738    -25.3180    -13.2087
0.986    -20.9531    -41.0001    -27.1957    -14.2127
0.987    -22.6354    -44.2611    -29.3621    -15.3711
0.988    -24.5978    -48.0657    -31.8892    -16.7226
0.989    -26.9173    -52.5624    -34.8762    -18.3197
0.990    -29.7007    -57.9579    -38.4680    -20.2370
0.991    -33.1026    -64.5531    -42.8601    -22.5796
0.992    -37.3546    -72.7964    -48.3500    -25.5079
0.993    -42.8219    -83.3949    -55.4081    -29.2727
0.994    -50.1117    -97.5261    -64.8198    -34.2924
0.995    -60.3175   -117.3117    -77.9954    -41.3225
0.996    -75.6264   -146.9876    -97.7479    -51.8648
0.997   -101.1390   -196.4471   -130.6719    -69.4359
0.998   -152.1685   -295.3762   -196.5160   -104.5770
0.999   -305.2656   -592.1968   -394.0581   -209.9876
