0.001    -27.3407    -39.9862    -36.1155    -18.2997
0.002    -13.1779    -19.4759    -17.5555     -8.6621
0.003     -8.4569    -12.6392    -11.3688     -5.4467
0.004     -6.0964     -9.2208     -8.2755     -3.8390
0.005     -4.6802     -7.1698     -6.4195     -2.8744
0.006     -3.7360     -5.8024     -5.1822     -2.2313
0.007     -3.0615     -4.8257     -4.2984     -1.7720
0.008     -2.5557     -4.0932     -3.6355     -1.4275
0.009     -2.1623     -3.5235     -3.1200     -1.1604
0.010     -1.8476     -3.0677     -2.7075     -0.9473
0.011     -1.5901     -2.6948     -2.3701     -0.7730
0.012     -1.3755     -2.3840     -2.0888     -0.6277
0.013     -1.1939     -2.1211     -1.8509     -0.5048
0.014     -1.0383     -1.8957     -1.6469     -0.3994
0.015     -0.9034     -1.7004     -1.4702     -0.3081
0.016     -0.7854     -1.5294     -1.3155     -0.2282
0.017     -0.6812     -1.3786     -1.1793     -0.1577
0.018     -0.5887     -1.2446     -1.0588     -0.0943
0.019     -0.5058     -1.1246     -0.9511     -0.0375
0.020     -0.4313     -1.0167     -0.8541      0.0136
0.021     -0.3639     -0.9190     -0.7664      0.0599
0.022     -0.3025     -0.8302     -0.6867      0.1019
0.023     -0.2466     -0.7491     -0.6138      0.1403
0.024     -0.1952     -0.6748     -0.5471      0.1755
0.025     -0.1480     -0.6065     -0.4857      0.2079
0.026     -0.1045     -0.5434     -0.4288      0.2378
0.027     -0.0641     -0.4849     -0.3759      0.2654
0.028     -0.0266     -0.4307     -0.3267      0.2904
0.029      0.0082     -0.3801     -0.2810      0.3137
0.030      0.0408     -0.3330     -0.2383      0.3355
0.031      0.0713     -0.2889     -0.1984      0.3559
0.032      0.0998     -0.2475     -0.1610      0.3754
0.033      0.1266     -0.2087     -0.1258      0.3939
0.034      0.1519     -0.1721     -0.0927      0.4112
0.035      0.1757     -0.1377     -0.0615      0.4276
0.036      0.1982     -0.1051     -0.0320      0.4430
0.037      0.2194     -0.0743     -0.0041      0.4576
0.038      0.2396     -0.0451      0.0223      0.4715
0.039      0.2587     -0.0175      0.0474      0.4846
0.040      0.2769      0.0088      0.0712      0.4971
0.041      0.2941      0.0339      0.0937      0.5090
0.042      0.3106      0.0577      0.1150      0.5203
0.043      0.3263      0.0804      0.1354      0.5309
0.044      0.3412      0.1021      0.1549      0.5410
0.045      0.3555      0.1228      0.1735      0.5507
0.046      0.3692      0.1426      0.1912      0.5600
0.047      0.3823      0.1616      0.2083      0.5688
0.048      0.3949      0.1798      0.2246      0.5773
0.049      0.4069      0.1972      0.2402      0.5853
0.050      0.4185      0.2139      0.2553      0.5930
0.051      0.4296      0.2300      0.2697      0.6003
0.052      0.4403      0.2455      0.2836      0.6073
0.053      0.4505      0.2604      0.2969      0.6141
0.054      0.4604      0.2747      0.3098      0.6208
0.055      0.4700      0.2885      0.3222      0.6270
0.056      0.4792      0.3018      0.3341      0.6320
0.057      0.4881      0.3147      0.3457      0.6375
0.058      0.4966      0.3271      0.3593      0.6401
0.059      0.5049      0.3391      0.3702      0.6451
0.060      0.5129      0.3507      0.3814      0.6466
0.061      0.5206      0.3619      0.3921      0.6502
0.062      0.5281      0.3727      0.4064      0.6521
0.063      0.5354      0.3832      0.4187      0.6555
0.064      0.5424      0.3934      0.4316      0.6564
0.065      0.5492      0.4033      0.4446      0.6583
0.066      0.5558      0.4128      0.4574      0.6594
0.067      0.5622      0.4221      0.4688      0.6605
0.068      0.5684      0.4311      0.4793      0.6612
0.069      0.5739      0.4380      0.4892      0.6626
0.070      0.5732      0.4379      0.4904      0.6597
0.071      0.5726      0.4378      0.4889      0.6600
0.072      0.5719      0.4377      0.4866      0.6599
0.073      0.5712      0.4376      0.4859      0.6597
0.074      0.5705      0.4375      0.4848      0.6631
0.075      0.5698      0.4374      0.4834      0.6627
0.076      0.5692      0.4373      0.4814      0.6627
0.077      0.5685      0.4372      0.4799      0.6638
0.078      0.5678      0.4371      0.4774      0.6630
0.079      0.5671      0.4370      0.4766      0.6626
0.080      0.5664      0.4368      0.4759      0.6631
0.081      0.5657      0.4367      0.4751      0.6622
0.082      0.5650      0.4366      0.4732      0.6614
0.083      0.5643      0.4365      0.4724      0.6605
0.084      0.5636      0.4364      0.4716      0.6597
0.085      0.5629      0.4363      0.4708      0.6590
0.086      0.5622      0.4362      0.4701      0.6584
0.087      0.5615      0.4361      0.4695      0.6579
0.088      0.5608      0.4360      0.4689      0.6573
0.089      0.5601      0.4359      0.4684      0.6567
0.090      0.5594      0.4358      0.4678      0.6561
0.091      0.5587      0.4357      0.4672      0.6554
0.092      0.5580      0.4355      0.4666      0.6548
0.093      0.5573      0.4354      0.4660      0.6542
0.094      0.5566      0.4353      0.4654      0.6536
0.095      0.5559      0.4352      0.4646      0.6530
0.096      0.5551      0.4351      0.4639      0.6524
0.097      0.5544      0.4350      0.4631      0.6518
0.098      0.5537      0.4349      0.4623      0.6512
0.099      0.5530      0.4348      0.4614      0.6506
0.100      0.5523      0.4347      0.4604      0.6500
0.101      0.5515      0.4346      0.4595      0.6493
0.102      0.5508      0.4344      0.4586      0.6487
0.103      0.5501      0.4343      0.4576      0.6481
0.104      0.5494      0.4342      0.4569      0.6475
0.105      0.5486      0.4341      0.4563      0.6469
0.106      0.5479      0.4340      0.4557      0.6462
0.107      0.5472      0.4339      0.4550      0.6456
0.108      0.5464      0.4338      0.4544      0.6450
0.109      0.5457      0.4336      0.4538      0.6442
0.110      0.5450      0.4335      0.4530      0.6433
0.111      0.5442      0.4334      0.4523      0.6424
0.112      0.5435      0.4333      0.4517      0.6414
0.113      0.5427      0.4332      0.4509      0.6405
0.114      0.5420      0.4331      0.4503      0.6395
0.115      0.5412      0.4330      0.4497      0.6385
0.116      0.5405      0.4328      0.4490      0.6375
0.117      0.5397      0.4327      0.4482      0.6367
0.118      0.5390      0.4326      0.4474      0.6358
0.119      0.5382      0.4325      0.4465      0.6348
0.120      0.5375      0.4324      0.4455      0.6341
0.121      0.5367      0.4323      0.4445      0.6334
0.122      0.5360      0.4321      0.4435      0.6326
0.123      0.5352      0.4320      0.4426      0.6318
0.124      0.5344      0.4319      0.4417      0.6309
0.125      0.5337      0.4318      0.4409      0.6301
0.126      0.5329      0.4317      0.4401      0.6294
0.127      0.5321      0.4316      0.4393      0.6286
0.128      0.5314      0.4314      0.4385      0.6278
0.129      0.5306      0.4313      0.4377      0.6270
0.130      0.5298      0.4312      0.4370      0.6265
0.131      0.5291      0.4311      0.4363      0.6259
0.132      0.5283      0.4310      0.4356      0.6252
0.133      0.5275      0.4308      0.4349      0.6243
0.134      0.5267      0.4307      0.4342      0.6234
0.135      0.5259      0.4306      0.4334      0.6225
0.136      0.5252      0.4305      0.4327      0.6216
0.137      0.5244      0.4304      0.4320      0.6207
0.138      0.5236      0.4302      0.4312      0.6199
0.139      0.5228      0.4301      0.4302      0.6191
0.140      0.5220      0.4300      0.4293      0.6182
0.141      0.5212      0.4299      0.4283      0.6173
0.142      0.5204      0.4298      0.4275      0.6164
0.143      0.5196      0.4296      0.4268      0.6155
0.144      0.5188      0.4295      0.4261      0.6146
0.145      0.5180      0.4294      0.4254      0.6139
0.146      0.5172      0.4293      0.4247      0.6132
0.147      0.5164      0.4291      0.4241      0.6125
0.148      0.5156      0.4290      0.4234      0.6118
0.149      0.5148      0.4289      0.4227      0.6110
0.150      0.5140      0.4288      0.4218      0.6102
0.151      0.5132      0.4286      0.4209      0.6094
0.152      0.5124      0.4285      0.4200      0.6084
0.153      0.5116      0.4284      0.4191      0.6075
0.154      0.5107      0.4283      0.4182      0.6066
0.155      0.5099      0.4281      0.4172      0.6056
0.156      0.5091      0.4280      0.4164      0.6047
0.157      0.5083      0.4279      0.4155      0.6037
0.158      0.5075      0.4278      0.4146      0.6028
0.159      0.5066      0.4276      0.4136      0.6019
0.160      0.5058      0.4275      0.4127      0.6009
0.161      0.5050      0.4274      0.4118      0.6000
0.162      0.5041      0.4272      0.4110      0.5990
0.163      0.5033      0.4271      0.4103      0.5981
0.164      0.5025      0.4270      0.4095      0.5973
0.165      0.5016      0.4269      0.4087      0.5962
0.166      0.5008      0.4267      0.4080      0.5952
0.167      0.4999      0.4266      0.4073      0.5942
0.168      0.4991      0.4265      0.4066      0.5933
0.169      0.4983      0.4263      0.4059      0.5925
0.170      0.4974      0.4262      0.4052      0.5918
0.171      0.4966      0.4261      0.4044      0.5910
0.172      0.4957      0.4259      0.4035      0.5901
0.173      0.4948      0.4258      0.4025      0.5893
0.174      0.4940      0.4257      0.4015      0.5885
0.175      0.4931      0.4255      0.4005      0.5877
0.176      0.4923      0.4254      0.3995      0.5869
0.177      0.4914      0.4253      0.3987      0.5861
0.178      0.4905      0.4251      0.3979      0.5853
0.179      0.4897      0.4250      0.3970      0.5844
0.180      0.4888      0.4249      0.3962      0.5833
0.181      0.4879      0.4247      0.3953      0.5823
0.182      0.4871      0.4246      0.3945      0.5813
0.183      0.4862      0.4245      0.3937      0.5803
0.184      0.4853      0.4243      0.3928      0.5794
0.185      0.4844      0.4242      0.3920      0.5784
0.186      0.4835      0.4241      0.3911      0.5774
0.187      0.4827      0.4239      0.3901      0.5764
0.188      0.4818      0.4238      0.3892      0.5753
0.189      0.4809      0.4237      0.3883      0.5743
0.190      0.4800      0.4235      0.3873      0.5733
0.191      0.4791      0.4234      0.3864      0.5723
0.192      0.4782      0.4232      0.3854      0.5714
0.193      0.4773      0.4231      0.3845      0.5705
0.194      0.4764      0.4230      0.3835      0.5698
0.195      0.4755      0.4228      0.3826      0.5691
0.196      0.4746      0.4227      0.3817      0.5684
0.197      0.4737      0.4225      0.3807      0.5677
0.198      0.4728      0.4224      0.3797      0.5669
0.199      0.4719      0.4223      0.3787      0.5663
0.200      0.4710      0.4221      0.3778      0.5656
0.201      0.4700      0.4220      0.3769      0.5649
0.202      0.4691      0.4218      0.3762      0.5641
0.203      0.4682      0.4217      0.3752      0.5631
0.204      0.4673      0.4216      0.3743      0.5622
0.205      0.4664      0.4214      0.3733      0.5611
0.206      0.4654      0.4213      0.3723      0.5600
0.207      0.4645      0.4211      0.3711      0.5588
0.208      0.4636      0.4210      0.3700      0.5577
0.209      0.4626      0.4208      0.3690      0.5565
0.210      0.4617      0.4207      0.3680      0.5557
0.211      0.4608      0.4205      0.3669      0.5549
0.212      0.4598      0.4204      0.3658      0.5540
0.213      0.4589      0.4203      0.3649      0.5532
0.214      0.4579      0.4201      0.3640      0.5522
0.215      0.4570      0.4200      0.3630      0.5512
0.216      0.4560      0.4198      0.3620      0.5502
0.217      0.4551      0.4197      0.3610      0.5495
0.218      0.4541      0.4195      0.3600      0.5488
0.219      0.4532      0.4194      0.3589      0.5481
0.220      0.4522      0.4192      0.3579      0.5470
0.221      0.4512      0.4191      0.3569      0.5458
0.222      0.4503      0.4189      0.3559      0.5447
0.223      0.4493      0.4188      0.3549      0.5439
0.224      0.4483      0.4186      0.3539      0.5431
0.225      0.4474      0.4185      0.3528      0.5423
0.226      0.4464      0.4183      0.3519      0.5415
0.227      0.4454      0.4182      0.3510      0.5406
0.228      0.4444      0.4180      0.3501      0.5396
0.229      0.4434      0.4179      0.3492      0.5386
0.230      0.4424      0.4177      0.3480      0.5376
0.231      0.4415      0.4176      0.3467      0.5366
0.232      0.4405      0.4174      0.3455      0.5356
0.233      0.4395      0.4173      0.3445      0.5346
0.234      0.4385      0.4171      0.3434      0.5336
0.235      0.4375      0.4170      0.3424      0.5326
0.236      0.4365      0.4168      0.3415      0.5315
0.237      0.4355      0.4166      0.3403      0.5305
0.238      0.4345      0.4165      0.3392      0.5295
0.239      0.4335      0.4163      0.3381      0.5285
0.240      0.4324      0.4162      0.3370      0.5275
0.241      0.4314      0.4160      0.3360      0.5264
0.242      0.4304      0.4159      0.3349      0.5254
0.243      0.4294      0.4157      0.3338      0.5244
0.244      0.4284      0.4156      0.3327      0.5234
0.245      0.4273      0.4154      0.3316      0.5224
0.246      0.4263      0.4152      0.3306      0.5215
0.247      0.4253      0.4151      0.3294      0.5205
0.248      0.4242      0.4149      0.3282      0.5197
0.249      0.4232      0.4148      0.3270      0.5189
0.250      0.4222      0.4146      0.3258      0.5178
0.251      0.4211      0.4144      0.3247      0.5167
0.252      0.4201      0.4143      0.3236      0.5157
0.253      0.4190      0.4141      0.3224      0.5149
0.254      0.4180      0.4140      0.3213      0.5141
0.255      0.4169      0.4138      0.3202      0.5134
0.256      0.4159      0.4136      0.3190      0.5126
0.257      0.4148      0.4135      0.3179      0.5119
0.258      0.4138      0.4133      0.3168      0.5111
0.259      0.4127      0.4131      0.3158      0.5104
0.260      0.4116      0.4130      0.3148      0.5096
0.261      0.4106      0.4128      0.3137      0.5089
0.262      0.4095      0.4126      0.3127      0.5081
0.263      0.4084      0.4125      0.3116      0.5073
0.264      0.4073      0.4123      0.3105      0.5066
0.265      0.4062      0.4121      0.3093      0.5055
0.266      0.4052      0.4120      0.3082      0.5044
0.267      0.4041      0.4118      0.3070      0.5033
0.268      0.4030      0.4116      0.3059      0.5024
0.269      0.4019      0.4115      0.3047      0.5015
0.270      0.4008      0.4113      0.3036      0.5007
0.271      0.3997      0.4111      0.3024      0.4998
0.272      0.3986      0.4110      0.3012      0.4987
0.273      0.3975      0.4108      0.3001      0.4976
0.274      0.3964      0.4106      0.2989      0.4964
0.275      0.3953      0.4104      0.2977      0.4953
0.276      0.3941      0.4103      0.2965      0.4941
0.277      0.3930      0.4101      0.2954      0.4927
0.278      0.3919      0.4099      0.2939      0.4917
0.279      0.3908      0.4098      0.2923      0.4906
0.280      0.3896      0.4096      0.2909      0.4895
0.281      0.3885      0.4094      0.2893      0.4884
0.282      0.3874      0.4092      0.2878      0.4874
0.283      0.3862      0.4091      0.2863      0.4865
0.284      0.3851      0.4089      0.2847      0.4855
0.285      0.3840      0.4087      0.2835      0.4845
0.286      0.3828      0.4085      0.2822      0.4834
0.287      0.3817      0.4083      0.2810      0.4824
0.288      0.3805      0.4082      0.2796      0.4814
0.289      0.3794      0.4080      0.2781      0.4805
0.290      0.3782      0.4078      0.2766      0.4795
0.291      0.3770      0.4076      0.2751      0.4785
0.292      0.3759      0.4075      0.2735      0.4775
0.293      0.3747      0.4073      0.2719      0.4765
0.294      0.3735      0.4071      0.2704      0.4755
0.295      0.3723      0.4069      0.2688      0.4745
0.296      0.3712      0.4067      0.2674      0.4735
0.297      0.3700      0.4065      0.2661      0.4724
0.298      0.3688      0.4064      0.2648      0.4714
0.299      0.3676      0.4062      0.2636      0.4702
0.300      0.3664      0.4060      0.2623      0.4690
0.301      0.3652      0.4058      0.2610      0.4678
0.302      0.3640      0.4056      0.2597      0.4666
0.303      0.3628      0.4054      0.2584      0.4655
0.304      0.3616      0.4053      0.2571      0.4645
0.305      0.3604      0.4051      0.2558      0.4635
0.306      0.3592      0.4049      0.2544      0.4624
0.307      0.3580      0.4047      0.2529      0.4614
0.308      0.3567      0.4045      0.2514      0.4603
0.309      0.3555      0.4043      0.2499      0.4593
0.310      0.3543      0.4041      0.2484      0.4582
0.311      0.3531      0.4039      0.2469      0.4572
0.312      0.3518      0.4037      0.2454      0.4561
0.313      0.3506      0.4036      0.2439      0.4549
0.314      0.3493      0.4034      0.2424      0.4537
0.315      0.3481      0.4032      0.2409      0.4524
0.316      0.3469      0.4030      0.2394      0.4511
0.317      0.3456      0.4028      0.2381      0.4498
0.318      0.3443      0.4026      0.2368      0.4488
0.319      0.3431      0.4024      0.2355      0.4479
0.320      0.3418      0.4022      0.2342      0.4470
0.321      0.3406      0.4020      0.2329      0.4458
0.322      0.3393      0.4018      0.2316      0.4446
0.323      0.3380      0.4016      0.2303      0.4434
0.324      0.3367      0.4014      0.2290      0.4422
0.325      0.3354      0.4012      0.2279      0.4410
0.326      0.3342      0.4010      0.2267      0.4398
0.327      0.3329      0.4008      0.2256      0.4387
0.328      0.3316      0.4006      0.2242      0.4376
0.329      0.3303      0.4004      0.2227      0.4365
0.330      0.3290      0.4002      0.2213      0.4354
0.331      0.3277      0.4000      0.2200      0.4343
0.332      0.3264      0.3998      0.2187      0.4332
0.333      0.3250      0.3996      0.2174      0.4321
0.334      0.3237      0.3994      0.2159      0.4310
0.335      0.3224      0.3992      0.2143      0.4299
0.336      0.3211      0.3990      0.2129      0.4287
0.337      0.3197      0.3988      0.2113      0.4277
0.338      0.3184      0.3986      0.2097      0.4265
0.339      0.3171      0.3984      0.2082      0.4254
0.340      0.3157      0.3982      0.2067      0.4243
0.341      0.3144      0.3980      0.2051      0.4232
0.342      0.3130      0.3978      0.2035      0.4220
0.343      0.3117      0.3976      0.2020      0.4209
0.344      0.3103      0.3973      0.2004      0.4198
0.345      0.3090      0.3971      0.1987      0.4186
0.346      0.3076      0.3969      0.1969      0.4175
0.347      0.3062      0.3967      0.1951      0.4163
0.348      0.3048      0.3965      0.1932      0.4152
0.349      0.3035      0.3963      0.1914      0.4140
0.350      0.3021      0.3961      0.1896      0.4128
0.351      0.3007      0.3959      0.1877      0.4117
0.352      0.2993      0.3956      0.1860      0.4105
0.353      0.2979      0.3954      0.1848      0.4093
0.354      0.2965      0.3952      0.1835      0.4080
0.355      0.2951      0.3950      0.1823      0.4068
0.356      0.2937      0.3948      0.1806      0.4051
0.357      0.2923      0.3946      0.1787      0.4035
0.358      0.2909      0.3943      0.1768      0.4023
0.359      0.2894      0.3941      0.1748      0.4012
0.360      0.2880      0.3939      0.1728      0.4000
0.361      0.2866      0.3937      0.1709      0.3988
0.362      0.2851      0.3935      0.1692      0.3977
0.363      0.2837      0.3932      0.1676      0.3965
0.364      0.2823      0.3930      0.1660      0.3954
0.365      0.2808      0.3928      0.1645      0.3942
0.366      0.2794      0.3926      0.1629      0.3930
0.367      0.2779      0.3923      0.1613      0.3918
0.368      0.2764      0.3921      0.1597      0.3907
0.369      0.2750      0.3919      0.1580      0.3894
0.370      0.2735      0.3917      0.1563      0.3880
0.371      0.2720      0.3914      0.1547      0.3865
0.372      0.2705      0.3912      0.1531      0.3853
0.373      0.2690      0.3910      0.1514      0.3841
0.374      0.2676      0.3907      0.1498      0.3829
0.375      0.2661      0.3905      0.1481      0.3818
0.376      0.2646      0.3903      0.1465      0.3806
0.377      0.2631      0.3901      0.1448      0.3794
0.378      0.2615      0.3898      0.1431      0.3782
0.379      0.2600      0.3896      0.1415      0.3770
0.380      0.2585      0.3894      0.1398      0.3758
0.381      0.2570      0.3891      0.1381      0.3745
0.382      0.2554      0.3889      0.1364      0.3730
0.383      0.2539      0.3886      0.1347      0.3715
0.384      0.2524      0.3884      0.1330      0.3700
0.385      0.2508      0.3882      0.1313      0.3685
0.386      0.2493      0.3879      0.1296      0.3673
0.387      0.2477      0.3877      0.1279      0.3660
0.388      0.2462      0.3875      0.1262      0.3649
0.389      0.2446      0.3872      0.1244      0.3636
0.390      0.2430      0.3870      0.1227      0.3618
0.391      0.2415      0.3867      0.1209      0.3601
0.392      0.2399      0.3865      0.1191      0.3584
0.393      0.2383      0.3862      0.1172      0.3566
0.394      0.2367      0.3860      0.1152      0.3548
0.395      0.2351      0.3857      0.1136      0.3533
0.396      0.2335      0.3855      0.1118      0.3520
0.397      0.2319      0.3852      0.1101      0.3508
0.398      0.2303      0.3850      0.1084      0.3495
0.399      0.2287      0.3847      0.1067      0.3482
0.400      0.2270      0.3845      0.1048      0.3469
0.401      0.2254      0.3842      0.1029      0.3456
0.402      0.2238      0.3840      0.1009      0.3443
0.403      0.2221      0.3837      0.0989      0.3430
0.404      0.2205      0.3835      0.0969      0.3417
0.405      0.2188      0.3832      0.0949      0.3404
0.406      0.2172      0.3830      0.0930      0.3391
0.407      0.2155      0.3827      0.0910      0.3380
0.408      0.2138      0.3825      0.0891      0.3371
0.409      0.2122      0.3822      0.0872      0.3362
0.410      0.2105      0.3819      0.0853      0.3349
0.411      0.2088      0.3817      0.0833      0.3334
0.412      0.2071      0.3814      0.0814      0.3320
0.413      0.2054      0.3812      0.0794      0.3305
0.414      0.2037      0.3809      0.0774      0.3291
0.415      0.2020      0.3806      0.0748      0.3276
0.416      0.2003      0.3804      0.0725      0.3261
0.417      0.1986      0.3801      0.0705      0.3246
0.418      0.1969      0.3798      0.0684      0.3232
0.419      0.1951      0.3796      0.0663      0.3217
0.420      0.1934      0.3793      0.0644      0.3202
0.421      0.1916      0.3790      0.0621      0.3187
0.422      0.1899      0.3788      0.0600      0.3172
0.423      0.1881      0.3785      0.0579      0.3157
0.424      0.1864      0.3782      0.0557      0.3142
0.425      0.1846      0.3780      0.0534      0.3127
0.426      0.1828      0.3777      0.0510      0.3114
0.427      0.1811      0.3774      0.0488      0.3102
0.428      0.1793      0.3771      0.0470      0.3089
0.429      0.1775      0.3769      0.0450      0.3075
0.430      0.1757      0.3766      0.0431      0.3061
0.431      0.1739      0.3763      0.0411      0.3049
0.432      0.1721      0.3760      0.0387      0.3036
0.433      0.1702      0.3757      0.0362      0.3021
0.434      0.1684      0.3755      0.0340      0.3005
0.435      0.1666      0.3752      0.0315      0.2990
0.436      0.1648      0.3749      0.0291      0.2975
0.437      0.1629      0.3746      0.0271      0.2959
0.438      0.1611      0.3743      0.0251      0.2945
0.439      0.1592      0.3740      0.0229      0.2930
0.440      0.1573      0.3738      0.0206      0.2915
0.441      0.1555      0.3735      0.0184      0.2900
0.442      0.1536      0.3732      0.0161      0.2885
0.443      0.1517      0.3729      0.0138      0.2870
0.444      0.1498      0.3726      0.0116      0.2855
0.445      0.1479      0.3723      0.0093      0.2840
0.446      0.1460      0.3720      0.0070      0.2825
0.447      0.1441      0.3717      0.0047      0.2808
0.448      0.1422      0.3714      0.0024      0.2791
0.449      0.1403      0.3711     -0.0001      0.2775
0.450      0.1383      0.3708     -0.0024      0.2758
0.451      0.1364      0.3705     -0.0052      0.2741
0.452      0.1344      0.3702     -0.0079      0.2724
0.453      0.1325      0.3699     -0.0107      0.2708
0.454      0.1305      0.3696     -0.0135      0.2691
0.455      0.1286      0.3693     -0.0162      0.2674
0.456      0.1266      0.3690     -0.0190      0.2657
0.457      0.1246      0.3687     -0.0216      0.2639
0.458      0.1226      0.3684     -0.0238      0.2622
0.459      0.1206      0.3681     -0.0260      0.2605
0.460      0.1186      0.3678     -0.0282      0.2589
0.461      0.1166      0.3675     -0.0304      0.2575
0.462      0.1146      0.3672     -0.0326      0.2561
0.463      0.1126      0.3668     -0.0348      0.2546
0.464      0.1105      0.3665     -0.0370      0.2532
0.465      0.1085      0.3662     -0.0393      0.2517
0.466      0.1064      0.3659     -0.0415      0.2503
0.467      0.1044      0.3656     -0.0438      0.2488
0.468      0.1023      0.3653     -0.0460      0.2474
0.469      0.1002      0.3649     -0.0483      0.2459
0.470      0.0982      0.3646     -0.0508      0.2444
0.471      0.0961      0.3643     -0.0533      0.2428
0.472      0.0940      0.3640     -0.0559      0.2412
0.473      0.0919      0.3637     -0.0586      0.2395
0.474      0.0898      0.3633     -0.0614      0.2378
0.475      0.0876      0.3630     -0.0642      0.2361
0.476      0.0855      0.3627     -0.0670      0.2344
0.477      0.0834      0.3623     -0.0698      0.2327
0.478      0.0812      0.3620     -0.0726      0.2310
0.479      0.0791      0.3617     -0.0755      0.2293
0.480      0.0769      0.3613     -0.0782      0.2276
0.481      0.0748      0.3610     -0.0804      0.2259
0.482      0.0726      0.3607     -0.0826      0.2241
0.483      0.0704      0.3603     -0.0849      0.2225
0.484      0.0682      0.3600     -0.0877      0.2210
0.485      0.0660      0.3597     -0.0905      0.2194
0.486      0.0638      0.3593     -0.0934      0.2173
0.487      0.0616      0.3590     -0.0962      0.2154
0.488      0.0593      0.3586     -0.0991      0.2136
0.489      0.0571      0.3583     -0.1019      0.2119
0.490      0.0548      0.3579     -0.1047      0.2101
0.491      0.0526      0.3576     -0.1077      0.2083
0.492      0.0503      0.3572     -0.1106      0.2065
0.493      0.0481      0.3569     -0.1136      0.2046
0.494      0.0458      0.3565     -0.1166      0.2028
0.495      0.0435      0.3562     -0.1195      0.2010
0.496      0.0412      0.3558     -0.1225      0.1992
0.497      0.0389      0.3555     -0.1255      0.1973
0.498      0.0366      0.3551     -0.1285      0.1955
0.499      0.0342      0.3548     -0.1313      0.1938
0.500      0.0319      0.3544     -0.1338      0.1922
0.501      0.0295      0.3540     -0.1364      0.1905
0.502      0.0272      0.3537     -0.1389      0.1888
0.503      0.0248      0.3533     -0.1414      0.1872
0.504      0.0224      0.3529     -0.1442      0.1855
0.505      0.0201      0.3526     -0.1472      0.1838
0.506      0.0177      0.3522     -0.1502      0.1818
0.507      0.0153      0.3518     -0.1532      0.1798
0.508      0.0129      0.3515     -0.1563      0.1780
0.509      0.0104      0.3511     -0.1593      0.1759
0.510      0.0080      0.3507     -0.1624      0.1740
0.511      0.0056      0.3503     -0.1655      0.1720
0.512      0.0031      0.3500     -0.1687      0.1700
0.513      0.0006      0.3496     -0.1716      0.1680
0.514     -0.0018      0.3492     -0.1747      0.1660
0.515     -0.0043      0.3488     -0.1778      0.1640
0.516     -0.0068      0.3484     -0.1809      0.1620
0.517     -0.0093      0.3480     -0.1841      0.1600
0.518     -0.0118      0.3477     -0.1874      0.1580
0.519     -0.0144      0.3473     -0.1907      0.1559
0.520     -0.0169      0.3469     -0.1940      0.1539
0.521     -0.0194      0.3465     -0.1974      0.1518
0.522     -0.0220      0.3461     -0.2007      0.1497
0.523     -0.0246      0.3457     -0.2038      0.1477
0.524     -0.0271      0.3453     -0.2070      0.1456
0.525     -0.0297      0.3449     -0.2101      0.1435
0.526     -0.0323      0.3445     -0.2133      0.1414
0.527     -0.0349      0.3441     -0.2164      0.1393
0.528     -0.0376      0.3437     -0.2195      0.1372
0.529     -0.0402      0.3433     -0.2228      0.1347
0.530     -0.0428      0.3429     -0.2260      0.1324
0.531     -0.0455      0.3425     -0.2293      0.1303
0.532     -0.0482      0.3421     -0.2325      0.1285
0.533     -0.0508      0.3416     -0.2358      0.1265
0.534     -0.0535      0.3412     -0.2394      0.1243
0.535     -0.0562      0.3408     -0.2426      0.1221
0.536     -0.0590      0.3404     -0.2459      0.1200
0.537     -0.0617      0.3400     -0.2492      0.1181
0.538     -0.0644      0.3395     -0.2525      0.1161
0.539     -0.0672      0.3391     -0.2559      0.1141
0.540     -0.0699      0.3387     -0.2593      0.1122
0.541     -0.0727      0.3383     -0.2625      0.1098
0.542     -0.0755      0.3378     -0.2658      0.1074
0.543     -0.0783      0.3374     -0.2692      0.1049
0.544     -0.0811      0.3370     -0.2727      0.1026
0.545     -0.0839      0.3365     -0.2764      0.1003
0.546     -0.0867      0.3361     -0.2801      0.0980
0.547     -0.0896      0.3357     -0.2838      0.0957
0.548     -0.0924      0.3352     -0.2876      0.0933
0.549     -0.0953      0.3348     -0.2914      0.0910
0.550     -0.0982      0.3343     -0.2951      0.0888
0.551     -0.1011      0.3339     -0.2989      0.0866
0.552     -0.1040      0.3334     -0.3023      0.0844
0.553     -0.1069      0.3330     -0.3057      0.0822
0.554     -0.1099      0.3325     -0.3092      0.0801
0.555     -0.1128      0.3321     -0.3126      0.0782
0.556     -0.1158      0.3316     -0.3161      0.0762
0.557     -0.1188      0.3312     -0.3196      0.0742
0.558     -0.1217      0.3307     -0.3232      0.0722
0.559     -0.1248      0.3302     -0.3267      0.0701
0.560     -0.1278      0.3298     -0.3306      0.0681
0.561     -0.1308      0.3293     -0.3345      0.0661
0.562     -0.1338      0.3288     -0.3385      0.0640
0.563     -0.1369      0.3284     -0.3427      0.0619
0.564     -0.1400      0.3279     -0.3469      0.0592
0.565     -0.1431      0.3274     -0.3512      0.0564
0.566     -0.1462      0.3269     -0.3554      0.0536
0.567     -0.1493      0.3265     -0.3592      0.0508
0.568     -0.1524      0.3260     -0.3628      0.0480
0.569     -0.1556      0.3255     -0.3665      0.0456
0.570     -0.1587      0.3250     -0.3705      0.0432
0.571     -0.1619      0.3245     -0.3746      0.0408
0.572     -0.1651      0.3240     -0.3788      0.0384
0.573     -0.1683      0.3235     -0.3829      0.0363
0.574     -0.1715      0.3230     -0.3867      0.0338
0.575     -0.1747      0.3225     -0.3905      0.0314
0.576     -0.1780      0.3220     -0.3943      0.0287
0.577     -0.1812      0.3215     -0.3981      0.0263
0.578     -0.1845      0.3210     -0.4019      0.0238
0.579     -0.1878      0.3205     -0.4058      0.0213
0.580     -0.1911      0.3200     -0.4097      0.0189
0.581     -0.1945      0.3195     -0.4136      0.0165
0.582     -0.1978      0.3190     -0.4175      0.0141
0.583     -0.2012      0.3185     -0.4214      0.0115
0.584     -0.2045      0.3179     -0.4258      0.0090
0.585     -0.2079      0.3174     -0.4305      0.0068
0.586     -0.2113      0.3169     -0.4351      0.0044
0.587     -0.2148      0.3164     -0.4396      0.0019
0.588     -0.2182      0.3158     -0.4436     -0.0006
0.589     -0.2216      0.3153     -0.4479     -0.0030
0.590     -0.2251      0.3148     -0.4526     -0.0055
0.591     -0.2286      0.3142     -0.4574     -0.0080
0.592     -0.2321      0.3137     -0.4621     -0.0106
0.593     -0.2356      0.3131     -0.4669     -0.0131
0.594     -0.2392      0.3126     -0.4717     -0.0156
0.595     -0.2428      0.3120     -0.4765     -0.0182
0.596     -0.2463      0.3115     -0.4814     -0.0208
0.597     -0.2499      0.3109     -0.4860     -0.0236
0.598     -0.2535      0.3104     -0.4905     -0.0264
0.599     -0.2572      0.3098     -0.4951     -0.0292
0.600     -0.2608      0.3093     -0.4996     -0.0321
0.601     -0.2645      0.3087     -0.5041     -0.0349
0.602     -0.2682      0.3081     -0.5086     -0.0377
0.603     -0.2719      0.3075     -0.5131     -0.0406
0.604     -0.2756      0.3070     -0.5176     -0.0435
0.605     -0.2793      0.3064     -0.5223     -0.0464
0.606     -0.2831      0.3058     -0.5273     -0.0493
0.607     -0.2869      0.3052     -0.5320     -0.0522
0.608     -0.2907      0.3046     -0.5367     -0.0550
0.609     -0.2945      0.3041     -0.5411     -0.0575
0.610     -0.2983      0.3035     -0.5455     -0.0600
0.611     -0.3022      0.3029     -0.5500     -0.0626
0.612     -0.3061      0.3023     -0.5547     -0.0651
0.613     -0.3100      0.3017     -0.5594     -0.0677
0.614     -0.3139      0.3011     -0.5642     -0.0702
0.615     -0.3178      0.3005     -0.5690     -0.0728
0.616     -0.3218      0.2998     -0.5738     -0.0757
0.617     -0.3258      0.2992     -0.5786     -0.0789
0.618     -0.3298      0.2986     -0.5835     -0.0821
0.619     -0.3338      0.2980     -0.5884     -0.0853
0.620     -0.3378      0.2974     -0.5932     -0.0886
0.621     -0.3419      0.2967     -0.5980     -0.0919
0.622     -0.3460      0.2961     -0.6028     -0.0951
0.623     -0.3501      0.2955     -0.6078     -0.0985
0.624     -0.3542      0.2948     -0.6127     -0.1018
0.625     -0.3584      0.2942     -0.6176     -0.1051
0.626     -0.3626      0.2936     -0.6226     -0.1085
0.627     -0.3668      0.2929     -0.6275     -0.1119
0.628     -0.3710      0.2923     -0.6325     -0.1153
0.629     -0.3752      0.2916     -0.6375     -0.1184
0.630     -0.3795      0.2910     -0.6425     -0.1214
0.631     -0.3838      0.2903     -0.6476     -0.1251
0.632     -0.3881      0.2896     -0.6527     -0.1283
0.633     -0.3924      0.2890     -0.6578     -0.1315
0.634     -0.3968      0.2883     -0.6632     -0.1348
0.635     -0.4012      0.2876     -0.6691     -0.1380
0.636     -0.4056      0.2869     -0.6749     -0.1413
0.637     -0.4100      0.2862     -0.6808     -0.1445
0.638     -0.4145      0.2856     -0.6865     -0.1478
0.639     -0.4189      0.2849     -0.6919     -0.1511
0.640     -0.4234      0.2842     -0.6974     -0.1544
0.641     -0.4280      0.2835     -0.7029     -0.1577
0.642     -0.4325      0.2828     -0.7084     -0.1610
0.643     -0.4371      0.2821     -0.7140     -0.1643
0.644     -0.4417      0.2814     -0.7196     -0.1674
0.645     -0.4463      0.2806     -0.7252     -0.1702
0.646     -0.4510      0.2799     -0.7309     -0.1731
0.647     -0.4557      0.2792     -0.7366     -0.1759
0.648     -0.4604      0.2785     -0.7423     -0.1788
0.649     -0.4651      0.2777     -0.7481     -0.1817
0.650     -0.4699      0.2770     -0.7541     -0.1847
0.651     -0.4747      0.2763     -0.7601     -0.1876
0.652     -0.4795      0.2755     -0.7662     -0.1906
0.653     -0.4844      0.2748     -0.7723     -0.1936
0.654     -0.4892      0.2740     -0.7784     -0.1973
0.655     -0.4941      0.2733     -0.7845     -0.2013
0.656     -0.4991      0.2725     -0.7907     -0.2054
0.657     -0.5040      0.2717     -0.7970     -0.2095
0.658     -0.5090      0.2710     -0.8032     -0.2136
0.659     -0.5140      0.2702     -0.8095     -0.2178
0.660     -0.5191      0.2694     -0.8159     -0.2220
0.661     -0.5242      0.2686     -0.8222     -0.2262
0.662     -0.5293      0.2678     -0.8286     -0.2304
0.663     -0.5344      0.2671     -0.8351     -0.2346
0.664     -0.5396      0.2663     -0.8416     -0.2383
0.665     -0.5448      0.2655     -0.8481     -0.2421
0.666     -0.5500      0.2646     -0.8547     -0.2459
0.667     -0.5553      0.2638     -0.8613     -0.2497
0.668     -0.5606      0.2630     -0.8679     -0.2535
0.669     -0.5659      0.2622     -0.8746     -0.2573
0.670     -0.5713      0.2614     -0.8813     -0.2617
0.671     -0.5767      0.2605     -0.8881     -0.2663
0.672     -0.5821      0.2597     -0.8949     -0.2709
0.673     -0.5875      0.2589     -0.9018     -0.2756
0.674     -0.5930      0.2580     -0.9087     -0.2800
0.675     -0.5986      0.2572     -0.9156     -0.2841
0.676     -0.6041      0.2563     -0.9226     -0.2882
0.677     -0.6097      0.2554     -0.9296     -0.2923
0.678     -0.6153      0.2546     -0.9367     -0.2965
0.679     -0.6210      0.2537     -0.9435     -0.3007
0.680     -0.6267      0.2528     -0.9507     -0.3049
0.681     -0.6324      0.2519     -0.9580     -0.3091
0.682     -0.6382      0.2510     -0.9649     -0.3134
0.683     -0.6440      0.2502     -0.9719     -0.3177
0.684     -0.6499      0.2492     -0.9790     -0.3220
0.685     -0.6557      0.2483     -0.9867     -0.3264
0.686     -0.6617      0.2474     -0.9945     -0.3308
0.687     -0.6676      0.2465     -1.0023     -0.3352
0.688     -0.6736      0.2456     -1.0098     -0.3396
0.689     -0.6797      0.2447     -1.0174     -0.3441
0.690     -0.6857      0.2437     -1.0250     -0.3486
0.691     -0.6918      0.2428     -1.0326     -0.3531
0.692     -0.6980      0.2418     -1.0402     -0.3576
0.693     -0.7042      0.2409     -1.0479     -0.3622
0.694     -0.7104      0.2399     -1.0556     -0.3668
0.695     -0.7167      0.2389     -1.0633     -0.3715
0.696     -0.7230      0.2380     -1.0711     -0.3761
0.697     -0.7294      0.2370     -1.0790     -0.3808
0.698     -0.7357      0.2360     -1.0869     -0.3856
0.699     -0.7422      0.2350     -1.0948     -0.3903
0.700     -0.7487      0.2340     -1.1029     -0.3953
0.701     -0.7552      0.2330     -1.1109     -0.4004
0.702     -0.7618      0.2320     -1.1190     -0.4055
0.703     -0.7684      0.2310     -1.1272     -0.4107
0.704     -0.7750      0.2299     -1.1355     -0.4159
0.705     -0.7817      0.2289     -1.1440     -0.4211
0.706     -0.7885      0.2279     -1.1527     -0.4263
0.707     -0.7953      0.2268     -1.1615     -0.4316
0.708     -0.8021      0.2258     -1.1703     -0.4370
0.709     -0.8090      0.2247     -1.1792     -0.4421
0.710     -0.8160      0.2236     -1.1882     -0.4471
0.711     -0.8229      0.2226     -1.1972     -0.4522
0.712     -0.8300      0.2215     -1.2061     -0.4574
0.713     -0.8371      0.2204     -1.2149     -0.4625
0.714     -0.8442      0.2193     -1.2239     -0.4677
0.715     -0.8514      0.2182     -1.2329     -0.4730
0.716     -0.8586      0.2171     -1.2420     -0.4783
0.717     -0.8659      0.2159     -1.2511     -0.4836
0.718     -0.8732      0.2148     -1.2603     -0.4889
0.719     -0.8806      0.2137     -1.2696     -0.4943
0.720     -0.8881      0.2125     -1.2790     -0.4998
0.721     -0.8956      0.2114     -1.2884     -0.5052
0.722     -0.9031      0.2102     -1.2980     -0.5108
0.723     -0.9107      0.2090     -1.3077     -0.5163
0.724     -0.9184      0.2078     -1.3174     -0.5219
0.725     -0.9261      0.2066     -1.3272     -0.5275
0.726     -0.9338      0.2055     -1.3376     -0.5332
0.727     -0.9417      0.2042     -1.3481     -0.5389
0.728     -0.9496      0.2030     -1.3580     -0.5447
0.729     -0.9575      0.2018     -1.3677     -0.5505
0.730     -0.9655      0.2006     -1.3774     -0.5563
0.731     -0.9736      0.1993     -1.3875     -0.5622
0.732     -0.9817      0.1981     -1.3978     -0.5681
0.733     -0.9899      0.1968     -1.4082     -0.5741
0.734     -0.9981      0.1955     -1.4187     -0.5801
0.735     -1.0064      0.1943     -1.4292     -0.5862
0.736     -1.0148      0.1930     -1.4398     -0.5925
0.737     -1.0232      0.1917     -1.4505     -0.5991
0.738     -1.0317      0.1904     -1.4613     -0.6058
0.739     -1.0403      0.1890     -1.4722     -0.6124
0.740     -1.0489      0.1877     -1.4832     -0.6191
0.741     -1.0576      0.1864     -1.4942     -0.6259
0.742     -1.0663      0.1850     -1.5053     -0.6325
0.743     -1.0752      0.1837     -1.5166     -0.6390
0.744     -1.0841      0.1823     -1.5285     -0.6455
0.745     -1.0930      0.1809     -1.5405     -0.6523
0.746     -1.1021      0.1795     -1.5525     -0.6597
0.747     -1.1112      0.1781     -1.5647     -0.6671
0.748     -1.1204      0.1767     -1.5769     -0.6746
0.749     -1.1296      0.1753     -1.5892     -0.6819
0.750     -1.1390      0.1738     -1.6015     -0.6885
0.751     -1.1484      0.1724     -1.6133     -0.6952
0.752     -1.1578      0.1709     -1.6252     -0.7019
0.753     -1.1674      0.1694     -1.6372     -0.7086
0.754     -1.1770      0.1679     -1.6493     -0.7155
0.755     -1.1867      0.1664     -1.6615     -0.7224
0.756     -1.1965      0.1649     -1.6738     -0.7293
0.757     -1.2064      0.1634     -1.6862     -0.7363
0.758     -1.2164      0.1619     -1.6987     -0.7434
0.759     -1.2264      0.1603     -1.7113     -0.7505
0.760     -1.2365      0.1588     -1.7240     -0.7577
0.761     -1.2467      0.1572     -1.7368     -0.7649
0.762     -1.2570      0.1556     -1.7497     -0.7722
0.763     -1.2674      0.1540     -1.7627     -0.7795
0.764     -1.2779      0.1524     -1.7759     -0.7870
0.765     -1.2884      0.1508     -1.7891     -0.7947
0.766     -1.2991      0.1491     -1.8025     -0.8024
0.767     -1.3098      0.1475     -1.8159     -0.8104
0.768     -1.3206      0.1458     -1.8295     -0.8184
0.769     -1.3316      0.1441     -1.8432     -0.8270
0.770     -1.3426      0.1424     -1.8571     -0.8358
0.771     -1.3537      0.1407     -1.8710     -0.8447
0.772     -1.3649      0.1390     -1.8851     -0.8537
0.773     -1.3762      0.1372     -1.8993     -0.8628
0.774     -1.3876      0.1355     -1.9136     -0.8719
0.775     -1.3991      0.1337     -1.9280     -0.8812
0.776     -1.4108      0.1319     -1.9427     -0.8905
0.777     -1.4225      0.1301     -1.9576     -0.8999
0.778     -1.4343      0.1283     -1.9726     -0.9093
0.779     -1.4462      0.1264     -1.9877     -0.9181
0.780     -1.4583      0.1246     -2.0030     -0.9269
0.781     -1.4704      0.1227     -2.0185     -0.9358
0.782     -1.4827      0.1208     -2.0340     -0.9448
0.783     -1.4951      0.1189     -2.0497     -0.9538
0.784     -1.5076      0.1170     -2.0656     -0.9630
0.785     -1.5202      0.1150     -2.0816     -0.9722
0.786     -1.5329      0.1131     -2.0978     -0.9815
0.787     -1.5457      0.1111     -2.1141     -0.9910
0.788     -1.5587      0.1091     -2.1305     -1.0005
0.789     -1.5718      0.1071     -2.1472     -1.0100
0.790     -1.5850      0.1050     -2.1639     -1.0197
0.791     -1.5983      0.1030     -2.1809     -1.0295
0.792     -1.6118      0.1009     -2.1980     -1.0394
0.793     -1.6254      0.0988     -2.2152     -1.0493
0.794     -1.6391      0.0967     -2.2327     -1.0594
0.795     -1.6530      0.0945     -2.2503     -1.0696
0.796     -1.6670      0.0924     -2.2681     -1.0798
0.797     -1.6811      0.0902     -2.2860     -1.0901
0.798     -1.6954      0.0880     -2.3041     -1.1003
0.799     -1.7098      0.0858     -2.3224     -1.1106
0.800     -1.7244      0.0835     -2.3409     -1.1209
0.801     -1.7391      0.0813     -2.3597     -1.1314
0.802     -1.7539      0.0790     -2.3787     -1.1420
0.803     -1.7689      0.0766     -2.3980     -1.1526
0.804     -1.7841      0.0743     -2.4174     -1.1634
0.805     -1.7994      0.0719     -2.4371     -1.1743
0.806     -1.8149      0.0696     -2.4570     -1.1853
0.807     -1.8305      0.0671     -2.4770     -1.1965
0.808     -1.8463      0.0647     -2.4973     -1.2077
0.809     -1.8623      0.0622     -2.5177     -1.2196
0.810     -1.8784      0.0598     -2.5377     -1.2318
0.811     -1.8947      0.0572     -2.5580     -1.2441
0.812     -1.9112      0.0547     -2.5784     -1.2566
0.813     -1.9279      0.0521     -2.5993     -1.2691
0.814     -1.9447      0.0495     -2.6207     -1.2818
0.815     -1.9617      0.0469     -2.6423     -1.2947
0.816     -1.9789      0.0443     -2.6642     -1.3077
0.817     -1.9963      0.0416     -2.6862     -1.3208
0.818     -2.0139      0.0389     -2.7086     -1.3340
0.819     -2.0316      0.0361     -2.7311     -1.3475
0.820     -2.0496      0.0334     -2.7539     -1.3610
0.821     -2.0678      0.0306     -2.7770     -1.3748
0.822     -2.0862      0.0277     -2.8004     -1.3886
0.823     -2.1047      0.0249     -2.8239     -1.4027
0.824     -2.1235      0.0220     -2.8478     -1.4169
0.825     -2.1425      0.0190     -2.8718     -1.4312
0.826     -2.1618      0.0161     -2.8958     -1.4457
0.827     -2.1812      0.0131     -2.9201     -1.4604
0.828     -2.2009      0.0100     -2.9455     -1.4753
0.829     -2.2208      0.0070     -2.9711     -1.4903
0.830     -2.2409      0.0039     -2.9969     -1.5055
0.831     -2.2613      0.0007     -3.0228     -1.5209
0.832     -2.2819     -0.0025     -3.0490     -1.5364
0.833     -2.3028     -0.0057     -3.0755     -1.5522
0.834     -2.3239     -0.0089     -3.1023     -1.5681
0.835     -2.3453     -0.0122     -3.1294     -1.5843
0.836     -2.3669     -0.0156     -3.1569     -1.6006
0.837     -2.3888     -0.0190     -3.1847     -1.6177
0.838     -2.4110     -0.0224     -3.2128     -1.6352
0.839     -2.4334     -0.0258     -3.2413     -1.6529
0.840     -2.4562     -0.0293     -3.2702     -1.6708
0.841     -2.4792     -0.0329     -3.2993     -1.6889
0.842     -2.5025     -0.0365     -3.3283     -1.7073
0.843     -2.5261     -0.0401     -3.3577     -1.7254
0.844     -2.5500     -0.0438     -3.3874     -1.7437
0.845     -2.5742     -0.0475     -3.4175     -1.7622
0.846     -2.5987     -0.0513     -3.4480     -1.7810
0.847     -2.6236     -0.0552     -3.4789     -1.7999
0.848     -2.6487     -0.0590     -3.5103     -1.8180
0.849     -2.6742     -0.0630     -3.5420     -1.8363
0.850     -2.7001     -0.0670     -3.5741     -1.8548
0.851     -2.7263     -0.0710     -3.6067     -1.8736
0.852     -2.7528     -0.0751     -3.6397     -1.8927
0.853     -2.7797     -0.0793     -3.6732     -1.9123
0.854     -2.8070     -0.0835     -3.7071     -1.9328
0.855     -2.8347     -0.0877     -3.7415     -1.9537
0.856     -2.8627     -0.0920     -3.7768     -1.9749
0.857     -2.8911     -0.0964     -3.8131     -1.9964
0.858     -2.9200     -0.1009     -3.8498     -2.0181
0.859     -2.9492     -0.1054     -3.8871     -2.0402
0.860     -2.9788     -0.1100     -3.9249     -2.0626
0.861     -3.0089     -0.1146     -3.9633     -2.0853
0.862     -3.0395     -0.1193     -4.0022     -2.1083
0.863     -3.0704     -0.1241     -4.0417     -2.1317
0.864     -3.1018     -0.1289     -4.0817     -2.1554
0.865     -3.1337     -0.1339     -4.1224     -2.1795
0.866     -3.1661     -0.1388     -4.1636     -2.2038
0.867     -3.1989     -0.1439     -4.2055     -2.2281
0.868     -3.2323     -0.1491     -4.2480     -2.2528
0.869     -3.2661     -0.1543     -4.2912     -2.2779
0.870     -3.3005     -0.1596     -4.3350     -2.3034
0.871     -3.3354     -0.1650     -4.3795     -2.3292
0.872     -3.3709     -0.1704     -4.4247     -2.3555
0.873     -3.4069     -0.1760     -4.4707     -2.3822
0.874     -3.4435     -0.1816     -4.5176     -2.4093
0.875     -3.4806     -0.1874     -4.5653     -2.4368
0.876     -3.5184     -0.1932     -4.6137     -2.4648
0.877     -3.5568     -0.1991     -4.6630     -2.4932
0.878     -3.5958     -0.2051     -4.7132     -2.5221
0.879     -3.6355     -0.2112     -4.7637     -2.5522
0.880     -3.6758     -0.2175     -4.8154     -2.5836
0.881     -3.7168     -0.2238     -4.8679     -2.6154
0.882     -3.7585     -0.2302     -4.9213     -2.6478
0.883     -3.8009     -0.2368     -4.9757     -2.6808
0.884     -3.8440     -0.2434     -5.0309     -2.7143
0.885     -3.8879     -0.2502     -5.0860     -2.7484
0.886     -3.9325     -0.2571     -5.1415     -2.7826
0.887     -3.9780     -0.2641     -5.1988     -2.8169
0.888     -4.0242     -0.2712     -5.2578     -2.8518
0.889     -4.0713     -0.2785     -5.3178     -2.8874
0.890     -4.1193     -0.2859     -5.3789     -2.9236
0.891     -4.1681     -0.2934     -5.4412     -2.9603
0.892     -4.2178     -0.3011     -5.5046     -2.9975
0.893     -4.2685     -0.3089     -5.5692     -3.0354
0.894     -4.3201     -0.3168     -5.6350     -3.0740
0.895     -4.3727     -0.3249     -5.7020     -3.1134
0.896     -4.4263     -0.3332     -5.7704     -3.1535
0.897     -4.4810     -0.3416     -5.8401     -3.1943
0.898     -4.5367     -0.3502     -5.9111     -3.2360
0.899     -4.5935     -0.3590     -5.9835     -3.2785
0.900     -4.6515     -0.3679     -6.0574     -3.3219
0.901     -4.7106     -0.3771     -6.1328     -3.3667
0.902     -4.7710     -0.3864     -6.2097     -3.4124
0.903     -4.8325     -0.3959     -6.2879     -3.4591
0.904     -4.8954     -0.4056     -6.3678     -3.5068
0.905     -4.9596     -0.4155     -6.4493     -3.5554
0.906     -5.0252     -0.4256     -6.5325     -3.6051
0.907     -5.0921     -0.4359     -6.6176     -3.6559
0.908     -5.1605     -0.4465     -6.7045     -3.7078
0.909     -5.2305     -0.4572     -6.7932     -3.7608
0.910     -5.3019     -0.4683     -6.8840     -3.8150
0.911     -5.3750     -0.4795     -6.9768     -3.8704
0.912     -5.4498     -0.4911     -7.0717     -3.9271
0.913     -5.5263     -0.5029     -7.1689     -3.9850
0.914     -5.6045     -0.5149     -7.2682     -4.0444
0.915     -5.6846     -0.5273     -7.3699     -4.1051
0.916     -5.7666     -0.5399     -7.4740     -4.1672
0.917     -5.8505     -0.5529     -7.5813     -4.2306
0.918     -5.9366     -0.5662     -7.6913     -4.2955
0.919     -6.0247     -0.5797     -7.8041     -4.3621
0.920     -6.1150     -0.5937     -7.9197     -4.4303
0.921     -6.2077     -0.6080     -8.0382     -4.5002
0.922     -6.3027     -0.6226     -8.1598     -4.5719
0.923     -6.4001     -0.6377     -8.2845     -4.6455
0.924     -6.5002     -0.6531     -8.4125     -4.7210
0.925     -6.6029     -0.6689     -8.5434     -4.7986
0.926     -6.7084     -0.6852     -8.6759     -4.8782
0.927     -6.8167     -0.7019     -8.8120     -4.9600
0.928     -6.9281     -0.7191     -8.9519     -5.0441
0.929     -7.0426     -0.7367     -9.0957     -5.1306
0.930     -7.1604     -0.7549     -9.2441     -5.2195
0.931     -7.2816     -0.7736     -9.3980     -5.3110
0.932     -7.4064     -0.7929     -9.5564     -5.4052
0.933     -7.5349     -0.8127     -9.7196     -5.5022
0.934     -7.6673     -0.8331     -9.8877     -5.6022
0.935     -7.8038     -0.8541    -10.0610     -5.7052
0.936     -7.9445     -0.8758    -10.2397     -5.8114
0.937     -8.0897     -0.8982    -10.4241     -5.9210
0.938     -8.2395     -0.9214    -10.6144     -6.0342
0.939     -8.3943     -0.9452    -10.8110     -6.1511
0.940     -8.5543     -0.9699    -11.0141     -6.2718
0.941     -8.7197     -0.9954    -11.2241     -6.3967
0.942     -8.8907     -1.0218    -11.4413     -6.5258
0.943     -9.0678     -1.0491    -11.6662     -6.6595
0.944     -9.2512     -1.0774    -11.8991     -6.7980
0.945     -9.4413     -1.1067    -12.1405     -6.9415
0.946     -9.6384     -1.1371    -12.3908     -7.0903
0.947     -9.8430     -1.1687    -12.6526     -7.2447
0.948    -10.0554     -1.2014    -12.9254     -7.4036
0.949    -10.2761     -1.2355    -13.2089     -7.5687
0.950    -10.5057     -1.2709    -13.5038     -7.7410
0.951    -10.7446     -1.3077    -13.8106     -7.9223
0.952    -10.9935     -1.3461    -14.1303     -8.1089
0.953    -11.2530     -1.3862    -14.4635     -8.3023
0.954    -11.5238     -1.4279    -14.8096     -8.5068
0.955    -11.8066     -1.4715    -15.1683     -8.7205
0.956    -12.1023     -1.5171    -15.5433     -8.9430
0.957    -12.4117     -1.5649    -15.9357     -9.1726
0.958    -12.7359     -1.6149    -16.3469     -9.4132
0.959    -13.0758     -1.6673    -16.7780     -9.6654
0.960    -13.4328     -1.7224    -17.2307     -9.9302
0.961    -13.8081     -1.7802    -17.7067    -10.2106
0.962    -14.2031     -1.8412    -18.2077    -10.5060
0.963    -14.6195     -1.9054    -18.7358    -10.8175
0.964    -15.0590     -1.9732    -19.2932    -11.1462
0.965    -15.5236     -2.0448    -19.8824    -11.4937
0.966    -16.0155     -2.1207    -20.5064    -11.8617
0.967    -16.5373     -2.2012    -21.1681    -12.2519
0.968    -17.0917     -2.2867    -21.8712    -12.6666
0.969    -17.6819     -2.3777    -22.6197    -13.1081
0.970    -18.3114     -2.4748    -23.4180    -13.5789
0.971    -18.9843     -2.5786    -24.2715    -14.0822
0.972    -19.7052     -2.6898    -25.1858    -14.6215
0.973    -20.4796     -2.8092    -26.1679    -15.2007
0.974    -21.3135     -2.9378    -27.2256    -15.8244
0.975    -22.2142     -3.0767    -28.3679    -16.4982
0.976    -23.1899     -3.2272    -29.6053    -17.2279
0.977    -24.2504     -3.3908    -30.9505    -18.0213
0.978    -25.4074     -3.5693    -32.4178    -18.8867
0.979    -26.6745     -3.7647    -34.0247    -19.8343
0.980    -28.0684     -3.9797    -35.7946    -20.8770
0.981    -29.6090     -4.2173    -37.7509    -22.0292
0.982    -31.3208     -4.4813    -39.9247    -23.3097
0.983    -33.2339     -4.7764    -42.3541    -24.7407
0.984    -35.3863     -5.1083    -45.0873    -26.3506
0.985    -37.8256     -5.4846    -48.1849    -28.1752
0.986    -40.6134     -5.9146    -51.7251    -30.2603
0.987    -43.8297     -6.4107    -55.8095    -32.6662
0.988    -47.5825     -6.9895    -60.5750    -35.4730
0.989    -52.0176     -7.6735    -66.2069    -38.7904
0.990    -57.3398     -8.4944    -72.9653    -42.7713
0.991    -63.8446     -9.4976    -81.2259    -47.6371
0.992    -71.9758    -10.7517    -91.5513    -53.7190
0.993    -82.4289    -12.3642   -104.8262    -61.5374
0.994    -96.3677    -14.5140   -122.5256    -71.9639
0.995   -115.8823    -17.5239   -147.3078    -86.5595
0.996   -145.1543    -22.0388   -184.4787   -108.4553
0.997   -193.9417    -29.5629   -246.4317   -144.9472
0.998   -291.5192    -44.6126   -370.3467   -217.9328
0.999   -584.2728    -89.7652   -742.1084   -436.9030
