0.001    -27.3407    -20.8901    -33.6029    -21.3021
0.002    -13.1779     -9.9680    -16.3138    -10.1571
0.003     -8.4569     -6.3273    -10.5531     -6.4422
0.004     -6.0964     -4.5069     -7.6727     -4.5847
0.005     -4.6802     -3.4147     -5.9445     -3.4702
0.006     -3.7360     -2.6866     -4.7902     -2.7272
0.007     -3.0615     -2.1665     -3.9620     -2.1976
0.008     -2.5557     -1.7764     -3.3409     -1.8010
0.009     -2.1623     -1.4730     -2.8578     -1.4909
0.010     -1.8476     -1.2303     -2.4713     -1.2428
0.011     -1.5901     -1.0317     -2.1551     -1.0397
0.012     -1.3755     -0.8662     -1.8915     -0.8706
0.013     -1.1939     -0.7262     -1.6686     -0.7274
0.014     -1.0383     -0.6062     -1.4775     -0.6047
0.015     -0.9034     -0.5021     -1.3125     -0.4984
0.016     -0.7854     -0.4111     -1.1697     -0.4053
0.017     -0.6812     -0.3308     -1.0437     -0.3234
0.018     -0.5887     -0.2594     -0.9317     -0.2505
0.019     -0.5058     -0.1956     -0.8315     -0.1853
0.020     -0.4313     -0.1381     -0.7413     -0.1267
0.021     -0.3639     -0.0861     -0.6597     -0.0736
0.022     -0.3025     -0.0388     -0.5856     -0.0254
0.023     -0.2466      0.0044     -0.5169      0.0181
0.024     -0.1952      0.0440     -0.4539      0.0579
0.025     -0.1480      0.0804     -0.3959      0.0946
0.026     -0.1045      0.1140     -0.3423      0.1284
0.027     -0.0641      0.1451     -0.2928      0.1601
0.028     -0.0266      0.1740     -0.2468      0.1894
0.029      0.0082      0.2009     -0.2039      0.2163
0.030      0.0408      0.2260     -0.1639      0.2421
0.031      0.0713      0.2495     -0.1265      0.2662
0.032      0.0998      0.2715     -0.0917      0.2888
0.033      0.1266      0.2922     -0.0592      0.3099
0.034      0.1519      0.3117     -0.0286      0.3300
0.035      0.1757      0.3300      0.0003      0.3488
0.036      0.1982      0.3474      0.0276      0.3666
0.037      0.2194      0.3638      0.0534      0.3835
0.038      0.2396      0.3793      0.0778      0.3994
0.039      0.2587      0.3940      0.1011      0.4145
0.040      0.2769      0.4080      0.1236      0.4286
0.041      0.2941      0.4214      0.1449      0.4418
0.042      0.3106      0.4340      0.1651      0.4544
0.043      0.3263      0.4461      0.1844      0.4664
0.044      0.3412      0.4577      0.2029      0.4782
0.045      0.3555      0.4687      0.2204      0.4890
0.046      0.3692      0.4793      0.2368      0.4994
0.047      0.3823      0.4894      0.2526      0.5095
0.048      0.3949      0.4991      0.2678      0.5195
0.049      0.4069      0.5083      0.2823      0.5290
0.050      0.4185      0.5173      0.2962      0.5382
0.051      0.4296      0.5258      0.3096      0.5471
0.052      0.4403      0.5341      0.3225      0.5555
0.053      0.4505      0.5420      0.3349      0.5637
0.054      0.4604      0.5496      0.3468      0.5716
0.055      0.4700      0.5570      0.3583      0.5792
0.056      0.4792      0.5641      0.3694      0.5864
0.057      0.4881      0.5709      0.3801      0.5935
0.058      0.4966      0.5775      0.3919      0.6000
0.059      0.5049      0.5839      0.4020      0.6054
0.060      0.5129      0.5901      0.4153      0.6117
0.061      0.5206      0.5960      0.4254      0.6161
0.062      0.5281      0.6018      0.4349      0.6206
0.063      0.5354      0.6074      0.4466      0.6261
0.064      0.5424      0.6128      0.4561      0.6305
0.065      0.5492      0.6181      0.4679      0.6347
0.066      0.5558      0.6232      0.4779      0.6383
0.067      0.5622      0.6281      0.4881      0.6451
0.068      0.5684      0.6329      0.4972      0.6524
0.069      0.5739      0.6364      0.5013      0.6570
0.070      0.5732      0.6353      0.4976      0.6565
0.071      0.5726      0.6342      0.4952      0.6575
0.072      0.5719      0.6332      0.4898      0.6604
0.073      0.5712      0.6321      0.4853      0.6623
0.074      0.5705      0.6310      0.4829      0.6637
0.075      0.5698      0.6300      0.4799      0.6664
0.076      0.5692      0.6289      0.4783      0.6672
0.077      0.5685      0.6278      0.4778      0.6703
0.078      0.5678      0.6268      0.4768      0.6709
0.079      0.5671      0.6257      0.4761      0.6706
0.080      0.5664      0.6246      0.4750      0.6702
0.081      0.5657      0.6235      0.4741      0.6696
0.082      0.5650      0.6224      0.4732      0.6690
0.083      0.5643      0.6213      0.4722      0.6684
0.084      0.5636      0.6202      0.4712      0.6679
0.085      0.5629      0.6192      0.4703      0.6673
0.086      0.5622      0.6181      0.4695      0.6667
0.087      0.5615      0.6170      0.4687      0.6661
0.088      0.5608      0.6159      0.4678      0.6655
0.089      0.5601      0.6148      0.4670      0.6649
0.090      0.5594      0.6136      0.4660      0.6643
0.091      0.5587      0.6125      0.4650      0.6638
0.092      0.5580      0.6114      0.4640      0.6634
0.093      0.5573      0.6103      0.4631      0.6629
0.094      0.5566      0.6092      0.4621      0.6625
0.095      0.5559      0.6081      0.4612      0.6620
0.096      0.5551      0.6070      0.4604      0.6616
0.097      0.5544      0.6058      0.4595      0.6611
0.098      0.5537      0.6047      0.4586      0.6606
0.099      0.5530      0.6036      0.4578      0.6602
0.100      0.5523      0.6025      0.4570      0.6596
0.101      0.5515      0.6013      0.4562      0.6590
0.102      0.5508      0.6002      0.4554      0.6586
0.103      0.5501      0.5991      0.4546      0.6582
0.104      0.5494      0.5979      0.4538      0.6578
0.105      0.5486      0.5968      0.4530      0.6573
0.106      0.5479      0.5956      0.4522      0.6569
0.107      0.5472      0.5945      0.4513      0.6564
0.108      0.5464      0.5933      0.4503      0.6557
0.109      0.5457      0.5922      0.4493      0.6550
0.110      0.5450      0.5910      0.4483      0.6543
0.111      0.5442      0.5899      0.4473      0.6537
0.112      0.5435      0.5887      0.4463      0.6533
0.113      0.5427      0.5875      0.4454      0.6526
0.114      0.5420      0.5864      0.4445      0.6518
0.115      0.5412      0.5852      0.4436      0.6513
0.116      0.5405      0.5840      0.4425      0.6509
0.117      0.5397      0.5829      0.4413      0.6505
0.118      0.5390      0.5817      0.4402      0.6501
0.119      0.5382      0.5805      0.4391      0.6497
0.120      0.5375      0.5793      0.4380      0.6493
0.121      0.5367      0.5781      0.4370      0.6489
0.122      0.5360      0.5769      0.4361      0.6485
0.123      0.5352      0.5758      0.4352      0.6481
0.124      0.5344      0.5746      0.4342      0.6477
0.125      0.5337      0.5734      0.4333      0.6473
0.126      0.5329      0.5722      0.4325      0.6469
0.127      0.5321      0.5710      0.4317      0.6465
0.128      0.5314      0.5698      0.4309      0.6459
0.129      0.5306      0.5686      0.4298      0.6452
0.130      0.5298      0.5673      0.4286      0.6444
0.131      0.5291      0.5661      0.4276      0.6437
0.132      0.5283      0.5649      0.4266      0.6429
0.133      0.5275      0.5637      0.4259      0.6423
0.134      0.5267      0.5625      0.4248      0.6419
0.135      0.5259      0.5613      0.4238      0.6416
0.136      0.5252      0.5600      0.4227      0.6412
0.137      0.5244      0.5588      0.4218      0.6408
0.138      0.5236      0.5576      0.4208      0.6402
0.139      0.5228      0.5563      0.4199      0.6396
0.140      0.5220      0.5551      0.4191      0.6390
0.141      0.5212      0.5539      0.4183      0.6384
0.142      0.5204      0.5526      0.4175      0.6380
0.143      0.5196      0.5514      0.4167      0.6375
0.144      0.5188      0.5501      0.4157      0.6371
0.145      0.5180      0.5489      0.4147      0.6366
0.146      0.5172      0.5476      0.4137      0.6360
0.147      0.5164      0.5463      0.4126      0.6357
0.148      0.5156      0.5451      0.4114      0.6353
0.149      0.5148      0.5438      0.4100      0.6349
0.150      0.5140      0.5426      0.4089      0.6344
0.151      0.5132      0.5413      0.4079      0.6337
0.152      0.5124      0.5400      0.4069      0.6329
0.153      0.5116      0.5387      0.4059      0.6322
0.154      0.5107      0.5375      0.4049      0.6315
0.155      0.5099      0.5362      0.4039      0.6308
0.156      0.5091      0.5349      0.4029      0.6301
0.157      0.5083      0.5336      0.4019      0.6295
0.158      0.5075      0.5323      0.4009      0.6289
0.159      0.5066      0.5310      0.3998      0.6283
0.160      0.5058      0.5297      0.3988      0.6278
0.161      0.5050      0.5284      0.3978      0.6272
0.162      0.5041      0.5271      0.3968      0.6264
0.163      0.5033      0.5258      0.3958      0.6258
0.164      0.5025      0.5245      0.3948      0.6252
0.165      0.5016      0.5232      0.3937      0.6246
0.166      0.5008      0.5219      0.3927      0.6240
0.167      0.4999      0.5206      0.3918      0.6234
0.168      0.4991      0.5192      0.3909      0.6228
0.169      0.4983      0.5179      0.3900      0.6221
0.170      0.4974      0.5166      0.3891      0.6215
0.171      0.4966      0.5152      0.3879      0.6208
0.172      0.4957      0.5139      0.3867      0.6202
0.173      0.4948      0.5126      0.3857      0.6195
0.174      0.4940      0.5112      0.3847      0.6189
0.175      0.4931      0.5099      0.3837      0.6182
0.176      0.4923      0.5085      0.3827      0.6175
0.177      0.4914      0.5072      0.3817      0.6168
0.178      0.4905      0.5058      0.3806      0.6161
0.179      0.4897      0.5045      0.3796      0.6154
0.180      0.4888      0.5031      0.3786      0.6147
0.181      0.4879      0.5017      0.3776      0.6140
0.182      0.4871      0.5004      0.3765      0.6135
0.183      0.4862      0.4990      0.3755      0.6132
0.184      0.4853      0.4976      0.3745      0.6126
0.185      0.4844      0.4963      0.3734      0.6118
0.186      0.4835      0.4949      0.3724      0.6110
0.187      0.4827      0.4935      0.3713      0.6103
0.188      0.4818      0.4921      0.3703      0.6095
0.189      0.4809      0.4907      0.3693      0.6087
0.190      0.4800      0.4893      0.3683      0.6080
0.191      0.4791      0.4879      0.3672      0.6072
0.192      0.4782      0.4865      0.3661      0.6064
0.193      0.4773      0.4851      0.3649      0.6057
0.194      0.4764      0.4837      0.3637      0.6049
0.195      0.4755      0.4823      0.3624      0.6041
0.196      0.4746      0.4809      0.3612      0.6033
0.197      0.4737      0.4794      0.3599      0.6025
0.198      0.4728      0.4780      0.3586      0.6018
0.199      0.4719      0.4766      0.3574      0.6010
0.200      0.4710      0.4752      0.3564      0.6003
0.201      0.4700      0.4737      0.3554      0.5996
0.202      0.4691      0.4723      0.3544      0.5988
0.203      0.4682      0.4709      0.3533      0.5981
0.204      0.4673      0.4694      0.3523      0.5973
0.205      0.4664      0.4680      0.3509      0.5966
0.206      0.4654      0.4665      0.3495      0.5958
0.207      0.4645      0.4651      0.3480      0.5951
0.208      0.4636      0.4636      0.3466      0.5943
0.209      0.4626      0.4621      0.3454      0.5936
0.210      0.4617      0.4607      0.3443      0.5928
0.211      0.4608      0.4592      0.3431      0.5921
0.212      0.4598      0.4577      0.3420      0.5913
0.213      0.4589      0.4562      0.3408      0.5906
0.214      0.4579      0.4548      0.3396      0.5898
0.215      0.4570      0.4533      0.3385      0.5890
0.216      0.4560      0.4518      0.3373      0.5883
0.217      0.4551      0.4503      0.3361      0.5875
0.218      0.4541      0.4488      0.3349      0.5867
0.219      0.4532      0.4473      0.3337      0.5860
0.220      0.4522      0.4458      0.3325      0.5855
0.221      0.4512      0.4443      0.3314      0.5849
0.222      0.4503      0.4428      0.3302      0.5844
0.223      0.4493      0.4413      0.3290      0.5836
0.224      0.4483      0.4397      0.3278      0.5827
0.225      0.4474      0.4382      0.3266      0.5817
0.226      0.4464      0.4367      0.3252      0.5807
0.227      0.4454      0.4352      0.3241      0.5800
0.228      0.4444      0.4336      0.3229      0.5792
0.229      0.4434      0.4321      0.3217      0.5785
0.230      0.4424      0.4305      0.3205      0.5778
0.231      0.4415      0.4290      0.3193      0.5771
0.232      0.4405      0.4274      0.3180      0.5764
0.233      0.4395      0.4259      0.3168      0.5758
0.234      0.4385      0.4243      0.3156      0.5751
0.235      0.4375      0.4228      0.3144      0.5744
0.236      0.4365      0.4212      0.3131      0.5738
0.237      0.4355      0.4196      0.3117      0.5731
0.238      0.4345      0.4180      0.3100      0.5724
0.239      0.4335      0.4165      0.3087      0.5717
0.240      0.4324      0.4149      0.3078      0.5711
0.241      0.4314      0.4133      0.3069      0.5704
0.242      0.4304      0.4117      0.3056      0.5697
0.243      0.4294      0.4101      0.3044      0.5690
0.244      0.4284      0.4085      0.3031      0.5685
0.245      0.4273      0.4069      0.3018      0.5679
0.246      0.4263      0.4053      0.3006      0.5673
0.247      0.4253      0.4037      0.2996      0.5667
0.248      0.4242      0.4020      0.2986      0.5661
0.249      0.4232      0.4004      0.2972      0.5655
0.250      0.4222      0.3988      0.2957      0.5649
0.251      0.4211      0.3972      0.2942      0.5643
0.252      0.4201      0.3955      0.2929      0.5637
0.253      0.4190      0.3939      0.2916      0.5631
0.254      0.4180      0.3922      0.2903      0.5625
0.255      0.4169      0.3906      0.2887      0.5619
0.256      0.4159      0.3889      0.2875      0.5613
0.257      0.4148      0.3873      0.2861      0.5607
0.258      0.4138      0.3856      0.2848      0.5601
0.259      0.4127      0.3840      0.2837      0.5592
0.260      0.4116      0.3823      0.2824      0.5583
0.261      0.4106      0.3806      0.2811      0.5573
0.262      0.4095      0.3789      0.2797      0.5564
0.263      0.4084      0.3772      0.2784      0.5555
0.264      0.4073      0.3756      0.2771      0.5545
0.265      0.4062      0.3739      0.2753      0.5536
0.266      0.4052      0.3722      0.2736      0.5529
0.267      0.4041      0.3705      0.2718      0.5524
0.268      0.4030      0.3687      0.2701      0.5519
0.269      0.4019      0.3670      0.2687      0.5514
0.270      0.4008      0.3653      0.2672      0.5507
0.271      0.3997      0.3636      0.2657      0.5498
0.272      0.3986      0.3619      0.2642      0.5488
0.273      0.3975      0.3601      0.2627      0.5479
0.274      0.3964      0.3584      0.2612      0.5470
0.275      0.3953      0.3567      0.2597      0.5466
0.276      0.3941      0.3549      0.2582      0.5461
0.277      0.3930      0.3532      0.2567      0.5453
0.278      0.3919      0.3514      0.2552      0.5445
0.279      0.3908      0.3496      0.2537      0.5437
0.280      0.3896      0.3479      0.2522      0.5429
0.281      0.3885      0.3461      0.2507      0.5421
0.282      0.3874      0.3443      0.2491      0.5415
0.283      0.3862      0.3426      0.2476      0.5409
0.284      0.3851      0.3408      0.2461      0.5402
0.285      0.3840      0.3390      0.2447      0.5396
0.286      0.3828      0.3372      0.2433      0.5390
0.287      0.3817      0.3354      0.2419      0.5383
0.288      0.3805      0.3336      0.2405      0.5377
0.289      0.3794      0.3318      0.2391      0.5371
0.290      0.3782      0.3300      0.2377      0.5364
0.291      0.3770      0.3281      0.2362      0.5358
0.292      0.3759      0.3263      0.2348      0.5351
0.293      0.3747      0.3245      0.2334      0.5344
0.294      0.3735      0.3226      0.2320      0.5335
0.295      0.3723      0.3208      0.2306      0.5325
0.296      0.3712      0.3190      0.2291      0.5319
0.297      0.3700      0.3171      0.2277      0.5313
0.298      0.3688      0.3152      0.2258      0.5305
0.299      0.3676      0.3134      0.2240      0.5299
0.300      0.3664      0.3115      0.2221      0.5293
0.301      0.3652      0.3096      0.2203      0.5287
0.302      0.3640      0.3078      0.2184      0.5281
0.303      0.3628      0.3059      0.2166      0.5274
0.304      0.3616      0.3040      0.2148      0.5268
0.305      0.3604      0.3021      0.2133      0.5262
0.306      0.3592      0.3002      0.2117      0.5256
0.307      0.3580      0.2983      0.2102      0.5250
0.308      0.3567      0.2964      0.2086      0.5243
0.309      0.3555      0.2945      0.2070      0.5237
0.310      0.3543      0.2925      0.2055      0.5231
0.311      0.3531      0.2906      0.2039      0.5224
0.312      0.3518      0.2887      0.2023      0.5218
0.313      0.3506      0.2867      0.2007      0.5211
0.314      0.3493      0.2848      0.1991      0.5204
0.315      0.3481      0.2828      0.1975      0.5198
0.316      0.3469      0.2809      0.1959      0.5193
0.317      0.3456      0.2789      0.1943      0.5186
0.318      0.3443      0.2770      0.1925      0.5180
0.319      0.3431      0.2750      0.1907      0.5173
0.320      0.3418      0.2730      0.1890      0.5167
0.321      0.3406      0.2710      0.1872      0.5160
0.322      0.3393      0.2690      0.1854      0.5154
0.323      0.3380      0.2670      0.1837      0.5147
0.324      0.3367      0.2650      0.1821      0.5141
0.325      0.3354      0.2630      0.1805      0.5134
0.326      0.3342      0.2610      0.1788      0.5128
0.327      0.3329      0.2590      0.1772      0.5121
0.328      0.3316      0.2570      0.1753      0.5114
0.329      0.3303      0.2549      0.1735      0.5108
0.330      0.3290      0.2529      0.1717      0.5101
0.331      0.3277      0.2508      0.1698      0.5094
0.332      0.3264      0.2488      0.1680      0.5088
0.333      0.3250      0.2467      0.1661      0.5081
0.334      0.3237      0.2447      0.1642      0.5074
0.335      0.3224      0.2426      0.1621      0.5064
0.336      0.3211      0.2405      0.1601      0.5054
0.337      0.3197      0.2384      0.1580      0.5043
0.338      0.3184      0.2364      0.1562      0.5033
0.339      0.3171      0.2343      0.1544      0.5025
0.340      0.3157      0.2322      0.1526      0.5018
0.341      0.3144      0.2301      0.1508      0.5010
0.342      0.3130      0.2279      0.1490      0.5003
0.343      0.3117      0.2258      0.1472      0.4995
0.344      0.3103      0.2237      0.1453      0.4988
0.345      0.3090      0.2216      0.1435      0.4980
0.346      0.3076      0.2194      0.1417      0.4970
0.347      0.3062      0.2173      0.1398      0.4961
0.348      0.3048      0.2151      0.1380      0.4952
0.349      0.3035      0.2130      0.1363      0.4942
0.350      0.3021      0.2108      0.1345      0.4933
0.351      0.3007      0.2086      0.1328      0.4923
0.352      0.2993      0.2064      0.1311      0.4914
0.353      0.2979      0.2043      0.1293      0.4904
0.354      0.2965      0.2021      0.1276      0.4895
0.355      0.2951      0.1999      0.1258      0.4885
0.356      0.2937      0.1977      0.1240      0.4876
0.357      0.2923      0.1955      0.1222      0.4866
0.358      0.2909      0.1932      0.1203      0.4856
0.359      0.2894      0.1910      0.1182      0.4847
0.360      0.2880      0.1888      0.1160      0.4837
0.361      0.2866      0.1865      0.1139      0.4827
0.362      0.2851      0.1843      0.1118      0.4817
0.363      0.2837      0.1820      0.1097      0.4808
0.364      0.2823      0.1798      0.1080      0.4798
0.365      0.2808      0.1775      0.1063      0.4791
0.366      0.2794      0.1752      0.1046      0.4785
0.367      0.2779      0.1729      0.1025      0.4779
0.368      0.2764      0.1706      0.1004      0.4773
0.369      0.2750      0.1683      0.0983      0.4766
0.370      0.2735      0.1660      0.0961      0.4760
0.371      0.2720      0.1637      0.0939      0.4754
0.372      0.2705      0.1614      0.0917      0.4748
0.373      0.2690      0.1591      0.0897      0.4738
0.374      0.2676      0.1567      0.0878      0.4726
0.375      0.2661      0.1544      0.0859      0.4714
0.376      0.2646      0.1521      0.0840      0.4702
0.377      0.2631      0.1497      0.0820      0.4689
0.378      0.2615      0.1473      0.0800      0.4677
0.379      0.2600      0.1450      0.0778      0.4665
0.380      0.2585      0.1426      0.0755      0.4653
0.381      0.2570      0.1402      0.0735      0.4640
0.382      0.2554      0.1378      0.0714      0.4628
0.383      0.2539      0.1354      0.0694      0.4615
0.384      0.2524      0.1330      0.0673      0.4603
0.385      0.2508      0.1306      0.0652      0.4590
0.386      0.2493      0.1281      0.0631      0.4578
0.387      0.2477      0.1257      0.0610      0.4565
0.388      0.2462      0.1233      0.0589      0.4553
0.389      0.2446      0.1208      0.0568      0.4541
0.390      0.2430      0.1183      0.0547      0.4531
0.391      0.2415      0.1159      0.0526      0.4520
0.392      0.2399      0.1134      0.0504      0.4509
0.393      0.2383      0.1109      0.0483      0.4498
0.394      0.2367      0.1084      0.0461      0.4487
0.395      0.2351      0.1059      0.0439      0.4476
0.396      0.2335      0.1034      0.0417      0.4466
0.397      0.2319      0.1009      0.0395      0.4457
0.398      0.2303      0.0984      0.0372      0.4449
0.399      0.2287      0.0958      0.0350      0.4441
0.400      0.2270      0.0933      0.0327      0.4433
0.401      0.2254      0.0908      0.0305      0.4425
0.402      0.2238      0.0882      0.0282      0.4417
0.403      0.2221      0.0856      0.0260      0.4409
0.404      0.2205      0.0831      0.0237      0.4401
0.405      0.2188      0.0805      0.0214      0.4393
0.406      0.2172      0.0779      0.0191      0.4384
0.407      0.2155      0.0753      0.0168      0.4376
0.408      0.2138      0.0727      0.0146      0.4368
0.409      0.2122      0.0700      0.0123      0.4357
0.410      0.2105      0.0674      0.0099      0.4346
0.411      0.2088      0.0648      0.0075      0.4334
0.412      0.2071      0.0621      0.0052      0.4322
0.413      0.2054      0.0595      0.0028      0.4311
0.414      0.2037      0.0568      0.0005      0.4299
0.415      0.2020      0.0541     -0.0019      0.4287
0.416      0.2003      0.0515     -0.0042      0.4275
0.417      0.1986      0.0488     -0.0067      0.4263
0.418      0.1969      0.0461     -0.0091      0.4250
0.419      0.1951      0.0434     -0.0115      0.4237
0.420      0.1934      0.0406     -0.0139      0.4223
0.421      0.1916      0.0379     -0.0163      0.4210
0.422      0.1899      0.0352     -0.0188      0.4201
0.423      0.1881      0.0324     -0.0212      0.4191
0.424      0.1864      0.0297     -0.0237      0.4179
0.425      0.1846      0.0269     -0.0261      0.4169
0.426      0.1828      0.0241     -0.0286      0.4159
0.427      0.1811      0.0213     -0.0311      0.4150
0.428      0.1793      0.0185     -0.0336      0.4140
0.429      0.1775      0.0157     -0.0362      0.4131
0.430      0.1757      0.0129     -0.0389      0.4121
0.431      0.1739      0.0101     -0.0416      0.4112
0.432      0.1721      0.0072     -0.0443      0.4102
0.433      0.1702      0.0044     -0.0470      0.4092
0.434      0.1684      0.0015     -0.0497      0.4083
0.435      0.1666     -0.0013     -0.0523      0.4073
0.436      0.1648     -0.0042     -0.0548      0.4063
0.437      0.1629     -0.0071     -0.0573      0.4053
0.438      0.1611     -0.0100     -0.0598      0.4043
0.439      0.1592     -0.0129     -0.0619      0.4033
0.440      0.1573     -0.0158     -0.0642      0.4024
0.441      0.1555     -0.0187     -0.0668      0.4014
0.442      0.1536     -0.0217     -0.0694      0.4004
0.443      0.1517     -0.0246     -0.0721      0.3994
0.444      0.1498     -0.0276     -0.0747      0.3983
0.445      0.1479     -0.0305     -0.0774      0.3973
0.446      0.1460     -0.0335     -0.0800      0.3963
0.447      0.1441     -0.0365     -0.0825      0.3953
0.448      0.1422     -0.0395     -0.0852      0.3943
0.449      0.1403     -0.0425     -0.0881      0.3933
0.450      0.1383     -0.0456     -0.0907      0.3922
0.451      0.1364     -0.0486     -0.0935      0.3912
0.452      0.1344     -0.0516     -0.0962      0.3902
0.453      0.1325     -0.0547     -0.0989      0.3888
0.454      0.1305     -0.0578     -0.1016      0.3875
0.455      0.1286     -0.0608     -0.1044      0.3861
0.456      0.1266     -0.0639     -0.1071      0.3847
0.457      0.1246     -0.0670     -0.1099      0.3834
0.458      0.1226     -0.0702     -0.1127      0.3820
0.459      0.1206     -0.0733     -0.1155      0.3806
0.460      0.1186     -0.0764     -0.1183      0.3792
0.461      0.1166     -0.0796     -0.1211      0.3778
0.462      0.1146     -0.0827     -0.1239      0.3764
0.463      0.1126     -0.0859     -0.1267      0.3752
0.464      0.1105     -0.0891     -0.1296      0.3741
0.465      0.1085     -0.0923     -0.1324      0.3730
0.466      0.1064     -0.0955     -0.1353      0.3720
0.467      0.1044     -0.0987     -0.1381      0.3709
0.468      0.1023     -0.1019     -0.1410      0.3698
0.469      0.1002     -0.1052     -0.1439      0.3687
0.470      0.0982     -0.1084     -0.1465      0.3676
0.471      0.0961     -0.1117     -0.1495      0.3662
0.472      0.0940     -0.1150     -0.1525      0.3648
0.473      0.0919     -0.1183     -0.1556      0.3634
0.474      0.0898     -0.1216     -0.1585      0.3621
0.475      0.0876     -0.1249     -0.1615      0.3611
0.476      0.0855     -0.1282     -0.1645      0.3600
0.477      0.0834     -0.1316     -0.1674      0.3590
0.478      0.0812     -0.1349     -0.1702      0.3579
0.479      0.0791     -0.1383     -0.1731      0.3566
0.480      0.0769     -0.1417     -0.1759      0.3551
0.481      0.0748     -0.1451     -0.1788      0.3536
0.482      0.0726     -0.1485     -0.1817      0.3522
0.483      0.0704     -0.1519     -0.1846      0.3508
0.484      0.0682     -0.1554     -0.1875      0.3496
0.485      0.0660     -0.1588     -0.1904      0.3484
0.486      0.0638     -0.1623     -0.1935      0.3473
0.487      0.0616     -0.1657     -0.1969      0.3461
0.488      0.0593     -0.1692     -0.2004      0.3449
0.489      0.0571     -0.1727     -0.2039      0.3438
0.490      0.0548     -0.1762     -0.2073      0.3428
0.491      0.0526     -0.1798     -0.2104      0.3416
0.492      0.0503     -0.1833     -0.2136      0.3402
0.493      0.0481     -0.1869     -0.2168      0.3389
0.494      0.0458     -0.1905     -0.2198      0.3377
0.495      0.0435     -0.1940     -0.2227      0.3365
0.496      0.0412     -0.1976     -0.2257      0.3353
0.497      0.0389     -0.2013     -0.2287      0.3341
0.498      0.0366     -0.2049     -0.2316      0.3329
0.499      0.0342     -0.2085     -0.2346      0.3316
0.500      0.0319     -0.2122     -0.2376      0.3304
0.501      0.0295     -0.2159     -0.2406      0.3291
0.502      0.0272     -0.2196     -0.2438      0.3279
0.503      0.0248     -0.2233     -0.2470      0.3266
0.504      0.0224     -0.2270     -0.2503      0.3251
0.505      0.0201     -0.2307     -0.2536      0.3235
0.506      0.0177     -0.2345     -0.2569      0.3225
0.507      0.0153     -0.2382     -0.2603      0.3215
0.508      0.0129     -0.2420     -0.2636      0.3203
0.509      0.0104     -0.2458     -0.2670      0.3190
0.510      0.0080     -0.2496     -0.2703      0.3177
0.511      0.0056     -0.2534     -0.2737      0.3164
0.512      0.0031     -0.2573     -0.2771      0.3149
0.513      0.0006     -0.2611     -0.2805      0.3133
0.514     -0.0018     -0.2650     -0.2839      0.3117
0.515     -0.0043     -0.2689     -0.2874      0.3101
0.516     -0.0068     -0.2728     -0.2908      0.3085
0.517     -0.0093     -0.2767     -0.2943      0.3068
0.518     -0.0118     -0.2806     -0.2978      0.3052
0.519     -0.0144     -0.2846     -0.3013      0.3036
0.520     -0.0169     -0.2886     -0.3048      0.3019
0.521     -0.0194     -0.2925     -0.3083      0.3003
0.522     -0.0220     -0.2966     -0.3118      0.2986
0.523     -0.0246     -0.3006     -0.3154      0.2970
0.524     -0.0271     -0.3046     -0.3188      0.2954
0.525     -0.0297     -0.3087     -0.3223      0.2941
0.526     -0.0323     -0.3127     -0.3258      0.2928
0.527     -0.0349     -0.3168     -0.3293      0.2914
0.528     -0.0376     -0.3209     -0.3328      0.2900
0.529     -0.0402     -0.3250     -0.3364      0.2884
0.530     -0.0428     -0.3292     -0.3400      0.2867
0.531     -0.0455     -0.3333     -0.3438      0.2851
0.532     -0.0482     -0.3375     -0.3477      0.2834
0.533     -0.0508     -0.3417     -0.3516      0.2818
0.534     -0.0535     -0.3459     -0.3555      0.2801
0.535     -0.0562     -0.3502     -0.3592      0.2784
0.536     -0.0590     -0.3544     -0.3630      0.2767
0.537     -0.0617     -0.3587     -0.3667      0.2750
0.538     -0.0644     -0.3630     -0.3705      0.2733
0.539     -0.0672     -0.3673     -0.3743      0.2716
0.540     -0.0699     -0.3716     -0.3781      0.2698
0.541     -0.0727     -0.3759     -0.3820      0.2679
0.542     -0.0755     -0.3803     -0.3858      0.2661
0.543     -0.0783     -0.3847     -0.3897      0.2646
0.544     -0.0811     -0.3891     -0.3936      0.2630
0.545     -0.0839     -0.3935     -0.3975      0.2612
0.546     -0.0867     -0.3979     -0.4014      0.2594
0.547     -0.0896     -0.4024     -0.4053      0.2577
0.548     -0.0924     -0.4068     -0.4093      0.2559
0.549     -0.0953     -0.4113     -0.4133      0.2541
0.550     -0.0982     -0.4159     -0.4173      0.2523
0.551     -0.1011     -0.4204     -0.4213      0.2504
0.552     -0.1040     -0.4249     -0.4253      0.2483
0.553     -0.1069     -0.4295     -0.4293      0.2462
0.554     -0.1099     -0.4341     -0.4335      0.2442
0.555     -0.1128     -0.4387     -0.4376      0.2421
0.556     -0.1158     -0.4434     -0.4418      0.2399
0.557     -0.1188     -0.4480     -0.4459      0.2383
0.558     -0.1217     -0.4527     -0.4501      0.2367
0.559     -0.1248     -0.4574     -0.4543      0.2351
0.560     -0.1278     -0.4621     -0.4586      0.2335
0.561     -0.1308     -0.4669     -0.4628      0.2318
0.562     -0.1338     -0.4716     -0.4671      0.2302
0.563     -0.1369     -0.4764     -0.4714      0.2283
0.564     -0.1400     -0.4812     -0.4757      0.2263
0.565     -0.1431     -0.4861     -0.4801      0.2244
0.566     -0.1462     -0.4909     -0.4844      0.2225
0.567     -0.1493     -0.4958     -0.4888      0.2206
0.568     -0.1524     -0.5007     -0.4932      0.2186
0.569     -0.1556     -0.5056     -0.4976      0.2167
0.570     -0.1587     -0.5106     -0.5020      0.2149
0.571     -0.1619     -0.5155     -0.5065      0.2128
0.572     -0.1651     -0.5205     -0.5109      0.2107
0.573     -0.1683     -0.5256     -0.5154      0.2087
0.574     -0.1715     -0.5306     -0.5200      0.2067
0.575     -0.1747     -0.5357     -0.5245      0.2047
0.576     -0.1780     -0.5407     -0.5291      0.2027
0.577     -0.1812     -0.5458     -0.5336      0.2007
0.578     -0.1845     -0.5510     -0.5382      0.1986
0.579     -0.1878     -0.5561     -0.5429      0.1966
0.580     -0.1911     -0.5613     -0.5475      0.1945
0.581     -0.1945     -0.5665     -0.5522      0.1925
0.582     -0.1978     -0.5718     -0.5569      0.1904
0.583     -0.2012     -0.5770     -0.5616      0.1883
0.584     -0.2045     -0.5823     -0.5663      0.1862
0.585     -0.2079     -0.5876     -0.5711      0.1841
0.586     -0.2113     -0.5929     -0.5762      0.1820
0.587     -0.2148     -0.5983     -0.5813      0.1799
0.588     -0.2182     -0.6037     -0.5864      0.1777
0.589     -0.2216     -0.6091     -0.5915      0.1756
0.590     -0.2251     -0.6145     -0.5966      0.1734
0.591     -0.2286     -0.6200     -0.6018      0.1712
0.592     -0.2321     -0.6255     -0.6070      0.1691
0.593     -0.2356     -0.6310     -0.6122      0.1669
0.594     -0.2392     -0.6366     -0.6175      0.1647
0.595     -0.2428     -0.6421     -0.6227      0.1624
0.596     -0.2463     -0.6477     -0.6277      0.1602
0.597     -0.2499     -0.6534     -0.6327      0.1580
0.598     -0.2535     -0.6590     -0.6378      0.1557
0.599     -0.2572     -0.6647     -0.6429      0.1535
0.600     -0.2608     -0.6704     -0.6480      0.1512
0.601     -0.2645     -0.6762     -0.6531      0.1491
0.602     -0.2682     -0.6819     -0.6582      0.1472
0.603     -0.2719     -0.6877     -0.6634      0.1453
0.604     -0.2756     -0.6936     -0.6684      0.1433
0.605     -0.2793     -0.6994     -0.6734      0.1414
0.606     -0.2831     -0.7053     -0.6784      0.1394
0.607     -0.2869     -0.7112     -0.6835      0.1375
0.608     -0.2907     -0.7172     -0.6886      0.1355
0.609     -0.2945     -0.7232     -0.6937      0.1335
0.610     -0.2983     -0.7292     -0.6988      0.1315
0.611     -0.3022     -0.7352     -0.7040      0.1295
0.612     -0.3061     -0.7413     -0.7092      0.1275
0.613     -0.3100     -0.7474     -0.7144      0.1255
0.614     -0.3139     -0.7535     -0.7199      0.1234
0.615     -0.3178     -0.7597     -0.7254      0.1214
0.616     -0.3218     -0.7659     -0.7310      0.1193
0.617     -0.3258     -0.7721     -0.7365      0.1172
0.618     -0.3298     -0.7784     -0.7422      0.1152
0.619     -0.3338     -0.7847     -0.7478      0.1131
0.620     -0.3378     -0.7910     -0.7531      0.1110
0.621     -0.3419     -0.7974     -0.7583      0.1089
0.622     -0.3460     -0.8038     -0.7636      0.1067
0.623     -0.3501     -0.8102     -0.7689      0.1046
0.624     -0.3542     -0.8167     -0.7747      0.1025
0.625     -0.3584     -0.8232     -0.7808      0.1003
0.626     -0.3626     -0.8297     -0.7869      0.0979
0.627     -0.3668     -0.8363     -0.7931      0.0955
0.628     -0.3710     -0.8429     -0.7992      0.0930
0.629     -0.3752     -0.8495     -0.8055      0.0906
0.630     -0.3795     -0.8562     -0.8117      0.0882
0.631     -0.3838     -0.8629     -0.8179      0.0857
0.632     -0.3881     -0.8697     -0.8240      0.0832
0.633     -0.3924     -0.8764     -0.8301      0.0807
0.634     -0.3968     -0.8833     -0.8362      0.0782
0.635     -0.4012     -0.8901     -0.8424      0.0757
0.636     -0.4056     -0.8970     -0.8488      0.0732
0.637     -0.4100     -0.9040     -0.8554      0.0707
0.638     -0.4145     -0.9109     -0.8620      0.0681
0.639     -0.4189     -0.9180     -0.8687      0.0655
0.640     -0.4234     -0.9250     -0.8750      0.0629
0.641     -0.4280     -0.9321     -0.8813      0.0603
0.642     -0.4325     -0.9392     -0.8876      0.0577
0.643     -0.4371     -0.9464     -0.8940      0.0551
0.644     -0.4417     -0.9536     -0.9005      0.0525
0.645     -0.4463     -0.9609     -0.9069      0.0498
0.646     -0.4510     -0.9682     -0.9134      0.0471
0.647     -0.4557     -0.9755     -0.9200      0.0444
0.648     -0.4604     -0.9829     -0.9266      0.0417
0.649     -0.4651     -0.9903     -0.9332      0.0390
0.650     -0.4699     -0.9977     -0.9398      0.0363
0.651     -0.4747     -1.0052     -0.9465      0.0335
0.652     -0.4795     -1.0128     -0.9532      0.0308
0.653     -0.4844     -1.0204     -0.9600      0.0280
0.654     -0.4892     -1.0280     -0.9668      0.0250
0.655     -0.4941     -1.0357     -0.9737      0.0224
0.656     -0.4991     -1.0434     -0.9806      0.0195
0.657     -0.5040     -1.0512     -0.9875      0.0167
0.658     -0.5090     -1.0590     -0.9949      0.0138
0.659     -0.5140     -1.0669     -1.0025      0.0109
0.660     -0.5191     -1.0748     -1.0101      0.0080
0.661     -0.5242     -1.0827     -1.0178      0.0051
0.662     -0.5293     -1.0907     -1.0255      0.0022
0.663     -0.5344     -1.0988     -1.0333     -0.0008
0.664     -0.5396     -1.1068     -1.0411     -0.0037
0.665     -0.5448     -1.1150     -1.0490     -0.0067
0.666     -0.5500     -1.1232     -1.0569     -0.0097
0.667     -0.5553     -1.1314     -1.0649     -0.0127
0.668     -0.5606     -1.1397     -1.0729     -0.0158
0.669     -0.5659     -1.1481     -1.0809     -0.0188
0.670     -0.5713     -1.1564     -1.0890     -0.0219
0.671     -0.5767     -1.1649     -1.0972     -0.0250
0.672     -0.5821     -1.1734     -1.1054     -0.0281
0.673     -0.5875     -1.1819     -1.1137     -0.0312
0.674     -0.5930     -1.1905     -1.1220     -0.0344
0.675     -0.5986     -1.1992     -1.1303     -0.0376
0.676     -0.6041     -1.2079     -1.1383     -0.0408
0.677     -0.6097     -1.2166     -1.1459     -0.0440
0.678     -0.6153     -1.2254     -1.1535     -0.0472
0.679     -0.6210     -1.2343     -1.1612     -0.0505
0.680     -0.6267     -1.2432     -1.1689     -0.0537
0.681     -0.6324     -1.2522     -1.1767     -0.0576
0.682     -0.6382     -1.2612     -1.1845     -0.0614
0.683     -0.6440     -1.2703     -1.1924     -0.0652
0.684     -0.6499     -1.2795     -1.2003     -0.0691
0.685     -0.6557     -1.2887     -1.2083     -0.0730
0.686     -0.6617     -1.2980     -1.2163     -0.0770
0.687     -0.6676     -1.3073     -1.2244     -0.0809
0.688     -0.6736     -1.3167     -1.2333     -0.0849
0.689     -0.6797     -1.3261     -1.2424     -0.0886
0.690     -0.6857     -1.3356     -1.2516     -0.0917
0.691     -0.6918     -1.3452     -1.2608     -0.0948
0.692     -0.6980     -1.3548     -1.2693     -0.0979
0.693     -0.7042     -1.3645     -1.2778     -0.1011
0.694     -0.7104     -1.3743     -1.2864     -0.1043
0.695     -0.7167     -1.3841     -1.2951     -0.1075
0.696     -0.7230     -1.3940     -1.3038     -0.1107
0.697     -0.7294     -1.4039     -1.3126     -0.1139
0.698     -0.7357     -1.4139     -1.3215     -0.1172
0.699     -0.7422     -1.4240     -1.3304     -0.1205
0.700     -0.7487     -1.4342     -1.3393     -0.1238
0.701     -0.7552     -1.4444     -1.3483     -0.1275
0.702     -0.7618     -1.4547     -1.3574     -0.1312
0.703     -0.7684     -1.4650     -1.3665     -0.1350
0.704     -0.7750     -1.4754     -1.3758     -0.1389
0.705     -0.7817     -1.4859     -1.3850     -0.1427
0.706     -0.7885     -1.4965     -1.3944     -0.1466
0.707     -0.7953     -1.5071     -1.4042     -0.1505
0.708     -0.8021     -1.5179     -1.4140     -0.1544
0.709     -0.8090     -1.5286     -1.4239     -0.1584
0.710     -0.8160     -1.5395     -1.4339     -0.1623
0.711     -0.8229     -1.5504     -1.4439     -0.1664
0.712     -0.8300     -1.5614     -1.4540     -0.1704
0.713     -0.8371     -1.5725     -1.4642     -0.1745
0.714     -0.8442     -1.5837     -1.4745     -0.1785
0.715     -0.8514     -1.5949     -1.4848     -0.1827
0.716     -0.8586     -1.6063     -1.4952     -0.1868
0.717     -0.8659     -1.6177     -1.5057     -0.1910
0.718     -0.8732     -1.6292     -1.5163     -0.1952
0.719     -0.8806     -1.6407     -1.5269     -0.1995
0.720     -0.8881     -1.6524     -1.5376     -0.2037
0.721     -0.8956     -1.6641     -1.5484     -0.2080
0.722     -0.9031     -1.6759     -1.5592     -0.2124
0.723     -0.9107     -1.6878     -1.5702     -0.2167
0.724     -0.9184     -1.6998     -1.5812     -0.2211
0.725     -0.9261     -1.7119     -1.5923     -0.2255
0.726     -0.9338     -1.7240     -1.6034     -0.2300
0.727     -0.9417     -1.7363     -1.6147     -0.2345
0.728     -0.9496     -1.7486     -1.6260     -0.2390
0.729     -0.9575     -1.7611     -1.6375     -0.2436
0.730     -0.9655     -1.7736     -1.6490     -0.2482
0.731     -0.9736     -1.7862     -1.6606     -0.2528
0.732     -0.9817     -1.7989     -1.6719     -0.2575
0.733     -0.9899     -1.8117     -1.6830     -0.2621
0.734     -0.9981     -1.8246     -1.6943     -0.2669
0.735     -1.0064     -1.8376     -1.7056     -0.2716
0.736     -1.0148     -1.8507     -1.7170     -0.2764
0.737     -1.0232     -1.8639     -1.7285     -0.2813
0.738     -1.0317     -1.8772     -1.7401     -0.2862
0.739     -1.0403     -1.8906     -1.7517     -0.2909
0.740     -1.0489     -1.9042     -1.7635     -0.2956
0.741     -1.0576     -1.9178     -1.7753     -0.3004
0.742     -1.0663     -1.9315     -1.7873     -0.3052
0.743     -1.0752     -1.9453     -1.7993     -0.3101
0.744     -1.0841     -1.9592     -1.8114     -0.3149
0.745     -1.0930     -1.9733     -1.8236     -0.3199
0.746     -1.1021     -1.9874     -1.8360     -0.3248
0.747     -1.1112     -2.0017     -1.8484     -0.3298
0.748     -1.1204     -2.0161     -1.8609     -0.3349
0.749     -1.1296     -2.0305     -1.8735     -0.3399
0.750     -1.1390     -2.0451     -1.8862     -0.3451
0.751     -1.1484     -2.0599     -1.8990     -0.3502
0.752     -1.1578     -2.0747     -1.9119     -0.3554
0.753     -1.1674     -2.0897     -1.9250     -0.3607
0.754     -1.1770     -2.1048     -1.9381     -0.3659
0.755     -1.1867     -2.1200     -1.9513     -0.3713
0.756     -1.1965     -2.1353     -1.9647     -0.3767
0.757     -1.2064     -2.1507     -1.9781     -0.3821
0.758     -1.2164     -2.1663     -1.9917     -0.3875
0.759     -1.2264     -2.1820     -2.0054     -0.3930
0.760     -1.2365     -2.1979     -2.0192     -0.3986
0.761     -1.2467     -2.2139     -2.0331     -0.4042
0.762     -1.2570     -2.2300     -2.0471     -0.4098
0.763     -1.2674     -2.2462     -2.0612     -0.4155
0.764     -1.2779     -2.2626     -2.0755     -0.4213
0.765     -1.2884     -2.2791     -2.0899     -0.4271
0.766     -1.2991     -2.2958     -2.1044     -0.4329
0.767     -1.3098     -2.3126     -2.1190     -0.4388
0.768     -1.3206     -2.3296     -2.1338     -0.4448
0.769     -1.3316     -2.3467     -2.1487     -0.4507
0.770     -1.3426     -2.3639     -2.1639     -0.4568
0.771     -1.3537     -2.3813     -2.1795     -0.4629
0.772     -1.3649     -2.3989     -2.1952     -0.4690
0.773     -1.3762     -2.4166     -2.2111     -0.4753
0.774     -1.3876     -2.4344     -2.2271     -0.4815
0.775     -1.3991     -2.4525     -2.2433     -0.4878
0.776     -1.4108     -2.4707     -2.2596     -0.4942
0.777     -1.4225     -2.4890     -2.2760     -0.5006
0.778     -1.4343     -2.5075     -2.2926     -0.5071
0.779     -1.4462     -2.5262     -2.3094     -0.5137
0.780     -1.4583     -2.5450     -2.3261     -0.5203
0.781     -1.4704     -2.5641     -2.3428     -0.5270
0.782     -1.4827     -2.5833     -2.3595     -0.5337
0.783     -1.4951     -2.6026     -2.3765     -0.5405
0.784     -1.5076     -2.6222     -2.3935     -0.5473
0.785     -1.5202     -2.6419     -2.4108     -0.5542
0.786     -1.5329     -2.6618     -2.4282     -0.5612
0.787     -1.5457     -2.6820     -2.4458     -0.5684
0.788     -1.5587     -2.7022     -2.4635     -0.5758
0.789     -1.5718     -2.7227     -2.4814     -0.5827
0.790     -1.5850     -2.7434     -2.4995     -0.5898
0.791     -1.5983     -2.7643     -2.5177     -0.5971
0.792     -1.6118     -2.7854     -2.5361     -0.6045
0.793     -1.6254     -2.8067     -2.5547     -0.6120
0.794     -1.6391     -2.8282     -2.5735     -0.6195
0.795     -1.6530     -2.8499     -2.5925     -0.6271
0.796     -1.6670     -2.8718     -2.6116     -0.6348
0.797     -1.6811     -2.8939     -2.6310     -0.6426
0.798     -1.6954     -2.9163     -2.6506     -0.6504
0.799     -1.7098     -2.9388     -2.6707     -0.6583
0.800     -1.7244     -2.9616     -2.6911     -0.6663
0.801     -1.7391     -2.9847     -2.7116     -0.6744
0.802     -1.7539     -3.0079     -2.7323     -0.6825
0.803     -1.7689     -3.0314     -2.7533     -0.6908
0.804     -1.7841     -3.0551     -2.7744     -0.6991
0.805     -1.7994     -3.0791     -2.7958     -0.7075
0.806     -1.8149     -3.1034     -2.8174     -0.7160
0.807     -1.8305     -3.1278     -2.8393     -0.7246
0.808     -1.8463     -3.1526     -2.8613     -0.7337
0.809     -1.8623     -3.1776     -2.8836     -0.7429
0.810     -1.8784     -3.2028     -2.9061     -0.7523
0.811     -1.8947     -3.2283     -2.9289     -0.7618
0.812     -1.9112     -3.2541     -2.9519     -0.7713
0.813     -1.9279     -3.2802     -2.9751     -0.7810
0.814     -1.9447     -3.3065     -2.9986     -0.7908
0.815     -1.9617     -3.3332     -3.0224     -0.8007
0.816     -1.9789     -3.3601     -3.0464     -0.8107
0.817     -1.9963     -3.3873     -3.0706     -0.8208
0.818     -2.0139     -3.4148     -3.0952     -0.8310
0.819     -2.0316     -3.4427     -3.1200     -0.8413
0.820     -2.0496     -3.4708     -3.1451     -0.8517
0.821     -2.0678     -3.4992     -3.1704     -0.8623
0.822     -2.0862     -3.5280     -3.1962     -0.8729
0.823     -2.1047     -3.5571     -3.2223     -0.8837
0.824     -2.1235     -3.5865     -3.2486     -0.8946
0.825     -2.1425     -3.6163     -3.2753     -0.9057
0.826     -2.1618     -3.6464     -3.3022     -0.9169
0.827     -2.1812     -3.6768     -3.3295     -0.9282
0.828     -2.2009     -3.7076     -3.3571     -0.9396
0.829     -2.2208     -3.7388     -3.3850     -0.9511
0.830     -2.2409     -3.7703     -3.4133     -0.9628
0.831     -2.2613     -3.8022     -3.4419     -0.9747
0.832     -2.2819     -3.8345     -3.4708     -0.9866
0.833     -2.3028     -3.8671     -3.5001     -0.9988
0.834     -2.3239     -3.9002     -3.5297     -1.0110
0.835     -2.3453     -3.9336     -3.5597     -1.0234
0.836     -2.3669     -3.9675     -3.5900     -1.0360
0.837     -2.3888     -4.0018     -3.6207     -1.0487
0.838     -2.4110     -4.0365     -3.6518     -1.0616
0.839     -2.4334     -4.0716     -3.6833     -1.0746
0.840     -2.4562     -4.1072     -3.7152     -1.0878
0.841     -2.4792     -4.1432     -3.7475     -1.1012
0.842     -2.5025     -4.1797     -3.7802     -1.1147
0.843     -2.5261     -4.2167     -3.8133     -1.1284
0.844     -2.5500     -4.2541     -3.8473     -1.1423
0.845     -2.5742     -4.2920     -3.8810     -1.1564
0.846     -2.5987     -4.3304     -3.9152     -1.1706
0.847     -2.6236     -4.3693     -3.9500     -1.1851
0.848     -2.6487     -4.4087     -3.9853     -1.1997
0.849     -2.6742     -4.4486     -4.0213     -1.2145
0.850     -2.7001     -4.4891     -4.0577     -1.2295
0.851     -2.7263     -4.5301     -4.0947     -1.2447
0.852     -2.7528     -4.5717     -4.1314     -1.2601
0.853     -2.7797     -4.6138     -4.1691     -1.2758
0.854     -2.8070     -4.6565     -4.2074     -1.2916
0.855     -2.8347     -4.6998     -4.2462     -1.3077
0.856     -2.8627     -4.7437     -4.2855     -1.3240
0.857     -2.8911     -4.7882     -4.3254     -1.3405
0.858     -2.9200     -4.8333     -4.3658     -1.3572
0.859     -2.9492     -4.8791     -4.4068     -1.3742
0.860     -2.9788     -4.9255     -4.4484     -1.3914
0.861     -3.0089     -4.9726     -4.4906     -1.4089
0.862     -3.0395     -5.0204     -4.5334     -1.4266
0.863     -3.0704     -5.0689     -4.5769     -1.4446
0.864     -3.1018     -5.1180     -4.6210     -1.4629
0.865     -3.1337     -5.1680     -4.6657     -1.4814
0.866     -3.1661     -5.2186     -4.7111     -1.5002
0.867     -3.1989     -5.2701     -4.7572     -1.5187
0.868     -3.2323     -5.3223     -4.8039     -1.5375
0.869     -3.2661     -5.3753     -4.8514     -1.5566
0.870     -3.3005     -5.4291     -4.8996     -1.5760
0.871     -3.3354     -5.4837     -4.9486     -1.5957
0.872     -3.3709     -5.5392     -4.9983     -1.6157
0.873     -3.4069     -5.5956     -5.0489     -1.6360
0.874     -3.4435     -5.6529     -5.0998     -1.6566
0.875     -3.4806     -5.7111     -5.1515     -1.6776
0.876     -3.5184     -5.7702     -5.2040     -1.6989
0.877     -3.5568     -5.8303     -5.2574     -1.7205
0.878     -3.5958     -5.8914     -5.3116     -1.7425
0.879     -3.6355     -5.9534     -5.3668     -1.7649
0.880     -3.6758     -6.0166     -5.4229     -1.7876
0.881     -3.7168     -6.0807     -5.4798     -1.8107
0.882     -3.7585     -6.1460     -5.5378     -1.8343
0.883     -3.8009     -6.2124     -5.5968     -1.8582
0.884     -3.8440     -6.2799     -5.6568     -1.8825
0.885     -3.8879     -6.3486     -5.7178     -1.9072
0.886     -3.9325     -6.4185     -5.7799     -1.9324
0.887     -3.9780     -6.4897     -5.8431     -1.9581
0.888     -4.0242     -6.5621     -5.9074     -1.9844
0.889     -4.0713     -6.6358     -5.9729     -2.0119
0.890     -4.1193     -6.7109     -6.0395     -2.0399
0.891     -4.1681     -6.7873     -6.1074     -2.0684
0.892     -4.2178     -6.8651     -6.1766     -2.0974
0.893     -4.2685     -6.9445     -6.2470     -2.1270
0.894     -4.3201     -7.0253     -6.3188     -2.1571
0.895     -4.3727     -7.1076     -6.3919     -2.1878
0.896     -4.4263     -7.1915     -6.4664     -2.2191
0.897     -4.4810     -7.2771     -6.5424     -2.2510
0.898     -4.5367     -7.3643     -6.6199     -2.2835
0.899     -4.5935     -7.4533     -6.6989     -2.3167
0.900     -4.6515     -7.5440     -6.7795     -2.3505
0.901     -4.7106     -7.6366     -6.8617     -2.3850
0.902     -4.7710     -7.7311     -6.9456     -2.4200
0.903     -4.8325     -7.8275     -7.0313     -2.4544
0.904     -4.8954     -7.9259     -7.1187     -2.4894
0.905     -4.9596     -8.0264     -7.2079     -2.5252
0.906     -5.0252     -8.1290     -7.2991     -2.5617
0.907     -5.0921     -8.2338     -7.3924     -2.5991
0.908     -5.1605     -8.3410     -7.4879     -2.6372
0.909     -5.2305     -8.4504     -7.5855     -2.6762
0.910     -5.3019     -8.5623     -7.6853     -2.7160
0.911     -5.3750     -8.6768     -7.7873     -2.7568
0.912     -5.4498     -8.7938     -7.8917     -2.7984
0.913     -5.5263     -8.9135     -7.9984     -2.8411
0.914     -5.6045     -9.0360     -8.1076     -2.8847
0.915     -5.6846     -9.1613     -8.2194     -2.9293
0.916     -5.7666     -9.2897     -8.3339     -2.9750
0.917     -5.8505     -9.4211     -8.4511     -3.0221
0.918     -5.9366     -9.5558     -8.5712     -3.0713
0.919     -6.0247     -9.6938     -8.6942     -3.1217
0.920     -6.1150     -9.8352     -8.8203     -3.1733
0.921     -6.2077     -9.9802     -8.9497     -3.2263
0.922     -6.3027    -10.1290     -9.0823     -3.2806
0.923     -6.4001    -10.2816     -9.2183     -3.3363
0.924     -6.5002    -10.4382     -9.3580     -3.3935
0.925     -6.6029    -10.5990     -9.5014     -3.4523
0.926     -6.7084    -10.7641     -9.6486     -3.5126
0.927     -6.8167    -10.9337     -9.7999     -3.5746
0.928     -6.9281    -11.1081     -9.9555     -3.6383
0.929     -7.0426    -11.2874    -10.1155     -3.7037
0.930     -7.1604    -11.4718    -10.2800     -3.7711
0.931     -7.2816    -11.6615    -10.4493     -3.8404
0.932     -7.4064    -11.8569    -10.6236     -3.9118
0.933     -7.5349    -12.0580    -10.8031     -3.9847
0.934     -7.6673    -12.2653    -10.9880     -4.0588
0.935     -7.8038    -12.4789    -11.1786     -4.1353
0.936     -7.9445    -12.6992    -11.3752     -4.2142
0.937     -8.0897    -12.9265    -11.5780     -4.2955
0.938     -8.2395    -13.1611    -11.7873     -4.3795
0.939     -8.3943    -13.4035    -12.0035     -4.4662
0.940     -8.5543    -13.6539    -12.2270     -4.5559
0.941     -8.7197    -13.9128    -12.4580     -4.6485
0.942     -8.8907    -14.1806    -12.6969     -4.7444
0.943     -9.0678    -14.4578    -12.9442     -4.8435
0.944     -9.2512    -14.7450    -13.2005     -4.9480
0.945     -9.4413    -15.0425    -13.4659     -5.0572
0.946     -9.6384    -15.3511    -13.7413     -5.1704
0.947     -9.8430    -15.6713    -14.0270     -5.2880
0.948    -10.0554    -16.0038    -14.3237     -5.4100
0.949    -10.2761    -16.3494    -14.6320     -5.5369
0.950    -10.5057    -16.7088    -14.9537     -5.6688
0.951    -10.7446    -17.0829    -15.2889     -5.8061
0.952    -10.9935    -17.4726    -15.6381     -5.9491
0.953    -11.2530    -17.8788    -16.0021     -6.0982
0.954    -11.5238    -18.3027    -16.3819     -6.2538
0.955    -11.8066    -18.7455    -16.7787     -6.4163
0.956    -12.1023    -19.2083    -17.1934     -6.5862
0.957    -12.4117    -19.6927    -17.6275     -6.7639
0.958    -12.7359    -20.2002    -18.0822     -6.9502
0.959    -13.0758    -20.7324    -18.5591     -7.1455
0.960    -13.4328    -21.2912    -19.0599     -7.3506
0.961    -13.8081    -21.8787    -19.5863     -7.5663
0.962    -14.2031    -22.4971    -20.1405     -7.7932
0.963    -14.6195    -23.1489    -20.7245     -8.0325
0.964    -15.0590    -23.8370    -21.3411     -8.2850
0.965    -15.5236    -24.5644    -21.9929     -8.5495
0.966    -16.0155    -25.3345    -22.6830     -8.8264
0.967    -16.5373    -26.1513    -23.4149     -9.1201
0.968    -17.0917    -27.0193    -24.1927     -9.4321
0.969    -17.6819    -27.9431    -25.0205     -9.7642
0.970    -18.3114    -28.9286    -25.9036    -10.1185
0.971    -18.9843    -29.9820    -26.8475    -10.4973
0.972    -19.7052    -31.1107    -27.8590    -10.9031
0.973    -20.4796    -32.3229    -28.9452    -11.3388
0.974    -21.3135    -33.6285    -30.1151    -11.8082
0.975    -22.2142    -35.0384    -31.3784    -12.3151
0.976    -23.1899    -36.5659    -32.7472    -12.8642
0.977    -24.2504    -38.2262    -34.2350    -13.4611
0.978    -25.4074    -40.0373    -35.8579    -14.1123
0.979    -26.6745    -42.0211    -37.6355    -14.8254
0.980    -28.0684    -44.2033    -39.5910    -15.6101
0.981    -29.6090    -46.6152    -41.7522    -16.4770
0.982    -31.3208    -49.2948    -44.1533    -17.4405
0.983    -33.2339    -52.2899    -46.8372    -18.5173
0.984    -35.3863    -55.6591    -49.8562    -19.7287
0.985    -37.8256    -59.4779    -53.2782    -21.1016
0.986    -40.6134    -63.8422    -57.1890    -22.6707
0.987    -43.8297    -68.8781    -61.7015    -24.4808
0.988    -47.5825    -74.7526    -66.9655    -26.5930
0.989    -52.0176    -81.6958    -73.1873    -29.0893
0.990    -57.3398    -90.0279    -80.6535    -32.0843
0.991    -63.8446   -100.2103    -89.7777    -35.7454
0.992    -71.9758   -112.9397   -101.1843    -40.3218
0.993    -82.4289   -129.3063   -115.8501    -46.2046
0.994    -96.3677   -151.1259   -135.4022    -54.0587
0.995   -115.8823   -181.6765   -162.7780    -65.0658
0.996   -145.1543   -227.5033   -203.8426    -81.5719
0.997   -193.9417   -303.8726   -272.2751   -109.0845
0.998   -291.5192   -456.6274   -409.1556   -164.1273
0.999   -584.2728   -914.9252   -819.8148   -329.2341
