0.001    -12.6048    -10.3840    -16.5430     -8.9521
0.002     -5.8042     -4.6994     -7.7709     -3.9822
0.003     -3.5374     -2.8046     -4.8469     -2.3238
0.004     -2.4040     -1.8572     -3.3851     -1.4955
0.005     -1.7239     -1.2887     -2.5080     -0.9985
0.006     -1.2706     -0.9097     -1.9231     -0.6671
0.007     -0.9467     -0.6390     -1.5053     -0.4294
0.008     -0.7039     -0.4360     -1.1918     -0.2510
0.009     -0.5150     -0.2781     -0.9482     -0.1122
0.010     -0.3638     -0.1518     -0.7532     -0.0012
0.011     -0.2402     -0.0484     -0.5937      0.0897
0.012     -0.1371      0.0377     -0.4608      0.1654
0.013     -0.0500      0.1106     -0.3483      0.2294
0.014      0.0248      0.1730     -0.2519      0.2843
0.015      0.0895      0.2272     -0.1684      0.3319
0.016      0.1462      0.2745     -0.0953      0.3735
0.017      0.1962      0.3163     -0.0308      0.4100
0.018      0.2407      0.3535      0.0265      0.4425
0.019      0.2804      0.3867      0.0778      0.4712
0.020      0.3162      0.4167      0.1240      0.4969
0.021      0.3486      0.4437      0.1657      0.5205
0.022      0.3780      0.4683      0.2037      0.5421
0.023      0.4049      0.4908      0.2384      0.5618
0.024      0.4296      0.5114      0.2704      0.5799
0.025      0.4522      0.5303      0.3005      0.5957
0.026      0.4732      0.5478      0.3329      0.6108
0.027      0.4925      0.5640      0.3618      0.6209
0.028      0.5105      0.5791      0.3870      0.6304
0.029      0.5273      0.5931      0.4124      0.6391
0.030      0.5429      0.6061      0.4345      0.6500
0.031      0.5494      0.6090      0.4448      0.6542
0.032      0.5488      0.6081      0.4436      0.6579
0.033      0.5482      0.6072      0.4368      0.6630
0.034      0.5476      0.6063      0.4324      0.6655
0.035      0.5470      0.6054      0.4288      0.6694
0.036      0.5464      0.6045      0.4273      0.6704
0.037      0.5458      0.6036      0.4262      0.6715
0.038      0.5452      0.6027      0.4253      0.6708
0.039      0.5446      0.6018      0.4248      0.6702
0.040      0.5440      0.6009      0.4243      0.6696
0.041      0.5434      0.5999      0.4236      0.6691
0.042      0.5428      0.5990      0.4227      0.6685
0.043      0.5422      0.5981      0.4219      0.6679
0.044      0.5416      0.5972      0.4212      0.6674
0.045      0.5410      0.5963      0.4205      0.6668
0.046      0.5404      0.5953      0.4198      0.6662
0.047      0.5398      0.5944      0.4191      0.6656
0.048      0.5392      0.5935      0.4184      0.6650
0.049      0.5386      0.5926      0.4177      0.6645
0.050      0.5380      0.5916      0.4169      0.6639
0.051      0.5374      0.5907      0.4161      0.6633
0.052      0.5368      0.5898      0.4153      0.6627
0.053      0.5361      0.5888      0.4145      0.6621
0.054      0.5355      0.5879      0.4140      0.6615
0.055      0.5349      0.5869      0.4135      0.6609
0.056      0.5343      0.5860      0.4129      0.6603
0.057      0.5337      0.5851      0.4122      0.6599
0.058      0.5331      0.5841      0.4115      0.6597
0.059      0.5324      0.5832      0.4108      0.6595
0.060      0.5318      0.5822      0.4100      0.6593
0.061      0.5312      0.5813      0.4093      0.6591
0.062      0.5306      0.5803      0.4084      0.6585
0.063      0.5299      0.5794      0.4075      0.6578
0.064      0.5293      0.5784      0.4065      0.6572
0.065      0.5287      0.5774      0.4056      0.6566
0.066      0.5280      0.5765      0.4047      0.6560
0.067      0.5274      0.5755      0.4038      0.6553
0.068      0.5268      0.5745      0.4032      0.6547
0.069      0.5261      0.5736      0.4027      0.6541
0.070      0.5255      0.5726      0.4023      0.6534
0.071      0.5249      0.5716      0.4018      0.6528
0.072      0.5242      0.5706      0.4013      0.6521
0.073      0.5236      0.5697      0.4007      0.6518
0.074      0.5229      0.5687      0.4000      0.6516
0.075      0.5223      0.5677      0.3993      0.6514
0.076      0.5216      0.5667      0.3985      0.6511
0.077      0.5210      0.5657      0.3978      0.6505
0.078      0.5204      0.5647      0.3971      0.6500
0.079      0.5197      0.5638      0.3964      0.6497
0.080      0.5190      0.5628      0.3956      0.6495
0.081      0.5184      0.5618      0.3948      0.6492
0.082      0.5177      0.5608      0.3941      0.6488
0.083      0.5171      0.5598      0.3934      0.6480
0.084      0.5164      0.5588      0.3926      0.6472
0.085      0.5158      0.5578      0.3919      0.6464
0.086      0.5151      0.5568      0.3911      0.6456
0.087      0.5145      0.5558      0.3904      0.6448
0.088      0.5138      0.5547      0.3896      0.6440
0.089      0.5131      0.5537      0.3889      0.6436
0.090      0.5125      0.5527      0.3881      0.6432
0.091      0.5118      0.5517      0.3874      0.6428
0.092      0.5111      0.5507      0.3867      0.6424
0.093      0.5105      0.5497      0.3861      0.6419
0.094      0.5098      0.5486      0.3851      0.6415
0.095      0.5091      0.5476      0.3843      0.6411
0.096      0.5084      0.5466      0.3836      0.6407
0.097      0.5078      0.5456      0.3827      0.6403
0.098      0.5071      0.5445      0.3820      0.6398
0.099      0.5064      0.5435      0.3812      0.6394
0.100      0.5057      0.5425      0.3804      0.6390
0.101      0.5050      0.5414      0.3796      0.6386
0.102      0.5044      0.5404      0.3788      0.6382
0.103      0.5037      0.5393      0.3779      0.6377
0.104      0.5030      0.5383      0.3768      0.6373
0.105      0.5023      0.5372      0.3757      0.6369
0.106      0.5016      0.5362      0.3750      0.6364
0.107      0.5009      0.5351      0.3744      0.6360
0.108      0.5002      0.5341      0.3737      0.6356
0.109      0.4995      0.5330      0.3730      0.6353
0.110      0.4988      0.5320      0.3722      0.6347
0.111      0.4981      0.5309      0.3713      0.6343
0.112      0.4974      0.5298      0.3700      0.6339
0.113      0.4967      0.5288      0.3688      0.6334
0.114      0.4960      0.5277      0.3678      0.6330
0.115      0.4953      0.5266      0.3671      0.6326
0.116      0.4946      0.5255      0.3663      0.6321
0.117      0.4939      0.5245      0.3655      0.6317
0.118      0.4932      0.5234      0.3647      0.6312
0.119      0.4925      0.5223      0.3639      0.6308
0.120      0.4918      0.5212      0.3631      0.6304
0.121      0.4911      0.5201      0.3623      0.6300
0.122      0.4904      0.5190      0.3615      0.6298
0.123      0.4897      0.5179      0.3606      0.6296
0.124      0.4889      0.5168      0.3593      0.6294
0.125      0.4882      0.5158      0.3580      0.6291
0.126      0.4875      0.5147      0.3567      0.6289
0.127      0.4868      0.5135      0.3558      0.6287
0.128      0.4860      0.5124      0.3551      0.6285
0.129      0.4853      0.5113      0.3544      0.6282
0.130      0.4846      0.5102      0.3537      0.6280
0.131      0.4839      0.5091      0.3531      0.6278
0.132      0.4831      0.5080      0.3524      0.6276
0.133      0.4824      0.5069      0.3517      0.6271
0.134      0.4817      0.5058      0.3512      0.6263
0.135      0.4809      0.5046      0.3505      0.6255
0.136      0.4802      0.5035      0.3496      0.6247
0.137      0.4795      0.5024      0.3486      0.6239
0.138      0.4787      0.5013      0.3476      0.6231
0.139      0.4780      0.5001      0.3467      0.6223
0.140      0.4772      0.4990      0.3457      0.6217
0.141      0.4765      0.4978      0.3447      0.6215
0.142      0.4757      0.4967      0.3439      0.6212
0.143      0.4750      0.4956      0.3430      0.6209
0.144      0.4742      0.4944      0.3423      0.6206
0.145      0.4735      0.4933      0.3417      0.6203
0.146      0.4727      0.4921      0.3409      0.6200
0.147      0.4720      0.4910      0.3400      0.6196
0.148      0.4712      0.4898      0.3391      0.6189
0.149      0.4704      0.4886      0.3382      0.6183
0.150      0.4697      0.4875      0.3372      0.6176
0.151      0.4689      0.4863      0.3363      0.6169
0.152      0.4681      0.4851      0.3354      0.6163
0.153      0.4674      0.4840      0.3345      0.6156
0.154      0.4666      0.4828      0.3336      0.6149
0.155      0.4658      0.4816      0.3326      0.6142
0.156      0.4651      0.4804      0.3315      0.6138
0.157      0.4643      0.4793      0.3305      0.6133
0.158      0.4635      0.4781      0.3294      0.6128
0.159      0.4627      0.4769      0.3283      0.6123
0.160      0.4620      0.4757      0.3273      0.6118
0.161      0.4612      0.4745      0.3262      0.6113
0.162      0.4604      0.4733      0.3251      0.6109
0.163      0.4596      0.4721      0.3240      0.6104
0.164      0.4588      0.4709      0.3230      0.6099
0.165      0.4580      0.4697      0.3217      0.6094
0.166      0.4572      0.4685      0.3205      0.6088
0.167      0.4564      0.4673      0.3193      0.6081
0.168      0.4556      0.4661      0.3180      0.6075
0.169      0.4548      0.4649      0.3168      0.6072
0.170      0.4540      0.4636      0.3156      0.6069
0.171      0.4532      0.4624      0.3143      0.6064
0.172      0.4524      0.4612      0.3132      0.6055
0.173      0.4516      0.4600      0.3121      0.6045
0.174      0.4508      0.4587      0.3111      0.6035
0.175      0.4500      0.4575      0.3100      0.6025
0.176      0.4492      0.4563      0.3089      0.6018
0.177      0.4484      0.4550      0.3079      0.6011
0.178      0.4476      0.4538      0.3068      0.6004
0.179      0.4468      0.4525      0.3057      0.6000
0.180      0.4459      0.4513      0.3046      0.5997
0.181      0.4451      0.4500      0.3033      0.5994
0.182      0.4443      0.4488      0.3018      0.5986
0.183      0.4435      0.4475      0.3003      0.5979
0.184      0.4426      0.4463      0.2988      0.5972
0.185      0.4418      0.4450      0.2973      0.5965
0.186      0.4410      0.4437      0.2958      0.5957
0.187      0.4401      0.4425      0.2943      0.5950
0.188      0.4393      0.4412      0.2933      0.5945
0.189      0.4385      0.4399      0.2924      0.5941
0.190      0.4376      0.4386      0.2914      0.5937
0.191      0.4368      0.4373      0.2899      0.5933
0.192      0.4359      0.4360      0.2885      0.5929
0.193      0.4351      0.4348      0.2871      0.5924
0.194      0.4343      0.4335      0.2857      0.5918
0.195      0.4334      0.4322      0.2843      0.5912
0.196      0.4326      0.4309      0.2828      0.5908
0.197      0.4317      0.4296      0.2814      0.5905
0.198      0.4308      0.4283      0.2800      0.5901
0.199      0.4300      0.4270      0.2785      0.5897
0.200      0.4291      0.4256      0.2771      0.5893
0.201      0.4283      0.4243      0.2756      0.5887
0.202      0.4274      0.4230      0.2742      0.5880
0.203      0.4265      0.4217      0.2728      0.5875
0.204      0.4257      0.4204      0.2714      0.5870
0.205      0.4248      0.4190      0.2704      0.5866
0.206      0.4239      0.4177      0.2693      0.5861
0.207      0.4230      0.4164      0.2683      0.5857
0.208      0.4222      0.4150      0.2672      0.5849
0.209      0.4213      0.4137      0.2661      0.5844
0.210      0.4204      0.4123      0.2651      0.5839
0.211      0.4195      0.4110      0.2640      0.5833
0.212      0.4186      0.4096      0.2629      0.5827
0.213      0.4177      0.4083      0.2619      0.5820
0.214      0.4168      0.4069      0.2608      0.5814
0.215      0.4159      0.4056      0.2597      0.5807
0.216      0.4151      0.4042      0.2586      0.5800
0.217      0.4142      0.4028      0.2575      0.5794
0.218      0.4133      0.4014      0.2564      0.5787
0.219      0.4124      0.4001      0.2554      0.5781
0.220      0.4114      0.3987      0.2543      0.5774
0.221      0.4105      0.3973      0.2532      0.5767
0.222      0.4096      0.3959      0.2521      0.5760
0.223      0.4087      0.3945      0.2507      0.5754
0.224      0.4078      0.3931      0.2491      0.5747
0.225      0.4069      0.3917      0.2475      0.5740
0.226      0.4060      0.3903      0.2458      0.5735
0.227      0.4050      0.3889      0.2447      0.5730
0.228      0.4041      0.3875      0.2435      0.5725
0.229      0.4032      0.3861      0.2424      0.5720
0.230      0.4023      0.3847      0.2412      0.5715
0.231      0.4013      0.3833      0.2401      0.5710
0.232      0.4004      0.3818      0.2389      0.5705
0.233      0.3995      0.3804      0.2378      0.5698
0.234      0.3985      0.3790      0.2366      0.5695
0.235      0.3976      0.3775      0.2351      0.5690
0.236      0.3966      0.3761      0.2335      0.5685
0.237      0.3957      0.3747      0.2320      0.5680
0.238      0.3947      0.3732      0.2305      0.5675
0.239      0.3938      0.3718      0.2292      0.5669
0.240      0.3928      0.3703      0.2281      0.5664
0.241      0.3919      0.3689      0.2269      0.5659
0.242      0.3909      0.3674      0.2257      0.5654
0.243      0.3900      0.3659      0.2245      0.5647
0.244      0.3890      0.3645      0.2232      0.5640
0.245      0.3880      0.3630      0.2218      0.5632
0.246      0.3871      0.3615      0.2204      0.5626
0.247      0.3861      0.3600      0.2189      0.5623
0.248      0.3851      0.3585      0.2175      0.5619
0.249      0.3841      0.3570      0.2160      0.5616
0.250      0.3832      0.3556      0.2146      0.5612
0.251      0.3822      0.3541      0.2132      0.5607
0.252      0.3812      0.3526      0.2117      0.5601
0.253      0.3802      0.3511      0.2103      0.5596
0.254      0.3792      0.3495      0.2092      0.5591
0.255      0.3782      0.3480      0.2080      0.5585
0.256      0.3772      0.3465      0.2064      0.5580
0.257      0.3762      0.3450      0.2048      0.5574
0.258      0.3752      0.3435      0.2034      0.5569
0.259      0.3742      0.3419      0.2020      0.5564
0.260      0.3732      0.3404      0.2004      0.5558
0.261      0.3722      0.3389      0.1989      0.5553
0.262      0.3712      0.3373      0.1973      0.5547
0.263      0.3702      0.3358      0.1960      0.5542
0.264      0.3692      0.3342      0.1948      0.5537
0.265      0.3682      0.3327      0.1935      0.5533
0.266      0.3671      0.3311      0.1922      0.5530
0.267      0.3661      0.3295      0.1910      0.5526
0.268      0.3651      0.3280      0.1894      0.5521
0.269      0.3640      0.3264      0.1877      0.5514
0.270      0.3630      0.3248      0.1861      0.5507
0.271      0.3620      0.3233      0.1844      0.5502
0.272      0.3609      0.3217      0.1828      0.5500
0.273      0.3599      0.3201      0.1811      0.5498
0.274      0.3589      0.3185      0.1794      0.5493
0.275      0.3578      0.3169      0.1778      0.5485
0.276      0.3568      0.3153      0.1765      0.5476
0.277      0.3557      0.3137      0.1753      0.5470
0.278      0.3546      0.3121      0.1741      0.5465
0.279      0.3536      0.3105      0.1729      0.5460
0.280      0.3525      0.3088      0.1716      0.5455
0.281      0.3515      0.3072      0.1704      0.5449
0.282      0.3504      0.3056      0.1692      0.5445
0.283      0.3493      0.3039      0.1679      0.5440
0.284      0.3482      0.3023      0.1667      0.5436
0.285      0.3472      0.3007      0.1655      0.5431
0.286      0.3461      0.2990      0.1642      0.5426
0.287      0.3450      0.2974      0.1630      0.5421
0.288      0.3439      0.2957      0.1617      0.5415
0.289      0.3428      0.2940      0.1605      0.5409
0.290      0.3417      0.2924      0.1592      0.5403
0.291      0.3406      0.2907      0.1579      0.5396
0.292      0.3395      0.2890      0.1567      0.5390
0.293      0.3384      0.2874      0.1554      0.5381
0.294      0.3373      0.2857      0.1541      0.5371
0.295      0.3362      0.2840      0.1529      0.5362
0.296      0.3351      0.2823      0.1516      0.5352
0.297      0.3340      0.2806      0.1503      0.5349
0.298      0.3329      0.2789      0.1490      0.5347
0.299      0.3318      0.2772      0.1477      0.5344
0.300      0.3306      0.2755      0.1459      0.5341
0.301      0.3295      0.2737      0.1441      0.5335
0.302      0.3284      0.2720      0.1425      0.5328
0.303      0.3272      0.2703      0.1413      0.5322
0.304      0.3261      0.2686      0.1401      0.5316
0.305      0.3250      0.2668      0.1389      0.5310
0.306      0.3238      0.2651      0.1377      0.5303
0.307      0.3227      0.2633      0.1361      0.5297
0.308      0.3215      0.2616      0.1346      0.5290
0.309      0.3204      0.2598      0.1330      0.5284
0.310      0.3192      0.2580      0.1314      0.5278
0.311      0.3181      0.2563      0.1298      0.5271
0.312      0.3169      0.2545      0.1281      0.5265
0.313      0.3157      0.2527      0.1263      0.5258
0.314      0.3146      0.2509      0.1246      0.5252
0.315      0.3134      0.2491      0.1229      0.5245
0.316      0.3122      0.2474      0.1211      0.5239
0.317      0.3110      0.2456      0.1194      0.5232
0.318      0.3098      0.2437      0.1176      0.5226
0.319      0.3086      0.2419      0.1158      0.5219
0.320      0.3075      0.2401      0.1142      0.5214
0.321      0.3063      0.2383      0.1128      0.5210
0.322      0.3051      0.2365      0.1113      0.5206
0.323      0.3039      0.2346      0.1099      0.5203
0.324      0.3027      0.2328      0.1084      0.5199
0.325      0.3015      0.2310      0.1070      0.5195
0.326      0.3002      0.2291      0.1053      0.5192
0.327      0.2990      0.2273      0.1037      0.5188
0.328      0.2978      0.2254      0.1021      0.5184
0.329      0.2966      0.2235      0.1005      0.5180
0.330      0.2954      0.2217      0.0990      0.5177
0.331      0.2941      0.2198      0.0975      0.5173
0.332      0.2929      0.2179      0.0955      0.5169
0.333      0.2917      0.2160      0.0936      0.5165
0.334      0.2904      0.2141      0.0919      0.5161
0.335      0.2892      0.2122      0.0901      0.5153
0.336      0.2879      0.2103      0.0884      0.5145
0.337      0.2867      0.2084      0.0867      0.5137
0.338      0.2854      0.2065      0.0850      0.5129
0.339      0.2841      0.2046      0.0833      0.5123
0.340      0.2829      0.2026      0.0815      0.5119
0.341      0.2816      0.2007      0.0798      0.5115
0.342      0.2803      0.1988      0.0780      0.5111
0.343      0.2791      0.1968      0.0763      0.5107
0.344      0.2778      0.1949      0.0745      0.5099
0.345      0.2765      0.1929      0.0728      0.5089
0.346      0.2752      0.1910      0.0710      0.5078
0.347      0.2739      0.1890      0.0692      0.5068
0.348      0.2726      0.1870      0.0675      0.5058
0.349      0.2713      0.1850      0.0657      0.5050
0.350      0.2700      0.1830      0.0639      0.5048
0.351      0.2687      0.1810      0.0621      0.5046
0.352      0.2674      0.1790      0.0603      0.5039
0.353      0.2661      0.1770      0.0585      0.5030
0.354      0.2648      0.1750      0.0567      0.5021
0.355      0.2634      0.1730      0.0549      0.5016
0.356      0.2621      0.1710      0.0529      0.5011
0.357      0.2608      0.1690      0.0508      0.5001
0.358      0.2595      0.1669      0.0493      0.4992
0.359      0.2581      0.1649      0.0475      0.4982
0.360      0.2568      0.1628      0.0457      0.4973
0.361      0.2554      0.1608      0.0437      0.4963
0.362      0.2541      0.1587      0.0417      0.4954
0.363      0.2527      0.1566      0.0397      0.4944
0.364      0.2513      0.1546      0.0377      0.4936
0.365      0.2500      0.1525      0.0357      0.4931
0.366      0.2486      0.1504      0.0337      0.4926
0.367      0.2472      0.1483      0.0317      0.4921
0.368      0.2459      0.1462      0.0297      0.4916
0.369      0.2445      0.1441      0.0277      0.4911
0.370      0.2431      0.1420      0.0257      0.4903
0.371      0.2417      0.1398      0.0236      0.4899
0.372      0.2403      0.1377      0.0218      0.4896
0.373      0.2389      0.1356      0.0199      0.4891
0.374      0.2375      0.1334      0.0180      0.4886
0.375      0.2361      0.1313      0.0161      0.4881
0.376      0.2347      0.1291      0.0141      0.4875
0.377      0.2332      0.1270      0.0120      0.4870
0.378      0.2318      0.1248      0.0099      0.4865
0.379      0.2304      0.1226      0.0078      0.4860
0.380      0.2290      0.1204      0.0058      0.4853
0.381      0.2275      0.1182      0.0037      0.4846
0.382      0.2261      0.1160      0.0016      0.4838
0.383      0.2246      0.1138     -0.0005      0.4831
0.384      0.2232      0.1116     -0.0026      0.4823
0.385      0.2217      0.1094     -0.0048      0.4816
0.386      0.2203      0.1072     -0.0069      0.4808
0.387      0.2188      0.1049     -0.0090      0.4801
0.388      0.2173      0.1027     -0.0112      0.4793
0.389      0.2159      0.1004     -0.0133      0.4787
0.390      0.2144      0.0982     -0.0155      0.4783
0.391      0.2129      0.0959     -0.0176      0.4779
0.392      0.2114      0.0937     -0.0198      0.4774
0.393      0.2099      0.0914     -0.0222      0.4766
0.394      0.2084      0.0891     -0.0245      0.4758
0.395      0.2069      0.0868     -0.0268      0.4749
0.396      0.2054      0.0845     -0.0292      0.4742
0.397      0.2039      0.0822     -0.0316      0.4736
0.398      0.2024      0.0799     -0.0340      0.4730
0.399      0.2008      0.0775     -0.0363      0.4724
0.400      0.1993      0.0752     -0.0386      0.4718
0.401      0.1978      0.0729     -0.0410      0.4712
0.402      0.1962      0.0705     -0.0434      0.4706
0.403      0.1947      0.0682     -0.0458      0.4700
0.404      0.1931      0.0658     -0.0482      0.4693
0.405      0.1916      0.0634     -0.0506      0.4687
0.406      0.1900      0.0611     -0.0524      0.4681
0.407      0.1885      0.0587     -0.0543      0.4675
0.408      0.1869      0.0563     -0.0566      0.4664
0.409      0.1853      0.0539     -0.0589      0.4658
0.410      0.1837      0.0515     -0.0612      0.4651
0.411      0.1821      0.0490     -0.0636      0.4644
0.412      0.1806      0.0466     -0.0659      0.4638
0.413      0.1790      0.0442     -0.0682      0.4631
0.414      0.1774      0.0417     -0.0706      0.4623
0.415      0.1757      0.0393     -0.0729      0.4613
0.416      0.1741      0.0368     -0.0753      0.4603
0.417      0.1725      0.0343     -0.0777      0.4593
0.418      0.1709      0.0319     -0.0801      0.4583
0.419      0.1693      0.0294     -0.0825      0.4572
0.420      0.1676      0.0269     -0.0848      0.4562
0.421      0.1660      0.0244     -0.0873      0.4551
0.422      0.1643      0.0219     -0.0897      0.4540
0.423      0.1627      0.0193     -0.0921      0.4529
0.424      0.1610      0.0168     -0.0945      0.4518
0.425      0.1593      0.0143     -0.0971      0.4507
0.426      0.1577      0.0117     -0.0997      0.4496
0.427      0.1560      0.0092     -0.1023      0.4484
0.428      0.1543      0.0066     -0.1049      0.4473
0.429      0.1526      0.0040     -0.1075      0.4462
0.430      0.1509      0.0014     -0.1101      0.4450
0.431      0.1492     -0.0012     -0.1128      0.4441
0.432      0.1475     -0.0038     -0.1154      0.4432
0.433      0.1458     -0.0064     -0.1181      0.4423
0.434      0.1441     -0.0090     -0.1207      0.4415
0.435      0.1424     -0.0116     -0.1234      0.4405
0.436      0.1406     -0.0143     -0.1261      0.4395
0.437      0.1389     -0.0169     -0.1288      0.4384
0.438      0.1372     -0.0196     -0.1315      0.4373
0.439      0.1354     -0.0222     -0.1342      0.4362
0.440      0.1337     -0.0249     -0.1369      0.4351
0.441      0.1319     -0.0276     -0.1397      0.4340
0.442      0.1301     -0.0303     -0.1424      0.4329
0.443      0.1283     -0.0330     -0.1451      0.4318
0.444      0.1266     -0.0357     -0.1479      0.4307
0.445      0.1248     -0.0384     -0.1506      0.4296
0.446      0.1230     -0.0412     -0.1530      0.4285
0.447      0.1212     -0.0439     -0.1554      0.4274
0.448      0.1194     -0.0467     -0.1577      0.4263
0.449      0.1176     -0.0494     -0.1601      0.4251
0.450      0.1157     -0.0522     -0.1625      0.4240
0.451      0.1139     -0.0550     -0.1650      0.4232
0.452      0.1121     -0.0578     -0.1683      0.4225
0.453      0.1102     -0.0606     -0.1715      0.4218
0.454      0.1084     -0.0634     -0.1748      0.4211
0.455      0.1065     -0.0662     -0.1777      0.4204
0.456      0.1047     -0.0691     -0.1801      0.4197
0.457      0.1028     -0.0719     -0.1826      0.4190
0.458      0.1009     -0.0748     -0.1851      0.4183
0.459      0.0991     -0.0777     -0.1876      0.4175
0.460      0.0972     -0.0805     -0.1901      0.4168
0.461      0.0953     -0.0834     -0.1926      0.4161
0.462      0.0934     -0.0863     -0.1951      0.4152
0.463      0.0915     -0.0892     -0.1977      0.4143
0.464      0.0896     -0.0922     -0.2002      0.4133
0.465      0.0876     -0.0951     -0.2028      0.4123
0.466      0.0857     -0.0980     -0.2053      0.4113
0.467      0.0838     -0.1010     -0.2079      0.4103
0.468      0.0818     -0.1040     -0.2105      0.4093
0.469      0.0799     -0.1069     -0.2133      0.4084
0.470      0.0779     -0.1099     -0.2162      0.4079
0.471      0.0759     -0.1129     -0.2191      0.4074
0.472      0.0740     -0.1159     -0.2220      0.4069
0.473      0.0720     -0.1190     -0.2249      0.4064
0.474      0.0700     -0.1220     -0.2278      0.4058
0.475      0.0680     -0.1250     -0.2307      0.4053
0.476      0.0660     -0.1281     -0.2336      0.4048
0.477      0.0640     -0.1312     -0.2366      0.4037
0.478      0.0620     -0.1342     -0.2395      0.4025
0.479      0.0599     -0.1373     -0.2425      0.4013
0.480      0.0579     -0.1404     -0.2455      0.4001
0.481      0.0558     -0.1436     -0.2485      0.3989
0.482      0.0538     -0.1467     -0.2515      0.3977
0.483      0.0517     -0.1498     -0.2545      0.3965
0.484      0.0497     -0.1530     -0.2575      0.3953
0.485      0.0476     -0.1561     -0.2606      0.3940
0.486      0.0455     -0.1593     -0.2636      0.3928
0.487      0.0434     -0.1625     -0.2667      0.3915
0.488      0.0413     -0.1657     -0.2698      0.3902
0.489      0.0392     -0.1689     -0.2728      0.3889
0.490      0.0371     -0.1721     -0.2759      0.3876
0.491      0.0350     -0.1754     -0.2791      0.3863
0.492      0.0328     -0.1786     -0.2822      0.3850
0.493      0.0307     -0.1819     -0.2853      0.3836
0.494      0.0285     -0.1852     -0.2885      0.3823
0.495      0.0264     -0.1885     -0.2917      0.3809
0.496      0.0242     -0.1918     -0.2951      0.3796
0.497      0.0220     -0.1951     -0.2986      0.3784
0.498      0.0199     -0.1984     -0.3020      0.3772
0.499      0.0177     -0.2018     -0.3054      0.3761
0.500      0.0155     -0.2051     -0.3089      0.3750
0.501      0.0133     -0.2085     -0.3124      0.3738
0.502      0.0110     -0.2119     -0.3159      0.3727
0.503      0.0088     -0.2153     -0.3194      0.3715
0.504      0.0066     -0.2187     -0.3229      0.3704
0.505      0.0043     -0.2221     -0.3264      0.3692
0.506      0.0021     -0.2256     -0.3300      0.3680
0.507     -0.0002     -0.2290     -0.3335      0.3669
0.508     -0.0025     -0.2325     -0.3371      0.3657
0.509     -0.0048     -0.2360     -0.3407      0.3645
0.510     -0.0070     -0.2395     -0.3443      0.3633
0.511     -0.0094     -0.2430     -0.3479      0.3621
0.512     -0.0117     -0.2465     -0.3515      0.3609
0.513     -0.0140     -0.2500     -0.3552      0.3597
0.514     -0.0163     -0.2536     -0.3589      0.3585
0.515     -0.0187     -0.2572     -0.3625      0.3573
0.516     -0.0210     -0.2607     -0.3662      0.3561
0.517     -0.0234     -0.2643     -0.3699      0.3549
0.518     -0.0257     -0.2679     -0.3737      0.3537
0.519     -0.0281     -0.2716     -0.3774      0.3524
0.520     -0.0305     -0.2752     -0.3811      0.3509
0.521     -0.0329     -0.2789     -0.3849      0.3494
0.522     -0.0353     -0.2825     -0.3887      0.3479
0.523     -0.0377     -0.2862     -0.3925      0.3463
0.524     -0.0402     -0.2899     -0.3963      0.3448
0.525     -0.0426     -0.2937     -0.4002      0.3433
0.526     -0.0450     -0.2974     -0.4040      0.3418
0.527     -0.0475     -0.3011     -0.4073      0.3402
0.528     -0.0500     -0.3049     -0.4103      0.3387
0.529     -0.0525     -0.3087     -0.4134      0.3371
0.530     -0.0549     -0.3125     -0.4165      0.3355
0.531     -0.0574     -0.3163     -0.4196      0.3340
0.532     -0.0600     -0.3201     -0.4227      0.3325
0.533     -0.0625     -0.3240     -0.4258      0.3309
0.534     -0.0650     -0.3279     -0.4289      0.3293
0.535     -0.0676     -0.3317     -0.4320      0.3282
0.536     -0.0701     -0.3356     -0.4357      0.3273
0.537     -0.0727     -0.3395     -0.4397      0.3263
0.538     -0.0753     -0.3435     -0.4437      0.3253
0.539     -0.0779     -0.3474     -0.4478      0.3243
0.540     -0.0805     -0.3514     -0.4518      0.3233
0.541     -0.0831     -0.3554     -0.4559      0.3222
0.542     -0.0857     -0.3594     -0.4599      0.3212
0.543     -0.0883     -0.3634     -0.4640      0.3202
0.544     -0.0910     -0.3674     -0.4682      0.3192
0.545     -0.0936     -0.3715     -0.4723      0.3181
0.546     -0.0963     -0.3756     -0.4765      0.3171
0.547     -0.0990     -0.3796     -0.4806      0.3158
0.548     -0.1017     -0.3838     -0.4848      0.3144
0.549     -0.1044     -0.3879     -0.4890      0.3130
0.550     -0.1071     -0.3920     -0.4933      0.3116
0.551     -0.1098     -0.3962     -0.4975      0.3102
0.552     -0.1126     -0.4004     -0.5019      0.3088
0.553     -0.1153     -0.4046     -0.5064      0.3076
0.554     -0.1181     -0.4088     -0.5109      0.3064
0.555     -0.1209     -0.4130     -0.5154      0.3053
0.556     -0.1237     -0.4173     -0.5199      0.3041
0.557     -0.1265     -0.4216     -0.5244      0.3030
0.558     -0.1293     -0.4258     -0.5290      0.3018
0.559     -0.1321     -0.4302     -0.5336      0.3006
0.560     -0.1350     -0.4345     -0.5382      0.2995
0.561     -0.1378     -0.4389     -0.5428      0.2983
0.562     -0.1407     -0.4432     -0.5475      0.2971
0.563     -0.1436     -0.4476     -0.5521      0.2959
0.564     -0.1465     -0.4520     -0.5568      0.2947
0.565     -0.1494     -0.4565     -0.5615      0.2935
0.566     -0.1523     -0.4609     -0.5663      0.2923
0.567     -0.1552     -0.4654     -0.5710      0.2910
0.568     -0.1582     -0.4699     -0.5758      0.2893
0.569     -0.1611     -0.4744     -0.5805      0.2877
0.570     -0.1641     -0.4790     -0.5849      0.2860
0.571     -0.1671     -0.4835     -0.5893      0.2844
0.572     -0.1701     -0.4881     -0.5938      0.2827
0.573     -0.1731     -0.4927     -0.5982      0.2811
0.574     -0.1762     -0.4973     -0.6027      0.2794
0.575     -0.1792     -0.5020     -0.6072      0.2777
0.576     -0.1823     -0.5066     -0.6118      0.2760
0.577     -0.1853     -0.5113     -0.6163      0.2743
0.578     -0.1884     -0.5160     -0.6209      0.2726
0.579     -0.1915     -0.5208     -0.6255      0.2709
0.580     -0.1946     -0.5255     -0.6301      0.2692
0.581     -0.1978     -0.5303     -0.6348      0.2675
0.582     -0.2009     -0.5351     -0.6395      0.2657
0.583     -0.2041     -0.5399     -0.6442      0.2640
0.584     -0.2073     -0.5448     -0.6492      0.2622
0.585     -0.2105     -0.5496     -0.6541      0.2605
0.586     -0.2137     -0.5545     -0.6586      0.2591
0.587     -0.2169     -0.5595     -0.6631      0.2577
0.588     -0.2201     -0.5644     -0.6679      0.2563
0.589     -0.2234     -0.5694     -0.6728      0.2549
0.590     -0.2267     -0.5744     -0.6776      0.2534
0.591     -0.2300     -0.5794     -0.6820      0.2520
0.592     -0.2333     -0.5844     -0.6864      0.2504
0.593     -0.2366     -0.5895     -0.6909      0.2486
0.594     -0.2399     -0.5946     -0.6953      0.2467
0.595     -0.2433     -0.5997     -0.6998      0.2449
0.596     -0.2467     -0.6048     -0.7043      0.2431
0.597     -0.2500     -0.6100     -0.7090      0.2412
0.598     -0.2534     -0.6152     -0.7144      0.2400
0.599     -0.2569     -0.6204     -0.7198      0.2388
0.600     -0.2603     -0.6256     -0.7253      0.2376
0.601     -0.2638     -0.6309     -0.7309      0.2364
0.602     -0.2672     -0.6362     -0.7365      0.2352
0.603     -0.2707     -0.6415     -0.7421      0.2340
0.604     -0.2742     -0.6469     -0.7477      0.2326
0.605     -0.2778     -0.6523     -0.7533      0.2311
0.606     -0.2813     -0.6577     -0.7586      0.2295
0.607     -0.2849     -0.6631     -0.7639      0.2279
0.608     -0.2884     -0.6686     -0.7692      0.2264
0.609     -0.2920     -0.6740     -0.7745      0.2248
0.610     -0.2957     -0.6796     -0.7799      0.2231
0.611     -0.2993     -0.6851     -0.7853      0.2211
0.612     -0.3030     -0.6907     -0.7907      0.2191
0.613     -0.3066     -0.6963     -0.7961      0.2171
0.614     -0.3103     -0.7019     -0.8016      0.2151
0.615     -0.3140     -0.7076     -0.8071      0.2130
0.616     -0.3178     -0.7132     -0.8127      0.2110
0.617     -0.3215     -0.7190     -0.8185      0.2090
0.618     -0.3253     -0.7247     -0.8242      0.2069
0.619     -0.3291     -0.7305     -0.8300      0.2048
0.620     -0.3329     -0.7363     -0.8359      0.2027
0.621     -0.3367     -0.7421     -0.8417      0.2007
0.622     -0.3406     -0.7480     -0.8476      0.1986
0.623     -0.3444     -0.7539     -0.8536      0.1964
0.624     -0.3483     -0.7598     -0.8595      0.1943
0.625     -0.3522     -0.7658     -0.8655      0.1922
0.626     -0.3562     -0.7718     -0.8715      0.1900
0.627     -0.3601     -0.7778     -0.8776      0.1879
0.628     -0.3641     -0.7839     -0.8837      0.1857
0.629     -0.3681     -0.7900     -0.8898      0.1835
0.630     -0.3721     -0.7961     -0.8960      0.1813
0.631     -0.3761     -0.8023     -0.9022      0.1791
0.632     -0.3802     -0.8085     -0.9084      0.1769
0.633     -0.3843     -0.8147     -0.9146      0.1747
0.634     -0.3884     -0.8210     -0.9209      0.1724
0.635     -0.3925     -0.8273     -0.9273      0.1702
0.636     -0.3967     -0.8336     -0.9336      0.1679
0.637     -0.4009     -0.8400     -0.9400      0.1656
0.638     -0.4051     -0.8464     -0.9466      0.1633
0.639     -0.4093     -0.8528     -0.9531      0.1610
0.640     -0.4135     -0.8593     -0.9598      0.1587
0.641     -0.4178     -0.8658     -0.9664      0.1564
0.642     -0.4221     -0.8723     -0.9730      0.1540
0.643     -0.4264     -0.8789     -0.9794      0.1517
0.644     -0.4307     -0.8855     -0.9858      0.1493
0.645     -0.4351     -0.8922     -0.9925      0.1469
0.646     -0.4395     -0.8989     -0.9992      0.1445
0.647     -0.4439     -0.9056     -1.0059      0.1421
0.648     -0.4483     -0.9124     -1.0127      0.1397
0.649     -0.4528     -0.9192     -1.0196      0.1372
0.650     -0.4573     -0.9260     -1.0265      0.1353
0.651     -0.4618     -0.9329     -1.0334      0.1333
0.652     -0.4663     -0.9398     -1.0403      0.1309
0.653     -0.4709     -0.9468     -1.0473      0.1291
0.654     -0.4755     -0.9538     -1.0544      0.1273
0.655     -0.4801     -0.9608     -1.0612      0.1255
0.656     -0.4848     -0.9679     -1.0680      0.1237
0.657     -0.4895     -0.9750     -1.0749      0.1218
0.658     -0.4942     -0.9822     -1.0817      0.1200
0.659     -0.4989     -0.9894     -1.0887      0.1181
0.660     -0.5036     -0.9967     -1.0956      0.1162
0.661     -0.5084     -1.0040     -1.1026      0.1142
0.662     -0.5132     -1.0113     -1.1096      0.1123
0.663     -0.5181     -1.0187     -1.1167      0.1103
0.664     -0.5230     -1.0261     -1.1238      0.1083
0.665     -0.5279     -1.0336     -1.1310      0.1062
0.666     -0.5328     -1.0411     -1.1382      0.1042
0.667     -0.5377     -1.0487     -1.1455      0.1022
0.668     -0.5427     -1.0563     -1.1527      0.1001
0.669     -0.5477     -1.0639     -1.1601      0.0980
0.670     -0.5528     -1.0716     -1.1675      0.0960
0.671     -0.5579     -1.0794     -1.1749      0.0939
0.672     -0.5630     -1.0872     -1.1824      0.0918
0.673     -0.5681     -1.0950     -1.1899      0.0896
0.674     -0.5733     -1.1029     -1.1974      0.0875
0.675     -0.5785     -1.1108     -1.2050      0.0854
0.676     -0.5837     -1.1188     -1.2127      0.0832
0.677     -0.5890     -1.1269     -1.2204      0.0810
0.678     -0.5943     -1.1350     -1.2282      0.0789
0.679     -0.5997     -1.1431     -1.2360      0.0767
0.680     -0.6050     -1.1513     -1.2438      0.0744
0.681     -0.6104     -1.1595     -1.2517      0.0715
0.682     -0.6159     -1.1678     -1.2597      0.0684
0.683     -0.6213     -1.1762     -1.2676      0.0652
0.684     -0.6268     -1.1846     -1.2757      0.0621
0.685     -0.6324     -1.1930     -1.2838      0.0589
0.686     -0.6380     -1.2015     -1.2916      0.0557
0.687     -0.6436     -1.2101     -1.2997      0.0525
0.688     -0.6492     -1.2187     -1.3081      0.0493
0.689     -0.6549     -1.2273     -1.3167      0.0461
0.690     -0.6606     -1.2361     -1.3251      0.0428
0.691     -0.6664     -1.2448     -1.3335      0.0395
0.692     -0.6722     -1.2537     -1.3420      0.0362
0.693     -0.6780     -1.2626     -1.3505      0.0329
0.694     -0.6839     -1.2715     -1.3591      0.0299
0.695     -0.6898     -1.2805     -1.3678      0.0272
0.696     -0.6957     -1.2896     -1.3766      0.0245
0.697     -0.7017     -1.2987     -1.3855      0.0218
0.698     -0.7078     -1.3079     -1.3943      0.0190
0.699     -0.7138     -1.3172     -1.4033      0.0162
0.700     -0.7199     -1.3265     -1.4123      0.0135
0.701     -0.7261     -1.3359     -1.4214      0.0106
0.702     -0.7323     -1.3453     -1.4305      0.0078
0.703     -0.7385     -1.3548     -1.4397      0.0050
0.704     -0.7448     -1.3644     -1.4489      0.0021
0.705     -0.7511     -1.3740     -1.4583     -0.0008
0.706     -0.7575     -1.3837     -1.4676     -0.0037
0.707     -0.7639     -1.3935     -1.4771     -0.0066
0.708     -0.7703     -1.4033     -1.4866     -0.0095
0.709     -0.7768     -1.4132     -1.4962     -0.0125
0.710     -0.7833     -1.4232     -1.5058     -0.0155
0.711     -0.7899     -1.4332     -1.5155     -0.0185
0.712     -0.7965     -1.4433     -1.5253     -0.0215
0.713     -0.8032     -1.4535     -1.5351     -0.0246
0.714     -0.8099     -1.4637     -1.5450     -0.0276
0.715     -0.8167     -1.4740     -1.5550     -0.0307
0.716     -0.8235     -1.4844     -1.5651     -0.0338
0.717     -0.8304     -1.4949     -1.5752     -0.0370
0.718     -0.8373     -1.5054     -1.5858     -0.0401
0.719     -0.8442     -1.5161     -1.5971     -0.0433
0.720     -0.8513     -1.5267     -1.6071     -0.0465
0.721     -0.8583     -1.5375     -1.6170     -0.0497
0.722     -0.8654     -1.5483     -1.6269     -0.0530
0.723     -0.8726     -1.5593     -1.6374     -0.0562
0.724     -0.8798     -1.5703     -1.6481     -0.0600
0.725     -0.8871     -1.5814     -1.6588     -0.0638
0.726     -0.8944     -1.5925     -1.6696     -0.0677
0.727     -0.9018     -1.6038     -1.6805     -0.0713
0.728     -0.9092     -1.6151     -1.6914     -0.0746
0.729     -0.9167     -1.6265     -1.7025     -0.0779
0.730     -0.9242     -1.6380     -1.7136     -0.0811
0.731     -0.9318     -1.6496     -1.7248     -0.0842
0.732     -0.9395     -1.6612     -1.7361     -0.0873
0.733     -0.9472     -1.6730     -1.7478     -0.0905
0.734     -0.9549     -1.6848     -1.7592     -0.0938
0.735     -0.9628     -1.6968     -1.7706     -0.0974
0.736     -0.9706     -1.7088     -1.7821     -0.1010
0.737     -0.9786     -1.7209     -1.7938     -0.1046
0.738     -0.9866     -1.7331     -1.8056     -0.1083
0.739     -0.9946     -1.7454     -1.8175     -0.1120
0.740     -1.0028     -1.7578     -1.8295     -0.1157
0.741     -1.0110     -1.7703     -1.8415     -0.1194
0.742     -1.0192     -1.7829     -1.8537     -0.1232
0.743     -1.0275     -1.7956     -1.8660     -0.1270
0.744     -1.0359     -1.8083     -1.8783     -0.1308
0.745     -1.0444     -1.8212     -1.8908     -0.1347
0.746     -1.0529     -1.8342     -1.9036     -0.1385
0.747     -1.0615     -1.8473     -1.9166     -0.1423
0.748     -1.0701     -1.8605     -1.9296     -0.1462
0.749     -1.0788     -1.8738     -1.9428     -0.1501
0.750     -1.0876     -1.8872     -1.9561     -0.1540
0.751     -1.0965     -1.9007     -1.9694     -0.1579
0.752     -1.1054     -1.9143     -1.9829     -0.1619
0.753     -1.1144     -1.9280     -1.9965     -0.1656
0.754     -1.1235     -1.9419     -2.0102     -0.1692
0.755     -1.1327     -1.9558     -2.0240     -0.1728
0.756     -1.1419     -1.9699     -2.0379     -0.1768
0.757     -1.1512     -1.9841     -2.0520     -0.1814
0.758     -1.1606     -1.9984     -2.0661     -0.1859
0.759     -1.1700     -2.0128     -2.0804     -0.1905
0.760     -1.1796     -2.0274     -2.0948     -0.1949
0.761     -1.1892     -2.0420     -2.1093     -0.1992
0.762     -1.1989     -2.0568     -2.1239     -0.2035
0.763     -1.2086     -2.0717     -2.1387     -0.2078
0.764     -1.2185     -2.0867     -2.1536     -0.2122
0.765     -1.2284     -2.1019     -2.1686     -0.2166
0.766     -1.2385     -2.1172     -2.1837     -0.2211
0.767     -1.2486     -2.1326     -2.1990     -0.2256
0.768     -1.2588     -2.1482     -2.2144     -0.2301
0.769     -1.2691     -2.1639     -2.2299     -0.2347
0.770     -1.2795     -2.1797     -2.2456     -0.2393
0.771     -1.2899     -2.1957     -2.2614     -0.2440
0.772     -1.3005     -2.2118     -2.2774     -0.2487
0.773     -1.3112     -2.2280     -2.2934     -0.2534
0.774     -1.3219     -2.2444     -2.3097     -0.2582
0.775     -1.3328     -2.2610     -2.3260     -0.2631
0.776     -1.3437     -2.2777     -2.3416     -0.2679
0.777     -1.3547     -2.2945     -2.3573     -0.2728
0.778     -1.3659     -2.3115     -2.3742     -0.2778
0.779     -1.3771     -2.3286     -2.3914     -0.2828
0.780     -1.3885     -2.3459     -2.4087     -0.2878
0.781     -1.3999     -2.3634     -2.4261     -0.2929
0.782     -1.4115     -2.3810     -2.4436     -0.2981
0.783     -1.4231     -2.3988     -2.4607     -0.3033
0.784     -1.4349     -2.4167     -2.4779     -0.3085
0.785     -1.4468     -2.4348     -2.4953     -0.3138
0.786     -1.4588     -2.4531     -2.5135     -0.3191
0.787     -1.4709     -2.4716     -2.5323     -0.3245
0.788     -1.4831     -2.4902     -2.5513     -0.3299
0.789     -1.4954     -2.5090     -2.5705     -0.3354
0.790     -1.5079     -2.5280     -2.5898     -0.3410
0.791     -1.5204     -2.5471     -2.6093     -0.3466
0.792     -1.5331     -2.5665     -2.6284     -0.3522
0.793     -1.5459     -2.5860     -2.6478     -0.3579
0.794     -1.5589     -2.6057     -2.6673     -0.3637
0.795     -1.5719     -2.6256     -2.6870     -0.3695
0.796     -1.5851     -2.6458     -2.7069     -0.3753
0.797     -1.5984     -2.6661     -2.7270     -0.3813
0.798     -1.6119     -2.6866     -2.7473     -0.3873
0.799     -1.6255     -2.7073     -2.7678     -0.3933
0.800     -1.6392     -2.7282     -2.7885     -0.3994
0.801     -1.6530     -2.7493     -2.8095     -0.4056
0.802     -1.6670     -2.7707     -2.8306     -0.4118
0.803     -1.6812     -2.7922     -2.8519     -0.4181
0.804     -1.6955     -2.8140     -2.8735     -0.4245
0.805     -1.7099     -2.8360     -2.8953     -0.4309
0.806     -1.7245     -2.8583     -2.9173     -0.4374
0.807     -1.7392     -2.8807     -2.9397     -0.4443
0.808     -1.7541     -2.9034     -2.9624     -0.4516
0.809     -1.7691     -2.9264     -2.9854     -0.4591
0.810     -1.7843     -2.9495     -3.0087     -0.4666
0.811     -1.7997     -2.9729     -3.0322     -0.4742
0.812     -1.8152     -2.9966     -3.0560     -0.4818
0.813     -1.8309     -3.0205     -3.0800     -0.4896
0.814     -1.8467     -3.0447     -3.1043     -0.4974
0.815     -1.8628     -3.0692     -3.1288     -0.5053
0.816     -1.8790     -3.0939     -3.1536     -0.5133
0.817     -1.8954     -3.1188     -3.1787     -0.5214
0.818     -1.9119     -3.1441     -3.2041     -0.5296
0.819     -1.9287     -3.1696     -3.2297     -0.5378
0.820     -1.9456     -3.1954     -3.2556     -0.5461
0.821     -1.9627     -3.2215     -3.2818     -0.5538
0.822     -1.9800     -3.2479     -3.3083     -0.5617
0.823     -1.9975     -3.2746     -3.3351     -0.5696
0.824     -2.0152     -3.3016     -3.3622     -0.5776
0.825     -2.0331     -3.3289     -3.3896     -0.5854
0.826     -2.0513     -3.3566     -3.4174     -0.5931
0.827     -2.0696     -3.3845     -3.4454     -0.6008
0.828     -2.0881     -3.4128     -3.4738     -0.6087
0.829     -2.1069     -3.4414     -3.5025     -0.6166
0.830     -2.1258     -3.4703     -3.5316     -0.6246
0.831     -2.1450     -3.4996     -3.5609     -0.6327
0.832     -2.1645     -3.5292     -3.5907     -0.6410
0.833     -2.1841     -3.5592     -3.6208     -0.6493
0.834     -2.2040     -3.5895     -3.6512     -0.6577
0.835     -2.2241     -3.6202     -3.6821     -0.6662
0.836     -2.2445     -3.6513     -3.7133     -0.6748
0.837     -2.2652     -3.6827     -3.7449     -0.6836
0.838     -2.2861     -3.7146     -3.7768     -0.6924
0.839     -2.3072     -3.7468     -3.8092     -0.7013
0.840     -2.3286     -3.7795     -3.8420     -0.7104
0.841     -2.3503     -3.8125     -3.8752     -0.7196
0.842     -2.3722     -3.8460     -3.9088     -0.7288
0.843     -2.3945     -3.8799     -3.9428     -0.7383
0.844     -2.4170     -3.9143     -3.9773     -0.7478
0.845     -2.4398     -3.9490     -4.0119     -0.7574
0.846     -2.4629     -3.9843     -4.0463     -0.7672
0.847     -2.4863     -4.0200     -4.0812     -0.7771
0.848     -2.5100     -4.0561     -4.1164     -0.7871
0.849     -2.5341     -4.0928     -4.1522     -0.7976
0.850     -2.5584     -4.1299     -4.1884     -0.8085
0.851     -2.5831     -4.1675     -4.2252     -0.8194
0.852     -2.6081     -4.2057     -4.2624     -0.8306
0.853     -2.6335     -4.2443     -4.3001     -0.8419
0.854     -2.6592     -4.2835     -4.3390     -0.8533
0.855     -2.6852     -4.3233     -4.3787     -0.8649
0.856     -2.7116     -4.3635     -4.4188     -0.8766
0.857     -2.7384     -4.4044     -4.4596     -0.8886
0.858     -2.7656     -4.4458     -4.5009     -0.9007
0.859     -2.7931     -4.4878     -4.5428     -0.9129
0.860     -2.8211     -4.5304     -4.5853     -0.9257
0.861     -2.8494     -4.5736     -4.6284     -0.9387
0.862     -2.8782     -4.6175     -4.6721     -0.9519
0.863     -2.9073     -4.6620     -4.7165     -0.9652
0.864     -2.9369     -4.7071     -4.7615     -0.9788
0.865     -2.9670     -4.7529     -4.8072     -0.9926
0.866     -2.9975     -4.7994     -4.8536     -1.0066
0.867     -3.0284     -4.8466     -4.9007     -1.0207
0.868     -3.0598     -4.8945     -4.9485     -1.0352
0.869     -3.0917     -4.9431     -4.9970     -1.0498
0.870     -3.1241     -4.9925     -5.0462     -1.0646
0.871     -3.1570     -5.0427     -5.0963     -1.0797
0.872     -3.1904     -5.0936     -5.1471     -1.0950
0.873     -3.2243     -5.1453     -5.1987     -1.1106
0.874     -3.2588     -5.1979     -5.2511     -1.1264
0.875     -3.2938     -5.2513     -5.3044     -1.1424
0.876     -3.3294     -5.3055     -5.3585     -1.1588
0.877     -3.3656     -5.3607     -5.4135     -1.1753
0.878     -3.4023     -5.4167     -5.4694     -1.1922
0.879     -3.4397     -5.4737     -5.5262     -1.2093
0.880     -3.4777     -5.5316     -5.5840     -1.2267
0.881     -3.5163     -5.5905     -5.6428     -1.2444
0.882     -3.5556     -5.6504     -5.7025     -1.2624
0.883     -3.5955     -5.7113     -5.7633     -1.2808
0.884     -3.6362     -5.7733     -5.8251     -1.2994
0.885     -3.6775     -5.8363     -5.8880     -1.3184
0.886     -3.7196     -5.9005     -5.9520     -1.3376
0.887     -3.7624     -5.9658     -6.0171     -1.3573
0.888     -3.8060     -6.0322     -6.0834     -1.3773
0.889     -3.8503     -6.0999     -6.1508     -1.3976
0.890     -3.8955     -6.1688     -6.2196     -1.4183
0.891     -3.9415     -6.2389     -6.2895     -1.4394
0.892     -3.9884     -6.3104     -6.3608     -1.4609
0.893     -4.0361     -6.3831     -6.4334     -1.4828
0.894     -4.0847     -6.4573     -6.5074     -1.5051
0.895     -4.1343     -6.5328     -6.5827     -1.5278
0.896     -4.1848     -6.6099     -6.6596     -1.5509
0.897     -4.2363     -6.6884     -6.7379     -1.5746
0.898     -4.2888     -6.7684     -6.8177     -1.5986
0.899     -4.3423     -6.8501     -6.8992     -1.6232
0.900     -4.3969     -6.9333     -6.9822     -1.6482
0.901     -4.4526     -7.0183     -7.0670     -1.6738
0.902     -4.5095     -7.1050     -7.1534     -1.6998
0.903     -4.5675     -7.1934     -7.2417     -1.7264
0.904     -4.6267     -7.2838     -7.3318     -1.7536
0.905     -4.6872     -7.3760     -7.4238     -1.7813
0.906     -4.7490     -7.4702     -7.5177     -1.8096
0.907     -4.8121     -7.5664     -7.6137     -1.8386
0.908     -4.8765     -7.6647     -7.7117     -1.8681
0.909     -4.9424     -7.7651     -7.8119     -1.8983
0.910     -5.0097     -7.8678     -7.9144     -1.9292
0.911     -5.0786     -7.9728     -8.0191     -1.9608
0.912     -5.1490     -8.0802     -8.1262     -1.9929
0.913     -5.2211     -8.1900     -8.2358     -2.0253
0.914     -5.2948     -8.3025     -8.3479     -2.0583
0.915     -5.3702     -8.4175     -8.4627     -2.0922
0.916     -5.4475     -8.5353     -8.5802     -2.1268
0.917     -5.5266     -8.6559     -8.7005     -2.1623
0.918     -5.6076     -8.7795     -8.8237     -2.1987
0.919     -5.6907     -8.9061     -8.9501     -2.2360
0.920     -5.7758     -9.0359     -9.0795     -2.2742
0.921     -5.8630     -9.1690     -9.2123     -2.3133
0.922     -5.9526     -9.3055     -9.3484     -2.3535
0.923     -6.0444     -9.4455     -9.4881     -2.3947
0.924     -6.1386     -9.5892     -9.6314     -2.4370
0.925     -6.2354     -9.7368     -9.7786     -2.4804
0.926     -6.3348     -9.8883     -9.9298     -2.5250
0.927     -6.4369    -10.0440    -10.0851     -2.5713
0.928     -6.5418    -10.2040    -10.2447     -2.6196
0.929     -6.6497    -10.3685    -10.4088     -2.6692
0.930     -6.7607    -10.5377    -10.5761     -2.7203
0.931     -6.8749    -10.7119    -10.7482     -2.7729
0.932     -6.9924    -10.8911    -10.9253     -2.8270
0.933     -7.1135    -11.0757    -11.1078     -2.8827
0.934     -7.2382    -11.2659    -11.2958     -2.9401
0.935     -7.3668    -11.4619    -11.4896     -2.9993
0.936     -7.4994    -11.6641    -11.6894     -3.0603
0.937     -7.6361    -11.8727    -11.8955     -3.1233
0.938     -7.7774    -12.0880    -12.1084     -3.1883
0.939     -7.9232    -12.3104    -12.3281     -3.2551
0.940     -8.0739    -12.5402    -12.5553     -3.3234
0.941     -8.2297    -12.7778    -12.7901     -3.3940
0.942     -8.3909    -13.0235    -13.0330     -3.4671
0.943     -8.5577    -13.2779    -13.2844     -3.5427
0.944     -8.7305    -13.5414    -13.5449     -3.6210
0.945     -8.9096    -13.8145    -13.8148     -3.7021
0.946     -9.0953    -14.0976    -14.0946     -3.7863
0.947     -9.2880    -14.3915    -14.3851     -3.8736
0.948     -9.4881    -14.6967    -14.6867     -3.9643
0.949     -9.6961    -15.0138    -15.0002     -4.0586
0.950     -9.9124    -15.3436    -15.3261     -4.1566
0.951    -10.1375    -15.6869    -15.6654     -4.2586
0.952    -10.3720    -16.0445    -16.0188     -4.3649
0.953    -10.6165    -16.4173    -16.3873     -4.4757
0.954    -10.8716    -16.8063    -16.7718     -4.5913
0.955    -11.1380    -17.2125    -17.1734     -4.7121
0.956    -11.4166    -17.6373    -17.5944     -4.8383
0.957    -11.7081    -18.0818    -18.0362     -4.9704
0.958    -12.0135    -18.5475    -18.4991     -5.1088
0.959    -12.3338    -19.0359    -18.9846     -5.2540
0.960    -12.6701    -19.5487    -19.4943     -5.4064
0.961    -13.0237    -20.0878    -20.0301     -5.5666
0.962    -13.3959    -20.6554    -20.5942     -5.7353
0.963    -13.7881    -21.2535    -21.1888     -5.9131
0.964    -14.2022    -21.8849    -21.8164     -6.1007
0.965    -14.6399    -22.5524    -22.4798     -6.2991
0.966    -15.1034    -23.2591    -23.1823     -6.5091
0.967    -15.5950    -24.0088    -23.9274     -6.7320
0.968    -16.1173    -24.8052    -24.7190     -6.9687
0.969    -16.6733    -25.6530    -25.5617     -7.2206
0.970    -17.2663    -26.5573    -26.4605     -7.4894
0.971    -17.9003    -27.5240    -27.4215     -7.7767
0.972    -18.5796    -28.5598    -28.4510     -8.0846
0.973    -19.3091    -29.6722    -29.5567     -8.4152
0.974    -20.0948    -30.8703    -30.7475     -8.7712
0.975    -20.9433    -32.1642    -32.0336     -9.1558
0.976    -21.8626    -33.5659    -33.4269     -9.5724
0.977    -22.8618    -35.0895    -34.9413    -10.0252
0.978    -23.9518    -36.7516    -36.5935    -10.5192
0.979    -25.1456    -38.5720    -38.4028    -11.0602
0.980    -26.4587    -40.5744    -40.3931    -11.6609
0.981    -27.9103    -42.7878    -42.5930    -12.3261
0.982    -29.5230    -45.2469    -45.0374    -13.0650
0.983    -31.3254    -47.9954    -47.7690    -13.8909
0.984    -33.3532    -51.0872    -50.8427    -14.8201
0.985    -35.6514    -54.5916    -54.3258    -15.8731
0.986    -38.2777    -58.5965    -58.3065    -17.0733
0.987    -41.3083    -63.2175    -62.8999    -18.4453
0.988    -44.8438    -68.6086    -68.2582    -20.0457
0.989    -49.0220    -74.9800    -74.5911    -21.9376
0.990    -54.0366    -82.6261    -82.1914    -24.2078
0.991    -60.1647    -91.9708    -91.4799    -26.9819
0.992    -67.8249   -103.6517   -103.0896    -30.4496
0.993    -77.6743   -118.6699   -118.0179    -34.9085
0.994    -90.8061   -138.6942   -137.9218    -40.8543
0.995   -109.1917   -166.7301   -165.7886    -49.1772
0.996   -136.7705   -208.7819   -207.5898    -61.6626
0.997   -182.7326   -278.8682   -277.2501    -82.4753
0.998   -274.6554   -419.0407   -416.5799   -124.1421
0.999   -550.4798   -839.6100   -834.5869   -249.1213
