0.001    -65.2497    -68.6487    -82.5036    -49.2144
0.002    -32.1147    -33.8048    -40.7362    -24.1073
0.003    -21.0697    -22.1902    -26.8137    -15.7332
0.004    -15.5472    -16.3829    -19.8524    -11.5449
0.005    -12.2337    -12.8985    -15.6757     -9.0318
0.006    -10.0247    -10.5756    -12.8912     -7.3579
0.007     -8.4468     -8.9164    -10.9023     -6.1622
0.008     -7.2634     -7.6719     -9.4106     -5.2657
0.009     -6.3430     -6.7040     -8.2504     -4.5689
0.010     -5.6067     -5.9297     -7.3222     -4.0114
0.011     -5.0042     -5.2962     -6.5628     -3.5553
0.012     -4.5022     -4.7683     -5.9300     -3.1752
0.013     -4.0774     -4.3216     -5.3945     -2.8536
0.014     -3.7133     -3.9387     -4.9355     -2.5779
0.015     -3.3977     -3.6068     -4.5377     -2.3390
0.016     -3.1216     -3.3165     -4.1897     -2.1299
0.017     -2.8779     -3.0602     -3.8825     -1.9455
0.018     -2.6614     -2.8325     -3.6095     -1.7815
0.019     -2.4676     -2.6287     -3.3653     -1.6348
0.020     -2.2932     -2.4454     -3.1454     -1.5028
0.021     -2.1354     -2.2794     -2.9465     -1.3833
0.022     -1.9920     -2.1286     -2.7657     -1.2747
0.023     -1.8610     -1.9909     -2.6005     -1.1756
0.024     -1.7409     -1.8646     -2.4492     -1.0847
0.025     -1.6305     -1.7485     -2.3099     -1.0010
0.026     -1.5285     -1.6413     -2.1814     -0.9236
0.027     -1.4341     -1.5420     -2.0623     -0.8519
0.028     -1.3465     -1.4498     -1.9517     -0.7853
0.029     -1.2649     -1.3640     -1.8488     -0.7234
0.030     -1.1887     -1.2839     -1.7527     -0.6655
0.031     -1.1174     -1.2090     -1.6628     -0.6114
0.032     -1.0506     -1.1387     -1.5786     -0.5607
0.033     -0.9879     -1.0727     -1.4994     -0.5128
0.034     -0.9288     -1.0106     -1.4249     -0.4678
0.035     -0.8731     -0.9520     -1.3547     -0.4253
0.036     -0.8205     -0.8967     -1.2883     -0.3852
0.037     -0.7708     -0.8444     -1.2256     -0.3473
0.038     -0.7236     -0.7949     -1.1661     -0.3114
0.039     -0.6789     -0.7478     -1.1097     -0.2773
0.040     -0.6364     -0.7032     -1.0561     -0.2449
0.041     -0.5960     -0.6607     -1.0052     -0.2141
0.042     -0.5575     -0.6202     -0.9566     -0.1847
0.043     -0.5209     -0.5816     -0.9104     -0.1567
0.044     -0.4858     -0.5448     -0.8662     -0.1300
0.045     -0.4524     -0.5096     -0.8240     -0.1045
0.046     -0.4203     -0.4759     -0.7836     -0.0801
0.047     -0.3897     -0.4437     -0.7449     -0.0567
0.048     -0.3603     -0.4128     -0.7079     -0.0345
0.049     -0.3321     -0.3832     -0.6723     -0.0131
0.050     -0.3051     -0.3547     -0.6382      0.0074
0.051     -0.2791     -0.3274     -0.6054      0.0271
0.052     -0.2541     -0.3011     -0.5739      0.0460
0.053     -0.2301     -0.2758     -0.5436      0.0642
0.054     -0.2069     -0.2515     -0.5144      0.0818
0.055     -0.1846     -0.2280     -0.4862      0.0987
0.056     -0.1631     -0.2054     -0.4591      0.1150
0.057     -0.1423     -0.1836     -0.4329      0.1306
0.058     -0.1223     -0.1625     -0.4076      0.1457
0.059     -0.1029     -0.1421     -0.3832      0.1603
0.060     -0.0842     -0.1224     -0.3596      0.1744
0.061     -0.0661     -0.1034     -0.3367      0.1880
0.062     -0.0486     -0.0850     -0.3146      0.2012
0.063     -0.0316     -0.0671     -0.2931      0.2140
0.064     -0.0152     -0.0498     -0.2722      0.2264
0.065      0.0008     -0.0331     -0.2518      0.2384
0.066      0.0162     -0.0168     -0.2321      0.2500
0.067      0.0312     -0.0011     -0.2130      0.2613
0.068      0.0458      0.0142     -0.1945      0.2723
0.069      0.0599      0.0291     -0.1765      0.2829
0.070      0.0736      0.0435     -0.1590      0.2932
0.071      0.0869      0.0575     -0.1420      0.3033
0.072      0.0999      0.0711     -0.1255      0.3131
0.073      0.1125      0.0844     -0.1094      0.3226
0.074      0.1248      0.0973     -0.0937      0.3318
0.075      0.1367      0.1099     -0.0785      0.3408
0.076      0.1483      0.1221     -0.0637      0.3497
0.077      0.1597      0.1340     -0.0492      0.3583
0.078      0.1707      0.1456     -0.0352      0.3666
0.079      0.1815      0.1569     -0.0215      0.3748
0.080      0.1919      0.1679     -0.0081      0.3828
0.081      0.2022      0.1787      0.0049      0.3905
0.082      0.2121      0.1892      0.0177      0.3981
0.083      0.2219      0.1994      0.0301      0.4055
0.084      0.2314      0.2094      0.0421      0.4127
0.085      0.2407      0.2192      0.0537      0.4198
0.086      0.2497      0.2287      0.0651      0.4266
0.087      0.2586      0.2380      0.0762      0.4334
0.088      0.2672      0.2471      0.0870      0.4399
0.089      0.2757      0.2560      0.0976      0.4464
0.090      0.2840      0.2647      0.1080      0.4527
0.091      0.2921      0.2732      0.1181      0.4588
0.092      0.3000      0.2816      0.1281      0.4648
0.093      0.3077      0.2897      0.1378      0.4707
0.094      0.3153      0.2977      0.1473      0.4765
0.095      0.3227      0.3055      0.1566      0.4822
0.096      0.3300      0.3131      0.1656      0.4878
0.097      0.3371      0.3206      0.1745      0.4932
0.098      0.3441      0.3279      0.1833      0.4985
0.099      0.3509      0.3351      0.1918      0.5038
0.100      0.3576      0.3422      0.2002      0.5089
0.101      0.3642      0.3491      0.2084      0.5139
0.102      0.3706      0.3558      0.2164      0.5188
0.103      0.3769      0.3625      0.2243      0.5237
0.104      0.3831      0.3690      0.2321      0.5284
0.105      0.3892      0.3753      0.2397      0.5331
0.106      0.3951      0.3816      0.2471      0.5376
0.107      0.4010      0.3877      0.2544      0.5421
0.108      0.4067      0.3938      0.2616      0.5465
0.109      0.4123      0.3997      0.2686      0.5508
0.110      0.4179      0.4055      0.2756      0.5550
0.111      0.4233      0.4112      0.2823      0.5592
0.112      0.4286      0.4168      0.2890      0.5633
0.113      0.4339      0.4223      0.2956      0.5673
0.114      0.4390      0.4277      0.3020      0.5712
0.115      0.4441      0.4331      0.3083      0.5751
0.116      0.4490      0.4383      0.3145      0.5788
0.117      0.4539      0.4434      0.3206      0.5825
0.118      0.4587      0.4485      0.3267      0.5862
0.119      0.4634      0.4534      0.3326      0.5897
0.120      0.4681      0.4583      0.3384      0.5933
0.121      0.4726      0.4631      0.3441      0.5967
0.122      0.4771      0.4678      0.3497      0.6001
0.123      0.4815      0.4725      0.3552      0.6035
0.124      0.4859      0.4770      0.3607      0.6068
0.125      0.4902      0.4815      0.3660      0.6100
0.126      0.4944      0.4860      0.3713      0.6132
0.127      0.4985      0.4903      0.3764      0.6163
0.128      0.5026      0.4946      0.3815      0.6194
0.129      0.5066      0.4988      0.3866      0.6225
0.130      0.5105      0.5030      0.3915      0.6254
0.131      0.5144      0.5071      0.3964      0.6284
0.132      0.5183      0.5111      0.4012      0.6313
0.133      0.5220      0.5151      0.4059      0.6341
0.134      0.5258      0.5190      0.4105      0.6368
0.135      0.5294      0.5228      0.4151      0.6395
0.136      0.5330      0.5266      0.4196      0.6422
0.137      0.5366      0.5304      0.4241      0.6449
0.138      0.5401      0.5340      0.4284      0.6476
0.139      0.5435      0.5377      0.4328      0.6502
0.140      0.5470      0.5413      0.4371      0.6528
0.141      0.5503      0.5448      0.4413      0.6554
0.142      0.5536      0.5483      0.4454      0.6579
0.143      0.5569      0.5517      0.4495      0.6604
0.144      0.5601      0.5551      0.4535      0.6623
0.145      0.5633      0.5584      0.4575      0.6647
0.146      0.5664      0.5617      0.4614      0.6671
0.147      0.5695      0.5650      0.4653      0.6694
0.148      0.5725      0.5682      0.4691      0.6718
0.149      0.5755      0.5713      0.4728      0.6740
0.150      0.5785      0.5744      0.4780      0.6763
0.151      0.5814      0.5775      0.4817      0.6778
0.152      0.5843      0.5806      0.4866      0.6790
0.153      0.5872      0.5836      0.4913      0.6804
0.154      0.5900      0.5865      0.4961      0.6812
0.155      0.5928      0.5894      0.5024      0.6821
0.156      0.5955      0.5923      0.5075      0.6823
0.157      0.5982      0.5952      0.5110      0.6832
0.158      0.6009      0.5980      0.5149      0.6847
0.159      0.6035      0.6007      0.5202      0.6864
0.160      0.6061      0.6035      0.5262      0.6868
0.161      0.6087      0.6062      0.5315      0.6886
0.162      0.6112      0.6089      0.5350      0.6905
0.163      0.6137      0.6115      0.5387      0.6918
0.164      0.6162      0.6141      0.5440      0.6922
0.165      0.6187      0.6167      0.5468      0.6928
0.166      0.6211      0.6192      0.5508      0.6933
0.167      0.6235      0.6200      0.5555      0.6943
0.168      0.6258      0.6197      0.5597      0.6964
0.169      0.6282      0.6195      0.5639      0.6969
0.170      0.6305      0.6193      0.5674      0.7006
0.171      0.6328      0.6191      0.5690      0.7016
0.172      0.6327      0.6189      0.5681      0.7011
0.173      0.6323      0.6186      0.5670      0.6997
0.174      0.6320      0.6184      0.5672      0.7001
0.175      0.6317      0.6182      0.5665      0.7005
0.176      0.6314      0.6179      0.5639      0.7001
0.177      0.6310      0.6177      0.5621      0.7010
0.178      0.6307      0.6175      0.5618      0.7011
0.179      0.6304      0.6173      0.5611      0.7009
0.180      0.6300      0.6170      0.5607      0.7017
0.181      0.6297      0.6168      0.5602      0.7031
0.182      0.6294      0.6166      0.5584      0.7033
0.183      0.6291      0.6164      0.5575      0.7031
0.184      0.6287      0.6161      0.5564      0.7036
0.185      0.6284      0.6159      0.5558      0.7031
0.186      0.6280      0.6157      0.5554      0.7028
0.187      0.6277      0.6154      0.5550      0.7034
0.188      0.6274      0.6152      0.5545      0.7037
0.189      0.6270      0.6150      0.5541      0.7033
0.190      0.6267      0.6147      0.5537      0.7029
0.191      0.6264      0.6145      0.5532      0.7026
0.192      0.6260      0.6143      0.5520      0.7022
0.193      0.6257      0.6140      0.5516      0.7019
0.194      0.6253      0.6138      0.5512      0.7016
0.195      0.6250      0.6135      0.5508      0.7013
0.196      0.6246      0.6133      0.5504      0.7010
0.197      0.6243      0.6131      0.5500      0.7007
0.198      0.6240      0.6128      0.5496      0.7004
0.199      0.6236      0.6126      0.5492      0.7002
0.200      0.6233      0.6124      0.5488      0.6999
0.201      0.6229      0.6121      0.5484      0.6996
0.202      0.6226      0.6119      0.5480      0.6993
0.203      0.6222      0.6116      0.5476      0.6990
0.204      0.6219      0.6114      0.5471      0.6987
0.205      0.6215      0.6111      0.5467      0.6984
0.206      0.6212      0.6109      0.5463      0.6982
0.207      0.6208      0.6107      0.5459      0.6979
0.208      0.6204      0.6104      0.5455      0.6976
0.209      0.6201      0.6102      0.5451      0.6973
0.210      0.6197      0.6099      0.5446      0.6970
0.211      0.6194      0.6097      0.5442      0.6967
0.212      0.6190      0.6094      0.5438      0.6964
0.213      0.6187      0.6092      0.5434      0.6961
0.214      0.6183      0.6089      0.5430      0.6958
0.215      0.6179      0.6087      0.5427      0.6955
0.216      0.6176      0.6084      0.5423      0.6952
0.217      0.6172      0.6082      0.5420      0.6949
0.218      0.6169      0.6079      0.5416      0.6946
0.219      0.6165      0.6077      0.5413      0.6943
0.220      0.6161      0.6074      0.5410      0.6940
0.221      0.6158      0.6072      0.5406      0.6937
0.222      0.6154      0.6069      0.5403      0.6933
0.223      0.6150      0.6067      0.5399      0.6930
0.224      0.6147      0.6064      0.5396      0.6927
0.225      0.6143      0.6062      0.5392      0.6923
0.226      0.6139      0.6059      0.5389      0.6920
0.227      0.6135      0.6056      0.5386      0.6917
0.228      0.6132      0.6054      0.5382      0.6913
0.229      0.6128      0.6051      0.5379      0.6910
0.230      0.6124      0.6049      0.5376      0.6907
0.231      0.6120      0.6046      0.5373      0.6903
0.232      0.6117      0.6044      0.5370      0.6900
0.233      0.6113      0.6041      0.5367      0.6896
0.234      0.6109      0.6038      0.5364      0.6893
0.235      0.6105      0.6036      0.5361      0.6890
0.236      0.6101      0.6033      0.5357      0.6886
0.237      0.6098      0.6030      0.5352      0.6883
0.238      0.6094      0.6028      0.5348      0.6879
0.239      0.6090      0.6025      0.5344      0.6876
0.240      0.6086      0.6022      0.5340      0.6872
0.241      0.6082      0.6020      0.5336      0.6869
0.242      0.6078      0.6017      0.5331      0.6865
0.243      0.6075      0.6014      0.5328      0.6861
0.244      0.6071      0.6012      0.5324      0.6858
0.245      0.6067      0.6009      0.5320      0.6854
0.246      0.6063      0.6006      0.5316      0.6851
0.247      0.6059      0.6004      0.5311      0.6847
0.248      0.6055      0.6001      0.5306      0.6844
0.249      0.6051      0.5998      0.5302      0.6840
0.250      0.6047      0.5996      0.5297      0.6836
0.251      0.6043      0.5993      0.5293      0.6833
0.252      0.6039      0.5990      0.5288      0.6829
0.253      0.6035      0.5987      0.5284      0.6825
0.254      0.6031      0.5985      0.5280      0.6822
0.255      0.6027      0.5982      0.5275      0.6818
0.256      0.6023      0.5979      0.5271      0.6815
0.257      0.6019      0.5976      0.5267      0.6811
0.258      0.6015      0.5973      0.5264      0.6808
0.259      0.6011      0.5971      0.5260      0.6804
0.260      0.6007      0.5968      0.5256      0.6800
0.261      0.6003      0.5965      0.5252      0.6797
0.262      0.5999      0.5962      0.5248      0.6794
0.263      0.5995      0.5959      0.5244      0.6790
0.264      0.5991      0.5957      0.5241      0.6786
0.265      0.5986      0.5954      0.5237      0.6782
0.266      0.5982      0.5951      0.5233      0.6779
0.267      0.5978      0.5948      0.5229      0.6775
0.268      0.5974      0.5945      0.5225      0.6771
0.269      0.5970      0.5942      0.5221      0.6767
0.270      0.5966      0.5939      0.5217      0.6763
0.271      0.5962      0.5937      0.5213      0.6759
0.272      0.5957      0.5934      0.5209      0.6755
0.273      0.5953      0.5931      0.5205      0.6751
0.274      0.5949      0.5928      0.5200      0.6747
0.275      0.5945      0.5925      0.5194      0.6743
0.276      0.5940      0.5922      0.5188      0.6739
0.277      0.5936      0.5919      0.5182      0.6735
0.278      0.5932      0.5916      0.5177      0.6731
0.279      0.5928      0.5913      0.5173      0.6727
0.280      0.5923      0.5910      0.5168      0.6723
0.281      0.5919      0.5907      0.5164      0.6719
0.282      0.5915      0.5904      0.5160      0.6715
0.283      0.5910      0.5901      0.5156      0.6711
0.284      0.5906      0.5898      0.5151      0.6707
0.285      0.5902      0.5895      0.5146      0.6703
0.286      0.5897      0.5892      0.5140      0.6699
0.287      0.5893      0.5889      0.5135      0.6696
0.288      0.5889      0.5886      0.5129      0.6691
0.289      0.5884      0.5883      0.5124      0.6687
0.290      0.5880      0.5880      0.5119      0.6683
0.291      0.5875      0.5877      0.5115      0.6679
0.292      0.5871      0.5874      0.5111      0.6675
0.293      0.5866      0.5871      0.5108      0.6671
0.294      0.5862      0.5868      0.5104      0.6667
0.295      0.5858      0.5865      0.5100      0.6663
0.296      0.5853      0.5862      0.5096      0.6658
0.297      0.5849      0.5859      0.5092      0.6653
0.298      0.5844      0.5855      0.5088      0.6648
0.299      0.5840      0.5852      0.5084      0.6643
0.300      0.5835      0.5849      0.5080      0.6639
0.301      0.5830      0.5846      0.5077      0.6635
0.302      0.5826      0.5843      0.5072      0.6631
0.303      0.5821      0.5840      0.5068      0.6628
0.304      0.5817      0.5837      0.5063      0.6624
0.305      0.5812      0.5833      0.5059      0.6621
0.306      0.5807      0.5830      0.5054      0.6617
0.307      0.5803      0.5827      0.5049      0.6613
0.308      0.5798      0.5824      0.5043      0.6608
0.309      0.5794      0.5821      0.5038      0.6605
0.310      0.5789      0.5817      0.5032      0.6601
0.311      0.5784      0.5814      0.5027      0.6597
0.312      0.5780      0.5811      0.5022      0.6594
0.313      0.5775      0.5808      0.5016      0.6590
0.314      0.5770      0.5804      0.5011      0.6586
0.315      0.5765      0.5801      0.5005      0.6582
0.316      0.5761      0.5798      0.4999      0.6579
0.317      0.5756      0.5795      0.4994      0.6575
0.318      0.5751      0.5791      0.4988      0.6570
0.319      0.5746      0.5788      0.4983      0.6566
0.320      0.5741      0.5785      0.4977      0.6562
0.321      0.5737      0.5781      0.4972      0.6557
0.322      0.5732      0.5778      0.4966      0.6553
0.323      0.5727      0.5775      0.4960      0.6548
0.324      0.5722      0.5771      0.4956      0.6544
0.325      0.5717      0.5768      0.4951      0.6540
0.326      0.5712      0.5765      0.4946      0.6535
0.327      0.5707      0.5761      0.4941      0.6531
0.328      0.5702      0.5758      0.4936      0.6526
0.329      0.5698      0.5754      0.4931      0.6522
0.330      0.5693      0.5751      0.4927      0.6516
0.331      0.5688      0.5748      0.4922      0.6510
0.332      0.5683      0.5744      0.4917      0.6504
0.333      0.5678      0.5741      0.4912      0.6498
0.334      0.5673      0.5737      0.4907      0.6493
0.335      0.5668      0.5734      0.4902      0.6489
0.336      0.5663      0.5730      0.4897      0.6484
0.337      0.5657      0.5727      0.4892      0.6480
0.338      0.5652      0.5723      0.4887      0.6475
0.339      0.5647      0.5720      0.4882      0.6470
0.340      0.5642      0.5716      0.4877      0.6466
0.341      0.5637      0.5713      0.4871      0.6461
0.342      0.5632      0.5709      0.4865      0.6456
0.343      0.5627      0.5706      0.4858      0.6451
0.344      0.5622      0.5702      0.4851      0.6447
0.345      0.5616      0.5698      0.4844      0.6442
0.346      0.5611      0.5695      0.4838      0.6438
0.347      0.5606      0.5691      0.4831      0.6434
0.348      0.5601      0.5688      0.4824      0.6430
0.349      0.5596      0.5684      0.4817      0.6426
0.350      0.5590      0.5680      0.4810      0.6422
0.351      0.5585      0.5677      0.4804      0.6417
0.352      0.5580      0.5673      0.4797      0.6412
0.353      0.5574      0.5669      0.4790      0.6407
0.354      0.5569      0.5666      0.4783      0.6402
0.355      0.5564      0.5662      0.4776      0.6397
0.356      0.5558      0.5658      0.4771      0.6392
0.357      0.5553      0.5655      0.4765      0.6388
0.358      0.5548      0.5651      0.4760      0.6382
0.359      0.5542      0.5647      0.4754      0.6377
0.360      0.5537      0.5643      0.4749      0.6371
0.361      0.5531      0.5640      0.4743      0.6366
0.362      0.5526      0.5636      0.4738      0.6361
0.363      0.5520      0.5632      0.4732      0.6355
0.364      0.5515      0.5628      0.4727      0.6350
0.365      0.5509      0.5625      0.4721      0.6346
0.366      0.5504      0.5621      0.4716      0.6342
0.367      0.5498      0.5617      0.4710      0.6337
0.368      0.5493      0.5613      0.4705      0.6332
0.369      0.5487      0.5609      0.4699      0.6326
0.370      0.5482      0.5605      0.4693      0.6322
0.371      0.5476      0.5602      0.4688      0.6317
0.372      0.5470      0.5598      0.4682      0.6313
0.373      0.5465      0.5594      0.4676      0.6308
0.374      0.5459      0.5590      0.4671      0.6304
0.375      0.5453      0.5586      0.4665      0.6299
0.376      0.5448      0.5582      0.4659      0.6294
0.377      0.5442      0.5578      0.4653      0.6289
0.378      0.5436      0.5574      0.4648      0.6284
0.379      0.5430      0.5570      0.4642      0.6280
0.380      0.5425      0.5566      0.4636      0.6275
0.381      0.5419      0.5562      0.4630      0.6271
0.382      0.5413      0.5558      0.4624      0.6265
0.383      0.5407      0.5554      0.4618      0.6260
0.384      0.5401      0.5550      0.4613      0.6255
0.385      0.5395      0.5546      0.4607      0.6250
0.386      0.5389      0.5542      0.4601      0.6244
0.387      0.5384      0.5538      0.4594      0.6239
0.388      0.5378      0.5534      0.4587      0.6234
0.389      0.5372      0.5530      0.4580      0.6228
0.390      0.5366      0.5525      0.4572      0.6223
0.391      0.5360      0.5521      0.4565      0.6217
0.392      0.5354      0.5517      0.4557      0.6212
0.393      0.5348      0.5513      0.4550      0.6207
0.394      0.5342      0.5509      0.4542      0.6201
0.395      0.5336      0.5505      0.4534      0.6196
0.396      0.5329      0.5500      0.4527      0.6190
0.397      0.5323      0.5496      0.4519      0.6185
0.398      0.5317      0.5492      0.4512      0.6181
0.399      0.5311      0.5488      0.4504      0.6175
0.400      0.5305      0.5483      0.4496      0.6169
0.401      0.5299      0.5479      0.4489      0.6163
0.402      0.5292      0.5475      0.4482      0.6157
0.403      0.5286      0.5471      0.4476      0.6152
0.404      0.5280      0.5466      0.4469      0.6147
0.405      0.5274      0.5462      0.4463      0.6141
0.406      0.5267      0.5458      0.4456      0.6135
0.407      0.5261      0.5453      0.4450      0.6129
0.408      0.5255      0.5449      0.4443      0.6123
0.409      0.5248      0.5444      0.4437      0.6117
0.410      0.5242      0.5440      0.4429      0.6111
0.411      0.5236      0.5436      0.4421      0.6106
0.412      0.5229      0.5431      0.4413      0.6100
0.413      0.5223      0.5427      0.4404      0.6094
0.414      0.5216      0.5422      0.4396      0.6088
0.415      0.5210      0.5418      0.4387      0.6082
0.416      0.5203      0.5413      0.4379      0.6076
0.417      0.5197      0.5409      0.4371      0.6070
0.418      0.5190      0.5404      0.4362      0.6065
0.419      0.5183      0.5400      0.4354      0.6059
0.420      0.5177      0.5395      0.4346      0.6053
0.421      0.5170      0.5391      0.4339      0.6047
0.422      0.5164      0.5386      0.4332      0.6041
0.423      0.5157      0.5381      0.4324      0.6035
0.424      0.5150      0.5377      0.4317      0.6029
0.425      0.5143      0.5372      0.4310      0.6023
0.426      0.5137      0.5367      0.4303      0.6016
0.427      0.5130      0.5363      0.4295      0.6011
0.428      0.5123      0.5358      0.4288      0.6005
0.429      0.5116      0.5353      0.4280      0.6000
0.430      0.5110      0.5349      0.4273      0.5994
0.431      0.5103      0.5344      0.4265      0.5988
0.432      0.5096      0.5339      0.4258      0.5982
0.433      0.5089      0.5334      0.4250      0.5976
0.434      0.5082      0.5330      0.4243      0.5970
0.435      0.5075      0.5325      0.4235      0.5964
0.436      0.5068      0.5320      0.4227      0.5959
0.437      0.5061      0.5315      0.4220      0.5953
0.438      0.5054      0.5310      0.4212      0.5948
0.439      0.5047      0.5305      0.4204      0.5942
0.440      0.5040      0.5301      0.4197      0.5936
0.441      0.5033      0.5296      0.4188      0.5931
0.442      0.5026      0.5291      0.4180      0.5925
0.443      0.5018      0.5286      0.4172      0.5919
0.444      0.5011      0.5281      0.4163      0.5913
0.445      0.5004      0.5276      0.4155      0.5907
0.446      0.4997      0.5271      0.4146      0.5901
0.447      0.4989      0.5266      0.4138      0.5895
0.448      0.4982      0.5261      0.4129      0.5889
0.449      0.4975      0.5256      0.4122      0.5882
0.450      0.4967      0.5251      0.4114      0.5876
0.451      0.4960      0.5246      0.4106      0.5869
0.452      0.4953      0.5240      0.4099      0.5863
0.453      0.4945      0.5235      0.4091      0.5857
0.454      0.4938      0.5230      0.4083      0.5850
0.455      0.4930      0.5225      0.4075      0.5844
0.456      0.4923      0.5220      0.4068      0.5837
0.457      0.4915      0.5215      0.4060      0.5831
0.458      0.4908      0.5209      0.4052      0.5824
0.459      0.4900      0.5204      0.4043      0.5817
0.460      0.4892      0.5199      0.4033      0.5811
0.461      0.4885      0.5194      0.4024      0.5804
0.462      0.4877      0.5188      0.4014      0.5797
0.463      0.4869      0.5183      0.4004      0.5790
0.464      0.4862      0.5178      0.3994      0.5783
0.465      0.4854      0.5172      0.3984      0.5776
0.466      0.4846      0.5167      0.3974      0.5769
0.467      0.4838      0.5162      0.3964      0.5763
0.468      0.4830      0.5156      0.3954      0.5757
0.469      0.4823      0.5151      0.3944      0.5750
0.470      0.4815      0.5145      0.3934      0.5743
0.471      0.4807      0.5140      0.3925      0.5737
0.472      0.4799      0.5134      0.3917      0.5729
0.473      0.4791      0.5129      0.3908      0.5722
0.474      0.4783      0.5123      0.3899      0.5716
0.475      0.4775      0.5118      0.3891      0.5708
0.476      0.4767      0.5112      0.3882      0.5702
0.477      0.4758      0.5106      0.3873      0.5695
0.478      0.4750      0.5101      0.3864      0.5688
0.479      0.4742      0.5095      0.3855      0.5681
0.480      0.4734      0.5090      0.3846      0.5673
0.481      0.4726      0.5084      0.3838      0.5666
0.482      0.4717      0.5078      0.3829      0.5659
0.483      0.4709      0.5072      0.3820      0.5652
0.484      0.4701      0.5067      0.3811      0.5645
0.485      0.4692      0.5061      0.3802      0.5637
0.486      0.4684      0.5055      0.3792      0.5630
0.487      0.4675      0.5049      0.3783      0.5623
0.488      0.4667      0.5043      0.3774      0.5615
0.489      0.4658      0.5038      0.3765      0.5608
0.490      0.4650      0.5032      0.3756      0.5601
0.491      0.4641      0.5026      0.3746      0.5594
0.492      0.4633      0.5020      0.3736      0.5587
0.493      0.4624      0.5014      0.3725      0.5580
0.494      0.4615      0.5008      0.3715      0.5574
0.495      0.4607      0.5002      0.3704      0.5567
0.496      0.4598      0.4996      0.3694      0.5561
0.497      0.4589      0.4990      0.3683      0.5554
0.498      0.4580      0.4984      0.3673      0.5547
0.499      0.4572      0.4978      0.3662      0.5540
0.500      0.4563      0.4971      0.3652      0.5533
0.501      0.4554      0.4965      0.3641      0.5526
0.502      0.4545      0.4959      0.3630      0.5518
0.503      0.4536      0.4953      0.3619      0.5511
0.504      0.4527      0.4947      0.3608      0.5504
0.505      0.4518      0.4940      0.3598      0.5497
0.506      0.4509      0.4934      0.3587      0.5491
0.507      0.4499      0.4928      0.3577      0.5484
0.508      0.4490      0.4921      0.3567      0.5477
0.509      0.4481      0.4915      0.3558      0.5470
0.510      0.4472      0.4909      0.3548      0.5463
0.511      0.4462      0.4902      0.3539      0.5456
0.512      0.4453      0.4896      0.3529      0.5449
0.513      0.4444      0.4889      0.3518      0.5442
0.514      0.4434      0.4883      0.3507      0.5435
0.515      0.4425      0.4876      0.3496      0.5428
0.516      0.4415      0.4870      0.3485      0.5421
0.517      0.4406      0.4863      0.3474      0.5414
0.518      0.4396      0.4857      0.3463      0.5407
0.519      0.4387      0.4850      0.3451      0.5399
0.520      0.4377      0.4843      0.3440      0.5391
0.521      0.4367      0.4837      0.3429      0.5382
0.522      0.4358      0.4830      0.3418      0.5374
0.523      0.4348      0.4823      0.3406      0.5366
0.524      0.4338      0.4816      0.3395      0.5357
0.525      0.4328      0.4810      0.3383      0.5349
0.526      0.4318      0.4803      0.3372      0.5341
0.527      0.4308      0.4796      0.3360      0.5333
0.528      0.4298      0.4789      0.3350      0.5326
0.529      0.4288      0.4782      0.3340      0.5319
0.530      0.4278      0.4775      0.3328      0.5312
0.531      0.4268      0.4768      0.3316      0.5306
0.532      0.4258      0.4761      0.3303      0.5299
0.533      0.4248      0.4754      0.3291      0.5292
0.534      0.4238      0.4747      0.3280      0.5285
0.535      0.4227      0.4740      0.3268      0.5278
0.536      0.4217      0.4733      0.3257      0.5269
0.537      0.4207      0.4726      0.3246      0.5259
0.538      0.4196      0.4719      0.3234      0.5249
0.539      0.4186      0.4711      0.3223      0.5240
0.540      0.4175      0.4704      0.3211      0.5230
0.541      0.4165      0.4697      0.3199      0.5222
0.542      0.4154      0.4690      0.3188      0.5215
0.543      0.4144      0.4682      0.3175      0.5207
0.544      0.4133      0.4675      0.3163      0.5200
0.545      0.4122      0.4667      0.3150      0.5192
0.546      0.4111      0.4660      0.3137      0.5185
0.547      0.4101      0.4653      0.3125      0.5177
0.548      0.4090      0.4645      0.3112      0.5170
0.549      0.4079      0.4638      0.3099      0.5160
0.550      0.4068      0.4630      0.3086      0.5150
0.551      0.4057      0.4622      0.3073      0.5140
0.552      0.4046      0.4615      0.3060      0.5130
0.553      0.4035      0.4607      0.3047      0.5120
0.554      0.4023      0.4599      0.3034      0.5112
0.555      0.4012      0.4592      0.3021      0.5103
0.556      0.4001      0.4584      0.3008      0.5095
0.557      0.3990      0.4576      0.2994      0.5087
0.558      0.3978      0.4568      0.2981      0.5078
0.559      0.3967      0.4560      0.2967      0.5070
0.560      0.3955      0.4552      0.2954      0.5061
0.561      0.3944      0.4544      0.2942      0.5053
0.562      0.3932      0.4536      0.2929      0.5044
0.563      0.3921      0.4528      0.2914      0.5036
0.564      0.3909      0.4520      0.2899      0.5027
0.565      0.3897      0.4512      0.2886      0.5018
0.566      0.3885      0.4504      0.2872      0.5007
0.567      0.3874      0.4496      0.2858      0.4995
0.568      0.3862      0.4488      0.2844      0.4984
0.569      0.3850      0.4479      0.2830      0.4972
0.570      0.3838      0.4471      0.2816      0.4961
0.571      0.3826      0.4463      0.2801      0.4950
0.572      0.3813      0.4455      0.2787      0.4941
0.573      0.3801      0.4446      0.2773      0.4932
0.574      0.3789      0.4438      0.2758      0.4922
0.575      0.3777      0.4429      0.2744      0.4913
0.576      0.3764      0.4421      0.2729      0.4904
0.577      0.3752      0.4412      0.2715      0.4895
0.578      0.3740      0.4403      0.2700      0.4886
0.579      0.3727      0.4395      0.2685      0.4876
0.580      0.3714      0.4386      0.2671      0.4867
0.581      0.3702      0.4377      0.2656      0.4858
0.582      0.3689      0.4369      0.2641      0.4848
0.583      0.3676      0.4360      0.2626      0.4839
0.584      0.3663      0.4351      0.2611      0.4829
0.585      0.3651      0.4342      0.2596      0.4820
0.586      0.3638      0.4333      0.2580      0.4810
0.587      0.3625      0.4324      0.2564      0.4800
0.588      0.3611      0.4315      0.2547      0.4791
0.589      0.3598      0.4306      0.2532      0.4781
0.590      0.3585      0.4297      0.2516      0.4771
0.591      0.3572      0.4288      0.2501      0.4760
0.592      0.3558      0.4279      0.2485      0.4750
0.593      0.3545      0.4269      0.2470      0.4739
0.594      0.3532      0.4260      0.2454      0.4728
0.595      0.3518      0.4251      0.2438      0.4717
0.596      0.3504      0.4241      0.2422      0.4706
0.597      0.3491      0.4232      0.2406      0.4695
0.598      0.3477      0.4222      0.2390      0.4684
0.599      0.3463      0.4213      0.2374      0.4673
0.600      0.3449      0.4203      0.2358      0.4662
0.601      0.3435      0.4194      0.2340      0.4651
0.602      0.3421      0.4184      0.2322      0.4640
0.603      0.3407      0.4174      0.2304      0.4629
0.604      0.3393      0.4164      0.2286      0.4617
0.605      0.3379      0.4155      0.2267      0.4606
0.606      0.3365      0.4145      0.2249      0.4593
0.607      0.3350      0.4135      0.2230      0.4579
0.608      0.3336      0.4125      0.2212      0.4566
0.609      0.3321      0.4115      0.2194      0.4552
0.610      0.3307      0.4105      0.2177      0.4538
0.611      0.3292      0.4095      0.2160      0.4524
0.612      0.3277      0.4084      0.2143      0.4510
0.613      0.3262      0.4074      0.2125      0.4495
0.614      0.3247      0.4064      0.2108      0.4481
0.615      0.3232      0.4054      0.2090      0.4467
0.616      0.3217      0.4043      0.2072      0.4455
0.617      0.3202      0.4033      0.2052      0.4444
0.618      0.3187      0.4022      0.2033      0.4433
0.619      0.3172      0.4012      0.2013      0.4423
0.620      0.3156      0.4001      0.1994      0.4412
0.621      0.3141      0.3990      0.1977      0.4401
0.622      0.3125      0.3980      0.1959      0.4390
0.623      0.3110      0.3969      0.1942      0.4379
0.624      0.3094      0.3958      0.1925      0.4368
0.625      0.3078      0.3947      0.1907      0.4357
0.626      0.3062      0.3936      0.1888      0.4346
0.627      0.3046      0.3925      0.1868      0.4335
0.628      0.3030      0.3914      0.1848      0.4323
0.629      0.3014      0.3903      0.1829      0.4309
0.630      0.2998      0.3892      0.1809      0.4294
0.631      0.2982      0.3881      0.1789      0.4283
0.632      0.2965      0.3869      0.1769      0.4273
0.633      0.2949      0.3858      0.1748      0.4261
0.634      0.2932      0.3846      0.1728      0.4248
0.635      0.2916      0.3835      0.1708      0.4235
0.636      0.2899      0.3823      0.1687      0.4221
0.637      0.2882      0.3812      0.1669      0.4208
0.638      0.2865      0.3800      0.1651      0.4194
0.639      0.2848      0.3788      0.1633      0.4180
0.640      0.2831      0.3777      0.1615      0.4166
0.641      0.2814      0.3765      0.1593      0.4151
0.642      0.2796      0.3753      0.1571      0.4138
0.643      0.2779      0.3741      0.1549      0.4125
0.644      0.2761      0.3729      0.1527      0.4111
0.645      0.2744      0.3716      0.1505      0.4097
0.646      0.2726      0.3704      0.1483      0.4083
0.647      0.2708      0.3692      0.1460      0.4069
0.648      0.2690      0.3680      0.1438      0.4054
0.649      0.2672      0.3667      0.1415      0.4040
0.650      0.2654      0.3655      0.1392      0.4025
0.651      0.2636      0.3642      0.1369      0.4011
0.652      0.2618      0.3629      0.1349      0.3996
0.653      0.2599      0.3617      0.1327      0.3981
0.654      0.2581      0.3604      0.1306      0.3966
0.655      0.2562      0.3591      0.1286      0.3951
0.656      0.2543      0.3578      0.1267      0.3936
0.657      0.2524      0.3565      0.1243      0.3921
0.658      0.2505      0.3552      0.1223      0.3906
0.659      0.2486      0.3539      0.1202      0.3891
0.660      0.2467      0.3525      0.1182      0.3875
0.661      0.2448      0.3512      0.1159      0.3860
0.662      0.2428      0.3499      0.1136      0.3844
0.663      0.2409      0.3485      0.1112      0.3829
0.664      0.2389      0.3472      0.1088      0.3813
0.665      0.2369      0.3458      0.1065      0.3797
0.666      0.2349      0.3444      0.1043      0.3781
0.667      0.2329      0.3430      0.1020      0.3765
0.668      0.2309      0.3417      0.0996      0.3749
0.669      0.2289      0.3403      0.0973      0.3733
0.670      0.2269      0.3389      0.0950      0.3716
0.671      0.2248      0.3374      0.0926      0.3699
0.672      0.2227      0.3360      0.0903      0.3680
0.673      0.2207      0.3346      0.0879      0.3661
0.674      0.2186      0.3331      0.0855      0.3643
0.675      0.2165      0.3317      0.0830      0.3628
0.676      0.2144      0.3302      0.0804      0.3614
0.677      0.2122      0.3288      0.0778      0.3599
0.678      0.2101      0.3273      0.0751      0.3582
0.679      0.2079      0.3258      0.0725      0.3565
0.680      0.2058      0.3243      0.0698      0.3547
0.681      0.2036      0.3228      0.0669      0.3530
0.682      0.2014      0.3213      0.0640      0.3512
0.683      0.1992      0.3198      0.0609      0.3495
0.684      0.1970      0.3182      0.0582      0.3477
0.685      0.1947      0.3167      0.0555      0.3459
0.686      0.1925      0.3151      0.0529      0.3441
0.687      0.1902      0.3136      0.0503      0.3423
0.688      0.1879      0.3120      0.0476      0.3405
0.689      0.1856      0.3104      0.0447      0.3386
0.690      0.1833      0.3088      0.0420      0.3368
0.691      0.1810      0.3072      0.0392      0.3349
0.692      0.1787      0.3056      0.0363      0.3330
0.693      0.1763      0.3040      0.0334      0.3308
0.694      0.1739      0.3023      0.0305      0.3287
0.695      0.1715      0.3007      0.0276      0.3266
0.696      0.1691      0.2990      0.0246      0.3244
0.697      0.1667      0.2974      0.0216      0.3223
0.698      0.1643      0.2957      0.0187      0.3201
0.699      0.1618      0.2940      0.0157      0.3179
0.700      0.1594      0.2923      0.0128      0.3157
0.701      0.1569      0.2906      0.0098      0.3134
0.702      0.1544      0.2889      0.0067      0.3113
0.703      0.1519      0.2871      0.0037      0.3094
0.704      0.1493      0.2854      0.0006      0.3075
0.705      0.1468      0.2836     -0.0026      0.3056
0.706      0.1442      0.2819     -0.0060      0.3036
0.707      0.1416      0.2801     -0.0093      0.3016
0.708      0.1390      0.2783     -0.0125      0.2997
0.709      0.1364      0.2765     -0.0158      0.2977
0.710      0.1338      0.2746     -0.0189      0.2957
0.711      0.1311      0.2728     -0.0218      0.2936
0.712      0.1285      0.2710     -0.0248      0.2916
0.713      0.1258      0.2691     -0.0279      0.2896
0.714      0.1230      0.2672     -0.0311      0.2875
0.715      0.1203      0.2654     -0.0342      0.2854
0.716      0.1176      0.2635     -0.0376      0.2833
0.717      0.1148      0.2615     -0.0411      0.2812
0.718      0.1120      0.2596     -0.0445      0.2791
0.719      0.1092      0.2577     -0.0479      0.2770
0.720      0.1064      0.2557     -0.0513      0.2748
0.721      0.1035      0.2538     -0.0548      0.2726
0.722      0.1006      0.2518     -0.0584      0.2704
0.723      0.0977      0.2498     -0.0620      0.2682
0.724      0.0948      0.2478     -0.0656      0.2659
0.725      0.0919      0.2457     -0.0693      0.2638
0.726      0.0889      0.2437     -0.0729      0.2615
0.727      0.0860      0.2417     -0.0766      0.2593
0.728      0.0830      0.2396     -0.0804      0.2570
0.729      0.0800      0.2375     -0.0841      0.2547
0.730      0.0769      0.2354     -0.0879      0.2524
0.731      0.0738      0.2333     -0.0917      0.2500
0.732      0.0708      0.2312     -0.0956      0.2476
0.733      0.0676      0.2290     -0.0994      0.2451
0.734      0.0645      0.2268     -0.1033      0.2426
0.735      0.0613      0.2247     -0.1073      0.2400
0.736      0.0582      0.2225     -0.1112      0.2375
0.737      0.0550      0.2203     -0.1153      0.2349
0.738      0.0517      0.2180     -0.1193      0.2324
0.739      0.0485      0.2158     -0.1234      0.2298
0.740      0.0452      0.2135     -0.1274      0.2271
0.741      0.0419      0.2112     -0.1315      0.2244
0.742      0.0386      0.2089     -0.1356      0.2217
0.743      0.0352      0.2066     -0.1398      0.2189
0.744      0.0318      0.2043     -0.1437      0.2162
0.745      0.0284      0.2019     -0.1478      0.2134
0.746      0.0250      0.1996     -0.1520      0.2106
0.747      0.0215      0.1972     -0.1563      0.2077
0.748      0.0180      0.1948     -0.1607      0.2049
0.749      0.0145      0.1923     -0.1651      0.2020
0.750      0.0109      0.1899     -0.1696      0.1991
0.751      0.0074      0.1874     -0.1740      0.1962
0.752      0.0038      0.1849     -0.1786      0.1935
0.753      0.0001      0.1824     -0.1828      0.1909
0.754     -0.0035      0.1799     -0.1870      0.1882
0.755     -0.0072      0.1773     -0.1913      0.1854
0.756     -0.0110      0.1748     -0.1956      0.1823
0.757     -0.0147      0.1722     -0.2000      0.1792
0.758     -0.0185      0.1696     -0.2044      0.1762
0.759     -0.0223      0.1669     -0.2088      0.1732
0.760     -0.0262      0.1643     -0.2132      0.1701
0.761     -0.0301      0.1616     -0.2178      0.1670
0.762     -0.0340      0.1589     -0.2227      0.1638
0.763     -0.0379      0.1562     -0.2278      0.1607
0.764     -0.0419      0.1534     -0.2330      0.1575
0.765     -0.0459      0.1507     -0.2382      0.1543
0.766     -0.0500      0.1479     -0.2435      0.1511
0.767     -0.0540      0.1451     -0.2487      0.1478
0.768     -0.0582      0.1422     -0.2537      0.1445
0.769     -0.0623      0.1393     -0.2586      0.1412
0.770     -0.0665      0.1365     -0.2633      0.1378
0.771     -0.0707      0.1335     -0.2680      0.1344
0.772     -0.0750      0.1306     -0.2728      0.1310
0.773     -0.0793      0.1276     -0.2776      0.1276
0.774     -0.0836      0.1246     -0.2824      0.1241
0.775     -0.0880      0.1216     -0.2873      0.1206
0.776     -0.0924      0.1186     -0.2926      0.1172
0.777     -0.0969      0.1155     -0.2980      0.1140
0.778     -0.1014      0.1124     -0.3037      0.1107
0.779     -0.1059      0.1092     -0.3096      0.1074
0.780     -0.1105      0.1061     -0.3154      0.1041
0.781     -0.1151      0.1029     -0.3208      0.1008
0.782     -0.1198      0.0997     -0.3266      0.0974
0.783     -0.1245      0.0964     -0.3325      0.0940
0.784     -0.1293      0.0932     -0.3380      0.0906
0.785     -0.1341      0.0899     -0.3434      0.0871
0.786     -0.1389      0.0865     -0.3489      0.0836
0.787     -0.1438      0.0831     -0.3545      0.0802
0.788     -0.1487      0.0797     -0.3603      0.0768
0.789     -0.1537      0.0763     -0.3662      0.0734
0.790     -0.1587      0.0728     -0.3723      0.0699
0.791     -0.1638      0.0693     -0.3785      0.0664
0.792     -0.1689      0.0658     -0.3847      0.0629
0.793     -0.1741      0.0622     -0.3910      0.0593
0.794     -0.1793      0.0586     -0.3973      0.0557
0.795     -0.1846      0.0550     -0.4038      0.0518
0.796     -0.1899      0.0513     -0.4102      0.0475
0.797     -0.1953      0.0476     -0.4168      0.0431
0.798     -0.2007      0.0439     -0.4234      0.0389
0.799     -0.2062      0.0401     -0.4302      0.0349
0.800     -0.2117      0.0363     -0.4371      0.0309
0.801     -0.2173      0.0324     -0.4440      0.0269
0.802     -0.2230      0.0285     -0.4511      0.0228
0.803     -0.2287      0.0246     -0.4582      0.0183
0.804     -0.2345      0.0206     -0.4654      0.0136
0.805     -0.2403      0.0166     -0.4727      0.0089
0.806     -0.2462      0.0125     -0.4800      0.0041
0.807     -0.2521      0.0084     -0.4874     -0.0007
0.808     -0.2581      0.0043     -0.4949     -0.0056
0.809     -0.2642      0.0001     -0.5025     -0.0105
0.810     -0.2703     -0.0042     -0.5102     -0.0154
0.811     -0.2765     -0.0084     -0.5179     -0.0205
0.812     -0.2828     -0.0128     -0.5257     -0.0255
0.813     -0.2891     -0.0171     -0.5336     -0.0307
0.814     -0.2955     -0.0216     -0.5416     -0.0358
0.815     -0.3020     -0.0260     -0.5497     -0.0411
0.816     -0.3085     -0.0305     -0.5578     -0.0464
0.817     -0.3152     -0.0351     -0.5661     -0.0517
0.818     -0.3218     -0.0397     -0.5744     -0.0572
0.819     -0.3286     -0.0444     -0.5828     -0.0625
0.820     -0.3354     -0.0491     -0.5914     -0.0675
0.821     -0.3423     -0.0539     -0.6000     -0.0725
0.822     -0.3493     -0.0587     -0.6081     -0.0776
0.823     -0.3564     -0.0636     -0.6164     -0.0830
0.824     -0.3635     -0.0685     -0.6247     -0.0888
0.825     -0.3708     -0.0735     -0.6331     -0.0947
0.826     -0.3781     -0.0785     -0.6417     -0.1006
0.827     -0.3855     -0.0836     -0.6510     -0.1066
0.828     -0.3930     -0.0888     -0.6603     -0.1127
0.829     -0.4005     -0.0940     -0.6698     -0.1189
0.830     -0.4082     -0.0993     -0.6793     -0.1251
0.831     -0.4159     -0.1046     -0.6890     -0.1314
0.832     -0.4238     -0.1101     -0.6988     -0.1378
0.833     -0.4317     -0.1155     -0.7087     -0.1443
0.834     -0.4398     -0.1211     -0.7188     -0.1508
0.835     -0.4479     -0.1267     -0.7289     -0.1574
0.836     -0.4561     -0.1324     -0.7392     -0.1641
0.837     -0.4644     -0.1381     -0.7496     -0.1709
0.838     -0.4729     -0.1439     -0.7601     -0.1778
0.839     -0.4814     -0.1498     -0.7708     -0.1847
0.840     -0.4901     -0.1558     -0.7816     -0.1917
0.841     -0.4988     -0.1618     -0.7925     -0.1989
0.842     -0.5077     -0.1679     -0.8036     -0.2061
0.843     -0.5167     -0.1741     -0.8148     -0.2134
0.844     -0.5257     -0.1804     -0.8262     -0.2208
0.845     -0.5350     -0.1867     -0.8372     -0.2280
0.846     -0.5443     -0.1932     -0.8482     -0.2349
0.847     -0.5537     -0.1997     -0.8602     -0.2419
0.848     -0.5633     -0.2063     -0.8719     -0.2491
0.849     -0.5730     -0.2130     -0.8835     -0.2563
0.850     -0.5828     -0.2198     -0.8952     -0.2636
0.851     -0.5928     -0.2267     -0.9071     -0.2710
0.852     -0.6029     -0.2336     -0.9191     -0.2785
0.853     -0.6131     -0.2407     -0.9317     -0.2861
0.854     -0.6235     -0.2478     -0.9446     -0.2938
0.855     -0.6340     -0.2551     -0.9578     -0.3022
0.856     -0.6447     -0.2625     -0.9711     -0.3107
0.857     -0.6555     -0.2699     -0.9846     -0.3193
0.858     -0.6665     -0.2775     -0.9983     -0.3280
0.859     -0.6776     -0.2852     -1.0124     -0.3365
0.860     -0.6889     -0.2929     -1.0265     -0.3452
0.861     -0.7003     -0.3008     -1.0406     -0.3543
0.862     -0.7119     -0.3088     -1.0551     -0.3634
0.863     -0.7237     -0.3170     -1.0699     -0.3727
0.864     -0.7356     -0.3252     -1.0848     -0.3822
0.865     -0.7478     -0.3336     -1.0999     -0.3910
0.866     -0.7601     -0.3421     -1.1153     -0.4000
0.867     -0.7726     -0.3507     -1.1309     -0.4091
0.868     -0.7853     -0.3594     -1.1468     -0.4183
0.869     -0.7981     -0.3683     -1.1629     -0.4277
0.870     -0.8112     -0.3773     -1.1792     -0.4372
0.871     -0.8245     -0.3865     -1.1958     -0.4469
0.872     -0.8380     -0.3958     -1.2127     -0.4567
0.873     -0.8517     -0.4053     -1.2298     -0.4667
0.874     -0.8656     -0.4149     -1.2472     -0.4768
0.875     -0.8797     -0.4246     -1.2649     -0.4871
0.876     -0.8941     -0.4345     -1.2828     -0.4976
0.877     -0.9087     -0.4446     -1.3009     -0.5087
0.878     -0.9235     -0.4548     -1.3186     -0.5203
0.879     -0.9386     -0.4652     -1.3376     -0.5316
0.880     -0.9539     -0.4758     -1.3567     -0.5436
0.881     -0.9695     -0.4866     -1.3758     -0.5551
0.882     -0.9854     -0.4975     -1.3953     -0.5668
0.883     -1.0015     -0.5087     -1.4150     -0.5787
0.884     -1.0179     -0.5200     -1.4352     -0.5908
0.885     -1.0346     -0.5315     -1.4556     -0.6032
0.886     -1.0516     -0.5432     -1.4765     -0.6157
0.887     -1.0689     -0.5551     -1.4977     -0.6285
0.888     -1.0865     -0.5673     -1.5192     -0.6415
0.889     -1.1044     -0.5796     -1.5412     -0.6555
0.890     -1.1226     -0.5922     -1.5638     -0.6700
0.891     -1.1412     -0.6050     -1.5876     -0.6848
0.892     -1.1601     -0.6181     -1.6117     -0.6999
0.893     -1.1794     -0.6314     -1.6364     -0.7153
0.894     -1.1990     -0.6449     -1.6615     -0.7309
0.895     -1.2190     -0.6587     -1.6871     -0.7464
0.896     -1.2394     -0.6728     -1.7132     -0.7617
0.897     -1.2602     -0.6871     -1.7395     -0.7773
0.898     -1.2814     -0.7017     -1.7656     -0.7932
0.899     -1.3030     -0.7167     -1.7926     -0.8094
0.900     -1.3250     -0.7319     -1.8206     -0.8260
0.901     -1.3475     -0.7474     -1.8492     -0.8428
0.902     -1.3705     -0.7632     -1.8782     -0.8601
0.903     -1.3939     -0.7794     -1.9075     -0.8776
0.904     -1.4178     -0.7959     -1.9374     -0.8962
0.905     -1.4422     -0.8127     -1.9679     -0.9155
0.906     -1.4672     -0.8299     -1.9991     -0.9352
0.907     -1.4926     -0.8475     -2.0309     -0.9554
0.908     -1.5187     -0.8655     -2.0634     -0.9754
0.909     -1.5453     -0.8838     -2.0967     -0.9950
0.910     -1.5725     -0.9026     -2.1306     -1.0150
0.911     -1.6003     -0.9217     -2.1654     -1.0355
0.912     -1.6287     -0.9414     -2.2009     -1.0564
0.913     -1.6578     -0.9614     -2.2373     -1.0778
0.914     -1.6875     -0.9820     -2.2745     -1.0998
0.915     -1.7180     -1.0030     -2.3125     -1.1222
0.916     -1.7492     -1.0245     -2.3515     -1.1452
0.917     -1.7811     -1.0465     -2.3917     -1.1687
0.918     -1.8138     -1.0691     -2.4334     -1.1928
0.919     -1.8473     -1.0922     -2.4762     -1.2178
0.920     -1.8817     -1.1159     -2.5189     -1.2436
0.921     -1.9169     -1.1402     -2.5626     -1.2700
0.922     -1.9531     -1.1652     -2.6075     -1.2971
0.923     -1.9902     -1.1908     -2.6535     -1.3249
0.924     -2.0282     -1.2170     -2.7007     -1.3535
0.925     -2.0673     -1.2440     -2.7492     -1.3828
0.926     -2.1074     -1.2716     -2.7992     -1.4129
0.927     -2.1486     -1.3001     -2.8507     -1.4448
0.928     -2.1910     -1.3293     -2.9037     -1.4765
0.929     -2.2345     -1.3594     -2.9581     -1.5087
0.930     -2.2793     -1.3903     -3.0141     -1.5418
0.931     -2.3254     -1.4221     -3.0717     -1.5764
0.932     -2.3729     -1.4548     -3.1310     -1.6120
0.933     -2.4218     -1.4885     -3.1921     -1.6487
0.934     -2.4721     -1.5233     -3.2550     -1.6865
0.935     -2.5240     -1.5591     -3.3199     -1.7254
0.936     -2.5775     -1.5960     -3.3868     -1.7656
0.937     -2.6328     -1.6341     -3.4558     -1.8070
0.938     -2.6898     -1.6735     -3.5271     -1.8497
0.939     -2.7486     -1.7141     -3.6007     -1.8939
0.940     -2.8095     -1.7560     -3.6767     -1.9395
0.941     -2.8724     -1.7994     -3.7553     -1.9869
0.942     -2.9374     -1.8443     -3.8359     -2.0379
0.943     -3.0048     -1.8908     -3.9187     -2.0907
0.944     -3.0746     -1.9389     -4.0044     -2.1453
0.945     -3.1468     -1.9888     -4.0933     -2.2003
0.946     -3.2218     -2.0405     -4.1869     -2.2573
0.947     -3.2996     -2.0942     -4.2846     -2.3165
0.948     -3.3804     -2.1500     -4.3861     -2.3780
0.949     -3.4644     -2.2079     -4.4912     -2.4411
0.950     -3.5517     -2.2681     -4.5997     -2.5064
0.951     -3.6426     -2.3308     -4.7116     -2.5765
0.952     -3.7372     -2.3962     -4.8275     -2.6495
0.953     -3.8359     -2.4643     -4.9483     -2.7246
0.954     -3.9389     -2.5353     -5.0744     -2.8029
0.955     -4.0465     -2.6095     -5.2060     -2.8848
0.956     -4.1590     -2.6871     -5.3451     -2.9703
0.957     -4.2766     -2.7683     -5.4912     -3.0598
0.958     -4.3999     -2.8534     -5.6442     -3.1537
0.959     -4.5292     -2.9426     -5.8047     -3.2520
0.960     -4.6650     -3.0363     -5.9731     -3.3553
0.961     -4.8077     -3.1347     -6.1484     -3.4639
0.962     -4.9580     -3.2384     -6.3330     -3.5782
0.963     -5.1164     -3.3477     -6.5276     -3.6987
0.964     -5.2835     -3.4630     -6.7331     -3.8259
0.965     -5.4602     -3.5849     -6.9531     -3.9603
0.966     -5.6474     -3.7140     -7.1863     -4.1027
0.967     -5.8458     -3.8510     -7.4336     -4.2537
0.968     -6.0567     -3.9964     -7.6964     -4.4141
0.969     -6.2811     -4.1513     -7.9762     -4.5849
0.970     -6.5206     -4.3165     -8.2746     -4.7670
0.971     -6.7765     -4.4931     -8.5917     -4.9618
0.972     -7.0507     -4.6823     -8.9312     -5.1704
0.973     -7.3452     -4.8855     -9.2981     -5.3945
0.974     -7.6624     -5.1043     -9.6932     -5.6358
0.975     -8.0050     -5.3407    -10.1184     -5.8975
0.976     -8.3761     -5.5967    -10.5790     -6.1816
0.977     -8.7795     -5.8750    -11.0796     -6.4904
0.978     -9.2195     -6.1786    -11.6257     -6.8273
0.979     -9.7015     -6.5111    -12.2239     -7.1962
0.980    -10.2316     -6.8769    -12.8818     -7.6020
0.981    -10.8176     -7.2812    -13.6091     -8.0506
0.982    -11.4687     -7.7304    -14.4171     -8.5490
0.983    -12.1963     -8.2325    -15.3202     -9.1060
0.984    -13.0149     -8.7972    -16.3361     -9.7326
0.985    -13.9428     -9.4374    -17.4908    -10.4430
0.986    -15.0031    -10.1690    -18.8067    -11.2546
0.987    -16.2264    -11.0130    -20.3225    -12.1911
0.988    -17.6538    -11.9978    -22.0934    -13.2838
0.989    -19.3406    -13.1617    -24.1869    -14.5750
0.990    -21.3649    -14.5583    -26.6991    -16.1215
0.991    -23.8391    -16.2653    -29.7698    -18.0019
0.992    -26.9315    -18.3989    -33.6079    -20.3523
0.993    -30.9075    -21.1423    -38.5424    -23.3880
0.994    -36.2092    -24.7999    -45.1220    -27.4377
0.995    -43.6318    -29.9211    -54.3348    -33.0951
0.996    -54.7647    -37.6030    -68.1505    -41.5796
0.997    -73.3212    -50.4050    -91.1736    -55.7239
0.998   -110.4309    -76.0086   -137.1739    -84.0059
0.999   -221.7731   -152.8286   -275.2013   -168.8712
