0.001    -20.4605    -26.4966    -29.5735    -11.3745
0.002     -9.7321    -12.7383    -14.2855     -5.1925
0.003     -6.1559     -8.1521     -9.1869     -3.1318
0.004     -4.3678     -5.8591     -6.6376     -2.1015
0.005     -3.2950     -4.4832     -5.1081     -1.4833
0.006     -2.5798     -3.5660     -4.0884     -1.0712
0.007     -2.0689     -2.9108     -3.3600     -0.7768
0.008     -1.6857     -2.4195     -2.8137     -0.5560
0.009     -1.3877     -2.0373     -2.3889     -0.3843
0.010     -1.1493     -1.7315     -2.0490     -0.2469
0.011     -0.9542     -1.4814     -1.7712     -0.1345
0.012     -0.7917     -1.2729     -1.5398     -0.0408
0.013     -0.6541     -1.0965     -1.3441      0.0384
0.014     -0.5362     -0.9453     -1.1762      0.1063
0.015     -0.4341     -0.8143     -1.0301      0.1652
0.016     -0.3447     -0.6997     -0.9027      0.2167
0.017     -0.2658     -0.5985     -0.7906      0.2622
0.018     -0.1957     -0.5086     -0.6910      0.3026
0.019     -0.1329     -0.4281     -0.6018      0.3387
0.020     -0.0765     -0.3557     -0.5216      0.3713
0.021     -0.0254     -0.2902     -0.4490      0.4007
0.022      0.0211     -0.2306     -0.3830      0.4275
0.023      0.0635     -0.1762     -0.3227      0.4519
0.024      0.1024     -0.1264     -0.2675      0.4743
0.025      0.1381     -0.0805     -0.2166      0.4949
0.026      0.1711     -0.0382     -0.1696      0.5139
0.027      0.2017      0.0010     -0.1260      0.5316
0.028      0.2301      0.0374     -0.0854      0.5479
0.029      0.2565      0.0713     -0.0477      0.5631
0.030      0.2812      0.1029     -0.0124      0.5774
0.031      0.3042      0.1325      0.0206      0.5905
0.032      0.3259      0.1602      0.0515      0.6028
0.033      0.3462      0.1863      0.0805      0.6143
0.034      0.3653      0.2108      0.1078      0.6252
0.035      0.3833      0.2339      0.1336      0.6354
0.036      0.4004      0.2558      0.1579      0.6451
0.037      0.4165      0.2764      0.1809      0.6542
0.038      0.4317      0.2960      0.2025      0.6629
0.039      0.4462      0.3146      0.2231      0.6711
0.040      0.4600      0.3322      0.2426      0.6789
0.041      0.4731      0.3490      0.2612      0.6864
0.042      0.4855      0.3650      0.2788      0.6935
0.043      0.4974      0.3802      0.2957      0.7002
0.044      0.5087      0.3948      0.3128      0.7067
0.045      0.5196      0.4087      0.3283      0.7120
0.046      0.5299      0.4219      0.3452      0.7142
0.047      0.5399      0.4347      0.3628      0.7143
0.048      0.5494      0.4469      0.3808      0.7194
0.049      0.5585      0.4586      0.3966      0.7217
0.050      0.5673      0.4698      0.4138      0.7200
0.051      0.5757      0.4806      0.4262      0.7237
0.052      0.5838      0.4910      0.4407      0.7254
0.053      0.5915      0.5009      0.4579      0.7242
0.054      0.5990      0.5103      0.4714      0.7243
0.055      0.6063      0.5101      0.4878      0.7258
0.056      0.6132      0.5100      0.4983      0.7285
0.057      0.6186      0.5098      0.5053      0.7317
0.058      0.6181      0.5097      0.5094      0.7306
0.059      0.6176      0.5095      0.5086      0.7318
0.060      0.6171      0.5094      0.5082      0.7338
0.061      0.6167      0.5092      0.5045      0.7364
0.062      0.6162      0.5091      0.5042      0.7374
0.063      0.6157      0.5089      0.4993      0.7370
0.064      0.6153      0.5088      0.4981      0.7369
0.065      0.6148      0.5087      0.4946      0.7375
0.066      0.6143      0.5085      0.4941      0.7371
0.067      0.6138      0.5084      0.4936      0.7372
0.068      0.6133      0.5082      0.4931      0.7368
0.069      0.6129      0.5081      0.4926      0.7365
0.070      0.6124      0.5079      0.4920      0.7361
0.071      0.6119      0.5078      0.4915      0.7358
0.072      0.6114      0.5076      0.4910      0.7354
0.073      0.6109      0.5075      0.4905      0.7350
0.074      0.6105      0.5073      0.4900      0.7346
0.075      0.6100      0.5072      0.4895      0.7342
0.076      0.6095      0.5070      0.4889      0.7338
0.077      0.6090      0.5069      0.4884      0.7334
0.078      0.6085      0.5067      0.4879      0.7330
0.079      0.6080      0.5065      0.4874      0.7325
0.080      0.6075      0.5064      0.4868      0.7322
0.081      0.6070      0.5062      0.4863      0.7318
0.082      0.6065      0.5061      0.4858      0.7314
0.083      0.6060      0.5059      0.4853      0.7310
0.084      0.6055      0.5058      0.4847      0.7306
0.085      0.6051      0.5056      0.4842      0.7302
0.086      0.6046      0.5055      0.4837      0.7298
0.087      0.6041      0.5053      0.4832      0.7294
0.088      0.6036      0.5052      0.4826      0.7290
0.089      0.6031      0.5050      0.4820      0.7286
0.090      0.6026      0.5048      0.4815      0.7282
0.091      0.6021      0.5047      0.4809      0.7278
0.092      0.6015      0.5045      0.4803      0.7274
0.093      0.6010      0.5044      0.4797      0.7270
0.094      0.6005      0.5042      0.4791      0.7264
0.095      0.6000      0.5041      0.4786      0.7258
0.096      0.5995      0.5039      0.4780      0.7254
0.097      0.5990      0.5037      0.4774      0.7250
0.098      0.5985      0.5036      0.4768      0.7247
0.099      0.5980      0.5034      0.4762      0.7243
0.100      0.5975      0.5033      0.4756      0.7237
0.101      0.5970      0.5031      0.4751      0.7232
0.102      0.5964      0.5029      0.4745      0.7228
0.103      0.5959      0.5028      0.4739      0.7224
0.104      0.5954      0.5026      0.4733      0.7220
0.105      0.5949      0.5025      0.4727      0.7216
0.106      0.5944      0.5023      0.4721      0.7212
0.107      0.5938      0.5021      0.4715      0.7208
0.108      0.5933      0.5020      0.4710      0.7203
0.109      0.5928      0.5018      0.4704      0.7199
0.110      0.5923      0.5017      0.4697      0.7192
0.111      0.5918      0.5015      0.4691      0.7184
0.112      0.5912      0.5013      0.4685      0.7181
0.113      0.5907      0.5012      0.4679      0.7178
0.114      0.5902      0.5010      0.4673      0.7176
0.115      0.5896      0.5008      0.4667      0.7173
0.116      0.5891      0.5007      0.4661      0.7170
0.117      0.5886      0.5005      0.4655      0.7165
0.118      0.5880      0.5003      0.4648      0.7161
0.119      0.5875      0.5002      0.4642      0.7157
0.120      0.5870      0.5000      0.4636      0.7153
0.121      0.5864      0.4998      0.4630      0.7148
0.122      0.5859      0.4997      0.4624      0.7144
0.123      0.5853      0.4995      0.4618      0.7140
0.124      0.5848      0.4993      0.4611      0.7135
0.125      0.5843      0.4992      0.4605      0.7131
0.126      0.5837      0.4990      0.4599      0.7126
0.127      0.5832      0.4988      0.4593      0.7121
0.128      0.5826      0.4987      0.4587      0.7115
0.129      0.5821      0.4985      0.4580      0.7109
0.130      0.5815      0.4983      0.4574      0.7103
0.131      0.5810      0.4981      0.4568      0.7097
0.132      0.5804      0.4980      0.4561      0.7091
0.133      0.5799      0.4978      0.4555      0.7084
0.134      0.5793      0.4976      0.4549      0.7078
0.135      0.5788      0.4974      0.4542      0.7073
0.136      0.5782      0.4973      0.4536      0.7069
0.137      0.5776      0.4971      0.4530      0.7064
0.138      0.5771      0.4969      0.4523      0.7060
0.139      0.5765      0.4968      0.4517      0.7056
0.140      0.5760      0.4966      0.4510      0.7050
0.141      0.5754      0.4964      0.4504      0.7045
0.142      0.5748      0.4962      0.4497      0.7041
0.143      0.5743      0.4961      0.4491      0.7036
0.144      0.5737      0.4959      0.4484      0.7032
0.145      0.5731      0.4957      0.4478      0.7027
0.146      0.5726      0.4955      0.4471      0.7023
0.147      0.5720      0.4953      0.4465      0.7018
0.148      0.5714      0.4952      0.4458      0.7013
0.149      0.5708      0.4950      0.4452      0.7009
0.150      0.5703      0.4948      0.4445      0.7004
0.151      0.5697      0.4946      0.4439      0.6999
0.152      0.5691      0.4945      0.4432      0.6995
0.153      0.5685      0.4943      0.4425      0.6990
0.154      0.5680      0.4941      0.4419      0.6985
0.155      0.5674      0.4939      0.4412      0.6981
0.156      0.5668      0.4937      0.4405      0.6976
0.157      0.5662      0.4935      0.4399      0.6971
0.158      0.5656      0.4934      0.4392      0.6967
0.159      0.5650      0.4932      0.4385      0.6961
0.160      0.5644      0.4930      0.4378      0.6956
0.161      0.5639      0.4928      0.4372      0.6951
0.162      0.5633      0.4926      0.4365      0.6946
0.163      0.5627      0.4924      0.4359      0.6942
0.164      0.5621      0.4923      0.4353      0.6938
0.165      0.5615      0.4921      0.4347      0.6933
0.166      0.5609      0.4919      0.4340      0.6928
0.167      0.5603      0.4917      0.4333      0.6924
0.168      0.5597      0.4915      0.4325      0.6919
0.169      0.5591      0.4913      0.4318      0.6914
0.170      0.5585      0.4911      0.4310      0.6909
0.171      0.5579      0.4910      0.4303      0.6904
0.172      0.5573      0.4908      0.4297      0.6899
0.173      0.5567      0.4906      0.4292      0.6894
0.174      0.5560      0.4904      0.4286      0.6890
0.175      0.5554      0.4902      0.4281      0.6885
0.176      0.5548      0.4900      0.4275      0.6880
0.177      0.5542      0.4898      0.4269      0.6875
0.178      0.5536      0.4896      0.4261      0.6870
0.179      0.5530      0.4894      0.4253      0.6866
0.180      0.5524      0.4892      0.4245      0.6861
0.181      0.5517      0.4890      0.4237      0.6857
0.182      0.5511      0.4889      0.4229      0.6853
0.183      0.5505      0.4887      0.4221      0.6849
0.184      0.5499      0.4885      0.4212      0.6844
0.185      0.5492      0.4883      0.4205      0.6840
0.186      0.5486      0.4881      0.4197      0.6836
0.187      0.5480      0.4879      0.4190      0.6831
0.188      0.5474      0.4877      0.4183      0.6827
0.189      0.5467      0.4875      0.4177      0.6822
0.190      0.5461      0.4873      0.4172      0.6818
0.191      0.5455      0.4871      0.4166      0.6814
0.192      0.5448      0.4869      0.4160      0.6809
0.193      0.5442      0.4867      0.4154      0.6805
0.194      0.5435      0.4865      0.4148      0.6800
0.195      0.5429      0.4863      0.4142      0.6796
0.196      0.5423      0.4861      0.4136      0.6790
0.197      0.5416      0.4859      0.4130      0.6782
0.198      0.5410      0.4857      0.4124      0.6775
0.199      0.5403      0.4855      0.4119      0.6767
0.200      0.5397      0.4853      0.4113      0.6759
0.201      0.5390      0.4851      0.4107      0.6752
0.202      0.5384      0.4849      0.4097      0.6747
0.203      0.5377      0.4847      0.4090      0.6742
0.204      0.5371      0.4845      0.4085      0.6737
0.205      0.5364      0.4843      0.4080      0.6731
0.206      0.5357      0.4841      0.4075      0.6726
0.207      0.5351      0.4839      0.4070      0.6721
0.208      0.5344      0.4837      0.4064      0.6715
0.209      0.5338      0.4835      0.4058      0.6707
0.210      0.5331      0.4832      0.4052      0.6703
0.211      0.5324      0.4830      0.4046      0.6695
0.212      0.5317      0.4828      0.4040      0.6687
0.213      0.5311      0.4826      0.4034      0.6680
0.214      0.5304      0.4824      0.4025      0.6672
0.215      0.5297      0.4822      0.4017      0.6664
0.216      0.5291      0.4820      0.4009      0.6657
0.217      0.5284      0.4818      0.4001      0.6650
0.218      0.5277      0.4816      0.3992      0.6646
0.219      0.5270      0.4814      0.3984      0.6641
0.220      0.5263      0.4811      0.3976      0.6636
0.221      0.5256      0.4809      0.3967      0.6631
0.222      0.5250      0.4807      0.3959      0.6627
0.223      0.5243      0.4805      0.3950      0.6622
0.224      0.5236      0.4803      0.3941      0.6617
0.225      0.5229      0.4801      0.3932      0.6612
0.226      0.5222      0.4799      0.3922      0.6607
0.227      0.5215      0.4796      0.3913      0.6603
0.228      0.5208      0.4794      0.3903      0.6598
0.229      0.5201      0.4792      0.3894      0.6593
0.230      0.5194      0.4790      0.3887      0.6588
0.231      0.5187      0.4788      0.3879      0.6583
0.232      0.5180      0.4786      0.3872      0.6578
0.233      0.5173      0.4783      0.3865      0.6573
0.234      0.5166      0.4781      0.3856      0.6568
0.235      0.5159      0.4779      0.3847      0.6563
0.236      0.5152      0.4777      0.3839      0.6559
0.237      0.5144      0.4774      0.3830      0.6554
0.238      0.5137      0.4772      0.3821      0.6549
0.239      0.5130      0.4770      0.3812      0.6543
0.240      0.5123      0.4768      0.3803      0.6537
0.241      0.5116      0.4766      0.3795      0.6531
0.242      0.5108      0.4763      0.3786      0.6524
0.243      0.5101      0.4761      0.3777      0.6517
0.244      0.5094      0.4759      0.3768      0.6509
0.245      0.5087      0.4757      0.3759      0.6501
0.246      0.5079      0.4754      0.3750      0.6493
0.247      0.5072      0.4752      0.3741      0.6484
0.248      0.5065      0.4750      0.3732      0.6476
0.249      0.5057      0.4747      0.3724      0.6470
0.250      0.5050      0.4745      0.3716      0.6465
0.251      0.5042      0.4743      0.3709      0.6460
0.252      0.5035      0.4740      0.3701      0.6454
0.253      0.5028      0.4738      0.3694      0.6447
0.254      0.5020      0.4736      0.3686      0.6440
0.255      0.5013      0.4734      0.3678      0.6432
0.256      0.5005      0.4731      0.3668      0.6425
0.257      0.4998      0.4729      0.3658      0.6418
0.258      0.4990      0.4726      0.3648      0.6410
0.259      0.4983      0.4724      0.3637      0.6403
0.260      0.4975      0.4722      0.3627      0.6395
0.261      0.4967      0.4719      0.3617      0.6388
0.262      0.4960      0.4717      0.3607      0.6380
0.263      0.4952      0.4715      0.3597      0.6373
0.264      0.4944      0.4712      0.3586      0.6365
0.265      0.4937      0.4710      0.3576      0.6358
0.266      0.4929      0.4707      0.3566      0.6351
0.267      0.4921      0.4705      0.3558      0.6345
0.268      0.4913      0.4703      0.3550      0.6339
0.269      0.4906      0.4700      0.3542      0.6333
0.270      0.4898      0.4698      0.3534      0.6327
0.271      0.4890      0.4695      0.3526      0.6322
0.272      0.4882      0.4693      0.3518      0.6316
0.273      0.4874      0.4691      0.3510      0.6310
0.274      0.4866      0.4688      0.3502      0.6304
0.275      0.4859      0.4686      0.3494      0.6298
0.276      0.4851      0.4683      0.3486      0.6292
0.277      0.4843      0.4681      0.3477      0.6285
0.278      0.4835      0.4678      0.3469      0.6277
0.279      0.4827      0.4676      0.3458      0.6269
0.280      0.4819      0.4673      0.3447      0.6262
0.281      0.4811      0.4671      0.3436      0.6254
0.282      0.4803      0.4668      0.3425      0.6246
0.283      0.4795      0.4666      0.3414      0.6238
0.284      0.4786      0.4663      0.3403      0.6231
0.285      0.4778      0.4661      0.3391      0.6223
0.286      0.4770      0.4658      0.3380      0.6215
0.287      0.4762      0.4656      0.3369      0.6207
0.288      0.4754      0.4653      0.3359      0.6199
0.289      0.4746      0.4650      0.3350      0.6191
0.290      0.4737      0.4648      0.3341      0.6183
0.291      0.4729      0.4645      0.3331      0.6175
0.292      0.4721      0.4643      0.3322      0.6166
0.293      0.4712      0.4640      0.3312      0.6157
0.294      0.4704      0.4638      0.3303      0.6151
0.295      0.4696      0.4635      0.3293      0.6143
0.296      0.4687      0.4632      0.3283      0.6137
0.297      0.4679      0.4630      0.3274      0.6133
0.298      0.4670      0.4627      0.3264      0.6125
0.299      0.4662      0.4624      0.3254      0.6117
0.300      0.4654      0.4622      0.3245      0.6109
0.301      0.4645      0.4619      0.3235      0.6101
0.302      0.4637      0.4617      0.3225      0.6093
0.303      0.4628      0.4614      0.3215      0.6086
0.304      0.4619      0.4611      0.3206      0.6080
0.305      0.4611      0.4609      0.3197      0.6075
0.306      0.4602      0.4606      0.3188      0.6069
0.307      0.4593      0.4603      0.3179      0.6064
0.308      0.4585      0.4600      0.3170      0.6059
0.309      0.4576      0.4598      0.3160      0.6053
0.310      0.4567      0.4595      0.3151      0.6048
0.311      0.4559      0.4592      0.3142      0.6042
0.312      0.4550      0.4590      0.3132      0.6037
0.313      0.4541      0.4587      0.3123      0.6031
0.314      0.4532      0.4584      0.3114      0.6026
0.315      0.4523      0.4581      0.3104      0.6020
0.316      0.4514      0.4579      0.3095      0.6015
0.317      0.4506      0.4576      0.3085      0.6007
0.318      0.4497      0.4573      0.3076      0.5998
0.319      0.4488      0.4570      0.3066      0.5988
0.320      0.4479      0.4567      0.3053      0.5979
0.321      0.4470      0.4565      0.3040      0.5970
0.322      0.4461      0.4562      0.3027      0.5960
0.323      0.4452      0.4559      0.3014      0.5951
0.324      0.4442      0.4556      0.3003      0.5941
0.325      0.4433      0.4553      0.2993      0.5932
0.326      0.4424      0.4551      0.2982      0.5922
0.327      0.4415      0.4548      0.2972      0.5912
0.328      0.4406      0.4545      0.2961      0.5903
0.329      0.4397      0.4542      0.2951      0.5893
0.330      0.4387      0.4539      0.2940      0.5886
0.331      0.4378      0.4536      0.2927      0.5879
0.332      0.4369      0.4533      0.2913      0.5872
0.333      0.4359      0.4530      0.2903      0.5865
0.334      0.4350      0.4527      0.2894      0.5858
0.335      0.4341      0.4525      0.2886      0.5851
0.336      0.4331      0.4522      0.2876      0.5844
0.337      0.4322      0.4519      0.2865      0.5837
0.338      0.4312      0.4516      0.2854      0.5830
0.339      0.4303      0.4513      0.2843      0.5823
0.340      0.4293      0.4510      0.2832      0.5816
0.341      0.4284      0.4507      0.2821      0.5808
0.342      0.4274      0.4504      0.2811      0.5799
0.343      0.4264      0.4501      0.2799      0.5792
0.344      0.4255      0.4498      0.2788      0.5785
0.345      0.4245      0.4495      0.2777      0.5778
0.346      0.4235      0.4492      0.2766      0.5772
0.347      0.4226      0.4489      0.2753      0.5765
0.348      0.4216      0.4486      0.2743      0.5758
0.349      0.4206      0.4483      0.2732      0.5751
0.350      0.4196      0.4480      0.2721      0.5743
0.351      0.4186      0.4477      0.2710      0.5736
0.352      0.4176      0.4473      0.2698      0.5729
0.353      0.4167      0.4470      0.2685      0.5721
0.354      0.4157      0.4467      0.2671      0.5714
0.355      0.4147      0.4464      0.2658      0.5706
0.356      0.4137      0.4461      0.2644      0.5699
0.357      0.4127      0.4458      0.2631      0.5691
0.358      0.4116      0.4455      0.2617      0.5684
0.359      0.4106      0.4452      0.2606      0.5676
0.360      0.4096      0.4449      0.2596      0.5669
0.361      0.4086      0.4445      0.2586      0.5662
0.362      0.4076      0.4442      0.2576      0.5654
0.363      0.4066      0.4439      0.2566      0.5647
0.364      0.4055      0.4436      0.2557      0.5639
0.365      0.4045      0.4433      0.2547      0.5632
0.366      0.4035      0.4429      0.2537      0.5624
0.367      0.4024      0.4426      0.2525      0.5620
0.368      0.4014      0.4423      0.2514      0.5612
0.369      0.4003      0.4420      0.2501      0.5602
0.370      0.3993      0.4416      0.2489      0.5594
0.371      0.3982      0.4413      0.2477      0.5588
0.372      0.3972      0.4410      0.2465      0.5583
0.373      0.3961      0.4407      0.2453      0.5577
0.374      0.3951      0.4403      0.2441      0.5571
0.375      0.3940      0.4400      0.2428      0.5562
0.376      0.3929      0.4397      0.2419      0.5553
0.377      0.3919      0.4393      0.2410      0.5543
0.378      0.3908      0.4390      0.2401      0.5534
0.379      0.3897      0.4387      0.2392      0.5525
0.380      0.3886      0.4383      0.2379      0.5516
0.381      0.3876      0.4380      0.2365      0.5509
0.382      0.3865      0.4377      0.2352      0.5501
0.383      0.3854      0.4373      0.2339      0.5493
0.384      0.3843      0.4370      0.2328      0.5485
0.385      0.3832      0.4366      0.2318      0.5477
0.386      0.3821      0.4363      0.2308      0.5469
0.387      0.3810      0.4359      0.2298      0.5461
0.388      0.3799      0.4356      0.2286      0.5453
0.389      0.3788      0.4353      0.2271      0.5444
0.390      0.3776      0.4349      0.2256      0.5436
0.391      0.3765      0.4346      0.2242      0.5428
0.392      0.3754      0.4342      0.2227      0.5420
0.393      0.3743      0.4339      0.2212      0.5412
0.394      0.3731      0.4335      0.2197      0.5401
0.395      0.3720      0.4332      0.2182      0.5392
0.396      0.3709      0.4328      0.2167      0.5383
0.397      0.3697      0.4324      0.2152      0.5375
0.398      0.3686      0.4321      0.2137      0.5367
0.399      0.3674      0.4317      0.2124      0.5356
0.400      0.3663      0.4314      0.2111      0.5345
0.401      0.3651      0.4310      0.2098      0.5336
0.402      0.3639      0.4307      0.2082      0.5327
0.403      0.3628      0.4303      0.2065      0.5319
0.404      0.3616      0.4299      0.2049      0.5310
0.405      0.3604      0.4296      0.2036      0.5301
0.406      0.3593      0.4292      0.2023      0.5292
0.407      0.3581      0.4288      0.2010      0.5283
0.408      0.3569      0.4285      0.1997      0.5275
0.409      0.3557      0.4281      0.1984      0.5266
0.410      0.3545      0.4277      0.1971      0.5257
0.411      0.3533      0.4273      0.1958      0.5248
0.412      0.3521      0.4270      0.1944      0.5239
0.413      0.3509      0.4266      0.1931      0.5229
0.414      0.3497      0.4262      0.1918      0.5218
0.415      0.3485      0.4258      0.1906      0.5207
0.416      0.3473      0.4255      0.1893      0.5197
0.417      0.3460      0.4251      0.1880      0.5186
0.418      0.3448      0.4247      0.1865      0.5175
0.419      0.3436      0.4243      0.1850      0.5164
0.420      0.3423      0.4239      0.1837      0.5153
0.421      0.3411      0.4235      0.1820      0.5142
0.422      0.3399      0.4232      0.1802      0.5134
0.423      0.3386      0.4228      0.1785      0.5125
0.424      0.3374      0.4224      0.1767      0.5116
0.425      0.3361      0.4220      0.1750      0.5107
0.426      0.3348      0.4216      0.1732      0.5098
0.427      0.3336      0.4212      0.1715      0.5087
0.428      0.3323      0.4208      0.1697      0.5075
0.429      0.3310      0.4204      0.1679      0.5062
0.430      0.3298      0.4200      0.1661      0.5057
0.431      0.3285      0.4196      0.1643      0.5052
0.432      0.3272      0.4192      0.1625      0.5044
0.433      0.3259      0.4188      0.1607      0.5034
0.434      0.3246      0.4184      0.1591      0.5022
0.435      0.3233      0.4180      0.1575      0.5011
0.436      0.3220      0.4176      0.1559      0.4999
0.437      0.3207      0.4172      0.1542      0.4987
0.438      0.3194      0.4168      0.1526      0.4975
0.439      0.3180      0.4164      0.1510      0.4963
0.440      0.3167      0.4160      0.1494      0.4951
0.441      0.3154      0.4156      0.1477      0.4939
0.442      0.3141      0.4151      0.1461      0.4927
0.443      0.3127      0.4147      0.1444      0.4915
0.444      0.3114      0.4143      0.1428      0.4903
0.445      0.3100      0.4139      0.1412      0.4891
0.446      0.3087      0.4135      0.1398      0.4879
0.447      0.3073      0.4130      0.1383      0.4867
0.448      0.3060      0.4126      0.1368      0.4858
0.449      0.3046      0.4122      0.1353      0.4849
0.450      0.3032      0.4118      0.1339      0.4841
0.451      0.3018      0.4113      0.1324      0.4832
0.452      0.3005      0.4109      0.1309      0.4823
0.453      0.2991      0.4105      0.1294      0.4814
0.454      0.2977      0.4100      0.1279      0.4805
0.455      0.2963      0.4096      0.1263      0.4796
0.456      0.2949      0.4092      0.1246      0.4786
0.457      0.2935      0.4087      0.1229      0.4775
0.458      0.2920      0.4083      0.1211      0.4764
0.459      0.2906      0.4079      0.1193      0.4752
0.460      0.2892      0.4074      0.1174      0.4741
0.461      0.2878      0.4070      0.1156      0.4729
0.462      0.2863      0.4065      0.1137      0.4718
0.463      0.2849      0.4061      0.1122      0.4706
0.464      0.2834      0.4056      0.1104      0.4694
0.465      0.2820      0.4052      0.1083      0.4683
0.466      0.2805      0.4047      0.1063      0.4671
0.467      0.2791      0.4043      0.1044      0.4659
0.468      0.2776      0.4038      0.1025      0.4647
0.469      0.2761      0.4033      0.1006      0.4636
0.470      0.2747      0.4029      0.0987      0.4624
0.471      0.2732      0.4024      0.0968      0.4612
0.472      0.2717      0.4020      0.0949      0.4600
0.473      0.2702      0.4015      0.0929      0.4592
0.474      0.2687      0.4010      0.0910      0.4583
0.475      0.2672      0.4006      0.0890      0.4570
0.476      0.2657      0.4001      0.0871      0.4558
0.477      0.2641      0.3996      0.0851      0.4547
0.478      0.2626      0.3991      0.0832      0.4539
0.479      0.2611      0.3987      0.0812      0.4531
0.480      0.2596      0.3982      0.0792      0.4523
0.481      0.2580      0.3977      0.0772      0.4515
0.482      0.2565      0.3972      0.0752      0.4507
0.483      0.2549      0.3967      0.0733      0.4499
0.484      0.2534      0.3963      0.0714      0.4490
0.485      0.2518      0.3958      0.0695      0.4477
0.486      0.2502      0.3953      0.0675      0.4465
0.487      0.2486      0.3948      0.0656      0.4452
0.488      0.2471      0.3943      0.0636      0.4442
0.489      0.2455      0.3938      0.0617      0.4430
0.490      0.2439      0.3933      0.0594      0.4417
0.491      0.2423      0.3928      0.0569      0.4404
0.492      0.2407      0.3923      0.0549      0.4391
0.493      0.2390      0.3918      0.0528      0.4378
0.494      0.2374      0.3913      0.0507      0.4365
0.495      0.2358      0.3908      0.0486      0.4352
0.496      0.2342      0.3903      0.0465      0.4339
0.497      0.2325      0.3898      0.0444      0.4326
0.498      0.2309      0.3893      0.0423      0.4312
0.499      0.2292      0.3888      0.0401      0.4299
0.500      0.2275      0.3882      0.0380      0.4286
0.501      0.2259      0.3877      0.0358      0.4272
0.502      0.2242      0.3872      0.0337      0.4259
0.503      0.2225      0.3867      0.0315      0.4245
0.504      0.2208      0.3861      0.0293      0.4232
0.505      0.2191      0.3856      0.0271      0.4218
0.506      0.2174      0.3851      0.0250      0.4205
0.507      0.2157      0.3846      0.0227      0.4192
0.508      0.2140      0.3840      0.0205      0.4180
0.509      0.2123      0.3835      0.0183      0.4167
0.510      0.2106      0.3830      0.0161      0.4155
0.511      0.2088      0.3824      0.0139      0.4142
0.512      0.2071      0.3819      0.0116      0.4129
0.513      0.2053      0.3813      0.0093      0.4117
0.514      0.2036      0.3808      0.0071      0.4104
0.515      0.2018      0.3802      0.0048      0.4091
0.516      0.2000      0.3797      0.0025      0.4078
0.517      0.1982      0.3791      0.0002      0.4066
0.518      0.1965      0.3786     -0.0021      0.4053
0.519      0.1947      0.3780     -0.0044      0.4040
0.520      0.1929      0.3775     -0.0067      0.4025
0.521      0.1911      0.3769     -0.0090      0.4010
0.522      0.1892      0.3763     -0.0114      0.3994
0.523      0.1874      0.3758     -0.0137      0.3979
0.524      0.1856      0.3752     -0.0161      0.3964
0.525      0.1837      0.3746     -0.0184      0.3948
0.526      0.1819      0.3740     -0.0205      0.3933
0.527      0.1800      0.3735     -0.0226      0.3917
0.528      0.1782      0.3729     -0.0247      0.3902
0.529      0.1763      0.3723     -0.0268      0.3886
0.530      0.1744      0.3717     -0.0291      0.3870
0.531      0.1725      0.3711     -0.0317      0.3855
0.532      0.1706      0.3705     -0.0342      0.3840
0.533      0.1687      0.3699     -0.0369      0.3829
0.534      0.1668      0.3694     -0.0395      0.3816
0.535      0.1649      0.3688     -0.0421      0.3799
0.536      0.1630      0.3682     -0.0447      0.3782
0.537      0.1610      0.3676     -0.0474      0.3765
0.538      0.1591      0.3669     -0.0501      0.3748
0.539      0.1571      0.3663     -0.0527      0.3731
0.540      0.1552      0.3657     -0.0553      0.3714
0.541      0.1532      0.3651     -0.0578      0.3699
0.542      0.1512      0.3645     -0.0607      0.3684
0.543      0.1492      0.3639     -0.0635      0.3670
0.544      0.1472      0.3633     -0.0663      0.3655
0.545      0.1452      0.3626     -0.0690      0.3641
0.546      0.1432      0.3620     -0.0718      0.3626
0.547      0.1412      0.3614     -0.0745      0.3611
0.548      0.1392      0.3607     -0.0770      0.3596
0.549      0.1371      0.3601     -0.0795      0.3581
0.550      0.1351      0.3595     -0.0821      0.3566
0.551      0.1330      0.3588     -0.0852      0.3551
0.552      0.1309      0.3582     -0.0877      0.3536
0.553      0.1289      0.3575     -0.0902      0.3521
0.554      0.1268      0.3569     -0.0926      0.3506
0.555      0.1247      0.3562     -0.0951      0.3490
0.556      0.1226      0.3556     -0.0975      0.3475
0.557      0.1204      0.3549     -0.1000      0.3460
0.558      0.1183      0.3543     -0.1030      0.3444
0.559      0.1162      0.3536     -0.1063      0.3428
0.560      0.1140      0.3529     -0.1096      0.3413
0.561      0.1119      0.3523     -0.1129      0.3397
0.562      0.1097      0.3516     -0.1162      0.3382
0.563      0.1076      0.3509     -0.1194      0.3367
0.564      0.1054      0.3502     -0.1220      0.3352
0.565      0.1032      0.3496     -0.1247      0.3341
0.566      0.1010      0.3489     -0.1273      0.3331
0.567      0.0988      0.3482     -0.1300      0.3314
0.568      0.0965      0.3475     -0.1327      0.3296
0.569      0.0943      0.3468     -0.1354      0.3278
0.570      0.0920      0.3461     -0.1381      0.3261
0.571      0.0898      0.3454     -0.1412      0.3245
0.572      0.0875      0.3447     -0.1439      0.3229
0.573      0.0852      0.3440     -0.1466      0.3214
0.574      0.0830      0.3433     -0.1493      0.3198
0.575      0.0807      0.3426     -0.1520      0.3182
0.576      0.0784      0.3418     -0.1547      0.3166
0.577      0.0760      0.3411     -0.1575      0.3150
0.578      0.0737      0.3404     -0.1603      0.3135
0.579      0.0714      0.3397     -0.1633      0.3121
0.580      0.0690      0.3389     -0.1663      0.3107
0.581      0.0666      0.3382     -0.1694      0.3093
0.582      0.0643      0.3375     -0.1724      0.3079
0.583      0.0619      0.3367     -0.1755      0.3063
0.584      0.0595      0.3360     -0.1786      0.3045
0.585      0.0571      0.3352     -0.1817      0.3027
0.586      0.0546      0.3345     -0.1848      0.3009
0.587      0.0522      0.3337     -0.1882      0.2991
0.588      0.0498      0.3330     -0.1919      0.2973
0.589      0.0473      0.3322     -0.1957      0.2954
0.590      0.0448      0.3314     -0.1994      0.2936
0.591      0.0424      0.3306     -0.2032      0.2918
0.592      0.0399      0.3299     -0.2071      0.2901
0.593      0.0374      0.3291     -0.2109      0.2880
0.594      0.0348      0.3283     -0.2147      0.2860
0.595      0.0323      0.3275     -0.2186      0.2839
0.596      0.0298      0.3267     -0.2225      0.2817
0.597      0.0272      0.3259     -0.2264      0.2796
0.598      0.0246      0.3251     -0.2304      0.2774
0.599      0.0221      0.3243     -0.2343      0.2752
0.600      0.0195      0.3235     -0.2377      0.2730
0.601      0.0169      0.3227     -0.2409      0.2709
0.602      0.0142      0.3219     -0.2442      0.2691
0.603      0.0116      0.3211     -0.2475      0.2669
0.604      0.0090      0.3203     -0.2507      0.2647
0.605      0.0063      0.3194     -0.2540      0.2625
0.606      0.0036      0.3186     -0.2574      0.2609
0.607      0.0009      0.3178     -0.2607      0.2595
0.608     -0.0018      0.3169     -0.2640      0.2580
0.609     -0.0045      0.3161     -0.2674      0.2565
0.610     -0.0072      0.3152     -0.2708      0.2547
0.611     -0.0100      0.3144     -0.2742      0.2527
0.612     -0.0127      0.3135     -0.2775      0.2506
0.613     -0.0155      0.3127     -0.2807      0.2486
0.614     -0.0183      0.3118     -0.2840      0.2465
0.615     -0.0211      0.3109     -0.2873      0.2444
0.616     -0.0239      0.3100     -0.2906      0.2423
0.617     -0.0267      0.3092     -0.2939      0.2402
0.618     -0.0296      0.3083     -0.2972      0.2380
0.619     -0.0324      0.3074     -0.3006      0.2359
0.620     -0.0353      0.3065     -0.3039      0.2338
0.621     -0.0382      0.3056     -0.3073      0.2316
0.622     -0.0411      0.3047     -0.3107      0.2294
0.623     -0.0440      0.3038     -0.3142      0.2273
0.624     -0.0469      0.3029     -0.3176      0.2251
0.625     -0.0499      0.3020     -0.3211      0.2229
0.626     -0.0529      0.3010     -0.3246      0.2209
0.627     -0.0559      0.3001     -0.3281      0.2189
0.628     -0.0589      0.2992     -0.3316      0.2167
0.629     -0.0619      0.2982     -0.3351      0.2145
0.630     -0.0649      0.2973     -0.3388      0.2122
0.631     -0.0679      0.2963     -0.3428      0.2099
0.632     -0.0710      0.2954     -0.3467      0.2076
0.633     -0.0741      0.2944     -0.3511      0.2053
0.634     -0.0772      0.2935     -0.3556      0.2030
0.635     -0.0803      0.2925     -0.3600      0.2007
0.636     -0.0834      0.2915     -0.3645      0.1984
0.637     -0.0866      0.2906     -0.3690      0.1960
0.638     -0.0898      0.2896     -0.3732      0.1936
0.639     -0.0929      0.2886     -0.3772      0.1913
0.640     -0.0961      0.2876     -0.3811      0.1889
0.641     -0.0994      0.2866     -0.3851      0.1865
0.642     -0.1026      0.2856     -0.3891      0.1840
0.643     -0.1059      0.2846     -0.3932      0.1816
0.644     -0.1091      0.2835     -0.3972      0.1792
0.645     -0.1124      0.2825     -0.4013      0.1767
0.646     -0.1157      0.2815     -0.4054      0.1742
0.647     -0.1191      0.2805     -0.4096      0.1718
0.648     -0.1224      0.2794     -0.4137      0.1699
0.649     -0.1258      0.2784     -0.4179      0.1673
0.650     -0.1292      0.2773     -0.4221      0.1647
0.651     -0.1326      0.2763     -0.4263      0.1621
0.652     -0.1360      0.2752     -0.4306      0.1595
0.653     -0.1395      0.2741     -0.4349      0.1568
0.654     -0.1429      0.2730     -0.4394      0.1542
0.655     -0.1464      0.2720     -0.4439      0.1515
0.656     -0.1499      0.2709     -0.4484      0.1488
0.657     -0.1534      0.2698     -0.4529      0.1461
0.658     -0.1570      0.2687     -0.4575      0.1434
0.659     -0.1606      0.2676     -0.4621      0.1407
0.660     -0.1641      0.2664     -0.4668      0.1380
0.661     -0.1678      0.2653     -0.4716      0.1354
0.662     -0.1714      0.2642     -0.4761      0.1327
0.663     -0.1750      0.2630     -0.4809      0.1300
0.664     -0.1787      0.2619     -0.4859      0.1274
0.665     -0.1824      0.2608     -0.4910      0.1247
0.666     -0.1861      0.2596     -0.4961      0.1219
0.667     -0.1899      0.2584     -0.5013      0.1192
0.668     -0.1936      0.2573     -0.5065      0.1165
0.669     -0.1974      0.2561     -0.5117      0.1137
0.670     -0.2012      0.2549     -0.5169      0.1114
0.671     -0.2051      0.2537     -0.5222      0.1091
0.672     -0.2089      0.2525     -0.5275      0.1069
0.673     -0.2128      0.2513     -0.5328      0.1047
0.674     -0.2167      0.2501     -0.5375      0.1024
0.675     -0.2206      0.2489     -0.5423      0.0995
0.676     -0.2246      0.2476     -0.5470      0.0968
0.677     -0.2286      0.2464     -0.5518      0.0939
0.678     -0.2326      0.2452     -0.5569      0.0908
0.679     -0.2366      0.2439     -0.5623      0.0876
0.680     -0.2406      0.2426     -0.5677      0.0850
0.681     -0.2447      0.2414     -0.5731      0.0826
0.682     -0.2488      0.2401     -0.5785      0.0795
0.683     -0.2530      0.2388     -0.5840      0.0765
0.684     -0.2571      0.2375     -0.5895      0.0733
0.685     -0.2613      0.2362     -0.5952      0.0702
0.686     -0.2655      0.2349     -0.6009      0.0671
0.687     -0.2697      0.2336     -0.6067      0.0642
0.688     -0.2740      0.2323     -0.6125      0.0613
0.689     -0.2783      0.2309     -0.6184      0.0583
0.690     -0.2826      0.2296     -0.6237      0.0554
0.691     -0.2869      0.2283     -0.6292      0.0524
0.692     -0.2913      0.2269     -0.6348      0.0494
0.693     -0.2957      0.2255     -0.6407      0.0464
0.694     -0.3001      0.2241     -0.6466      0.0433
0.695     -0.3046      0.2228     -0.6526      0.0404
0.696     -0.3091      0.2214     -0.6586      0.0376
0.697     -0.3136      0.2200     -0.6646      0.0348
0.698     -0.3182      0.2185     -0.6707      0.0321
0.699     -0.3227      0.2171     -0.6768      0.0287
0.700     -0.3273      0.2157     -0.6829      0.0254
0.701     -0.3320      0.2142     -0.6883      0.0225
0.702     -0.3367      0.2128     -0.6938      0.0191
0.703     -0.3414      0.2113     -0.6993      0.0164
0.704     -0.3461      0.2099     -0.7049      0.0136
0.705     -0.3509      0.2084     -0.7105      0.0107
0.706     -0.3557      0.2069     -0.7163      0.0070
0.707     -0.3605      0.2054     -0.7235      0.0032
0.708     -0.3654      0.2039     -0.7307     -0.0005
0.709     -0.3702      0.2023     -0.7379     -0.0043
0.710     -0.3752      0.2008     -0.7453     -0.0081
0.711     -0.3801      0.1993     -0.7526     -0.0115
0.712     -0.3851      0.1977     -0.7594     -0.0149
0.713     -0.3902      0.1961     -0.7657     -0.0184
0.714     -0.3953      0.1946     -0.7721     -0.0218
0.715     -0.4004      0.1930     -0.7785     -0.0253
0.716     -0.4055      0.1914     -0.7849     -0.0285
0.717     -0.4107      0.1898     -0.7914     -0.0316
0.718     -0.4159      0.1882     -0.7980     -0.0347
0.719     -0.4211      0.1865     -0.8046     -0.0378
0.720     -0.4264      0.1849     -0.8112     -0.0414
0.721     -0.4318      0.1832     -0.8179     -0.0452
0.722     -0.4371      0.1815     -0.8247     -0.0492
0.723     -0.4425      0.1799     -0.8314     -0.0531
0.724     -0.4480      0.1782     -0.8383     -0.0570
0.725     -0.4535      0.1765     -0.8452     -0.0610
0.726     -0.4590      0.1748     -0.8521     -0.0651
0.727     -0.4645      0.1730     -0.8591     -0.0691
0.728     -0.4701      0.1713     -0.8671     -0.0731
0.729     -0.4758      0.1695     -0.8745     -0.0770
0.730     -0.4815      0.1678     -0.8825     -0.0809
0.731     -0.4872      0.1660     -0.8905     -0.0848
0.732     -0.4930      0.1642     -0.8983     -0.0886
0.733     -0.4988      0.1624     -0.9056     -0.0923
0.734     -0.5047      0.1605     -0.9130     -0.0961
0.735     -0.5106      0.1587     -0.9205     -0.0999
0.736     -0.5165      0.1569     -0.9280     -0.1037
0.737     -0.5225      0.1550     -0.9355     -0.1075
0.738     -0.5285      0.1531     -0.9431     -0.1114
0.739     -0.5346      0.1512     -0.9509     -0.1153
0.740     -0.5408      0.1493     -0.9595     -0.1192
0.741     -0.5469      0.1474     -0.9681     -0.1227
0.742     -0.5532      0.1455     -0.9769     -0.1261
0.743     -0.5594      0.1435     -0.9857     -0.1295
0.744     -0.5658      0.1415     -0.9945     -0.1330
0.745     -0.5722      0.1396     -1.0035     -0.1365
0.746     -0.5786      0.1376     -1.0125     -0.1410
0.747     -0.5851      0.1355     -1.0216     -0.1460
0.748     -0.5916      0.1335     -1.0307     -0.1511
0.749     -0.5982      0.1315     -1.0399     -0.1561
0.750     -0.6048      0.1294     -1.0492     -0.1604
0.751     -0.6115      0.1273     -1.0586     -0.1646
0.752     -0.6182      0.1252     -1.0680     -0.1690
0.753     -0.6250      0.1231     -1.0768     -0.1733
0.754     -0.6319      0.1210     -1.0853     -0.1777
0.755     -0.6388      0.1188     -1.0939     -0.1822
0.756     -0.6457      0.1167     -1.1029     -0.1866
0.757     -0.6527      0.1145     -1.1125     -0.1911
0.758     -0.6598      0.1123     -1.1222     -0.1957
0.759     -0.6670      0.1101     -1.1320     -0.2003
0.760     -0.6742      0.1078     -1.1419     -0.2049
0.761     -0.6814      0.1056     -1.1518     -0.2095
0.762     -0.6887      0.1033     -1.1619     -0.2142
0.763     -0.6961      0.1010     -1.1720     -0.2190
0.764     -0.7035      0.0987     -1.1822     -0.2238
0.765     -0.7110      0.0964     -1.1923     -0.2286
0.766     -0.7186      0.0940     -1.2019     -0.2334
0.767     -0.7262      0.0916     -1.2115     -0.2382
0.768     -0.7339      0.0892     -1.2212     -0.2433
0.769     -0.7417      0.0868     -1.2311     -0.2483
0.770     -0.7495      0.0844     -1.2410     -0.2530
0.771     -0.7574      0.0819     -1.2509     -0.2578
0.772     -0.7654      0.0795     -1.2610     -0.2625
0.773     -0.7735      0.0770     -1.2712     -0.2675
0.774     -0.7816      0.0744     -1.2814     -0.2728
0.775     -0.7898      0.0719     -1.2918     -0.2785
0.776     -0.7980      0.0693     -1.3022     -0.2839
0.777     -0.8063      0.0667     -1.3127     -0.2889
0.778     -0.8147      0.0641     -1.3235     -0.2938
0.779     -0.8232      0.0615     -1.3341     -0.2988
0.780     -0.8318      0.0588     -1.3449     -0.3039
0.781     -0.8404      0.0561     -1.3558     -0.3091
0.782     -0.8491      0.0534     -1.3668     -0.3145
0.783     -0.8579      0.0507     -1.3780     -0.3200
0.784     -0.8668      0.0479     -1.3892     -0.3255
0.785     -0.8758      0.0451     -1.4012     -0.3311
0.786     -0.8848      0.0423     -1.4135     -0.3367
0.787     -0.8940      0.0395     -1.4258     -0.3423
0.788     -0.9032      0.0366     -1.4383     -0.3481
0.789     -0.9125      0.0337     -1.4509     -0.3538
0.790     -0.9219      0.0308     -1.4636     -0.3597
0.791     -0.9314      0.0279     -1.4764     -0.3656
0.792     -0.9409      0.0249     -1.4894     -0.3715
0.793     -0.9506      0.0219     -1.5024     -0.3779
0.794     -0.9604      0.0188     -1.5154     -0.3848
0.795     -0.9702      0.0158     -1.5277     -0.3917
0.796     -0.9802      0.0127     -1.5402     -0.3987
0.797     -0.9902      0.0096     -1.5528     -0.4058
0.798     -1.0004      0.0064     -1.5655     -0.4129
0.799     -1.0106      0.0032     -1.5783     -0.4202
0.800     -1.0210      0.0000     -1.5912     -0.4274
0.801     -1.0314     -0.0033     -1.6043     -0.4343
0.802     -1.0420     -0.0065     -1.6189     -0.4410
0.803     -1.0526     -0.0099     -1.6338     -0.4479
0.804     -1.0634     -0.0132     -1.6488     -0.4547
0.805     -1.0743     -0.0166     -1.6640     -0.4615
0.806     -1.0853     -0.0200     -1.6784     -0.4683
0.807     -1.0964     -0.0235     -1.6922     -0.4752
0.808     -1.1077     -0.0270     -1.7062     -0.4822
0.809     -1.1190     -0.0305     -1.7204     -0.4892
0.810     -1.1305     -0.0341     -1.7347     -0.4964
0.811     -1.1421     -0.0377     -1.7501     -0.5043
0.812     -1.1538     -0.0413     -1.7658     -0.5124
0.813     -1.1656     -0.0450     -1.7817     -0.5204
0.814     -1.1776     -0.0487     -1.7970     -0.5281
0.815     -1.1897     -0.0525     -1.8123     -0.5359
0.816     -1.2019     -0.0563     -1.8283     -0.5437
0.817     -1.2143     -0.0601     -1.8448     -0.5517
0.818     -1.2268     -0.0640     -1.8615     -0.5597
0.819     -1.2394     -0.0679     -1.8793     -0.5684
0.820     -1.2522     -0.0719     -1.8959     -0.5774
0.821     -1.2651     -0.0759     -1.9128     -0.5867
0.822     -1.2781     -0.0800     -1.9302     -0.5961
0.823     -1.2913     -0.0841     -1.9479     -0.6057
0.824     -1.3047     -0.0882     -1.9657     -0.6154
0.825     -1.3182     -0.0924     -1.9838     -0.6251
0.826     -1.3319     -0.0967     -2.0021     -0.6350
0.827     -1.3457     -0.1010     -2.0205     -0.6450
0.828     -1.3597     -0.1053     -2.0392     -0.6544
0.829     -1.3738     -0.1097     -2.0582     -0.6633
0.830     -1.3882     -0.1142     -2.0772     -0.6726
0.831     -1.4027     -0.1187     -2.0955     -0.6828
0.832     -1.4173     -0.1232     -2.1141     -0.6931
0.833     -1.4321     -0.1279     -2.1329     -0.7034
0.834     -1.4472     -0.1325     -2.1519     -0.7140
0.835     -1.4623     -0.1373     -2.1711     -0.7246
0.836     -1.4777     -0.1420     -2.1926     -0.7354
0.837     -1.4933     -0.1469     -2.2145     -0.7463
0.838     -1.5091     -0.1518     -2.2367     -0.7573
0.839     -1.5250     -0.1567     -2.2591     -0.7685
0.840     -1.5412     -0.1618     -2.2818     -0.7798
0.841     -1.5575     -0.1669     -2.3037     -0.7913
0.842     -1.5741     -0.1720     -2.3258     -0.8028
0.843     -1.5909     -0.1772     -2.3483     -0.8144
0.844     -1.6079     -0.1825     -2.3710     -0.8262
0.845     -1.6251     -0.1879     -2.3940     -0.8381
0.846     -1.6425     -0.1933     -2.4173     -0.8501
0.847     -1.6602     -0.1988     -2.4409     -0.8623
0.848     -1.6781     -0.2043     -2.4648     -0.8739
0.849     -1.6962     -0.2100     -2.4891     -0.8855
0.850     -1.7146     -0.2157     -2.5136     -0.8968
0.851     -1.7332     -0.2215     -2.5385     -0.9082
0.852     -1.7521     -0.2273     -2.5638     -0.9203
0.853     -1.7712     -0.2333     -2.5893     -0.9336
0.854     -1.7906     -0.2393     -2.6153     -0.9471
0.855     -1.8102     -0.2454     -2.6415     -0.9600
0.856     -1.8302     -0.2516     -2.6682     -0.9730
0.857     -1.8504     -0.2579     -2.6952     -0.9861
0.858     -1.8709     -0.2643     -2.7226     -0.9995
0.859     -1.8917     -0.2708     -2.7502     -1.0130
0.860     -1.9127     -0.2773     -2.7776     -1.0267
0.861     -1.9341     -0.2840     -2.8054     -1.0407
0.862     -1.9558     -0.2907     -2.8346     -1.0558
0.863     -1.9778     -0.2976     -2.8642     -1.0711
0.864     -2.0002     -0.3045     -2.8943     -1.0866
0.865     -2.0228     -0.3115     -2.9248     -1.1024
0.866     -2.0458     -0.3187     -2.9558     -1.1184
0.867     -2.0692     -0.3260     -2.9872     -1.1346
0.868     -2.0929     -0.3333     -3.0191     -1.1510
0.869     -2.1170     -0.3408     -3.0515     -1.1663
0.870     -2.1414     -0.3484     -3.0843     -1.1819
0.871     -2.1662     -0.3561     -3.1174     -1.1981
0.872     -2.1914     -0.3640     -3.1511     -1.2156
0.873     -2.2170     -0.3719     -3.1853     -1.2334
0.874     -2.2430     -0.3800     -3.2201     -1.2514
0.875     -2.2695     -0.3882     -3.2554     -1.2697
0.876     -2.2963     -0.3966     -3.2913     -1.2883
0.877     -2.3236     -0.4051     -3.3278     -1.3072
0.878     -2.3513     -0.4137     -3.3649     -1.3264
0.879     -2.3795     -0.4225     -3.4026     -1.3460
0.880     -2.4082     -0.4314     -3.4409     -1.3659
0.881     -2.4373     -0.4404     -3.4798     -1.3861
0.882     -2.4670     -0.4497     -3.5193     -1.4051
0.883     -2.4971     -0.4590     -3.5585     -1.4238
0.884     -2.5278     -0.4686     -3.5986     -1.4429
0.885     -2.5590     -0.4783     -3.6409     -1.4622
0.886     -2.5907     -0.4881     -3.6838     -1.4819
0.887     -2.6230     -0.4982     -3.7276     -1.5025
0.888     -2.6559     -0.5084     -3.7720     -1.5236
0.889     -2.6894     -0.5188     -3.8162     -1.5445
0.890     -2.7235     -0.5294     -3.8611     -1.5658
0.891     -2.7582     -0.5402     -3.9075     -1.5875
0.892     -2.7935     -0.5512     -3.9550     -1.6096
0.893     -2.8295     -0.5624     -4.0034     -1.6321
0.894     -2.8662     -0.5738     -4.0527     -1.6550
0.895     -2.9036     -0.5854     -4.1020     -1.6784
0.896     -2.9417     -0.5973     -4.1522     -1.7022
0.897     -2.9806     -0.6094     -4.2034     -1.7271
0.898     -3.0202     -0.6217     -4.2555     -1.7544
0.899     -3.0606     -0.6342     -4.3087     -1.7815
0.900     -3.1018     -0.6471     -4.3630     -1.8072
0.901     -3.1438     -0.6601     -4.4184     -1.8334
0.902     -3.1867     -0.6735     -4.4749     -1.8622
0.903     -3.2305     -0.6871     -4.5326     -1.8921
0.904     -3.2752     -0.7010     -4.5914     -1.9227
0.905     -3.3208     -0.7152     -4.6515     -1.9539
0.906     -3.3674     -0.7297     -4.7129     -1.9857
0.907     -3.4150     -0.7445     -4.7756     -2.0183
0.908     -3.4637     -0.7596     -4.8397     -2.0515
0.909     -3.5134     -0.7750     -4.9052     -2.0855
0.910     -3.5642     -0.7909     -4.9721     -2.1202
0.911     -3.6162     -0.8070     -5.0405     -2.1557
0.912     -3.6693     -0.8235     -5.1105     -2.1920
0.913     -3.7237     -0.8404     -5.1821     -2.2292
0.914     -3.7793     -0.8577     -5.2554     -2.2672
0.915     -3.8362     -0.8754     -5.3304     -2.3061
0.916     -3.8945     -0.8936     -5.4075     -2.3459
0.917     -3.9542     -0.9121     -5.4874     -2.3847
0.918     -4.0153     -0.9311     -5.5693     -2.4238
0.919     -4.0780     -0.9506     -5.6532     -2.4638
0.920     -4.1422     -0.9706     -5.7392     -2.5048
0.921     -4.2081     -0.9911     -5.8274     -2.5469
0.922     -4.2756     -1.0121     -5.9181     -2.5901
0.923     -4.3449     -1.0336     -6.0123     -2.6343
0.924     -4.4160     -1.0557     -6.1090     -2.6798
0.925     -4.4890     -1.0784     -6.2083     -2.7264
0.926     -4.5640     -1.1017     -6.3102     -2.7743
0.927     -4.6411     -1.1257     -6.4149     -2.8236
0.928     -4.7202     -1.1503     -6.5205     -2.8742
0.929     -4.8016     -1.1756     -6.6275     -2.9262
0.930     -4.8854     -1.2017     -6.7376     -2.9797
0.931     -4.9715     -1.2285     -6.8509     -3.0354
0.932     -5.0602     -1.2561     -6.9687     -3.0941
0.933     -5.1516     -1.2845     -7.0910     -3.1540
0.934     -5.2457     -1.3137     -7.2170     -3.2139
0.935     -5.3427     -1.3439     -7.3470     -3.2756
0.936     -5.4427     -1.3750     -7.4809     -3.3393
0.937     -5.5460     -1.4071     -7.6192     -3.4049
0.938     -5.6525     -1.4402     -7.7619     -3.4727
0.939     -5.7625     -1.4744     -7.9088     -3.5428
0.940     -5.8763     -1.5098     -8.0600     -3.6151
0.941     -5.9938     -1.5464     -8.2163     -3.6899
0.942     -6.1154     -1.5842     -8.3780     -3.7673
0.943     -6.2413     -1.6233     -8.5453     -3.8474
0.944     -6.3717     -1.6639     -8.7187     -3.9306
0.945     -6.5068     -1.7059     -8.8983     -4.0185
0.946     -6.6469     -1.7495     -9.0846     -4.1098
0.947     -6.7923     -1.7947     -9.2779     -4.2045
0.948     -6.9434     -1.8416     -9.4787     -4.3028
0.949     -7.1003     -1.8904     -9.6873     -4.4050
0.950     -7.2635     -1.9412     -9.9043     -4.5101
0.951     -7.4333     -1.9940    -10.1301     -4.6186
0.952     -7.6103     -2.0490    -10.3653     -4.7317
0.953     -7.7948     -2.1064    -10.6106     -4.8496
0.954     -7.9873     -2.1662    -10.8665     -4.9727
0.955     -8.1883     -2.2288    -11.1338     -5.1012
0.956     -8.3985     -2.2941    -11.4139     -5.2355
0.957     -8.6184     -2.3625    -11.7078     -5.3762
0.958     -8.8489     -2.4342    -12.0156     -5.5235
0.959     -9.0906     -2.5093    -12.3384     -5.6803
0.960     -9.3443     -2.5882    -12.6773     -5.8494
0.961     -9.6111     -2.6712    -13.0337     -6.0271
0.962     -9.8919     -2.7585    -13.4088     -6.2142
0.963    -10.1879     -2.8506    -13.8042     -6.4114
0.964    -10.5004     -2.9477    -14.2215     -6.6193
0.965    -10.8306     -3.0504    -14.6627     -6.8344
0.966    -11.1804     -3.1592    -15.1298     -7.0621
0.967    -11.5513     -3.2745    -15.6253     -7.3037
0.968    -11.9454     -3.3971    -16.1491     -7.5603
0.969    -12.3649     -3.5275    -16.7073     -7.8335
0.970    -12.8124     -3.6667    -17.3059     -8.1250
0.971    -13.2908     -3.8154    -17.9459     -8.4365
0.972    -13.8033     -3.9748    -18.6315     -8.7703
0.973    -14.3538     -4.1460    -19.3680     -9.1287
0.974    -14.9466     -4.3303    -20.1610     -9.5148
0.975    -15.5869     -4.5294    -21.0175     -9.9318
0.976    -16.2805     -4.7451    -21.9455    -10.3835
0.977    -17.0344     -4.9796    -22.9541    -10.8745
0.978    -17.8569     -5.2353    -24.0543    -11.4101
0.979    -18.7576     -5.5154    -25.2594    -11.9967
0.980    -19.7485     -5.8235    -26.5850    -12.6392
0.981    -20.8438     -6.1641    -28.0502    -13.3479
0.982    -22.0606     -6.5425    -29.6780    -14.1354
0.983    -23.4206     -6.9654    -31.4975    -15.0156
0.984    -24.9507     -7.4412    -33.5443    -16.0059
0.985    -26.6847     -7.9804    -35.8642    -17.1281
0.986    -28.6665     -8.5967    -38.5153    -18.4106
0.987    -30.9532     -9.3077    -41.5745    -19.8906
0.988    -33.6208    -10.1373    -45.1432    -21.6170
0.989    -36.7737    -11.1176    -49.3609    -23.6574
0.990    -40.5571    -12.2942    -54.4223    -26.1059
0.991    -45.1812    -13.7321    -60.6087    -29.0985
0.992    -50.9615    -15.5295    -68.3411    -32.8393
0.993    -58.3927    -17.8403    -78.2822    -37.6487
0.994    -68.3015    -20.9216    -91.5286    -44.0614
0.995    -82.1751    -25.2356   -110.0752    -53.0402
0.996   -102.9828    -31.7064   -137.8914    -66.5070
0.997   -137.6645    -42.4912   -184.2547    -88.9507
0.998   -207.0289    -64.0588   -276.9831   -133.8450
0.999   -415.1313   -128.7736   -555.1805   -268.5045
