0.001  -1922.4685  -1283.4028  -2292.4092  -1562.2504
0.002   -959.8320   -640.7114  -1144.6146   -779.9107
0.003   -638.9533   -426.4810   -762.0165   -519.1309
0.004   -478.5139   -319.3658   -570.7174   -388.7489
0.005   -382.2502   -255.0965   -455.9380   -310.5214
0.006   -318.0744   -212.2505   -379.4183   -258.3696
0.007   -272.2346   -181.6463   -324.7615   -221.1182
0.008   -237.8547   -158.6929   -283.7688   -193.1798
0.009   -211.1149   -140.8404   -251.8880   -171.4499
0.010   -189.7229   -126.5583   -226.3832   -154.0660
0.011   -172.2204   -114.8731   -205.5158   -139.8427
0.012   -157.6351   -105.1353   -188.1263   -127.9901
0.013   -145.2936    -96.8957   -173.4121   -117.9609
0.014   -134.7151    -89.8332   -160.7998   -109.3644
0.015   -125.5472    -83.7123   -149.8693   -101.9142
0.016   -117.5252    -78.3565   -140.3050    -95.3952
0.017   -110.4470    -73.6309   -131.8659    -89.6432
0.018   -104.1552    -69.4303   -124.3646    -84.5303
0.019    -98.5258    -65.6718   -117.6528    -79.9555
0.020    -93.4593    -62.2892   -111.6122    -75.8383
0.021    -88.8753    -59.2288   -106.1469    -72.1132
0.022    -84.7080    -56.4466   -101.1785    -68.7267
0.023    -80.9032    -53.9063    -96.6421    -65.6347
0.024    -77.4153    -51.5777    -92.4837    -62.8004
0.025    -74.2065    -49.4354    -88.6580    -60.1928
0.026    -71.2446    -47.4579    -85.1266    -57.7858
0.027    -68.5020    -45.6269    -81.8568    -55.5571
0.028    -65.9554    -43.9266    -78.8205    -53.4875
0.029    -63.5844    -42.3436    -75.9936    -51.5607
0.030    -61.3714    -40.8662    -73.3552    -49.7624
0.031    -59.3012    -39.4841    -70.8870    -48.0801
0.032    -57.3604    -38.1883    -68.5731    -46.5029
0.033    -55.5372    -36.9711    -66.3994    -45.0214
0.034    -53.8213    -35.8255    -64.3535    -43.6269
0.035    -52.2034    -34.7453    -62.4246    -42.3122
0.036    -50.6754    -33.7252    -60.6029    -41.0705
0.037    -49.2300    -32.7602    -58.8796    -39.8959
0.038    -47.8607    -31.8460    -57.2470    -38.7806
0.039    -46.5616    -30.9786    -55.6981    -37.7208
0.040    -45.3275    -30.1547    -54.2267    -36.7139
0.041    -44.1535    -29.3709    -52.8271    -35.7562
0.042    -43.0355    -28.6245    -51.4941    -34.8441
0.043    -41.9694    -27.9127    -50.2231    -33.9743
0.044    -40.9518    -27.2334    -49.0099    -33.1442
0.045    -39.9795    -26.5842    -47.8507    -32.3509
0.046    -39.0494    -25.9632    -46.7418    -31.5921
0.047    -38.1589    -25.3687    -45.6801    -30.8656
0.048    -37.3055    -24.7989    -44.6627    -30.1694
0.049    -36.4869    -24.2524    -43.6867    -29.5034
0.050    -35.7011    -23.7278    -42.7498    -28.8648
0.051    -34.9461    -23.2237    -41.8497    -28.2512
0.052    -34.2201    -22.7390    -40.9842    -27.6612
0.053    -33.5215    -22.2726    -40.1510    -27.0934
0.054    -32.8488    -21.8235    -39.3490    -26.5467
0.055    -32.2006    -21.3907    -38.5761    -26.0199
0.056    -31.5755    -20.9734    -37.8308    -25.5119
0.057    -30.9723    -20.5707    -37.1117    -25.0217
0.058    -30.3900    -20.1819    -36.4174    -24.5484
0.059    -29.8274    -19.8063    -35.7466    -24.0912
0.060    -29.2835    -19.4432    -35.0982    -23.6492
0.061    -28.7575    -19.0920    -34.4710    -23.2217
0.062    -28.2484    -18.7521    -33.8641    -22.8079
0.063    -27.7555    -18.4230    -33.2764    -22.4074
0.064    -27.2780    -18.1042    -32.7071    -22.0193
0.065    -26.8152    -17.7952    -32.1553    -21.6432
0.066    -26.3664    -17.4956    -31.6203    -21.2784
0.067    -25.9310    -17.2049    -31.1012    -20.9246
0.068    -25.5085    -16.9228    -30.5974    -20.5812
0.069    -25.0981    -16.6488    -30.1081    -20.2477
0.070    -24.6995    -16.3827    -29.6329    -19.9237
0.071    -24.3122    -16.1241    -29.1705    -19.6089
0.072    -23.9355    -15.8726    -28.7205    -19.3028
0.073    -23.5692    -15.6281    -28.2828    -19.0052
0.074    -23.2128    -15.3901    -27.8569    -18.7155
0.075    -22.8659    -15.1585    -27.4423    -18.4336
0.076    -22.5282    -14.9330    -27.0387    -18.1591
0.077    -22.1992    -14.7134    -26.6455    -17.8917
0.078    -21.8786    -14.4994    -26.2625    -17.6312
0.079    -21.5662    -14.2908    -25.8891    -17.3772
0.080    -21.2615    -14.0874    -25.5258    -17.1297
0.081    -20.9644    -13.8890    -25.1721    -16.8882
0.082    -20.6746    -13.6955    -24.8270    -16.6526
0.083    -20.3917    -13.5066    -24.4902    -16.4228
0.084    -20.1155    -13.3223    -24.1615    -16.1983
0.085    -19.8459    -13.1423    -23.8404    -15.9792
0.086    -19.5825    -12.9664    -23.5269    -15.7651
0.087    -19.3252    -12.7946    -23.2205    -15.5560
0.088    -19.0737    -12.6267    -22.9211    -15.3516
0.089    -18.8279    -12.4626    -22.6285    -15.1519
0.090    -18.5876    -12.3021    -22.3423    -14.9565
0.091    -18.3525    -12.1452    -22.0625    -14.7655
0.092    -18.1225    -11.9917    -21.7887    -14.5786
0.093    -17.8975    -11.8414    -21.5208    -14.3957
0.094    -17.6773    -11.6944    -21.2586    -14.2167
0.095    -17.4617    -11.5505    -21.0019    -14.0415
0.096    -17.2506    -11.4095    -20.7506    -13.8699
0.097    -17.0438    -11.2715    -20.5044    -13.7019
0.098    -16.8413    -11.1363    -20.2633    -13.5373
0.099    -16.6428    -11.0038    -20.0271    -13.3760
0.100    -16.4484    -10.8739    -19.7954    -13.2180
0.101    -16.2577    -10.7467    -19.5681    -13.0631
0.102    -16.0709    -10.6219    -19.3453    -12.9112
0.103    -15.8876    -10.4996    -19.1268    -12.7622
0.104    -15.7079    -10.3796    -18.9125    -12.6162
0.105    -15.5316    -10.2618    -18.7023    -12.4729
0.106    -15.3586    -10.1464    -18.4961    -12.3323
0.107    -15.1888    -10.0330    -18.2937    -12.1944
0.108    -15.0222     -9.9218    -18.0951    -12.0590
0.109    -14.8587     -9.8126    -17.9001    -11.9260
0.110    -14.6981     -9.7054    -17.7086    -11.7955
0.111    -14.5404     -9.6001    -17.5206    -11.6674
0.112    -14.3856     -9.4967    -17.3360    -11.5415
0.113    -14.2334     -9.3952    -17.1546    -11.4179
0.114    -14.0840     -9.2954    -16.9764    -11.2964
0.115    -13.9371     -9.1973    -16.8013    -11.1771
0.116    -13.7928     -9.1010    -16.6293    -11.0598
0.117    -13.6510     -9.0063    -16.4601    -10.9445
0.118    -13.5115     -8.9132    -16.2939    -10.8312
0.119    -13.3744     -8.8216    -16.1304    -10.7198
0.120    -13.2396     -8.7316    -15.9697    -10.6102
0.121    -13.1070     -8.6431    -15.8116    -10.5024
0.122    -12.9766     -8.5560    -15.6561    -10.3960
0.123    -12.8483     -8.4704    -15.5031    -10.2914
0.124    -12.7220     -8.3861    -15.3526    -10.1885
0.125    -12.5978     -8.3032    -15.2045    -10.0872
0.126    -12.4756     -8.2216    -15.0588     -9.9875
0.127    -12.3553     -8.1412    -14.9153     -9.8894
0.128    -12.2368     -8.0622    -14.7741     -9.7928
0.129    -12.1202     -7.9843    -14.6351     -9.6977
0.130    -12.0054     -7.9077    -14.4982     -9.6041
0.131    -11.8924     -7.8322    -14.3633     -9.5119
0.132    -11.7810     -7.7579    -14.2303     -9.4212
0.133    -11.6714     -7.6846    -14.0993     -9.3317
0.134    -11.5633     -7.6125    -13.9702     -9.2436
0.135    -11.4569     -7.5415    -13.8430     -9.1569
0.136    -11.3521     -7.4715    -13.7178     -9.0714
0.137    -11.2487     -7.4025    -13.5943     -8.9871
0.138    -11.1469     -7.3345    -13.4726     -8.9041
0.139    -11.0465     -7.2675    -13.3527     -8.8222
0.140    -10.9476     -7.2014    -13.2345     -8.7415
0.141    -10.8501     -7.1363    -13.1180     -8.6620
0.142    -10.7539     -7.0721    -13.0031     -8.5836
0.143    -10.6591     -7.0088    -12.8898     -8.5063
0.144    -10.5656     -6.9464    -12.7781     -8.4300
0.145    -10.4734     -6.8848    -12.6679     -8.3549
0.146    -10.3824     -6.8241    -12.5593     -8.2807
0.147    -10.2927     -6.7642    -12.4521     -8.2075
0.148    -10.2042     -6.7051    -12.3464     -8.1354
0.149    -10.1169     -6.6468    -12.2421     -8.0642
0.150    -10.0308     -6.5893    -12.1392     -7.9939
0.151     -9.9458     -6.5326    -12.0376     -7.9246
0.152     -9.8619     -6.4766    -11.9374     -7.8562
0.153     -9.7791     -6.4213    -11.8385     -7.7887
0.154     -9.6974     -6.3667    -11.7408     -7.7221
0.155     -9.6167     -6.3129    -11.6445     -7.6563
0.156     -9.5371     -6.2597    -11.5494     -7.5914
0.157     -9.4585     -6.2073    -11.4554     -7.5273
0.158     -9.3809     -6.1554    -11.3627     -7.4640
0.159     -9.3043     -6.1043    -11.2711     -7.4015
0.160     -9.2286     -6.0537    -11.1807     -7.3398
0.161     -9.1539     -6.0039    -11.0914     -7.2789
0.162     -9.0800     -5.9546    -11.0032     -7.2187
0.163     -9.0071     -5.9059    -10.9161     -7.1592
0.164     -8.9351     -5.8578    -10.8301     -7.1005
0.165     -8.8640     -5.8103    -10.7451     -7.0425
0.166     -8.7937     -5.7634    -10.6611     -6.9852
0.167     -8.7242     -5.7170    -10.5781     -6.9287
0.168     -8.6556     -5.6712    -10.4961     -6.8731
0.169     -8.5878     -5.6259    -10.4152     -6.8181
0.170     -8.5208     -5.5812    -10.3356     -6.7637
0.171     -8.4545     -5.5370    -10.2570     -6.7100
0.172     -8.3891     -5.4933    -10.1792     -6.6569
0.173     -8.3244     -5.4501    -10.1024     -6.6045
0.174     -8.2604     -5.4074    -10.0265     -6.5526
0.175     -8.1972     -5.3652     -9.9514     -6.5013
0.176     -8.1347     -5.3234     -9.8772     -6.4506
0.177     -8.0729     -5.2822     -9.8038     -6.4005
0.178     -8.0118     -5.2414     -9.7306     -6.3510
0.179     -7.9513     -5.2010     -9.6580     -6.3020
0.180     -7.8916     -5.1611     -9.5861     -6.2535
0.181     -7.8325     -5.1217     -9.5151     -6.2056
0.182     -7.7741     -5.0827     -9.4448     -6.1582
0.183     -7.7163     -5.0441     -9.3753     -6.1113
0.184     -7.6591     -5.0059     -9.3066     -6.0650
0.185     -7.6025     -4.9681     -9.2386     -6.0191
0.186     -7.5466     -4.9308     -9.1713     -5.9737
0.187     -7.4912     -4.8938     -9.1050     -5.9290
0.188     -7.4364     -4.8572     -9.0395     -5.8848
0.189     -7.3823     -4.8211     -8.9748     -5.8411
0.190     -7.3286     -4.7853     -8.9108     -5.7979
0.191     -7.2756     -4.7499     -8.8474     -5.7551
0.192     -7.2231     -4.7148     -8.7846     -5.7128
0.193     -7.1711     -4.6801     -8.7226     -5.6709
0.194     -7.1197     -4.6458     -8.6611     -5.6294
0.195     -7.0688     -4.6118     -8.6003     -5.5884
0.196     -7.0185     -4.5782     -8.5401     -5.5477
0.197     -6.9686     -4.5449     -8.4806     -5.5075
0.198     -6.9192     -4.5119     -8.4216     -5.4677
0.199     -6.8704     -4.4793     -8.3632     -5.4283
0.200     -6.8220     -4.4470     -8.3054     -5.3893
0.201     -6.7741     -4.4150     -8.2482     -5.3507
0.202     -6.7267     -4.3834     -8.1916     -5.3124
0.203     -6.6797     -4.3520     -8.1355     -5.2746
0.204     -6.6332     -4.3210     -8.0804     -5.2371
0.205     -6.5872     -4.2903     -8.0258     -5.1999
0.206     -6.5416     -4.2598     -7.9718     -5.1632
0.207     -6.4965     -4.2297     -7.9182     -5.1268
0.208     -6.4518     -4.1998     -7.8652     -5.0907
0.209     -6.4075     -4.1703     -7.8127     -5.0550
0.210     -6.3636     -4.1410     -7.7607     -5.0196
0.211     -6.3202     -4.1120     -7.7092     -4.9846
0.212     -6.2771     -4.0832     -7.6581     -4.9499
0.213     -6.2345     -4.0548     -7.6076     -4.9150
0.214     -6.1922     -4.0266     -7.5575     -4.8802
0.215     -6.1504     -3.9986     -7.5079     -4.8457
0.216     -6.1089     -3.9710     -7.4585     -4.8114
0.217     -6.0679     -3.9435     -7.4092     -4.7776
0.218     -6.0272     -3.9164     -7.3603     -4.7440
0.219     -5.9868     -3.8894     -7.3118     -4.7107
0.220     -5.9469     -3.8628     -7.2638     -4.6777
0.221     -5.9073     -3.8363     -7.2162     -4.6450
0.222     -5.8680     -3.8101     -7.1691     -4.6127
0.223     -5.8291     -3.7842     -7.1224     -4.5810
0.224     -5.7906     -3.7584     -7.0761     -4.5498
0.225     -5.7524     -3.7329     -7.0302     -4.5188
0.226     -5.7145     -3.7076     -6.9848     -4.4881
0.227     -5.6770     -3.6826     -6.9404     -4.4576
0.228     -5.6398     -3.6578     -6.8963     -4.4275
0.229     -5.6029     -3.6331     -6.8527     -4.3976
0.230     -5.5664     -3.6087     -6.8094     -4.3679
0.231     -5.5301     -3.5845     -6.7665     -4.3385
0.232     -5.4942     -3.5606     -6.7239     -4.3094
0.233     -5.4586     -3.5368     -6.6817     -4.2805
0.234     -5.4233     -3.5132     -6.6399     -4.2519
0.235     -5.3883     -3.4898     -6.5984     -4.2235
0.236     -5.3536     -3.4666     -6.5573     -4.1953
0.237     -5.3191     -3.4437     -6.5166     -4.1674
0.238     -5.2850     -3.4209     -6.4757     -4.1398
0.239     -5.2512     -3.3983     -6.4350     -4.1123
0.240     -5.2176     -3.3759     -6.3948     -4.0851
0.241     -5.1843     -3.3536     -6.3548     -4.0581
0.242     -5.1513     -3.3316     -6.3152     -4.0313
0.243     -5.1186     -3.3097     -6.2759     -4.0048
0.244     -5.0861     -3.2881     -6.2369     -3.9784
0.245     -5.0539     -3.2666     -6.1982     -3.9523
0.246     -5.0219     -3.2452     -6.1599     -3.9264
0.247     -4.9903     -3.2241     -6.1218     -3.9007
0.248     -4.9588     -3.2031     -6.0841     -3.8752
0.249     -4.9277     -3.1823     -6.0467     -3.8500
0.250     -4.8967     -3.1616     -6.0096     -3.8249
0.251     -4.8660     -3.1412     -5.9727     -3.8000
0.252     -4.8356     -3.1208     -5.9362     -3.7750
0.253     -4.8054     -3.1007     -5.9000     -3.7502
0.254     -4.7754     -3.0807     -5.8640     -3.7256
0.255     -4.7457     -3.0608     -5.8283     -3.7011
0.256     -4.7162     -3.0411     -5.7929     -3.6769
0.257     -4.6870     -3.0216     -5.7578     -3.6529
0.258     -4.6579     -3.0022     -5.7229     -3.6290
0.259     -4.6291     -2.9830     -5.6883     -3.6054
0.260     -4.6005     -2.9639     -5.6540     -3.5819
0.261     -4.5722     -2.9449     -5.6200     -3.5586
0.262     -4.5440     -2.9261     -5.5862     -3.5355
0.263     -4.5161     -2.9075     -5.5526     -3.5125
0.264     -4.4883     -2.8890     -5.5193     -3.4897
0.265     -4.4608     -2.8706     -5.4863     -3.4671
0.266     -4.4335     -2.8524     -5.4535     -3.4447
0.267     -4.4064     -2.8343     -5.4210     -3.4224
0.268     -4.3795     -2.8163     -5.3887     -3.4003
0.269     -4.3528     -2.7985     -5.3566     -3.3784
0.270     -4.3263     -2.7808     -5.3248     -3.3566
0.271     -4.3000     -2.7632     -5.2932     -3.3350
0.272     -4.2738     -2.7458     -5.2619     -3.3136
0.273     -4.2479     -2.7285     -5.2307     -3.2925
0.274     -4.2222     -2.7113     -5.1998     -3.2718
0.275     -4.1966     -2.6942     -5.1692     -3.2511
0.276     -4.1713     -2.6773     -5.1387     -3.2307
0.277     -4.1461     -2.6605     -5.1085     -3.2103
0.278     -4.1211     -2.6438     -5.0785     -3.1902
0.279     -4.0963     -2.6272     -5.0488     -3.1701
0.280     -4.0716     -2.6108     -5.0194     -3.1502
0.281     -4.0471     -2.5944     -4.9901     -3.1305
0.282     -4.0228     -2.5782     -4.9611     -3.1109
0.283     -3.9987     -2.5621     -4.9323     -3.0914
0.284     -3.9748     -2.5461     -4.9037     -3.0721
0.285     -3.9510     -2.5302     -4.8752     -3.0529
0.286     -3.9274     -2.5145     -4.8470     -3.0338
0.287     -3.9039     -2.4988     -4.8190     -3.0149
0.288     -3.8806     -2.4832     -4.7912     -2.9961
0.289     -3.8575     -2.4678     -4.7635     -2.9774
0.290     -3.8345     -2.4525     -4.7361     -2.9589
0.291     -3.8117     -2.4372     -4.7088     -2.9405
0.292     -3.7890     -2.4221     -4.6818     -2.9222
0.293     -3.7665     -2.4071     -4.6549     -2.9040
0.294     -3.7442     -2.3922     -4.6282     -2.8860
0.295     -3.7220     -2.3773     -4.6017     -2.8680
0.296     -3.6999     -2.3626     -4.5754     -2.8500
0.297     -3.6780     -2.3480     -4.5493     -2.8321
0.298     -3.6563     -2.3335     -4.5234     -2.8144
0.299     -3.6347     -2.3190     -4.4976     -2.7967
0.300     -3.6132     -2.3047     -4.4720     -2.7792
0.301     -3.5919     -2.2905     -4.4466     -2.7618
0.302     -3.5707     -2.2763     -4.4214     -2.7445
0.303     -3.5497     -2.2623     -4.3963     -2.7273
0.304     -3.5288     -2.2483     -4.3714     -2.7103
0.305     -3.5080     -2.2345     -4.3466     -2.6933
0.306     -3.4874     -2.2207     -4.3220     -2.6765
0.307     -3.4669     -2.2070     -4.2976     -2.6597
0.308     -3.4465     -2.1934     -4.2733     -2.6431
0.309     -3.4263     -2.1799     -4.2492     -2.6266
0.310     -3.4062     -2.1665     -4.2252     -2.6102
0.311     -3.3862     -2.1532     -4.2015     -2.5939
0.312     -3.3664     -2.1399     -4.1782     -2.5777
0.313     -3.3467     -2.1268     -4.1551     -2.5616
0.314     -3.3271     -2.1137     -4.1322     -2.5456
0.315     -3.3076     -2.1007     -4.1093     -2.5297
0.316     -3.2883     -2.0878     -4.0867     -2.5139
0.317     -3.2691     -2.0749     -4.0641     -2.4982
0.318     -3.2500     -2.0622     -4.0417     -2.4826
0.319     -3.2310     -2.0495     -4.0195     -2.4671
0.320     -3.2121     -2.0369     -3.9974     -2.4518
0.321     -3.1934     -2.0244     -3.9754     -2.4364
0.322     -3.1747     -2.0120     -3.9536     -2.4212
0.323     -3.1562     -1.9996     -3.9319     -2.4061
0.324     -3.1378     -1.9873     -3.9103     -2.3911
0.325     -3.1196     -1.9751     -3.8888     -2.3762
0.326     -3.1014     -1.9630     -3.8675     -2.3613
0.327     -3.0833     -1.9509     -3.8464     -2.3466
0.328     -3.0654     -1.9390     -3.8253     -2.3319
0.329     -3.0475     -1.9270     -3.8044     -2.3174
0.330     -3.0298     -1.9152     -3.7836     -2.3029
0.331     -3.0122     -1.9034     -3.7630     -2.2885
0.332     -2.9946     -1.8917     -3.7424     -2.2742
0.333     -2.9772     -1.8801     -3.7220     -2.2597
0.334     -2.9599     -1.8686     -3.7017     -2.2454
0.335     -2.9427     -1.8571     -3.6815     -2.2311
0.336     -2.9256     -1.8457     -3.6615     -2.2169
0.337     -2.9086     -1.8343     -3.6415     -2.2029
0.338     -2.8917     -1.8230     -3.6217     -2.1889
0.339     -2.8749     -1.8118     -3.6020     -2.1749
0.340     -2.8582     -1.8006     -3.5824     -2.1611
0.341     -2.8416     -1.7896     -3.5630     -2.1473
0.342     -2.8251     -1.7785     -3.5436     -2.1336
0.343     -2.8087     -1.7676     -3.5244     -2.1200
0.344     -2.7924     -1.7567     -3.5052     -2.1065
0.345     -2.7761     -1.7459     -3.4862     -2.0931
0.346     -2.7600     -1.7351     -3.4673     -2.0797
0.347     -2.7440     -1.7244     -3.4485     -2.0664
0.348     -2.7280     -1.7137     -3.4298     -2.0532
0.349     -2.7122     -1.7032     -3.4112     -2.0401
0.350     -2.6964     -1.6926     -3.3928     -2.0270
0.351     -2.6807     -1.6822     -3.3742     -2.0140
0.352     -2.6652     -1.6718     -3.3555     -2.0011
0.353     -2.6497     -1.6614     -3.3370     -1.9883
0.354     -2.6343     -1.6511     -3.3185     -1.9755
0.355     -2.6189     -1.6409     -3.3004     -1.9628
0.356     -2.6037     -1.6307     -3.2826     -1.9502
0.357     -2.5886     -1.6206     -3.2649     -1.9376
0.358     -2.5735     -1.6106     -3.2473     -1.9252
0.359     -2.5585     -1.6006     -3.2298     -1.9127
0.360     -2.5436     -1.5906     -3.2124     -1.9004
0.361     -2.5288     -1.5807     -3.1951     -1.8881
0.362     -2.5141     -1.5709     -3.1779     -1.8759
0.363     -2.4994     -1.5611     -3.1608     -1.8638
0.364     -2.4848     -1.5514     -3.1438     -1.8517
0.365     -2.4704     -1.5417     -3.1268     -1.8397
0.366     -2.4559     -1.5321     -3.1100     -1.8278
0.367     -2.4416     -1.5225     -3.0933     -1.8159
0.368     -2.4274     -1.5130     -3.0766     -1.8041
0.369     -2.4132     -1.5035     -3.0600     -1.7923
0.370     -2.3991     -1.4941     -3.0436     -1.7806
0.371     -2.3850     -1.4848     -3.0272     -1.7690
0.372     -2.3711     -1.4754     -3.0109     -1.7575
0.373     -2.3572     -1.4662     -2.9947     -1.7460
0.374     -2.3434     -1.4570     -2.9786     -1.7345
0.375     -2.3297     -1.4478     -2.9623     -1.7231
0.376     -2.3160     -1.4387     -2.9460     -1.7118
0.377     -2.3025     -1.4296     -2.9298     -1.7006
0.378     -2.2889     -1.4206     -2.9137     -1.6894
0.379     -2.2755     -1.4116     -2.8977     -1.6783
0.380     -2.2621     -1.4027     -2.8817     -1.6675
0.381     -2.2488     -1.3938     -2.8659     -1.6568
0.382     -2.2356     -1.3850     -2.8501     -1.6460
0.383     -2.2225     -1.3762     -2.8344     -1.6354
0.384     -2.2094     -1.3675     -2.8188     -1.6248
0.385     -2.1963     -1.3588     -2.8033     -1.6143
0.386     -2.1834     -1.3501     -2.7878     -1.6038
0.387     -2.1705     -1.3415     -2.7725     -1.5933
0.388     -2.1577     -1.3329     -2.7572     -1.5830
0.389     -2.1449     -1.3244     -2.7420     -1.5726
0.390     -2.1322     -1.3160     -2.7269     -1.5624
0.391     -2.1196     -1.3075     -2.7118     -1.5521
0.392     -2.1070     -1.2991     -2.6968     -1.5420
0.393     -2.0945     -1.2908     -2.6819     -1.5318
0.394     -2.0821     -1.2825     -2.6671     -1.5216
0.395     -2.0697     -1.2742     -2.6524     -1.5114
0.396     -2.0574     -1.2660     -2.6377     -1.5012
0.397     -2.0452     -1.2578     -2.6231     -1.4911
0.398     -2.0330     -1.2497     -2.6086     -1.4810
0.399     -2.0209     -1.2416     -2.5941     -1.4710
0.400     -2.0088     -1.2336     -2.5797     -1.4611
0.401     -1.9968     -1.2256     -2.5654     -1.4512
0.402     -1.9849     -1.2176     -2.5512     -1.4413
0.403     -1.9730     -1.2096     -2.5370     -1.4315
0.404     -1.9612     -1.2017     -2.5229     -1.4217
0.405     -1.9494     -1.1939     -2.5089     -1.4120
0.406     -1.9377     -1.1861     -2.4949     -1.4024
0.407     -1.9260     -1.1783     -2.4810     -1.3927
0.408     -1.9144     -1.1706     -2.4672     -1.3832
0.409     -1.9029     -1.1629     -2.4534     -1.3736
0.410     -1.8914     -1.1552     -2.4397     -1.3642
0.411     -1.8800     -1.1476     -2.4261     -1.3547
0.412     -1.8686     -1.1400     -2.4126     -1.3453
0.413     -1.8573     -1.1324     -2.3991     -1.3360
0.414     -1.8461     -1.1249     -2.3857     -1.3267
0.415     -1.8348     -1.1174     -2.3723     -1.3175
0.416     -1.8237     -1.1100     -2.3590     -1.3082
0.417     -1.8126     -1.1026     -2.3458     -1.2992
0.418     -1.8016     -1.0952     -2.3326     -1.2904
0.419     -1.7906     -1.0878     -2.3195     -1.2816
0.420     -1.7796     -1.0805     -2.3062     -1.2729
0.421     -1.7687     -1.0733     -2.2930     -1.2642
0.422     -1.7579     -1.0660     -2.2799     -1.2555
0.423     -1.7471     -1.0588     -2.2668     -1.2469
0.424     -1.7364     -1.0517     -2.2538     -1.2384
0.425     -1.7257     -1.0445     -2.2409     -1.2298
0.426     -1.7151     -1.0374     -2.2280     -1.2213
0.427     -1.7045     -1.0304     -2.2152     -1.2129
0.428     -1.6939     -1.0233     -2.2024     -1.2045
0.429     -1.6834     -1.0163     -2.1897     -1.1961
0.430     -1.6730     -1.0094     -2.1770     -1.1878
0.431     -1.6626     -1.0024     -2.1644     -1.1795
0.432     -1.6523     -0.9955     -2.1519     -1.1713
0.433     -1.6420     -0.9887     -2.1394     -1.1630
0.434     -1.6317     -0.9818     -2.1270     -1.1549
0.435     -1.6215     -0.9750     -2.1147     -1.1467
0.436     -1.6114     -0.9682     -2.1024     -1.1386
0.437     -1.6013     -0.9615     -2.0901     -1.1306
0.438     -1.5912     -0.9548     -2.0779     -1.1224
0.439     -1.5812     -0.9481     -2.0658     -1.1141
0.440     -1.5713     -0.9414     -2.0537     -1.1059
0.441     -1.5613     -0.9348     -2.0417     -1.0977
0.442     -1.5515     -0.9282     -2.0297     -1.0896
0.443     -1.5416     -0.9216     -2.0178     -1.0815
0.444     -1.5318     -0.9151     -2.0059     -1.0735
0.445     -1.5221     -0.9086     -1.9941     -1.0654
0.446     -1.5124     -0.9021     -1.9824     -1.0575
0.447     -1.5027     -0.8957     -1.9707     -1.0497
0.448     -1.4931     -0.8893     -1.9590     -1.0420
0.449     -1.4835     -0.8829     -1.9474     -1.0343
0.450     -1.4740     -0.8765     -1.9359     -1.0266
0.451     -1.4645     -0.8702     -1.9244     -1.0190
0.452     -1.4551     -0.8639     -1.9129     -1.0114
0.453     -1.4457     -0.8576     -1.9015     -1.0038
0.454     -1.4363     -0.8513     -1.8902     -0.9963
0.455     -1.4270     -0.8451     -1.8789     -0.9888
0.456     -1.4177     -0.8389     -1.8676     -0.9813
0.457     -1.4085     -0.8328     -1.8565     -0.9738
0.458     -1.3993     -0.8266     -1.8453     -0.9664
0.459     -1.3901     -0.8205     -1.8342     -0.9591
0.460     -1.3810     -0.8144     -1.8232     -0.9517
0.461     -1.3719     -0.8084     -1.8122     -0.9444
0.462     -1.3629     -0.8023     -1.8012     -0.9372
0.463     -1.3539     -0.7963     -1.7903     -0.9299
0.464     -1.3449     -0.7903     -1.7794     -0.9227
0.465     -1.3360     -0.7844     -1.7686     -0.9155
0.466     -1.3271     -0.7784     -1.7578     -0.9084
0.467     -1.3183     -0.7725     -1.7471     -0.9012
0.468     -1.3095     -0.7667     -1.7365     -0.8941
0.469     -1.3007     -0.7608     -1.7261     -0.8871
0.470     -1.2920     -0.7550     -1.7160     -0.8801
0.471     -1.2833     -0.7492     -1.7059     -0.8731
0.472     -1.2746     -0.7434     -1.6959     -0.8661
0.473     -1.2660     -0.7376     -1.6859     -0.8591
0.474     -1.2574     -0.7319     -1.6759     -0.8522
0.475     -1.2488     -0.7262     -1.6660     -0.8454
0.476     -1.2403     -0.7205     -1.6561     -0.8385
0.477     -1.2318     -0.7148     -1.6463     -0.8317
0.478     -1.2234     -0.7092     -1.6365     -0.8249
0.479     -1.2150     -0.7036     -1.6268     -0.8181
0.480     -1.2066     -0.6980     -1.6171     -0.8114
0.481     -1.1983     -0.6924     -1.6074     -0.8045
0.482     -1.1900     -0.6869     -1.5978     -0.7974
0.483     -1.1817     -0.6814     -1.5882     -0.7904
0.484     -1.1735     -0.6759     -1.5787     -0.7834
0.485     -1.1653     -0.6704     -1.5692     -0.7764
0.486     -1.1571     -0.6649     -1.5597     -0.7695
0.487     -1.1490     -0.6595     -1.5503     -0.7626
0.488     -1.1409     -0.6541     -1.5409     -0.7557
0.489     -1.1328     -0.6487     -1.5315     -0.7489
0.490     -1.1248     -0.6433     -1.5222     -0.7420
0.491     -1.1168     -0.6380     -1.5130     -0.7352
0.492     -1.1088     -0.6327     -1.5037     -0.7285
0.493     -1.1009     -0.6274     -1.4945     -0.7217
0.494     -1.0929     -0.6221     -1.4849     -0.7150
0.495     -1.0851     -0.6168     -1.4753     -0.7083
0.496     -1.0772     -0.6116     -1.4659     -0.7017
0.497     -1.0694     -0.6064     -1.4564     -0.6950
0.498     -1.0616     -0.6012     -1.4470     -0.6884
0.499     -1.0539     -0.5960     -1.4376     -0.6818
0.500     -1.0462     -0.5909     -1.4282     -0.6753
0.501     -1.0385     -0.5857     -1.4189     -0.6688
0.502     -1.0308     -0.5806     -1.4097     -0.6623
0.503     -1.0232     -0.5755     -1.4004     -0.6559
0.504     -1.0156     -0.5705     -1.3912     -0.6494
0.505     -1.0081     -0.5654     -1.3821     -0.6430
0.506     -1.0005     -0.5604     -1.3729     -0.6367
0.507     -0.9930     -0.5554     -1.3638     -0.6303
0.508     -0.9855     -0.5504     -1.3548     -0.6240
0.509     -0.9781     -0.5454     -1.3458     -0.6177
0.510     -0.9707     -0.5405     -1.3368     -0.6115
0.511     -0.9633     -0.5355     -1.3278     -0.6054
0.512     -0.9559     -0.5306     -1.3193     -0.5994
0.513     -0.9486     -0.5257     -1.3111     -0.5934
0.514     -0.9413     -0.5209     -1.3029     -0.5873
0.515     -0.9340     -0.5160     -1.2947     -0.5814
0.516     -0.9268     -0.5112     -1.2861     -0.5754
0.517     -0.9196     -0.5063     -1.2771     -0.5695
0.518     -0.9124     -0.5015     -1.2682     -0.5635
0.519     -0.9052     -0.4968     -1.2593     -0.5576
0.520     -0.8981     -0.4920     -1.2505     -0.5518
0.521     -0.8910     -0.4873     -1.2417     -0.5459
0.522     -0.8839     -0.4825     -1.2329     -0.5401
0.523     -0.8768     -0.4778     -1.2245     -0.5343
0.524     -0.8698     -0.4731     -1.2163     -0.5285
0.525     -0.8628     -0.4685     -1.2080     -0.5227
0.526     -0.8558     -0.4638     -1.1999     -0.5170
0.527     -0.8489     -0.4592     -1.1917     -0.5113
0.528     -0.8420     -0.4545     -1.1837     -0.5056
0.529     -0.8351     -0.4499     -1.1757     -0.4999
0.530     -0.8282     -0.4454     -1.1678     -0.4943
0.531     -0.8214     -0.4408     -1.1599     -0.4886
0.532     -0.8146     -0.4362     -1.1520     -0.4830
0.533     -0.8078     -0.4317     -1.1442     -0.4776
0.534     -0.8010     -0.4272     -1.1364     -0.4722
0.535     -0.7943     -0.4227     -1.1286     -0.4669
0.536     -0.7876     -0.4182     -1.1209     -0.4616
0.537     -0.7809     -0.4137     -1.1132     -0.4563
0.538     -0.7742     -0.4093     -1.1055     -0.4510
0.539     -0.7676     -0.4049     -1.0978     -0.4457
0.540     -0.7610     -0.4004     -1.0900     -0.4401
0.541     -0.7544     -0.3960     -1.0820     -0.4344
0.542     -0.7478     -0.3917     -1.0741     -0.4287
0.543     -0.7413     -0.3873     -1.0662     -0.4232
0.544     -0.7347     -0.3829     -1.0583     -0.4180
0.545     -0.7282     -0.3786     -1.0505     -0.4128
0.546     -0.7218     -0.3743     -1.0427     -0.4076
0.547     -0.7153     -0.3700     -1.0349     -0.4024
0.548     -0.7089     -0.3657     -1.0273     -0.3972
0.549     -0.7025     -0.3614     -1.0198     -0.3921
0.550     -0.6961     -0.3572     -1.0123     -0.3870
0.551     -0.6898     -0.3529     -1.0049     -0.3819
0.552     -0.6834     -0.3487     -0.9974     -0.3768
0.553     -0.6771     -0.3445     -0.9896     -0.3717
0.554     -0.6709     -0.3403     -0.9819     -0.3667
0.555     -0.6646     -0.3361     -0.9742     -0.3617
0.556     -0.6584     -0.3319     -0.9665     -0.3567
0.557     -0.6521     -0.3278     -0.9589     -0.3517
0.558     -0.6459     -0.3237     -0.9512     -0.3467
0.559     -0.6398     -0.3195     -0.9437     -0.3417
0.560     -0.6336     -0.3154     -0.9362     -0.3368
0.561     -0.6275     -0.3113     -0.9288     -0.3319
0.562     -0.6214     -0.3073     -0.9214     -0.3270
0.563     -0.6153     -0.3032     -0.9141     -0.3221
0.564     -0.6092     -0.2992     -0.9067     -0.3172
0.565     -0.6032     -0.2951     -0.8994     -0.3124
0.566     -0.5972     -0.2911     -0.8922     -0.3076
0.567     -0.5912     -0.2871     -0.8849     -0.3027
0.568     -0.5852     -0.2831     -0.8777     -0.2979
0.569     -0.5792     -0.2791     -0.8705     -0.2932
0.570     -0.5733     -0.2752     -0.8633     -0.2884
0.571     -0.5674     -0.2712     -0.8562     -0.2833
0.572     -0.5615     -0.2673     -0.8491     -0.2781
0.573     -0.5556     -0.2634     -0.8420     -0.2730
0.574     -0.5498     -0.2595     -0.8349     -0.2678
0.575     -0.5439     -0.2556     -0.8278     -0.2632
0.576     -0.5381     -0.2517     -0.8208     -0.2587
0.577     -0.5323     -0.2478     -0.8138     -0.2542
0.578     -0.5266     -0.2440     -0.8069     -0.2497
0.579     -0.5208     -0.2401     -0.7999     -0.2451
0.580     -0.5151     -0.2363     -0.7930     -0.2401
0.581     -0.5094     -0.2325     -0.7864     -0.2351
0.582     -0.5037     -0.2287     -0.7798     -0.2305
0.583     -0.4980     -0.2249     -0.7733     -0.2259
0.584     -0.4923     -0.2211     -0.7668     -0.2214
0.585     -0.4867     -0.2173     -0.7603     -0.2169
0.586     -0.4811     -0.2136     -0.7538     -0.2124
0.587     -0.4755     -0.2099     -0.7474     -0.2079
0.588     -0.4699     -0.2061     -0.7410     -0.2034
0.589     -0.4643     -0.2024     -0.7346     -0.1989
0.590     -0.4588     -0.1987     -0.7282     -0.1945
0.591     -0.4533     -0.1950     -0.7219     -0.1900
0.592     -0.4478     -0.1914     -0.7155     -0.1856
0.593     -0.4423     -0.1877     -0.7092     -0.1812
0.594     -0.4368     -0.1841     -0.7029     -0.1768
0.595     -0.4314     -0.1804     -0.6966     -0.1724
0.596     -0.4260     -0.1768     -0.6901     -0.1681
0.597     -0.4205     -0.1732     -0.6835     -0.1637
0.598     -0.4152     -0.1696     -0.6769     -0.1594
0.599     -0.4098     -0.1660     -0.6704     -0.1551
0.600     -0.4044     -0.1624     -0.6639     -0.1508
0.601     -0.3991     -0.1588     -0.6574     -0.1465
0.602     -0.3938     -0.1553     -0.6509     -0.1422
0.603     -0.3885     -0.1518     -0.6445     -0.1380
0.604     -0.3832     -0.1482     -0.6380     -0.1337
0.605     -0.3779     -0.1447     -0.6316     -0.1292
0.606     -0.3727     -0.1412     -0.6252     -0.1248
0.607     -0.3674     -0.1377     -0.6189     -0.1203
0.608     -0.3622     -0.1342     -0.6125     -0.1159
0.609     -0.3570     -0.1308     -0.6062     -0.1115
0.610     -0.3518     -0.1273     -0.5999     -0.1071
0.611     -0.3467     -0.1238     -0.5936     -0.1027
0.612     -0.3415     -0.1204     -0.5874     -0.0983
0.613     -0.3364     -0.1170     -0.5811     -0.0939
0.614     -0.3313     -0.1136     -0.5749     -0.0896
0.615     -0.3262     -0.1102     -0.5687     -0.0853
0.616     -0.3211     -0.1068     -0.5625     -0.0809
0.617     -0.3160     -0.1034     -0.5564     -0.0766
0.618     -0.3110     -0.1000     -0.5502     -0.0723
0.619     -0.3059     -0.0967     -0.5445     -0.0684
0.620     -0.3009     -0.0933     -0.5388     -0.0647
0.621     -0.2959     -0.0900     -0.5332     -0.0606
0.622     -0.2909     -0.0866     -0.5276     -0.0564
0.623     -0.2860     -0.0833     -0.5220     -0.0522
0.624     -0.2810     -0.0800     -0.5164     -0.0479
0.625     -0.2761     -0.0767     -0.5108     -0.0437
0.626     -0.2711     -0.0734     -0.5047     -0.0395
0.627     -0.2662     -0.0702     -0.4985     -0.0354
0.628     -0.2614     -0.0669     -0.4924     -0.0312
0.629     -0.2565     -0.0636     -0.4864     -0.0271
0.630     -0.2516     -0.0604     -0.4803     -0.0229
0.631     -0.2468     -0.0572     -0.4742     -0.0188
0.632     -0.2420     -0.0539     -0.4682     -0.0147
0.633     -0.2371     -0.0507     -0.4622     -0.0106
0.634     -0.2323     -0.0475     -0.4562     -0.0065
0.635     -0.2276     -0.0443     -0.4503     -0.0024
0.636     -0.2228     -0.0412     -0.4445      0.0016
0.637     -0.2180     -0.0380     -0.4389      0.0057
0.638     -0.2133     -0.0348     -0.4334      0.0097
0.639     -0.2086     -0.0317     -0.4279      0.0135
0.640     -0.2039     -0.0285     -0.4225      0.0172
0.641     -0.1992     -0.0254     -0.4170      0.0209
0.642     -0.1945     -0.0223     -0.4116      0.0246
0.643     -0.1898     -0.0191     -0.4061      0.0283
0.644     -0.1852     -0.0160     -0.4007      0.0319
0.645     -0.1806     -0.0129     -0.3953      0.0359
0.646     -0.1759     -0.0099     -0.3900      0.0397
0.647     -0.1713     -0.0068     -0.3846      0.0433
0.648     -0.1667     -0.0037     -0.3793      0.0469
0.649     -0.1622     -0.0007     -0.3739      0.0505
0.650     -0.1576      0.0024     -0.3686      0.0541
0.651     -0.1530      0.0054     -0.3633      0.0577
0.652     -0.1485      0.0084     -0.3581      0.0614
0.653     -0.1440      0.0115     -0.3529      0.0652
0.654     -0.1395      0.0145     -0.3478      0.0690
0.655     -0.1350      0.0175     -0.3426      0.0728
0.656     -0.1305      0.0205     -0.3375      0.0766
0.657     -0.1260      0.0234     -0.3323      0.0804
0.658     -0.1216      0.0264     -0.3272      0.0841
0.659     -0.1171      0.0294     -0.3221      0.0878
0.660     -0.1127      0.0323     -0.3170      0.0914
0.661     -0.1083      0.0353     -0.3118      0.0950
0.662     -0.1039      0.0382     -0.3064      0.0985
0.663     -0.0995      0.0412     -0.3011      0.1021
0.664     -0.0951      0.0441     -0.2960      0.1056
0.665     -0.0908      0.0470     -0.2910      0.1092
0.666     -0.0864      0.0499     -0.2857      0.1127
0.667     -0.0821      0.0528     -0.2808      0.1162
0.668     -0.0778      0.0557     -0.2758      0.1197
0.669     -0.0735      0.0585     -0.2708      0.1232
0.670     -0.0692      0.0614     -0.2658      0.1267
0.671     -0.0649      0.0643     -0.2609      0.1303
0.672     -0.0606      0.0671     -0.2559      0.1340
0.673     -0.0564      0.0700     -0.2509      0.1377
0.674     -0.0521      0.0728     -0.2460      0.1414
0.675     -0.0479      0.0756     -0.2411      0.1450
0.676     -0.0437      0.0784     -0.2362      0.1487
0.677     -0.0395      0.0812     -0.2313      0.1523
0.678     -0.0353      0.0840     -0.2264      0.1559
0.679     -0.0311      0.0868     -0.2216      0.1595
0.680     -0.0269      0.0896     -0.2168      0.1629
0.681     -0.0228      0.0924     -0.2119      0.1662
0.682     -0.0186      0.0952     -0.2070      0.1695
0.683     -0.0145      0.0979     -0.2022      0.1728
0.684     -0.0104      0.1007     -0.1974      0.1761
0.685     -0.0063      0.1034     -0.1927      0.1792
0.686     -0.0022      0.1062     -0.1879      0.1824
0.687      0.0019      0.1089     -0.1832      0.1855
0.688      0.0060      0.1116     -0.1784      0.1886
0.689      0.0101      0.1143     -0.1737      0.1918
0.690      0.0141      0.1170     -0.1690      0.1949
0.691      0.0182      0.1197     -0.1642      0.1980
0.692      0.0222      0.1224     -0.1594      0.2011
0.693      0.0262      0.1251     -0.1546      0.2041
0.694      0.0302      0.1278     -0.1499      0.2072
0.695      0.0342      0.1304     -0.1451      0.2103
0.696      0.0382      0.1331     -0.1404      0.2135
0.697      0.0421      0.1357     -0.1356      0.2167
0.698      0.0461      0.1384     -0.1309      0.2199
0.699      0.0500      0.1410     -0.1262      0.2231
0.700      0.0540      0.1436     -0.1215      0.2263
0.701      0.0579      0.1463     -0.1168      0.2295
0.702      0.0618      0.1489     -0.1121      0.2326
0.703      0.0657      0.1515     -0.1072      0.2358
0.704      0.0696      0.1541     -0.1024      0.2390
0.705      0.0735      0.1567     -0.0976      0.2421
0.706      0.0774      0.1592     -0.0928      0.2454
0.707      0.0812      0.1618     -0.0880      0.2487
0.708      0.0851      0.1644     -0.0833      0.2519
0.709      0.0889      0.1669     -0.0787      0.2551
0.710      0.0927      0.1695     -0.0741      0.2583
0.711      0.0965      0.1720     -0.0696      0.2614
0.712      0.1003      0.1746     -0.0651      0.2644
0.713      0.1041      0.1771     -0.0605      0.2675
0.714      0.1079      0.1796     -0.0560      0.2705
0.715      0.1117      0.1822     -0.0515      0.2735
0.716      0.1154      0.1847     -0.0471      0.2765
0.717      0.1192      0.1872     -0.0426      0.2795
0.718      0.1229      0.1897     -0.0384      0.2824
0.719      0.1267      0.1922     -0.0344      0.2853
0.720      0.1304      0.1946     -0.0304      0.2884
0.721      0.1341      0.1971     -0.0257      0.2914
0.722      0.1378      0.1996     -0.0211      0.2943
0.723      0.1415      0.2020     -0.0165      0.2973
0.724      0.1451      0.2045     -0.0121      0.3002
0.725      0.1488      0.2069     -0.0079      0.3031
0.726      0.1525      0.2094     -0.0037      0.3060
0.727      0.1561      0.2118      0.0005      0.3090
0.728      0.1598      0.2143      0.0046      0.3122
0.729      0.1634      0.2167      0.0088      0.3154
0.730      0.1670      0.2191      0.0129      0.3186
0.731      0.1706      0.2215      0.0170      0.3217
0.732      0.1742      0.2239      0.0211      0.3249
0.733      0.1778      0.2263      0.0252      0.3280
0.734      0.1814      0.2287      0.0293      0.3312
0.735      0.1849      0.2311      0.0333      0.3343
0.736      0.1885      0.2334      0.0372      0.3375
0.737      0.1921      0.2358      0.0410      0.3404
0.738      0.1956      0.2382      0.0449      0.3432
0.739      0.1991      0.2405      0.0490      0.3460
0.740      0.2026      0.2429      0.0533      0.3488
0.741      0.2062      0.2452      0.0576      0.3518
0.742      0.2097      0.2476      0.0617      0.3547
0.743      0.2132      0.2499      0.0657      0.3576
0.744      0.2166      0.2522      0.0697      0.3605
0.745      0.2201      0.2545      0.0736      0.3634
0.746      0.2236      0.2569      0.0776      0.3663
0.747      0.2270      0.2592      0.0815      0.3692
0.748      0.2305      0.2615      0.0855      0.3721
0.749      0.2339      0.2638      0.0894      0.3750
0.750      0.2373      0.2660      0.0933      0.3778
0.751      0.2408      0.2683      0.0972      0.3807
0.752      0.2442      0.2706      0.1011      0.3836
0.753      0.2476      0.2729      0.1050      0.3864
0.754      0.2510      0.2751      0.1087      0.3892
0.755      0.2543      0.2774      0.1124      0.3922
0.756      0.2577      0.2797      0.1161      0.3953
0.757      0.2611      0.2819      0.1198      0.3984
0.758      0.2644      0.2841      0.1235      0.4011
0.759      0.2678      0.2864      0.1275      0.4040
0.760      0.2711      0.2886      0.1315      0.4070
0.761      0.2744      0.2908      0.1355      0.4099
0.762      0.2778      0.2930      0.1395      0.4128
0.763      0.2811      0.2952      0.1434      0.4158
0.764      0.2844      0.2975      0.1471      0.4187
0.765      0.2877      0.2997      0.1509      0.4216
0.766      0.2910      0.3018      0.1547      0.4244
0.767      0.2942      0.3040      0.1584      0.4273
0.768      0.2975      0.3062      0.1621      0.4302
0.769      0.3008      0.3084      0.1664      0.4331
0.770      0.3040      0.3106      0.1710      0.4359
0.771      0.3073      0.3127      0.1749      0.4371
0.772      0.3105      0.3149      0.1802      0.4401
0.773      0.3137      0.3170      0.1852      0.4422
0.774      0.3169      0.3192      0.1896      0.4448
0.775      0.3201      0.3213      0.1944      0.4474
0.776      0.3233      0.3235      0.2003      0.4498
0.777      0.3265      0.3256      0.2042      0.4509
0.778      0.3297      0.3277      0.2098      0.4514
0.779      0.3329      0.3298      0.2155      0.4541
0.780      0.3361      0.3320      0.2207      0.4548
0.781      0.3392      0.3341      0.2271      0.4572
0.782      0.3424      0.3362      0.2335      0.4566
0.783      0.3455      0.3383      0.2372      0.4556
0.784      0.3487      0.3404      0.2425      0.4554
0.785      0.3518      0.3425      0.2493      0.4546
0.786      0.3549      0.3445      0.2548      0.4559
0.787      0.3580      0.3466      0.2601      0.4555
0.788      0.3611      0.3487      0.2662      0.4570
0.789      0.3642      0.3508      0.2722      0.4572
0.790      0.3673      0.3528      0.2779      0.4575
0.791      0.3704      0.3549      0.2851      0.4571
0.792      0.3735      0.3569      0.2924      0.4559
0.793      0.3765      0.3590      0.2982      0.4551
0.794      0.3796      0.3610      0.3053      0.4555
0.795      0.3826      0.3621      0.3119      0.4563
0.796      0.3857      0.3602      0.3188      0.4555
0.797      0.3887      0.3583      0.3233      0.4562
0.798      0.3897      0.3564      0.3248      0.4542
0.799      0.3889      0.3545      0.3251      0.4520
0.800      0.3881      0.3525      0.3256      0.4496
0.801      0.3874      0.3505      0.3269      0.4493
0.802      0.3866      0.3485      0.3268      0.4487
0.803      0.3858      0.3465      0.3252      0.4481
0.804      0.3850      0.3445      0.3238      0.4486
0.805      0.3842      0.3424      0.3235      0.4479
0.806      0.3834      0.3403      0.3205      0.4490
0.807      0.3826      0.3382      0.3192      0.4499
0.808      0.3817      0.3361      0.3185      0.4497
0.809      0.3809      0.3339      0.3168      0.4495
0.810      0.3801      0.3317      0.3150      0.4499
0.811      0.3792      0.3295      0.3115      0.4504
0.812      0.3783      0.3273      0.3104      0.4516
0.813      0.3775      0.3251      0.3088      0.4515
0.814      0.3766      0.3228      0.3067      0.4519
0.815      0.3757      0.3205      0.3041      0.4523
0.816      0.3748      0.3182      0.3021      0.4530
0.817      0.3739      0.3159      0.3005      0.4526
0.818      0.3730      0.3135      0.2994      0.4522
0.819      0.3720      0.3111      0.2983      0.4518
0.820      0.3711      0.3087      0.2968      0.4515
0.821      0.3701      0.3062      0.2956      0.4510
0.822      0.3692      0.3038      0.2945      0.4506
0.823      0.3682      0.3013      0.2932      0.4501
0.824      0.3672      0.2987      0.2918      0.4494
0.825      0.3662      0.2962      0.2904      0.4487
0.826      0.3652      0.2936      0.2891      0.4481
0.827      0.3642      0.2909      0.2878      0.4475
0.828      0.3631      0.2883      0.2864      0.4470
0.829      0.3621      0.2856      0.2854      0.4463
0.830      0.3610      0.2829      0.2842      0.4458
0.831      0.3600      0.2802      0.2830      0.4451
0.832      0.3589      0.2774      0.2817      0.4442
0.833      0.3578      0.2746      0.2805      0.4434
0.834      0.3567      0.2717      0.2794      0.4427
0.835      0.3556      0.2688      0.2780      0.4419
0.836      0.3544      0.2659      0.2765      0.4412
0.837      0.3533      0.2630      0.2752      0.4405
0.838      0.3521      0.2600      0.2737      0.4399
0.839      0.3509      0.2570      0.2722      0.4392
0.840      0.3498      0.2539      0.2709      0.4383
0.841      0.3485      0.2508      0.2693      0.4374
0.842      0.3473      0.2477      0.2679      0.4367
0.843      0.3461      0.2445      0.2662      0.4359
0.844      0.3448      0.2413      0.2645      0.4351
0.845      0.3436      0.2380      0.2627      0.4342
0.846      0.3423      0.2347      0.2610      0.4334
0.847      0.3410      0.2313      0.2595      0.4326
0.848      0.3397      0.2279      0.2577      0.4316
0.849      0.3383      0.2245      0.2559      0.4307
0.850      0.3370      0.2210      0.2541      0.4300
0.851      0.3356      0.2175      0.2523      0.4289
0.852      0.3342      0.2139      0.2507      0.4278
0.853      0.3328      0.2103      0.2489      0.4266
0.854      0.3314      0.2066      0.2469      0.4254
0.855      0.3299      0.2029      0.2447      0.4243
0.856      0.3284      0.1991      0.2428      0.4236
0.857      0.3269      0.1953      0.2408      0.4227
0.858      0.3254      0.1914      0.2392      0.4218
0.859      0.3239      0.1875      0.2374      0.4208
0.860      0.3223      0.1835      0.2353      0.4199
0.861      0.3208      0.1794      0.2331      0.4189
0.862      0.3192      0.1753      0.2313      0.4179
0.863      0.3175      0.1711      0.2295      0.4168
0.864      0.3159      0.1669      0.2276      0.4156
0.865      0.3142      0.1626      0.2253      0.4145
0.866      0.3125      0.1582      0.2228      0.4136
0.867      0.3108      0.1538      0.2208      0.4127
0.868      0.3090      0.1493      0.2188      0.4117
0.869      0.3073      0.1447      0.2165      0.4106
0.870      0.3055      0.1401      0.2141      0.4095
0.871      0.3036      0.1354      0.2118      0.4083
0.872      0.3018      0.1306      0.2094      0.4072
0.873      0.2999      0.1258      0.2069      0.4057
0.874      0.2980      0.1208      0.2041      0.4048
0.875      0.2960      0.1158      0.2013      0.4029
0.876      0.2940      0.1107      0.1984      0.4015
0.877      0.2920      0.1056      0.1955      0.4002
0.878      0.2900      0.1003      0.1925      0.3986
0.879      0.2879      0.0950      0.1895      0.3972
0.880      0.2858      0.0895      0.1864      0.3960
0.881      0.2836      0.0840      0.1833      0.3946
0.882      0.2814      0.0784      0.1807      0.3932
0.883      0.2792      0.0727      0.1778      0.3917
0.884      0.2770      0.0669      0.1748      0.3899
0.885      0.2746      0.0610      0.1718      0.3882
0.886      0.2723      0.0549      0.1688      0.3864
0.887      0.2699      0.0488      0.1654      0.3846
0.888      0.2675      0.0426      0.1621      0.3827
0.889      0.2650      0.0362      0.1587      0.3815
0.890      0.2625      0.0298      0.1549      0.3803
0.891      0.2599      0.0232      0.1511      0.3789
0.892      0.2573      0.0165      0.1472      0.3777
0.893      0.2547      0.0097      0.1431      0.3768
0.894      0.2520      0.0027      0.1389      0.3752
0.895      0.2492     -0.0044      0.1347      0.3735
0.896      0.2464     -0.0116      0.1308      0.3716
0.897      0.2435     -0.0190      0.1267      0.3697
0.898      0.2406     -0.0265      0.1227      0.3678
0.899      0.2376     -0.0341      0.1187      0.3658
0.900      0.2346     -0.0419      0.1142      0.3637
0.901      0.2315     -0.0499      0.1095      0.3617
0.902      0.2283     -0.0580      0.1047      0.3596
0.903      0.2251     -0.0663      0.1003      0.3574
0.904      0.2218     -0.0748      0.0961      0.3552
0.905      0.2184     -0.0835      0.0912      0.3537
0.906      0.2150     -0.0923      0.0863      0.3517
0.907      0.2115     -0.1013      0.0815      0.3494
0.908      0.2079     -0.1105      0.0767      0.3472
0.909      0.2042     -0.1200      0.0717      0.3448
0.910      0.2005     -0.1296      0.0667      0.3424
0.911      0.1966     -0.1394      0.0610      0.3400
0.912      0.1927     -0.1495      0.0562      0.3374
0.913      0.1887     -0.1598      0.0508      0.3349
0.914      0.1846     -0.1704      0.0452      0.3322
0.915      0.1804     -0.1812      0.0396      0.3295
0.916      0.1761     -0.1922      0.0339      0.3268
0.917      0.1717     -0.2035      0.0274      0.3239
0.918      0.1672     -0.2151      0.0209      0.3219
0.919      0.1626     -0.2270      0.0142      0.3200
0.920      0.1578     -0.2392      0.0072      0.3181
0.921      0.1530     -0.2516      0.0001      0.3155
0.922      0.1480     -0.2645     -0.0068      0.3124
0.923      0.1429     -0.2776     -0.0144      0.3092
0.924      0.1376     -0.2911     -0.0222      0.3062
0.925      0.1322     -0.3049     -0.0301      0.3029
0.926      0.1267     -0.3191     -0.0376      0.3001
0.927      0.1210     -0.3337     -0.0454      0.2972
0.928      0.1152     -0.3487     -0.0539      0.2942
0.929      0.1092     -0.3642     -0.0630      0.2907
0.930      0.1030     -0.3800     -0.0728      0.2865
0.931      0.0966     -0.3964     -0.0811      0.2822
0.932      0.0901     -0.4132     -0.0903      0.2778
0.933      0.0833     -0.4305     -0.0994      0.2733
0.934      0.0764     -0.4483     -0.1087      0.2691
0.935      0.0692     -0.4667     -0.1183      0.2655
0.936      0.0618     -0.4857     -0.1282      0.2616
0.937      0.0542     -0.5053     -0.1384      0.2568
0.938      0.0464     -0.5255     -0.1489      0.2524
0.939      0.0382     -0.5463     -0.1598      0.2488
0.940      0.0299     -0.5679     -0.1713      0.2454
0.941      0.0212     -0.5902     -0.1834      0.2419
0.942      0.0122     -0.6132     -0.1951      0.2382
0.943      0.0029     -0.6371     -0.2073      0.2323
0.944     -0.0067     -0.6618     -0.2207      0.2278
0.945     -0.0167     -0.6874     -0.2347      0.2232
0.946     -0.0270     -0.7140     -0.2503      0.2186
0.947     -0.0377     -0.7415     -0.2665      0.2134
0.948     -0.0489     -0.7702     -0.2818      0.2081
0.949     -0.0605     -0.7999     -0.2995      0.2019
0.950     -0.0725     -0.8308     -0.3166      0.1954
0.951     -0.0850     -0.8630     -0.3343      0.1872
0.952     -0.0981     -0.8966     -0.3525      0.1787
0.953     -0.1117     -0.9315     -0.3714      0.1720
0.954     -0.1259     -0.9680     -0.3919      0.1650
0.955     -0.1408     -1.0061     -0.4140      0.1577
0.956     -0.1563     -1.0460     -0.4370      0.1500
0.957     -0.1725     -1.0877     -0.4615      0.1418
0.958     -0.1895     -1.1314     -0.4875      0.1330
0.959     -0.2073     -1.1772     -0.5147      0.1245
0.960     -0.2261     -1.2253     -0.5433      0.1156
0.961     -0.2457     -1.2759     -0.5733      0.1050
0.962     -0.2665     -1.3291     -0.6050      0.0957
0.963     -0.2883     -1.3852     -0.6383      0.0859
0.964     -0.3114     -1.4444     -0.6722      0.0749
0.965     -0.3357     -1.5070     -0.7072      0.0632
0.966     -0.3615     -1.5733     -0.7446      0.0509
0.967     -0.3889     -1.6436     -0.7840      0.0366
0.968     -0.4180     -1.7183     -0.8264      0.0209
0.969     -0.4490     -1.7979     -0.8720      0.0047
0.970     -0.4820     -1.8827     -0.9210     -0.0106
0.971     -0.5173     -1.9734     -0.9735     -0.0286
0.972     -0.5551     -2.0705     -1.0296     -0.0484
0.973     -0.5957     -2.1749     -1.0887     -0.0710
0.974     -0.6395     -2.2873     -1.1523     -0.0920
0.975     -0.6867     -2.4086     -1.2211     -0.1151
0.976     -0.7379     -2.5401     -1.2944     -0.1412
0.977     -0.7935     -2.6830     -1.3733     -0.1696
0.978     -0.8542     -2.8389     -1.4593     -0.1983
0.979     -0.9207     -3.0097     -1.5535     -0.2284
0.980     -0.9938     -3.1975     -1.6571     -0.2631
0.981     -1.0746     -3.4051     -1.7729     -0.3036
0.982     -1.1644     -3.6358     -1.9030     -0.3489
0.983     -1.2648     -3.8936     -2.0496     -0.4019
0.984     -1.3777     -4.1836     -2.2140     -0.4603
0.985     -1.5057     -4.5124     -2.4014     -0.5238
0.986     -1.6519     -4.8880     -2.6149     -0.5959
0.987     -1.8206     -5.3215     -2.8614     -0.6819
0.988     -2.0175     -5.8272     -3.1444     -0.7835
0.989     -2.2501     -6.4248     -3.4782     -0.9037
0.990     -2.5293     -7.1421     -3.8837     -1.0426
0.991     -2.8706     -8.0186     -4.3713     -1.2055
0.992     -3.2971     -9.1143     -4.9888     -1.4100
0.993     -3.8455    -10.5230     -5.7886     -1.6858
0.994     -4.5767    -12.4014     -6.8536     -2.0498
0.995     -5.6004    -15.0311     -8.3423     -2.5584
0.996     -7.1360    -18.9756    -10.5780     -3.3320
0.997     -9.6953    -25.5500    -14.3041     -4.6221
0.998    -14.8134    -38.6990    -21.7567     -7.2005
0.999    -30.1707    -78.1479    -44.1167    -14.9242
