MO01506 20191201 0000 0000 0000 9999 9999 9999 9999 9999
MO01506 20191201 0300 0000 -011 9999 9999 9999 9999 9999
MO01506 20191201 0600 0000 -013 9999 9999 9999 -014 9999
MO01506 20191201 0900 0000 0019 9999 9999 9999 9999 9999
MO01506 20191201 1200 0000 0124 9999 9999 9999 9999 9999
MO01506 20191201 1500 0000 0105 9999 9999 9999 9999 9999
MO01506 20191201 1800 0000 0061 9999 9999 9999 0124 9999
MO01506 20191201 2100 0000 0090 9999 9999 9999 9999 9999
MO01507 20191201 0000 0000 9999 9999 9999 9999 9999 9999
MO01507 20191201 0300 0000 9999 9999 9999 9999 9999 9999
MO01507 20191201 0600 0000 9999 9999 9999 9999 9999 9999
MO01507 20191201 0900 0000 9999 9999 9999 9999 9999 9999
MO01507 20191201 1200 0000 9999 9999 9999 9999 9999 9999
MO01507 20191201 1500 0000 9999 9999 9999 9999 9999 9999
MO01507 20191201 1800 0000 9999 9999 9999 9999 9999 9999
MO01507 20191201 2100 0000 9999 9999 9999 9999 9999 9999
MO01508 20191201 0000 0000 0020 9999 9999 9999 9999 9999
MO01508 20191201 0300 0000 0004 9999 9999 9999 9999 9999
MO01508 20191201 0600 0000 0001 9999 9999 9999 -001 9999
MO01508 20191201 0900 0002 0093 9999 9999 9999 9999 9999
MO01508 20191201 1200 0000 0149 9999 9999 9999 9999 9999
MO01508 20191201 1500 0000 0128 9999 9999 9999 9999 9999
MO01508 20191201 1800 0000 0110 9999 9999 9999 0149 9999
MO01508 20191201 2100 0000 0096 9999 9999 9999 9999 9999
MO01509 20191201 0000 0000 0044 9999 9999 9999 9999 9999
MO01509 20191201 0300 0000 0031 9999 9999 9999 9999 9999
MO01509 20191201 0600 0000 0025 9999 9999 9999 0025 9999
MO01509 20191201 0900 0000 0094 9999 9999 9999 9999 9999
MO01509 20191201 1200 0000 0136 9999 9999 9999 9999 9999
MO01509 20191201 1500 0000 0111 9999 9999 9999 9999 9999
MO01509 20191201 1800 0000 0078 9999 9999 9999 0136 9999
MO01509 20191201 2100 0000 0105 9999 9999 9999 9999 9999
MO01510 20191201 0000 0000 0064 9999 9999 9999 9999 9999
MO01510 20191201 0300 0000 0065 9999 9999 9999 9999 9999
MO01510 20191201 0600 0000 0068 9999 9999 9999 0059 9999
MO01510 20191201 0900 0000 0128 9999 9999 9999 9999 9999
MO01510 20191201 1200 0000 0137 9999 9999 9999 9999 9999
MO01510 20191201 1500 0000 0108 9999 9999 9999 9999 9999
MO01510 20191201 1800 0000 0104 9999 9999 9999 0137 9999
MO01510 20191201 2100 0000 0100 9999 9999 9999 9999 9999
MO01506 20191202 0000 0000 0071 9999 9999 9999 9999 9999
MO01506 20191202 0300 0000 0088 9999 9999 9999 9999 9999
MO01506 20191202 0600 0000 0084 9999 9999 9999 0064 9999
MO01506 20191202 0900 0000 0107 9999 9999 9999 9999 9999
MO01506 20191202 1200 0000 0125 9999 9999 9999 9999 9999
MO01506 20191202 1500 0000 0123 9999 9999 9999 9999 9999
MO01506 20191202 1800 0000 0097 9999 9999 9999 0137 9999
MO01506 20191202 2100 0000 0076 9999 9999 9999 9999 9999
MO01507 20191202 0000 0000 9999 9999 9999 9999 9999 9999
MO01507 20191202 0300 0000 9999 9999 9999 9999 9999 9999
MO01507 20191202 0600 0000 9999 9999 9999 9999 9999 9999
MO01507 20191202 0900 0000 9999 9999 9999 9999 9999 9999
MO01507 20191202 1200 0002 9999 9999 9999 9999 9999 9999
MO01507 20191202 1500 0000 9999 9999 9999 9999 9999 9999
MO01507 20191202 1800 0002 9999 9999 9999 9999 9999 9999
MO01507 20191202 2100 0036 9999 9999 9999 9999 9999 9999
MO01508 20191202 0000 0000 0107 9999 9999 9999 9999 9999
MO01508 20191202 0300 0000 0093 9999 9999 9999 9999 9999
MO01508 20191202 0600 0000 0107 9999 9999 9999 0093 9999
MO01508 20191202 0900 0000 0120 9999 9999 9999 9999 9999
MO01508 20191202 1200 0000 0122 9999 9999 9999 9999 9999
MO01508 20191202 1500 0000 0131 9999 9999 9999 9999 9999
MO01508 20191202 1800 0000 0124 9999 9999 9999 0138 9999
MO01508 20191202 2100 0002 0114 9999 9999 9999 9999 9999
MO01509 20191202 0000 0000 0096 9999 9999 9999 9999 9999
MO01509 20191202 0300 0000 0102 9999 9999 9999 9999 9999
MO01509 20191202 0600 0000 0107 9999 9999 9999 0072 9999
MO01509 20191202 0900 0000 0123 9999 9999 9999 9999 9999
MO01509 20191202 1200 0000 0122 9999 9999 9999 9999 9999
MO01509 20191202 1500 0000 0126 9999 9999 9999 9999 9999
MO01509 20191202 1800 0004 0115 9999 9999 9999 0136 9999
MO01509 20191202 2100 0000 0112 9999 9999 9999 9999 9999
MO01510 20191202 0000 0000 0107 9999 9999 9999 9999 9999
MO01510 20191202 0300 0000 0095 9999 9999 9999 9999 9999
MO01510 20191202 0600 0000 0104 9999 9999 9999 0095 9999
MO01510 20191202 0900 0000 0121 9999 9999 9999 9999 9999
MO01510 20191202 1200 0004 0104 9999 9999 9999 9999 9999
MO01510 20191202 1500 0000 0116 9999 9999 9999 9999 9999
MO01510 20191202 1800 0000 0111 9999 9999 9999 0136 9999
MO01510 20191202 2100 0016 0105 9999 9999 9999 9999 9999
MO01506 20191203 0000 0042 0082 9999 9999 9999 9999 9999
MO01506 20191203 0300 0270 0077 9999 9999 9999 9999 9999
MO01506 20191203 0600 0056 0074 9999 9999 9999 0073 9999
MO01506 20191203 0900 0000 0080 9999 9999 9999 9999 9999
MO01506 20191203 1200 0002 0073 9999 9999 9999 9999 9999
MO01506 20191203 1500 0000 0057 9999 9999 9999 9999 9999
MO01506 20191203 1800 0000 0049 9999 9999 9999 0080 9999
MO01506 20191203 2100 0000 0033 9999 9999 9999 9999 9999
MO01507 20191203 0000 0080 9999 9999 9999 9999 9999 9999
MO01507 20191203 0300 0118 9999 9999 9999 9999 9999 9999
MO01507 20191203 0600 0144 9999 9999 9999 9999 9999 9999
MO01507 20191203 0900 0002 9999 9999 9999 9999 9999 9999
MO01507 20191203 1200 0000 9999 9999 9999 9999 9999 9999
MO01507 20191203 1500 0000 9999 9999 9999 9999 9999 9999
MO01507 20191203 1800 0000 9999 9999 9999 9999 9999 9999
MO01507 20191203 2100 0000 9999 9999 9999 9999 9999 9999
MO01508 20191203 0000 0056 0114 9999 9999 9999 9999 9999
MO01508 20191203 0300 0198 0100 9999 9999 9999 9999 9999
MO01508 20191203 0600 0072 0094 9999 9999 9999 0094 9999
MO01508 20191203 0900 0000 0112 9999 9999 9999 9999 9999
MO01508 20191203 1200 0000 0107 9999 9999 9999 9999 9999
MO01508 20191203 1500 0000 0098 9999 9999 9999 9999 9999
MO01508 20191203 1800 0000 0088 9999 9999 9999 0117 9999
MO01508 20191203 2100 0000 0071 9999 9999 9999 9999 9999
MO01509 20191203 0000 0046 0109 9999 9999 9999 9999 9999
MO01509 20191203 0300 0142 0094 9999 9999 9999 9999 9999
MO01509 20191203 0600 0058 0083 9999 9999 9999 0083 9999
MO01509 20191203 0900 0000 0115 9999 9999 9999 9999 9999
MO01509 20191203 1200 0000 0115 9999 9999 9999 9999 9999
MO01509 20191203 1500 0000 0093 9999 9999 9999 9999 9999
MO01509 20191203 1800 0000 0081 9999 9999 9999 0122 9999
MO01509 20191203 2100 0000 0057 9999 9999 9999 9999 9999
MO01510 20191203 0000 0038 0109 9999 9999 9999 9999 9999
MO01510 20191203 0300 0160 0087 9999 9999 9999 9999 9999
MO01510 20191203 0600 0072 0085 9999 9999 9999 0085 9999
MO01510 20191203 0900 0000 0109 9999 9999 9999 9999 9999
MO01510 20191203 1200 0000 0109 9999 9999 9999 9999 9999
MO01510 20191203 1500 0000 0087 9999 9999 9999 9999 9999
MO01510 20191203 1800 0000 0074 9999 9999 9999 0115 9999
MO01510 20191203 2100 0000 0056 9999 9999 9999 9999 9999
MO01506 20191204 0000 0000 0032 9999 9999 9999 9999 9999
MO01506 20191204 0300 0000 -003 9999 9999 9999 9999 9999
MO01506 20191204 0600 0000 0007 9999 9999 9999 -003 9999
MO01506 20191204 0900 0000 0035 9999 9999 9999 9999 9999
MO01506 20191204 1200 0000 0051 9999 9999 9999 9999 9999
MO01506 20191204 1500 0000 0051 9999 9999 9999 9999 9999
MO01506 20191204 1800 0000 0019 9999 9999 9999 0063 9999
MO01506 20191204 2100 0000 -011 9999 9999 9999 9999 9999
MO01507 20191204 0000 0000 9999 9999 9999 9999 9999 9999
MO01507 20191204 0300 0000 9999 9999 9999 9999 9999 9999
MO01507 20191204 0600 0000 9999 9999 9999 9999 9999 9999
MO01507 20191204 0900 0000 9999 9999 9999 9999 9999 9999
MO01507 20191204 1200 0000 9999 9999 9999 9999 9999 9999
MO01507 20191204 1500 0000 9999 9999 9999 9999 9999 9999
MO01507 20191204 1800 0000 9999 9999 9999 9999 9999 9999
MO01507 20191204 2100 0000 9999 9999 9999 9999 9999 9999
MO01508 20191204 0000 0000 0056 9999 9999 9999 9999 9999
MO01508 20191204 0300 0000 0052 9999 9999 9999 9999 9999
MO01508 20191204 0600 0000 0051 9999 9999 9999 0050 9999
MO01508 20191204 0900 0000 0069 9999 9999 9999 9999 9999
MO01508 20191204 1200 0000 0078 9999 9999 9999 9999 9999
MO01508 20191204 1500 0000 0070 9999 9999 9999 9999 9999
MO01508 20191204 1800 0000 0061 9999 9999 9999 0083 9999
MO01508 20191204 2100 0000 0056 9999 9999 9999 9999 9999
MO01509 20191204 0000 0000 0014 9999 9999 9999 9999 9999
MO01509 20191204 0300 0000 0001 9999 9999 9999 9999 9999
MO01509 20191204 0600 0000 -006 9999 9999 9999 -006 9999
MO01509 20191204 0900 0002 0072 9999 9999 9999 9999 9999
MO01509 20191204 1200 0000 0089 9999 9999 9999 9999 9999
MO01509 20191204 1500 0000 0064 9999 9999 9999 9999 9999
MO01509 20191204 1800 0000 0014 9999 9999 9999 0089 9999
MO01509 20191204 2100 0000 0001 9999 9999 9999 9999 9999
MO01510 20191204 0000 0000 0039 9999 9999 9999 9999 9999
MO01510 20191204 0300 0000 0034 9999 9999 9999 9999 9999
MO01510 20191204 0600 0000 0030 9999 9999 9999 0027 9999
MO01510 20191204 0900 0000 0068 9999 9999 9999 9999 9999
MO01510 20191204 1200 0000 0084 9999 9999 9999 9999 9999
MO01510 20191204 1500 0000 0057 9999 9999 9999 9999 9999
MO01510 20191204 1800 0000 0041 9999 9999 9999 0086 9999
MO01510 20191204 2100 0000 0039 9999 9999 9999 9999 9999
MO01506 20191205 0000 0000 -025 9999 9999 9999 9999 9999
MO01506 20191205 0300 0000 -026 9999 9999 9999 9999 9999
MO01506 20191205 0600 0000 -023 9999 9999 9999 -029 9999
MO01506 20191205 0900 0000 0005 9999 9999 9999 9999 9999
MO01506 20191205 1200 0000 0074 9999 9999 9999 9999 9999
MO01506 20191205 1500 0000 0063 9999 9999 9999 9999 9999
MO01506 20191205 1800 0000 0037 9999 9999 9999 0074 9999
MO01506 20191205 2100 0000 0019 9999 9999 9999 9999 9999
MO01507 20191205 0000 0000 9999 9999 9999 9999 9999 9999
MO01507 20191205 0300 0000 9999 9999 9999 9999 9999 9999
MO01507 20191205 0600 0000 9999 9999 9999 9999 9999 9999
MO01507 20191205 0900 0000 9999 9999 9999 9999 9999 9999
MO01507 20191205 1200 0000 9999 9999 9999 9999 9999 9999
MO01507 20191205 1500 0000 9999 9999 9999 9999 9999 9999
MO01507 20191205 1800 0000 9999 9999 9999 9999 9999 9999
MO01507 20191205 2100 0000 9999 9999 9999 9999 9999 9999
MO01508 20191205 0000 0000 0045 9999 9999 9999 9999 9999
MO01508 20191205 0300 0000 0057 9999 9999 9999 9999 9999
MO01508 20191205 0600 0000 0064 9999 9999 9999 0028 9999
MO01508 20191205 0900 0000 0077 9999 9999 9999 9999 9999
MO01508 20191205 1200 0000 0121 9999 9999 9999 9999 9999
MO01508 20191205 1500 0000 0100 9999 9999 9999 9999 9999
MO01508 20191205 1800 0000 0057 9999 9999 9999 0123 9999
MO01508 20191205 2100 0000 0032 9999 9999 9999 9999 9999
MO01509 20191205 0000 0000 0012 9999 9999 9999 9999 9999
MO01509 20191205 0300 0000 0007 9999 9999 9999 9999 9999
MO01509 20191205 0600 0000 0028 9999 9999 9999 0001 9999
MO01509 20191205 0900 0000 0073 9999 9999 9999 9999 9999
MO01509 20191205 1200 0000 0111 9999 9999 9999 9999 9999
MO01509 20191205 1500 0000 0090 9999 9999 9999 9999 9999
MO01509 20191205 1800 0000 0040 9999 9999 9999 0111 9999
MO01509 20191205 2100 0000 0047 9999 9999 9999 9999 9999
MO01510 20191205 0000 0000 0037 9999 9999 9999 9999 9999
MO01510 20191205 0300 0000 0045 9999 9999 9999 9999 9999
MO01510 20191205 0600 0000 0049 9999 9999 9999 0035 9999
MO01510 20191205 0900 0000 0070 9999 9999 9999 9999 9999
MO01510 20191205 1200 0000 0122 9999 9999 9999 9999 9999
MO01510 20191205 1500 0000 0089 9999 9999 9999 9999 9999
MO01510 20191205 1800 0000 0057 9999 9999 9999 0123 9999
MO01510 20191205 2100 0000 0056 9999 9999 9999 9999 9999
MO01506 20191206 0000 0000 0005 9999 9999 9999 9999 9999
MO01506 20191206 0300 0000 0025 9999 9999 9999 9999 9999
MO01506 20191206 0600 0000 0012 9999 9999 9999 0004 9999
MO01506 20191206 0900 0000 0048 9999 9999 9999 9999 9999
MO01506 20191206 1200 0000 0139 9999 9999 9999 9999 9999
MO01506 20191206 1500 0000 0097 9999 9999 9999 9999 9999
MO01506 20191206 1800 0000 0065 9999 9999 9999 0139 9999
MO01506 20191206 2100 0000 0041 9999 9999 9999 9999 9999
MO01507 20191206 0000 0000 9999 9999 9999 9999 9999 9999
MO01507 20191206 0300 0000 9999 9999 9999 9999 9999 9999
MO01507 20191206 0600 0000 9999 9999 9999 9999 9999 9999
MO01507 20191206 0900 0000 9999 9999 9999 9999 9999 9999
MO01507 20191206 1200 0000 9999 9999 9999 9999 9999 9999
MO01507 20191206 1500 0000 9999 9999 9999 9999 9999 9999
MO01507 20191206 1800 0000 9999 9999 9999 9999 9999 9999
MO01507 20191206 2100 0000 9999 9999 9999 9999 9999 9999
MO01508 20191206 0000 0000 0030 9999 9999 9999 9999 9999
MO01508 20191206 0300 0000 0064 9999 9999 9999 9999 9999
MO01508 20191206 0600 0000 0034 9999 9999 9999 0024 9999
MO01508 20191206 0900 0000 0103 9999 9999 9999 9999 9999
MO01508 20191206 1200 0000 0141 9999 9999 9999 9999 9999
MO01508 20191206 1500 0000 0129 9999 9999 9999 9999 9999
MO01508 20191206 1800 0000 0061 9999 9999 9999 0149 9999
MO01508 20191206 2100 0000 0039 9999 9999 9999 9999 9999
MO01509 20191206 0000 0000 0030 9999 9999 9999 9999 9999
MO01509 20191206 0300 0000 0051 9999 9999 9999 9999 9999
MO01509 20191206 0600 0000 0056 9999 9999 9999 0030 9999
MO01509 20191206 0900 0000 0102 9999 9999 9999 9999 9999
MO01509 20191206 1200 0000 0139 9999 9999 9999 9999 9999
MO01509 20191206 1500 0000 0119 9999 9999 9999 9999 9999
MO01509 20191206 1800 0000 0078 9999 9999 9999 0145 9999
MO01509 20191206 2100 0000 0063 9999 9999 9999 9999 9999
MO01510 20191206 0000 0000 0064 9999 9999 9999 9999 9999
MO01510 20191206 0300 0000 0083 9999 9999 9999 9999 9999
MO01510 20191206 0600 0000 0073 9999 9999 9999 0053 9999
MO01510 20191206 0900 0000 0129 9999 9999 9999 9999 9999
MO01510 20191206 1200 0000 0127 9999 9999 9999 9999 9999
MO01510 20191206 1500 0000 0114 9999 9999 9999 9999 9999
MO01510 20191206 1800 0000 0091 9999 9999 9999 0146 9999
MO01510 20191206 2100 0000 0082 9999 9999 9999 9999 9999
MO01506 20191207 0000 0000 0030 9999 9999 9999 9999 9999
MO01506 20191207 0300 0000 0028 9999 9999 9999 9999 9999
MO01506 20191207 0600 0000 0020 9999 9999 9999 0020 9999
MO01506 20191207 0900 0000 0059 9999 9999 9999 9999 9999
MO01506 20191207 1200 0000 0137 9999 9999 9999 9999 9999
MO01506 20191207 1500 0000 0095 9999 9999 9999 9999 9999
MO01506 20191207 1800 0000 0056 9999 9999 9999 0137 9999
MO01506 20191207 2100 0000 0032 9999 9999 9999 9999 9999
MO01507 20191207 0000 0000 9999 9999 9999 9999 9999 9999
MO01507 20191207 0300 0000 9999 9999 9999 9999 9999 9999
MO01507 20191207 0600 0000 9999 9999 9999 9999 9999 9999
MO01507 20191207 0900 0000 9999 9999 9999 9999 9999 9999
MO01507 20191207 1200 0000 9999 9999 9999 9999 9999 9999
MO01507 20191207 1500 0000 9999 9999 9999 9999 9999 9999
MO01507 20191207 1800 0000 9999 9999 9999 9999 9999 9999
MO01507 20191207 2100 0000 9999 9999 9999 9999 9999 9999
MO01508 20191207 0000 0000 0049 9999 9999 9999 9999 9999
MO01508 20191207 0300 0000 0042 9999 9999 9999 9999 9999
MO01508 20191207 0600 0000 0026 9999 9999 9999 0026 9999
MO01508 20191207 0900 0002 0125 9999 9999 9999 9999 9999
MO01508 20191207 1200 0000 0149 9999 9999 9999 9999 9999
MO01508 20191207 1500 0000 0126 9999 9999 9999 9999 9999
MO01508 20191207 1800 0000 0107 9999 9999 9999 0154 9999
MO01508 20191207 2100 0000 0062 9999 9999 9999 9999 9999
MO01509 20191207 0000 0000 0076 9999 9999 9999 9999 9999
MO01509 20191207 0300 0000 0069 9999 9999 9999 9999 9999
MO01509 20191207 0600 0000 0069 9999 9999 9999 0058 9999
MO01509 20191207 0900 0000 0115 9999 9999 9999 9999 9999
MO01509 20191207 1200 0000 0138 9999 9999 9999 9999 9999
MO01509 20191207 1500 0000 0113 9999 9999 9999 9999 9999
MO01509 20191207 1800 0000 0073 9999 9999 9999 0140 9999
MO01509 20191207 2100 0000 0068 9999 9999 9999 9999 9999
MO01510 20191207 0000 0000 0079 9999 9999 9999 9999 9999
MO01510 20191207 0300 0002 0075 9999 9999 9999 9999 9999
MO01510 20191207 0600 0000 0069 9999 9999 9999 0069 9999
MO01510 20191207 0900 0000 0112 9999 9999 9999 9999 9999
MO01510 20191207 1200 0000 0142 9999 9999 9999 9999 9999
MO01510 20191207 1500 0000 0113 9999 9999 9999 9999 9999
MO01510 20191207 1800 0000 0081 9999 9999 9999 0148 9999
MO01510 20191207 2100 0000 0077 9999 9999 9999 9999 9999
MO01506 20191208 0000 0000 0018 9999 9999 9999 9999 9999
MO01506 20191208 0300 0000 0000 9999 9999 9999 9999 9999
MO01506 20191208 0600 0000 -006 9999 9999 9999 -006 9999
MO01506 20191208 0900 0000 0014 9999 9999 9999 9999 9999
MO01506 20191208 1200 0000 0133 9999 9999 9999 9999 9999
MO01506 20191208 1500 0000 0107 9999 9999 9999 9999 9999
MO01506 20191208 1800 0000 0049 9999 9999 9999 0133 9999
MO01506 20191208 2100 0000 0018 9999 9999 9999 9999 9999
MO01507 20191208 0000 0000 9999 9999 9999 9999 9999 9999
MO01507 20191208 0300 0000 9999 9999 9999 9999 9999 9999
MO01507 20191208 0600 0000 9999 9999 9999 9999 9999 9999
MO01507 20191208 0900 0000 9999 9999 9999 9999 9999 9999
MO01507 20191208 1200 0000 9999 9999 9999 9999 9999 9999
MO01507 20191208 1500 0000 9999 9999 9999 9999 9999 9999
MO01507 20191208 1800 0000 9999 9999 9999 9999 9999 9999
MO01507 20191208 2100 0000 9999 9999 9999 9999 9999 9999
MO01508 20191208 0000 0000 0052 9999 9999 9999 9999 9999
MO01508 20191208 0300 0000 0024 9999 9999 9999 9999 9999
MO01508 20191208 0600 0000 0012 9999 9999 9999 0012 9999
MO01508 20191208 0900 0000 0094 9999 9999 9999 9999 9999
MO01508 20191208 1200 0000 0149 9999 9999 9999 9999 9999
MO01508 20191208 1500 0000 0134 9999 9999 9999 9999 9999
MO01508 20191208 1800 0000 0059 9999 9999 9999 0150 9999
MO01508 20191208 2100 0000 0033 9999 9999 9999 9999 9999
MO01509 20191208 0000 0000 0063 9999 9999 9999 9999 9999
MO01509 20191208 0300 0000 0038 9999 9999 9999 9999 9999
MO01509 20191208 0600 0000 0026 9999 9999 9999 0026 9999
MO01509 20191208 0900 0000 0084 9999 9999 9999 9999 9999
MO01509 20191208 1200 0000 0137 9999 9999 9999 9999 9999
MO01509 20191208 1500 0000 0112 9999 9999 9999 9999 9999
MO01509 20191208 1800 0000 0059 9999 9999 9999 0141 9999
MO01509 20191208 2100 0000 0055 9999 9999 9999 9999 9999
MO01510 20191208 0000 0002 0078 9999 9999 9999 9999 9999
MO01510 20191208 0300 0000 0073 9999 9999 9999 9999 9999
MO01510 20191208 0600 0000 0071 9999 9999 9999 0070 9999
MO01510 20191208 0900 0002 0121 9999 9999 9999 9999 9999
MO01510 20191208 1200 0000 0144 9999 9999 9999 9999 9999
MO01510 20191208 1500 0000 0106 9999 9999 9999 9999 9999
MO01510 20191208 1800 0000 0082 9999 9999 9999 0144 9999
MO01510 20191208 2100 0000 0074 9999 9999 9999 9999 9999
MO01506 20191209 0000 0000 0029 9999 9999 9999 9999 9999
MO01506 20191209 0300 0000 0007 9999 9999 9999 9999 9999
MO01506 20191209 0600 0000 0000 9999 9999 9999 -005 9999
MO01506 20191209 0900 0000 0073 9999 9999 9999 9999 9999
MO01506 20191209 1200 0000 0129 9999 9999 9999 9999 9999
MO01506 20191209 1500 0000 0103 9999 9999 9999 9999 9999
MO01506 20191209 1800 0000 0061 9999 9999 9999 0129 9999
MO01506 20191209 2100 0000 0035 9999 9999 9999 9999 9999
MO01507 20191209 0000 0000 9999 9999 9999 9999 9999 9999
MO01507 20191209 0300 0000 9999 9999 9999 9999 9999 9999
MO01507 20191209 0600 0000 9999 9999 9999 9999 9999 9999
MO01507 20191209 0900 0004 9999 9999 9999 9999 9999 9999
MO01507 20191209 1200 0002 9999 9999 9999 9999 9999 9999
MO01507 20191209 1500 0000 9999 9999 9999 9999 9999 9999
MO01507 20191209 1800 0000 9999 9999 9999 9999 9999 9999
MO01507 20191209 2100 0000 9999 9999 9999 9999 9999 9999
MO01508 20191209 0000 0000 0058 9999 9999 9999 9999 9999
MO01508 20191209 0300 0000 0083 9999 9999 9999 9999 9999
MO01508 20191209 0600 0000 0057 9999 9999 9999 0031 9999
MO01508 20191209 0900 0000 0091 9999 9999 9999 9999 9999
MO01508 20191209 1200 0002 0129 9999 9999 9999 9999 9999
MO01508 20191209 1500 0000 0107 9999 9999 9999 9999 9999
MO01508 20191209 1800 0000 0095 9999 9999 9999 0131 9999
MO01508 20191209 2100 0000 0089 9999 9999 9999 9999 9999
MO01509 20191209 0000 0000 0046 9999 9999 9999 9999 9999
MO01509 20191209 0300 0000 0045 9999 9999 9999 9999 9999
MO01509 20191209 0600 0000 0041 9999 9999 9999 0038 9999
MO01509 20191209 0900 0000 0084 9999 9999 9999 9999 9999
MO01509 20191209 1200 0000 0127 9999 9999 9999 9999 9999
MO01509 20191209 1500 0000 0097 9999 9999 9999 9999 9999
MO01509 20191209 1800 0000 0081 9999 9999 9999 0127 9999
MO01509 20191209 2100 0002 0064 9999 9999 9999 9999 9999
MO01510 20191209 0000 0000 0079 9999 9999 9999 9999 9999
MO01510 20191209 0300 0000 0065 9999 9999 9999 9999 9999
MO01510 20191209 0600 0000 0069 9999 9999 9999 0063 9999
MO01510 20191209 0900 0000 0088 9999 9999 9999 9999 9999
MO01510 20191209 1200 0002 0126 9999 9999 9999 9999 9999
MO01510 20191209 1500 0000 0087 9999 9999 9999 9999 9999
MO01510 20191209 1800 0000 0083 9999 9999 9999 0126 9999
MO01510 20191209 2100 0000 0072 9999 9999 9999 9999 9999
MO01506 20191210 0000 0000 0012 9999 9999 9999 9999 9999
MO01506 20191210 0300 0000 -009 9999 9999 9999 9999 9999
MO01506 20191210 0600 0000 0001 9999 9999 9999 -009 9999
MO01506 20191210 0900 0000 0060 9999 9999 9999 9999 9999
MO01506 20191210 1200 0000 0056 9999 9999 9999 9999 9999
MO01506 20191210 1500 0006 0047 9999 9999 9999 9999 9999
MO01506 20191210 1800 0012 0045 9999 9999 9999 0067 9999
MO01506 20191210 2100 0002 0040 9999 9999 9999 9999 9999
MO01507 20191210 0000 0000 9999 9999 9999 9999 9999 9999
MO01507 20191210 0300 0000 9999 9999 9999 9999 9999 9999
MO01507 20191210 0600 0000 9999 9999 9999 9999 9999 9999
MO01507 20191210 0900 0000 9999 9999 9999 9999 9999 9999
MO01507 20191210 1200 0000 9999 9999 9999 9999 9999 9999
MO01507 20191210 1500 0000 9999 9999 9999 9999 9999 9999
MO01507 20191210 1800 0000 9999 9999 9999 9999 9999 9999
MO01507 20191210 2100 0000 9999 9999 9999 9999 9999 9999
MO01508 20191210 0000 0000 0064 9999 9999 9999 9999 9999
MO01508 20191210 0300 0000 0034 9999 9999 9999 9999 9999
MO01508 20191210 0600 0000 0048 9999 9999 9999 0023 9999
MO01508 20191210 0900 0000 0099 9999 9999 9999 9999 9999
MO01508 20191210 1200 0000 0099 9999 9999 9999 9999 9999
MO01508 20191210 1500 0034 0058 9999 9999 9999 9999 9999
MO01508 20191210 1800 0046 0077 9999 9999 9999 0103 9999
MO01508 20191210 2100 0000 0080 9999 9999 9999 9999 9999
MO01509 20191210 0000 0000 0045 9999 9999 9999 9999 9999
MO01509 20191210 0300 0000 0035 9999 9999 9999 9999 9999
MO01509 20191210 0600 0000 0041 9999 9999 9999 0024 9999
MO01509 20191210 0900 0000 0100 9999 9999 9999 9999 9999
MO01509 20191210 1200 0000 0097 9999 9999 9999 9999 9999
MO01509 20191210 1500 0028 0067 9999 9999 9999 9999 9999
MO01509 20191210 1800 0026 0067 9999 9999 9999 0118 9999
MO01509 20191210 2100 0000 0058 9999 9999 9999 9999 9999
MO01510 20191210 0000 0000 0059 9999 9999 9999 9999 9999
MO01510 20191210 0300 0000 0061 9999 9999 9999 9999 9999
MO01510 20191210 0600 0000 0072 9999 9999 9999 0051 9999
MO01510 20191210 0900 0000 0092 9999 9999 9999 9999 9999
MO01510 20191210 1200 0000 0089 9999 9999 9999 9999 9999
MO01510 20191210 1500 0000 0064 9999 9999 9999 9999 9999
MO01510 20191210 1800 0002 0067 9999 9999 9999 0095 9999
MO01510 20191210 2100 0000 0060 9999 9999 9999 9999 9999
MO01506 20191211 0000 0000 0032 9999 9999 9999 9999 9999
MO01506 20191211 0300 0000 0010 9999 9999 9999 9999 9999
MO01506 20191211 0600 0000 -007 9999 9999 9999 -007 9999
MO01506 20191211 0900 0002 0042 9999 9999 9999 9999 9999
MO01506 20191211 1200 0000 0061 9999 9999 9999 9999 9999
MO01506 20191211 1500 0000 0041 9999 9999 9999 9999 9999
MO01506 20191211 1800 0000 -014 9999 9999 9999 0062 9999
MO01506 20191211 2100 0000 -020 9999 9999 9999 9999 9999
MO01507 20191211 0000 0000 9999 9999 9999 9999 9999 9999
MO01507 20191211 0300 0000 9999 9999 9999 9999 9999 9999
MO01507 20191211 0600 0000 9999 9999 9999 9999 9999 9999
MO01507 20191211 0900 0000 9999 9999 9999 9999 9999 9999
MO01507 20191211 1200 0000 9999 9999 9999 9999 9999 9999
MO01507 20191211 1500 0000 9999 9999 9999 9999 9999 9999
MO01507 20191211 1800 0000 9999 9999 9999 9999 9999 9999
MO01507 20191211 2100 0000 9999 9999 9999 9999 9999 9999
MO01508 20191211 0000 0000 0068 9999 9999 9999 9999 9999
MO01508 20191211 0300 0000 0051 9999 9999 9999 9999 9999
MO01508 20191211 0600 0000 0033 9999 9999 9999 0023 9999
MO01508 20191211 0900 0000 0084 9999 9999 9999 9999 9999
MO01508 20191211 1200 0000 0101 9999 9999 9999 9999 9999
MO01508 20191211 1500 0000 0085 9999 9999 9999 9999 9999
MO01508 20191211 1800 0000 0016 9999 9999 9999 0108 9999
MO01508 20191211 2100 0000 -012 9999 9999 9999 9999 9999
MO01509 20191211 0000 0000 0032 9999 9999 9999 9999 9999
MO01509 20191211 0300 0000 0037 9999 9999 9999 9999 9999
MO01509 20191211 0600 0000 0025 9999 9999 9999 0020 9999
MO01509 20191211 0900 0000 0072 9999 9999 9999 9999 9999
MO01509 20191211 1200 0000 0097 9999 9999 9999 9999 9999
MO01509 20191211 1500 0000 0057 9999 9999 9999 9999 9999
MO01509 20191211 1800 0000 0009 9999 9999 9999 0097 9999
MO01509 20191211 2100 0000 -007 9999 9999 9999 9999 9999
MO01510 20191211 0000 0000 0048 9999 9999 9999 9999 9999
MO01510 20191211 0300 0000 0035 9999 9999 9999 9999 9999
MO01510 20191211 0600 0000 0041 9999 9999 9999 0035 9999
MO01510 20191211 0900 0000 0070 9999 9999 9999 9999 9999
MO01510 20191211 1200 0000 0096 9999 9999 9999 9999 9999
MO01510 20191211 1500 0000 0076 9999 9999 9999 9999 9999
MO01510 20191211 1800 0000 0042 9999 9999 9999 0096 9999
MO01510 20191211 2100 0000 0025 9999 9999 9999 9999 9999
MO01506 20191212 0000 0000 -033 9999 9999 9999 9999 9999
MO01506 20191212 0300 0000 -040 9999 9999 9999 9999 9999
MO01506 20191212 0600 0000 -037 9999 9999 9999 -040 9999
MO01506 20191212 0900 0000 0003 9999 9999 9999 9999 9999
MO01506 20191212 1200 0000 0068 9999 9999 9999 9999 9999
MO01506 20191212 1500 0000 0050 9999 9999 9999 9999 9999
MO01506 20191212 1800 0000 -005 9999 9999 9999 0072 9999
MO01506 20191212 2100 0000 -007 9999 9999 9999 9999 9999
MO01507 20191212 0000 0000 9999 9999 9999 9999 9999 9999
MO01507 20191212 0300 0000 9999 9999 9999 9999 9999 9999
MO01507 20191212 0600 0000 9999 9999 9999 9999 9999 9999
MO01507 20191212 0900 0000 9999 9999 9999 9999 9999 9999
MO01507 20191212 1200 0000 9999 9999 9999 9999 9999 9999
MO01507 20191212 1500 0000 9999 9999 9999 9999 9999 9999
MO01507 20191212 1800 0000 9999 9999 9999 9999 9999 9999
MO01507 20191212 2100 0000 9999 9999 9999 9999 9999 9999
MO01508 20191212 0000 0000 -025 9999 9999 9999 9999 9999
MO01508 20191212 0300 0000 -024 9999 9999 9999 9999 9999
MO01508 20191212 0600 0000 -012 9999 9999 9999 -033 9999
MO01508 20191212 0900 0002 0030 9999 9999 9999 9999 9999
MO01508 20191212 1200 0000 0087 9999 9999 9999 9999 9999
MO01508 20191212 1500 0000 0090 9999 9999 9999 9999 9999
MO01508 20191212 1800 0000 0005 9999 9999 9999 0106 9999
MO01508 20191212 2100 0000 -015 9999 9999 9999 9999 9999
MO01509 20191212 0000 0000 -016 9999 9999 9999 9999 9999
MO01509 20191212 0300 0000 -018 9999 9999 9999 9999 9999
MO01509 20191212 0600 0000 -015 9999 9999 9999 -019 9999
MO01509 20191212 0900 0002 0024 9999 9999 9999 9999 9999
MO01509 20191212 1200 0000 0082 9999 9999 9999 9999 9999
MO01509 20191212 1500 0000 0062 9999 9999 9999 9999 9999
MO01509 20191212 1800 0000 0007 9999 9999 9999 0083 9999
MO01509 20191212 2100 0000 -003 9999 9999 9999 9999 9999
MO01510 20191212 0000 0000 0015 9999 9999 9999 9999 9999
MO01510 20191212 0300 0000 0027 9999 9999 9999 9999 9999
MO01510 20191212 0600 0000 0026 9999 9999 9999 0012 9999
MO01510 20191212 0900 0000 0057 9999 9999 9999 9999 9999
MO01510 20191212 1200 0000 0075 9999 9999 9999 9999 9999
MO01510 20191212 1500 0000 0070 9999 9999 9999 9999 9999
MO01510 20191212 1800 0000 0037 9999 9999 9999 0089 9999
MO01510 20191212 2100 0000 0029 9999 9999 9999 9999 9999
MO01506 20191213 0000 0000 -021 9999 9999 9999 9999 9999
MO01506 20191213 0300 0000 -037 9999 9999 9999 9999 9999
MO01506 20191213 0600 0000 -031 9999 9999 9999 -037 9999
MO01506 20191213 0900 0000 0027 9999 9999 9999 9999 9999
MO01506 20191213 1200 0008 0058 9999 9999 9999 9999 9999
MO01506 20191213 1500 0040 0065 9999 9999 9999 9999 9999
MO01506 20191213 1800 0094 0045 9999 9999 9999 0071 9999
MO01506 20191213 2100 0008 0039 9999 9999 9999 9999 9999
MO01507 20191213 0000 0000 9999 9999 9999 9999 9999 9999
MO01507 20191213 0300 0000 9999 9999 9999 9999 9999 9999
MO01507 20191213 0600 0000 9999 9999 9999 9999 9999 9999
MO01507 20191213 0900 0008 9999 9999 9999 9999 9999 9999
MO01507 20191213 1200 0060 9999 9999 9999 9999 9999 9999
MO01507 20191213 1500 0102 9999 9999 9999 9999 9999 9999
MO01507 20191213 1800 0104 9999 9999 9999 9999 9999 9999
MO01507 20191213 2100 0004 9999 9999 9999 9999 9999 9999
MO01508 20191213 0000 0000 -021 9999 9999 9999 9999 9999
MO01508 20191213 0300 0000 -017 9999 9999 9999 9999 9999
MO01508 20191213 0600 0000 -017 9999 9999 9999 -029 9999
MO01508 20191213 0900 0008 0044 9999 9999 9999 9999 9999
MO01508 20191213 1200 0042 0073 9999 9999 9999 9999 9999
MO01508 20191213 1500 0056 0088 9999 9999 9999 9999 9999
MO01508 20191213 1800 0108 0077 9999 9999 9999 0099 9999
MO01508 20191213 2100 0004 0034 9999 9999 9999 9999 9999
MO01509 20191213 0000 0000 -010 9999 9999 9999 9999 9999
MO01509 20191213 0300 0000 -017 9999 9999 9999 9999 9999
MO01509 20191213 0600 0000 -016 9999 9999 9999 -019 9999
MO01509 20191213 0900 0010 0027 9999 9999 9999 9999 9999
MO01509 20191213 1200 0056 0072 9999 9999 9999 9999 9999
MO01509 20191213 1500 0046 0084 9999 9999 9999 9999 9999
MO01509 20191213 1800 0116 0063 9999 9999 9999 0088 9999
MO01509 20191213 2100 0020 0030 9999 9999 9999 9999 9999
MO01510 20191213 0000 0000 0027 9999 9999 9999 9999 9999
MO01510 20191213 0300 0000 0020 9999 9999 9999 9999 9999
MO01510 20191213 0600 0000 0018 9999 9999 9999 0016 9999
MO01510 20191213 0900 0008 0044 9999 9999 9999 9999 9999
MO01510 20191213 1200 0056 0062 9999 9999 9999 9999 9999
MO01510 20191213 1500 0056 0081 9999 9999 9999 9999 9999
MO01510 20191213 1800 0126 0057 9999 9999 9999 0081 9999
MO01510 20191213 2100 0008 0038 9999 9999 9999 9999 9999
MO01506 20191214 0000 0000 0050 9999 9999 9999 9999 9999
MO01506 20191214 0300 0002 0046 9999 9999 9999 9999 9999
MO01506 20191214 0600 0000 0037 9999 9999 9999 0037 9999
MO01506 20191214 0900 0000 0041 9999 9999 9999 9999 9999
MO01506 20191214 1200 0000 0097 9999 9999 9999 9999 9999
MO01506 20191214 1500 0000 0098 9999 9999 9999 9999 9999
MO01506 20191214 1800 0000 0033 9999 9999 9999 0118 9999
MO01506 20191214 2100 0000 0018 9999 9999 9999 9999 9999
MO01507 20191214 0000 0000 9999 9999 9999 9999 9999 9999
MO01507 20191214 0300 0000 9999 9999 9999 9999 9999 9999
MO01507 20191214 0600 0000 9999 9999 9999 9999 9999 9999
MO01507 20191214 0900 0000 9999 9999 9999 9999 9999 9999
MO01507 20191214 1200 0000 9999 9999 9999 9999 9999 9999
MO01507 20191214 1500 0000 9999 9999 9999 9999 9999 9999
MO01507 20191214 1800 0000 9999 9999 9999 9999 9999 9999
MO01507 20191214 2100 0000 9999 9999 9999 9999 9999 9999
MO01508 20191214 0000 0000 0030 9999 9999 9999 9999 9999
MO01508 20191214 0300 0000 0023 9999 9999 9999 9999 9999
MO01508 20191214 0600 0000 0036 9999 9999 9999 0016 9999
MO01508 20191214 0900 0000 0095 9999 9999 9999 9999 9999
MO01508 20191214 1200 0000 0140 9999 9999 9999 9999 9999
MO01508 20191214 1500 0000 0116 9999 9999 9999 9999 9999
MO01508 20191214 1800 0000 0010 9999 9999 9999 0140 9999
MO01508 20191214 2100 0000 -008 9999 9999 9999 9999 9999
MO01509 20191214 0000 0002 0040 9999 9999 9999 9999 9999
MO01509 20191214 0300 0000 0043 9999 9999 9999 9999 9999
MO01509 20191214 0600 0000 0052 9999 9999 9999 0020 9999
MO01509 20191214 0900 0000 0087 9999 9999 9999 9999 9999
MO01509 20191214 1200 0000 0132 9999 9999 9999 9999 9999
MO01509 20191214 1500 0000 0089 9999 9999 9999 9999 9999
MO01509 20191214 1800 0000 0021 9999 9999 9999 0132 9999
MO01509 20191214 2100 0000 0017 9999 9999 9999 9999 9999
MO01510 20191214 0000 0000 0058 9999 9999 9999 9999 9999
MO01510 20191214 0300 0000 0061 9999 9999 9999 9999 9999
MO01510 20191214 0600 0000 0073 9999 9999 9999 0034 9999
MO01510 20191214 0900 0000 0099 9999 9999 9999 9999 9999
MO01510 20191214 1200 0000 0135 9999 9999 9999 9999 9999
MO01510 20191214 1500 0000 0103 9999 9999 9999 9999 9999
MO01510 20191214 1800 0000 0075 9999 9999 9999 0135 9999
MO01510 20191214 2100 0000 0064 9999 9999 9999 9999 9999
MO01506 20191215 0000 0000 0009 9999 9999 9999 9999 9999
MO01506 20191215 0300 0000 0000 9999 9999 9999 9999 9999
MO01506 20191215 0600 0000 0011 9999 9999 9999 0000 9999
MO01506 20191215 0900 0000 0084 9999 9999 9999 9999 9999
MO01506 20191215 1200 0000 0119 9999 9999 9999 9999 9999
MO01506 20191215 1500 0000 0113 9999 9999 9999 9999 9999
MO01506 20191215 1800 0000 0087 9999 9999 9999 0125 9999
MO01506 20191215 2100 0000 0080 9999 9999 9999 9999 9999
MO01507 20191215 0000 0000 9999 9999 9999 9999 9999 9999
MO01507 20191215 0300 0000 9999 9999 9999 9999 9999 9999
MO01507 20191215 0600 0000 9999 9999 9999 9999 9999 9999
MO01507 20191215 0900 0000 9999 9999 9999 9999 9999 9999
MO01507 20191215 1200 0000 9999 9999 9999 9999 9999 9999
MO01507 20191215 1500 0000 9999 9999 9999 9999 9999 9999
MO01507 20191215 1800 0000 9999 9999 9999 9999 9999 9999
MO01507 20191215 2100 0000 9999 9999 9999 9999 9999 9999
MO01508 20191215 0000 0000 -007 9999 9999 9999 9999 9999
MO01508 20191215 0300 0000 -014 9999 9999 9999 9999 9999
MO01508 20191215 0600 0000 -013 9999 9999 9999 -014 9999
MO01508 20191215 0900 0002 0058 9999 9999 9999 9999 9999
MO01508 20191215 1200 0000 0141 9999 9999 9999 9999 9999
MO01508 20191215 1500 0000 0129 9999 9999 9999 9999 9999
MO01508 20191215 1800 0000 0118 9999 9999 9999 0152 9999
MO01508 20191215 2100 0000 0103 9999 9999 9999 9999 9999
MO01509 20191215 0000 0000 0014 9999 9999 9999 9999 9999
MO01509 20191215 0300 0000 0007 9999 9999 9999 9999 9999
MO01509 20191215 0600 0000 0015 9999 9999 9999 0003 9999
MO01509 20191215 0900 0000 0070 9999 9999 9999 9999 9999
MO01509 20191215 1200 0000 0123 9999 9999 9999 9999 9999
MO01509 20191215 1500 0000 0120 9999 9999 9999 9999 9999
MO01509 20191215 1800 0000 0109 9999 9999 9999 0129 9999
MO01509 20191215 2100 0000 0108 9999 9999 9999 9999 9999
MO01510 20191215 0000 0000 0063 9999 9999 9999 9999 9999
MO01510 20191215 0300 0000 0071 9999 9999 9999 9999 9999
MO01510 20191215 0600 0000 0069 9999 9999 9999 0063 9999
MO01510 20191215 0900 0000 0088 9999 9999 9999 9999 9999
MO01510 20191215 1200 0000 0122 9999 9999 9999 9999 9999
MO01510 20191215 1500 0000 0115 9999 9999 9999 9999 9999
MO01510 20191215 1800 0000 0109 9999 9999 9999 0138 9999
MO01510 20191215 2100 0000 0100 9999 9999 9999 9999 9999
MO01506 20191216 0000 0000 0061 9999 9999 9999 9999 9999
MO01506 20191216 0300 0000 0054 9999 9999 9999 9999 9999
MO01506 20191216 0600 0000 0062 9999 9999 9999 0053 9999
MO01506 20191216 0900 0000 0094 9999 9999 9999 9999 9999
MO01506 20191216 1200 0000 0137 9999 9999 9999 9999 9999
MO01506 20191216 1500 0000 0126 9999 9999 9999 9999 9999
MO01506 20191216 1800 0000 0081 9999 9999 9999 0142 9999
MO01506 20191216 2100 0000 0035 9999 9999 9999 9999 9999
MO01507 20191216 0000 0000 9999 9999 9999 9999 9999 9999
MO01507 20191216 0300 0000 9999 9999 9999 9999 9999 9999
MO01507 20191216 0600 0000 9999 9999 9999 9999 9999 9999
MO01507 20191216 0900 0000 9999 9999 9999 9999 9999 9999
MO01507 20191216 1200 0000 9999 9999 9999 9999 9999 9999
MO01507 20191216 1500 0000 9999 9999 9999 9999 9999 9999
MO01507 20191216 1800 0000 9999 9999 9999 9999 9999 9999
MO01507 20191216 2100 0000 9999 9999 9999 9999 9999 9999
MO01508 20191216 0000 0000 0115 9999 9999 9999 9999 9999
MO01508 20191216 0300 0000 0106 9999 9999 9999 9999 9999
MO01508 20191216 0600 0000 0090 9999 9999 9999 0066 9999
MO01508 20191216 0900 0000 0127 9999 9999 9999 9999 9999
MO01508 20191216 1200 0000 0167 9999 9999 9999 9999 9999
MO01508 20191216 1500 0000 0151 9999 9999 9999 9999 9999
MO01508 20191216 1800 0000 0067 9999 9999 9999 0169 9999
MO01508 20191216 2100 0000 0035 9999 9999 9999 9999 9999
MO01509 20191216 0000 0000 0069 9999 9999 9999 9999 9999
MO01509 20191216 0300 0000 0059 9999 9999 9999 9999 9999
MO01509 20191216 0600 0000 0077 9999 9999 9999 0057 9999
MO01509 20191216 0900 0000 0112 9999 9999 9999 9999 9999
MO01509 20191216 1200 0000 0149 9999 9999 9999 9999 9999
MO01509 20191216 1500 0000 0134 9999 9999 9999 9999 9999
MO01509 20191216 1800 0000 0066 9999 9999 9999 0149 9999
MO01509 20191216 2100 0000 0048 9999 9999 9999 9999 9999
MO01510 20191216 0000 0000 0107 9999 9999 9999 9999 9999
MO01510 20191216 0300 0000 0095 9999 9999 9999 9999 9999
MO01510 20191216 0600 0000 0095 9999 9999 9999 0092 9999
MO01510 20191216 0900 0000 0136 9999 9999 9999 9999 9999
MO01510 20191216 1200 0000 0148 9999 9999 9999 9999 9999
MO01510 20191216 1500 0000 0135 9999 9999 9999 9999 9999
MO01510 20191216 1800 0000 0105 9999 9999 9999 0148 9999
MO01510 20191216 2100 0000 0107 9999 9999 9999 9999 9999
MO01506 20191217 0000 0000 0027 9999 9999 9999 9999 9999
MO01506 20191217 0300 0000 0023 9999 9999 9999 9999 9999
MO01506 20191217 0600 0000 0010 9999 9999 9999 0010 9999
MO01506 20191217 0900 0000 0041 9999 9999 9999 9999 9999
MO01506 20191217 1200 0000 0156 9999 9999 9999 9999 9999
MO01506 20191217 1500 0000 0112 9999 9999 9999 9999 9999
MO01506 20191217 1800 0000 0049 9999 9999 9999 0156 9999
MO01506 20191217 2100 0000 0039 9999 9999 9999 9999 9999
MO01507 20191217 0000 0000 9999 9999 9999 9999 9999 9999
MO01507 20191217 0300 0000 9999 9999 9999 9999 9999 9999
MO01507 20191217 0600 0000 9999 9999 9999 9999 9999 9999
MO01507 20191217 0900 0000 9999 9999 9999 9999 9999 9999
MO01507 20191217 1200 0000 9999 9999 9999 9999 9999 9999
MO01507 20191217 1500 0000 9999 9999 9999 9999 9999 9999
MO01507 20191217 1800 0000 9999 9999 9999 9999 9999 9999
MO01507 20191217 2100 0000 9999 9999 9999 9999 9999 9999
MO01508 20191217 0000 0000 0032 9999 9999 9999 9999 9999
MO01508 20191217 0300 0000 0026 9999 9999 9999 9999 9999
MO01508 20191217 0600 0002 0019 9999 9999 9999 0019 9999
MO01508 20191217 0900 0000 0128 9999 9999 9999 9999 9999
MO01508 20191217 1200 0000 0177 9999 9999 9999 9999 9999
MO01508 20191217 1500 0000 0136 9999 9999 9999 9999 9999
MO01508 20191217 1800 0000 0056 9999 9999 9999 0177 9999
MO01508 20191217 2100 0000 0056 9999 9999 9999 9999 9999
MO01509 20191217 0000 0000 0041 9999 9999 9999 9999 9999
MO01509 20191217 0300 0000 0043 9999 9999 9999 9999 9999
MO01509 20191217 0600 0000 0042 9999 9999 9999 0040 9999
MO01509 20191217 0900 0000 0119 9999 9999 9999 9999 9999
MO01509 20191217 1200 0000 0167 9999 9999 9999 9999 9999
MO01509 20191217 1500 0000 0110 9999 9999 9999 9999 9999
MO01509 20191217 1800 0000 0061 9999 9999 9999 0167 9999
MO01509 20191217 2100 0000 0063 9999 9999 9999 9999 9999
MO01510 20191217 0000 0000 0130 9999 9999 9999 9999 9999
MO01510 20191217 0300 0000 0101 9999 9999 9999 9999 9999
MO01510 20191217 0600 0000 0108 9999 9999 9999 0100 9999
MO01510 20191217 0900 0000 0156 9999 9999 9999 9999 9999
MO01510 20191217 1200 0000 0172 9999 9999 9999 9999 9999
MO01510 20191217 1500 0000 0132 9999 9999 9999 9999 9999
MO01510 20191217 1800 0000 0105 9999 9999 9999 0172 9999
MO01510 20191217 2100 0000 0105 9999 9999 9999 9999 9999
MO01506 20191218 0000 0000 0035 9999 9999 9999 9999 9999
MO01506 20191218 0300 0000 0036 9999 9999 9999 9999 9999
MO01506 20191218 0600 0000 0044 9999 9999 9999 0029 9999
MO01506 20191218 0900 0000 0081 9999 9999 9999 9999 9999
MO01506 20191218 1200 0000 0124 9999 9999 9999 9999 9999
MO01506 20191218 1500 0000 0109 9999 9999 9999 9999 9999
MO01506 20191218 1800 0000 0069 9999 9999 9999 0124 9999
MO01506 20191218 2100 0000 0059 9999 9999 9999 9999 9999
MO01507 20191218 0000 0000 9999 9999 9999 9999 9999 9999
MO01507 20191218 0300 0000 9999 9999 9999 9999 9999 9999
MO01507 20191218 0600 0000 9999 9999 9999 9999 9999 9999
MO01507 20191218 0900 0000 9999 9999 9999 9999 9999 9999
MO01507 20191218 1200 0000 9999 9999 9999 9999 9999 9999
MO01507 20191218 1500 0000 9999 9999 9999 9999 9999 9999
MO01507 20191218 1800 0000 9999 9999 9999 9999 9999 9999
MO01507 20191218 2100 0000 9999 9999 9999 9999 9999 9999
MO01508 20191218 0000 0000 0066 9999 9999 9999 9999 9999
MO01508 20191218 0300 0000 0062 9999 9999 9999 9999 9999
MO01508 20191218 0600 0000 0068 9999 9999 9999 0056 9999
MO01508 20191218 0900 0000 0105 9999 9999 9999 9999 9999
MO01508 20191218 1200 0000 0150 9999 9999 9999 9999 9999
MO01508 20191218 1500 0000 0133 9999 9999 9999 9999 9999
MO01508 20191218 1800 0000 0087 9999 9999 9999 0151 9999
MO01508 20191218 2100 0000 0084 9999 9999 9999 9999 9999
MO01509 20191218 0000 0000 0070 9999 9999 9999 9999 9999
MO01509 20191218 0300 0000 0074 9999 9999 9999 9999 9999
MO01509 20191218 0600 0000 0088 9999 9999 9999 0060 9999
MO01509 20191218 0900 0000 0113 9999 9999 9999 9999 9999
MO01509 20191218 1200 0000 0147 9999 9999 9999 9999 9999
MO01509 20191218 1500 0000 0126 9999 9999 9999 9999 9999
MO01509 20191218 1800 0000 0093 9999 9999 9999 0147 9999
MO01509 20191218 2100 0000 0094 9999 9999 9999 9999 9999
MO01510 20191218 0000 0000 0116 9999 9999 9999 9999 9999
MO01510 20191218 0300 0000 0116 9999 9999 9999 9999 9999
MO01510 20191218 0600 0000 0115 9999 9999 9999 0098 9999
MO01510 20191218 0900 0000 0130 9999 9999 9999 9999 9999
MO01510 20191218 1200 0000 0144 9999 9999 9999 9999 9999
MO01510 20191218 1500 0000 0130 9999 9999 9999 9999 9999
MO01510 20191218 1800 0000 0123 9999 9999 9999 0144 9999
MO01510 20191218 2100 0000 0124 9999 9999 9999 9999 9999
MO01506 20191219 0000 0000 0040 9999 9999 9999 9999 9999
MO01506 20191219 0300 0000 0042 9999 9999 9999 9999 9999
MO01506 20191219 0600 0000 0043 9999 9999 9999 0039 9999
MO01506 20191219 0900 0006 0056 9999 9999 9999 9999 9999
MO01506 20191219 1200 0054 0074 9999 9999 9999 9999 9999
MO01506 20191219 1500 0106 0055 9999 9999 9999 9999 9999
MO01506 20191219 1800 0046 0040 9999 9999 9999 0075 9999
MO01506 20191219 2100 0026 0037 9999 9999 9999 9999 9999
MO01507 20191219 0000 0000 9999 9999 9999 9999 9999 9999
MO01507 20191219 0300 0000 9999 9999 9999 9999 9999 9999
MO01507 20191219 0600 0000 9999 9999 9999 9999 9999 9999
MO01507 20191219 0900 0024 9999 9999 9999 9999 9999 9999
MO01507 20191219 1200 0148 9999 9999 9999 9999 9999 9999
MO01507 20191219 1500 0084 9999 9999 9999 9999 9999 9999
MO01507 20191219 1800 0002 9999 9999 9999 9999 9999 9999
MO01507 20191219 2100 0064 9999 9999 9999 9999 9999 9999
MO01508 20191219 0000 0000 0084 9999 9999 9999 9999 9999
MO01508 20191219 0300 0000 0074 9999 9999 9999 9999 9999
MO01508 20191219 0600 0000 0087 9999 9999 9999 0074 9999
MO01508 20191219 0900 0032 0093 9999 9999 9999 9999 9999
MO01508 20191219 1200 0102 0089 9999 9999 9999 9999 9999
MO01508 20191219 1500 0130 0079 9999 9999 9999 9999 9999
MO01508 20191219 1800 0036 0057 9999 9999 9999 0095 9999
MO01508 20191219 2100 0028 0066 9999 9999 9999 9999 9999
MO01509 20191219 0000 0000 0089 9999 9999 9999 9999 9999
MO01509 20191219 0300 0000 0080 9999 9999 9999 9999 9999
MO01509 20191219 0600 0000 0088 9999 9999 9999 0079 9999
MO01509 20191219 0900 0042 0092 9999 9999 9999 9999 9999
MO01509 20191219 1200 0096 0087 9999 9999 9999 9999 9999
MO01509 20191219 1500 0102 0074 9999 9999 9999 9999 9999
MO01509 20191219 1800 0016 0055 9999 9999 9999 0093 9999
MO01509 20191219 2100 0026 0060 9999 9999 9999 9999 9999
MO01510 20191219 0000 0000 0111 9999 9999 9999 9999 9999
MO01510 20191219 0300 0000 0105 9999 9999 9999 9999 9999
MO01510 20191219 0600 0000 0114 9999 9999 9999 0105 9999
MO01510 20191219 0900 0030 0096 9999 9999 9999 9999 9999
MO01510 20191219 1200 0110 0080 9999 9999 9999 9999 9999
MO01510 20191219 1500 0082 0080 9999 9999 9999 9999 9999
MO01510 20191219 1800 0004 0070 9999 9999 9999 0099 9999
MO01510 20191219 2100 0046 0066 9999 9999 9999 9999 9999
MO01506 20191220 0000 0026 0044 9999 9999 9999 9999 9999
MO01506 20191220 0300 0002 0037 9999 9999 9999 9999 9999
MO01506 20191220 0600 0000 0019 9999 9999 9999 0019 9999
MO01506 20191220 0900 0000 0048 9999 9999 9999 9999 9999
MO01506 20191220 1200 0000 0103 9999 9999 9999 9999 9999
MO01506 20191220 1500 0000 0093 9999 9999 9999 9999 9999
MO01506 20191220 1800 0000 0095 9999 9999 9999 0103 9999
MO01506 20191220 2100 0000 0109 9999 9999 9999 9999 9999
MO01507 20191220 0000 0036 9999 9999 9999 9999 9999 9999
MO01507 20191220 0300 0010 9999 9999 9999 9999 9999 9999
MO01507 20191220 0600 0000 9999 9999 9999 9999 9999 9999
MO01507 20191220 0900 0000 9999 9999 9999 9999 9999 9999
MO01507 20191220 1200 0000 9999 9999 9999 9999 9999 9999
MO01507 20191220 1500 0000 9999 9999 9999 9999 9999 9999
MO01507 20191220 1800 0000 9999 9999 9999 9999 9999 9999
MO01507 20191220 2100 0000 9999 9999 9999 9999 9999 9999
MO01508 20191220 0000 0030 0067 9999 9999 9999 9999 9999
MO01508 20191220 0300 0008 0056 9999 9999 9999 9999 9999
MO01508 20191220 0600 0000 0033 9999 9999 9999 0033 9999
MO01508 20191220 0900 0000 0093 9999 9999 9999 9999 9999
MO01508 20191220 1200 0002 0119 9999 9999 9999 9999 9999
MO01508 20191220 1500 0000 0110 9999 9999 9999 9999 9999
MO01508 20191220 1800 0000 0109 9999 9999 9999 0119 9999
MO01508 20191220 2100 0000 0128 9999 9999 9999 9999 9999
MO01509 20191220 0000 0024 0065 9999 9999 9999 9999 9999
MO01509 20191220 0300 0002 0058 9999 9999 9999 9999 9999
MO01509 20191220 0600 0000 0032 9999 9999 9999 0032 9999
MO01509 20191220 0900 0000 0076 9999 9999 9999 9999 9999
MO01509 20191220 1200 0000 0114 9999 9999 9999 9999 9999
MO01509 20191220 1500 0000 0101 9999 9999 9999 9999 9999
MO01509 20191220 1800 0000 0106 9999 9999 9999 0114 9999
MO01509 20191220 2100 0000 0114 9999 9999 9999 9999 9999
MO01510 20191220 0000 0028 0064 9999 9999 9999 9999 9999
MO01510 20191220 0300 0002 0066 9999 9999 9999 9999 9999
MO01510 20191220 0600 0000 0054 9999 9999 9999 0054 9999
MO01510 20191220 0900 0000 0097 9999 9999 9999 9999 9999
MO01510 20191220 1200 0002 0110 9999 9999 9999 9999 9999
MO01510 20191220 1500 0000 0094 9999 9999 9999 9999 9999
MO01510 20191220 1800 0000 0096 9999 9999 9999 0114 9999
MO01510 20191220 2100 0000 0105 9999 9999 9999 9999 9999
MO01506 20191221 0000 0000 0105 9999 9999 9999 9999 9999
MO01506 20191221 0300 0000 0097 9999 9999 9999 9999 9999
MO01506 20191221 0600 0006 0101 9999 9999 9999 0096 9999
MO01506 20191221 0900 0040 0109 9999 9999 9999 9999 9999
MO01506 20191221 1200 0074 0115 9999 9999 9999 9999 9999
MO01506 20191221 1500 0020 0112 9999 9999 9999 9999 9999
MO01506 20191221 1800 0000 0123 9999 9999 9999 0123 9999
MO01506 20191221 2100 0000 0107 9999 9999 9999 9999 9999
MO01507 20191221 0000 0000 9999 9999 9999 9999 9999 9999
MO01507 20191221 0300 0044 9999 9999 9999 9999 9999 9999
MO01507 20191221 0600 0088 9999 9999 9999 9999 9999 9999
MO01507 20191221 0900 0146 9999 9999 9999 9999 9999 9999
MO01507 20191221 1200 0110 9999 9999 9999 9999 9999 9999
MO01507 20191221 1500 0050 9999 9999 9999 9999 9999 9999
MO01507 20191221 1800 0002 9999 9999 9999 9999 9999 9999
MO01507 20191221 2100 0000 9999 9999 9999 9999 9999 9999
MO01508 20191221 0000 0000 0130 9999 9999 9999 9999 9999
MO01508 20191221 0300 0026 0117 9999 9999 9999 9999 9999
MO01508 20191221 0600 0084 0127 9999 9999 9999 0112 9999
MO01508 20191221 0900 0150 0132 9999 9999 9999 9999 9999
MO01508 20191221 1200 0124 0132 9999 9999 9999 9999 9999
MO01508 20191221 1500 0078 0139 9999 9999 9999 9999 9999
MO01508 20191221 1800 0022 0139 9999 9999 9999 0143 9999
MO01508 20191221 2100 0000 0129 9999 9999 9999 9999 9999
MO01509 20191221 0000 0004 0114 9999 9999 9999 9999 9999
MO01509 20191221 0300 0028 0114 9999 9999 9999 9999 9999
MO01509 20191221 0600 0086 0118 9999 9999 9999 0108 9999
MO01509 20191221 0900 0142 0119 9999 9999 9999 9999 9999
MO01509 20191221 1200 0172 0121 9999 9999 9999 9999 9999
MO01509 20191221 1500 0054 0128 9999 9999 9999 9999 9999
MO01509 20191221 1800 0004 0125 9999 9999 9999 0128 9999
MO01509 20191221 2100 0000 0089 9999 9999 9999 9999 9999
MO01510 20191221 0000 0000 0112 9999 9999 9999 9999 9999
MO01510 20191221 0300 0020 0108 9999 9999 9999 9999 9999
MO01510 20191221 0600 0110 0110 9999 9999 9999 0097 9999
MO01510 20191221 0900 0162 0115 9999 9999 9999 9999 9999
MO01510 20191221 1200 0148 0117 9999 9999 9999 9999 9999
MO01510 20191221 1500 0144 0119 9999 9999 9999 9999 9999
MO01510 20191221 1800 0006 0115 9999 9999 9999 0124 9999
MO01510 20191221 2100 0000 0111 9999 9999 9999 9999 9999
MO01506 20191222 0000 0000 0119 9999 9999 9999 9999 9999
MO01506 20191222 0300 0020 0110 9999 9999 9999 9999 9999
MO01506 20191222 0600 0044 0108 9999 9999 9999 0103 9999
MO01506 20191222 0900 0014 0083 9999 9999 9999 9999 9999
MO01506 20191222 1200 0000 0099 9999 9999 9999 9999 9999
MO01506 20191222 1500 0004 0103 9999 9999 9999 9999 9999
MO01506 20191222 1800 0002 0092 9999 9999 9999 0116 9999
MO01506 20191222 2100 0000 0091 9999 9999 9999 9999 9999
MO01507 20191222 0000 0000 9999 9999 9999 9999 9999 9999
MO01507 20191222 0300 0054 9999 9999 9999 9999 9999 9999
MO01507 20191222 0600 0202 9999 9999 9999 9999 9999 9999
MO01507 20191222 0900 0024 9999 9999 9999 9999 9999 9999
MO01507 20191222 1200 0002 9999 9999 9999 9999 9999 9999
MO01507 20191222 1500 0036 9999 9999 9999 9999 9999 9999
MO01507 20191222 1800 0006 9999 9999 9999 9999 9999 9999
MO01507 20191222 2100 0000 9999 9999 9999 9999 9999 9999
MO01508 20191222 0000 0000 0127 9999 9999 9999 9999 9999
MO01508 20191222 0300 0042 0140 9999 9999 9999 9999 9999
MO01508 20191222 0600 0088 0101 9999 9999 9999 0101 9999
MO01508 20191222 0900 0016 0116 9999 9999 9999 9999 9999
MO01508 20191222 1200 0018 0116 9999 9999 9999 9999 9999
MO01508 20191222 1500 0008 0100 9999 9999 9999 9999 9999
MO01508 20191222 1800 0002 0088 9999 9999 9999 0127 9999
MO01508 20191222 2100 0000 0094 9999 9999 9999 9999 9999
MO01509 20191222 0000 0000 0120 9999 9999 9999 9999 9999
MO01509 20191222 0300 0056 0130 9999 9999 9999 9999 9999
MO01509 20191222 0600 0164 0099 9999 9999 9999 0089 9999
MO01509 20191222 0900 0014 0105 9999 9999 9999 9999 9999
MO01509 20191222 1200 0014 0129 9999 9999 9999 9999 9999
MO01509 20191222 1500 0008 0090 9999 9999 9999 9999 9999
MO01509 20191222 1800 0000 0055 9999 9999 9999 0129 9999
MO01509 20191222 2100 0000 0062 9999 9999 9999 9999 9999
MO01510 20191222 0000 0000 0114 9999 9999 9999 9999 9999
MO01510 20191222 0300 0052 0124 9999 9999 9999 9999 9999
MO01510 20191222 0600 0098 0082 9999 9999 9999 0082 9999
MO01510 20191222 0900 0022 0097 9999 9999 9999 9999 9999
MO01510 20191222 1200 0018 0102 9999 9999 9999 9999 9999
MO01510 20191222 1500 0018 0078 9999 9999 9999 9999 9999
MO01510 20191222 1800 0002 0082 9999 9999 9999 0113 9999
MO01510 20191222 2100 0000 0091 9999 9999 9999 9999 9999
MO01506 20191223 0000 0000 0062 9999 9999 9999 9999 9999
MO01506 20191223 0300 0000 0053 9999 9999 9999 9999 9999
MO01506 20191223 0600 0000 0052 9999 9999 9999 0052 9999
MO01506 20191223 0900 0000 0059 9999 9999 9999 9999 9999
MO01506 20191223 1200 0000 0116 9999 9999 9999 9999 9999
MO01506 20191223 1500 0000 0053 9999 9999 9999 9999 9999
MO01506 20191223 1800 0000 0017 9999 9999 9999 0116 9999
MO01506 20191223 2100 0000 -004 9999 9999 9999 9999 9999
MO01507 20191223 0000 0000 9999 9999 9999 9999 9999 9999
MO01507 20191223 0300 0000 9999 9999 9999 9999 9999 9999
MO01507 20191223 0600 0000 9999 9999 9999 9999 9999 9999
MO01507 20191223 0900 0000 9999 9999 9999 9999 9999 9999
MO01507 20191223 1200 0000 9999 9999 9999 9999 9999 9999
MO01507 20191223 1500 0000 9999 9999 9999 9999 9999 9999
MO01507 20191223 1800 0000 9999 9999 9999 9999 9999 9999
MO01507 20191223 2100 0000 9999 9999 9999 9999 9999 9999
MO01508 20191223 0000 0000 0070 9999 9999 9999 9999 9999
MO01508 20191223 0300 0000 0057 9999 9999 9999 9999 9999
MO01508 20191223 0600 0000 0047 9999 9999 9999 0047 9999
MO01508 20191223 0900 0000 0076 9999 9999 9999 9999 9999
MO01508 20191223 1200 0000 0151 9999 9999 9999 9999 9999
MO01508 20191223 1500 0000 0110 9999 9999 9999 9999 9999
MO01508 20191223 1800 0000 0029 9999 9999 9999 0151 9999
MO01508 20191223 2100 0000 0007 9999 9999 9999 9999 9999
MO01509 20191223 0000 0000 0045 9999 9999 9999 9999 9999
MO01509 20191223 0300 0000 0042 9999 9999 9999 9999 9999
MO01509 20191223 0600 0000 0048 9999 9999 9999 0042 9999
MO01509 20191223 0900 0000 0066 9999 9999 9999 9999 9999
MO01509 20191223 1200 0000 0139 9999 9999 9999 9999 9999
MO01509 20191223 1500 0000 0101 9999 9999 9999 9999 9999
MO01509 20191223 1800 0000 0042 9999 9999 9999 0139 9999
MO01509 20191223 2100 0000 0019 9999 9999 9999 9999 9999
MO01510 20191223 0000 0000 0081 9999 9999 9999 9999 9999
MO01510 20191223 0300 0000 0068 9999 9999 9999 9999 9999
MO01510 20191223 0600 0000 0067 9999 9999 9999 0066 9999
MO01510 20191223 0900 0000 0097 9999 9999 9999 9999 9999
MO01510 20191223 1200 0000 0133 9999 9999 9999 9999 9999
MO01510 20191223 1500 0000 0105 9999 9999 9999 9999 9999
MO01510 20191223 1800 0000 0081 9999 9999 9999 0136 9999
MO01510 20191223 2100 0000 0079 9999 9999 9999 9999 9999
MO01506 20191224 0000 0000 -008 9999 9999 9999 9999 9999
MO01506 20191224 0300 0000 -017 9999 9999 9999 9999 9999
MO01506 20191224 0600 0000 -019 9999 9999 9999 -020 9999
MO01506 20191224 0900 0000 0003 9999 9999 9999 9999 9999
MO01506 20191224 1200 0000 0101 9999 9999 9999 9999 9999
MO01506 20191224 1500 0000 0048 9999 9999 9999 9999 9999
MO01506 20191224 1800 0000 0050 9999 9999 9999 0104 9999
MO01506 20191224 2100 0000 0050 9999 9999 9999 9999 9999
MO01507 20191224 0000 0000 9999 9999 9999 9999 9999 9999
MO01507 20191224 0300 0000 9999 9999 9999 9999 9999 9999
MO01507 20191224 0600 0000 9999 9999 9999 9999 9999 9999
MO01507 20191224 0900 0000 9999 9999 9999 9999 9999 9999
MO01507 20191224 1200 0000 9999 9999 9999 9999 9999 9999
MO01507 20191224 1500 0000 9999 9999 9999 9999 9999 9999
MO01507 20191224 1800 0000 9999 9999 9999 9999 9999 9999
MO01507 20191224 2100 0000 9999 9999 9999 9999 9999 9999
MO01508 20191224 0000 0000 -004 9999 9999 9999 9999 9999
MO01508 20191224 0300 0000 -017 9999 9999 9999 9999 9999
MO01508 20191224 0600 0000 -023 9999 9999 9999 -023 9999
MO01508 20191224 0900 0000 0068 9999 9999 9999 9999 9999
MO01508 20191224 1200 0000 0143 9999 9999 9999 9999 9999
MO01508 20191224 1500 0000 0128 9999 9999 9999 9999 9999
MO01508 20191224 1800 0000 0014 9999 9999 9999 0152 9999
MO01508 20191224 2100 0000 -005 9999 9999 9999 9999 9999
MO01509 20191224 0000 0000 0013 9999 9999 9999 9999 9999
MO01509 20191224 0300 0000 0017 9999 9999 9999 9999 9999
MO01509 20191224 0600 0000 0000 9999 9999 9999 0000 9999
MO01509 20191224 0900 0000 0080 9999 9999 9999 9999 9999
MO01509 20191224 1200 0000 0142 9999 9999 9999 9999 9999
MO01509 20191224 1500 0000 0074 9999 9999 9999 9999 9999
MO01509 20191224 1800 0000 0025 9999 9999 9999 0142 9999
MO01509 20191224 2100 0000 0008 9999 9999 9999 9999 9999
MO01510 20191224 0000 0000 0078 9999 9999 9999 9999 9999
MO01510 20191224 0300 0000 0080 9999 9999 9999 9999 9999
MO01510 20191224 0600 0000 0057 9999 9999 9999 0057 9999
MO01510 20191224 0900 0000 0125 9999 9999 9999 9999 9999
MO01510 20191224 1200 0000 0140 9999 9999 9999 9999 9999
MO01510 20191224 1500 0000 0113 9999 9999 9999 9999 9999
MO01510 20191224 1800 0000 0070 9999 9999 9999 0140 9999
MO01510 20191224 2100 0000 0056 9999 9999 9999 9999 9999
MO01506 20191225 0000 0000 0012 9999 9999 9999 9999 9999
MO01506 20191225 0300 0000 -010 9999 9999 9999 9999 9999
MO01506 20191225 0600 0000 -021 9999 9999 9999 -021 9999
MO01506 20191225 0900 0000 0006 9999 9999 9999 9999 9999
MO01506 20191225 1200 0000 0103 9999 9999 9999 9999 9999
MO01506 20191225 1500 0000 0072 9999 9999 9999 9999 9999
MO01506 20191225 1800 0000 0012 9999 9999 9999 0131 9999
MO01506 20191225 2100 0000 -012 9999 9999 9999 9999 9999
MO01507 20191225 0000 0000 9999 9999 9999 9999 9999 9999
MO01507 20191225 0300 0000 9999 9999 9999 9999 9999 9999
MO01507 20191225 0600 0000 9999 9999 9999 9999 9999 9999
MO01507 20191225 0900 0000 9999 9999 9999 9999 9999 9999
MO01507 20191225 1200 0000 9999 9999 9999 9999 9999 9999
MO01507 20191225 1500 0000 9999 9999 9999 9999 9999 9999
MO01507 20191225 1800 0000 9999 9999 9999 9999 9999 9999
MO01507 20191225 2100 0000 9999 9999 9999 9999 9999 9999
MO01508 20191225 0000 0000 -002 9999 9999 9999 9999 9999
MO01508 20191225 0300 0000 -013 9999 9999 9999 9999 9999
MO01508 20191225 0600 0000 -020 9999 9999 9999 -021 9999
MO01508 20191225 0900 0002 0086 9999 9999 9999 9999 9999
MO01508 20191225 1200 0000 0147 9999 9999 9999 9999 9999
MO01508 20191225 1500 0000 0128 9999 9999 9999 9999 9999
MO01508 20191225 1800 0000 0013 9999 9999 9999 0151 9999
MO01508 20191225 2100 0000 -003 9999 9999 9999 9999 9999
MO01509 20191225 0000 0000 0005 9999 9999 9999 9999 9999
MO01509 20191225 0300 0000 0000 9999 9999 9999 9999 9999
MO01509 20191225 0600 0000 0007 9999 9999 9999 -011 9999
MO01509 20191225 0900 0000 0059 9999 9999 9999 9999 9999
MO01509 20191225 1200 0000 0132 9999 9999 9999 9999 9999
MO01509 20191225 1500 0000 0074 9999 9999 9999 9999 9999
MO01509 20191225 1800 0000 0028 9999 9999 9999 0133 9999
MO01509 20191225 2100 0000 0028 9999 9999 9999 9999 9999
MO01510 20191225 0000 0000 0045 9999 9999 9999 9999 9999
MO01510 20191225 0300 0000 0044 9999 9999 9999 9999 9999
MO01510 20191225 0600 0000 0049 9999 9999 9999 0044 9999
MO01510 20191225 0900 0000 0117 9999 9999 9999 9999 9999
MO01510 20191225 1200 0000 0135 9999 9999 9999 9999 9999
MO01510 20191225 1500 0000 0114 9999 9999 9999 9999 9999
MO01510 20191225 1800 0000 0074 9999 9999 9999 0139 9999
MO01510 20191225 2100 0000 0073 9999 9999 9999 9999 9999
MO01506 20191226 0000 9999 -025 9999 9999 9999 9999 9999
MO01506 20191226 0300 0000 -036 9999 9999 9999 9999 9999
MO01506 20191226 0600 0000 -041 9999 9999 9999 -042 9999
MO01506 20191226 0900 0000 -017 9999 9999 9999 9999 9999
MO01506 20191226 1200 0006 0069 9999 9999 9999 9999 9999
MO01506 20191226 1500 0002 0059 9999 9999 9999 9999 9999
MO01506 20191226 1800 0000 -003 9999 9999 9999 0075 9999
MO01506 20191226 2100 0000 -014 9999 9999 9999 9999 9999
MO01507 20191226 0000 9999 9999 9999 9999 9999 9999 9999
MO01507 20191226 0300 0000 9999 9999 9999 9999 9999 9999
MO01507 20191226 0600 0000 9999 9999 9999 9999 9999 9999
MO01507 20191226 0900 0000 9999 9999 9999 9999 9999 9999
MO01507 20191226 1200 0000 9999 9999 9999 9999 9999 9999
MO01507 20191226 1500 0000 9999 9999 9999 9999 9999 9999
MO01507 20191226 1800 0000 9999 9999 9999 9999 9999 9999
MO01507 20191226 2100 0000 9999 9999 9999 9999 9999 9999
MO01508 20191226 0000 9999 -013 9999 9999 9999 9999 9999
MO01508 20191226 0300 0000 -019 9999 9999 9999 9999 9999
MO01508 20191226 0600 0000 0028 9999 9999 9999 -019 9999
MO01508 20191226 0900 0002 0092 9999 9999 9999 9999 9999
MO01508 20191226 1200 0000 0117 9999 9999 9999 9999 9999
MO01508 20191226 1500 0000 0108 9999 9999 9999 9999 9999
MO01508 20191226 1800 0000 0046 9999 9999 9999 0122 9999
MO01508 20191226 2100 0000 0024 9999 9999 9999 9999 9999
MO01509 20191226 0000 9999 0028 9999 9999 9999 9999 9999
MO01509 20191226 0300 0000 0030 9999 9999 9999 9999 9999
MO01509 20191226 0600 0000 0029 9999 9999 9999 0023 9999
MO01509 20191226 0900 0000 0107 9999 9999 9999 9999 9999
MO01509 20191226 1200 0000 0110 9999 9999 9999 9999 9999
MO01509 20191226 1500 0000 0086 9999 9999 9999 9999 9999
MO01509 20191226 1800 0000 0024 9999 9999 9999 0120 9999
MO01509 20191226 2100 0000 0022 9999 9999 9999 9999 9999
MO01510 20191226 0000 9999 0068 9999 9999 9999 9999 9999
MO01510 20191226 0300 0000 0088 9999 9999 9999 9999 9999
MO01510 20191226 0600 0000 0082 9999 9999 9999 0065 9999
MO01510 20191226 0900 0000 0108 9999 9999 9999 9999 9999
MO01510 20191226 1200 0000 0107 9999 9999 9999 9999 9999
MO01510 20191226 1500 0000 0097 9999 9999 9999 9999 9999
MO01510 20191226 1800 0000 0063 9999 9999 9999 0110 9999
MO01510 20191226 2100 0000 0055 9999 9999 9999 9999 9999
MO01506 20191227 0000 0000 -006 9999 9999 9999 9999 9999
MO01506 20191227 0300 0000 -017 9999 9999 9999 9999 9999
MO01506 20191227 0600 0000 -027 9999 9999 9999 -027 9999
MO01506 20191227 0900 0000 -013 9999 9999 9999 9999 9999
MO01506 20191227 1200 0000 0078 9999 9999 9999 9999 9999
MO01506 20191227 1500 0000 0057 9999 9999 9999 9999 9999
MO01506 20191227 1800 0000 -007 9999 9999 9999 0097 9999
MO01506 20191227 2100 0000 -021 9999 9999 9999 9999 9999
MO01507 20191227 0000 0000 9999 9999 9999 9999 9999 9999
MO01507 20191227 0300 0000 9999 9999 9999 9999 9999 9999
MO01507 20191227 0600 0000 9999 9999 9999 9999 9999 9999
MO01507 20191227 0900 0000 9999 9999 9999 9999 9999 9999
MO01507 20191227 1200 0000 9999 9999 9999 9999 9999 9999
MO01507 20191227 1500 0000 9999 9999 9999 9999 9999 9999
MO01507 20191227 1800 0000 9999 9999 9999 9999 9999 9999
MO01507 20191227 2100 0000 9999 9999 9999 9999 9999 9999
MO01508 20191227 0000 0000 0018 9999 9999 9999 9999 9999
MO01508 20191227 0300 0000 -011 9999 9999 9999 9999 9999
MO01508 20191227 0600 0000 -022 9999 9999 9999 -022 9999
MO01508 20191227 0900 0000 0060 9999 9999 9999 9999 9999
MO01508 20191227 1200 0000 0129 9999 9999 9999 9999 9999
MO01508 20191227 1500 0000 0112 9999 9999 9999 9999 9999
MO01508 20191227 1800 0000 0008 9999 9999 9999 0130 9999
MO01508 20191227 2100 0000 -014 9999 9999 9999 9999 9999
MO01509 20191227 0000 0000 0035 9999 9999 9999 9999 9999
MO01509 20191227 0300 0000 0003 9999 9999 9999 9999 9999
MO01509 20191227 0600 0000 -002 9999 9999 9999 -002 9999
MO01509 20191227 0900 0000 0050 9999 9999 9999 9999 9999
MO01509 20191227 1200 0000 0118 9999 9999 9999 9999 9999
MO01509 20191227 1500 0000 0091 9999 9999 9999 9999 9999
MO01509 20191227 1800 0000 0019 9999 9999 9999 0127 9999
MO01509 20191227 2100 0000 0018 9999 9999 9999 9999 9999
MO01510 20191227 0000 0000 0052 9999 9999 9999 9999 9999
MO01510 20191227 0300 0000 0047 9999 9999 9999 9999 9999
MO01510 20191227 0600 0000 0040 9999 9999 9999 0035 9999
MO01510 20191227 0900 0000 0090 9999 9999 9999 9999 9999
MO01510 20191227 1200 0000 0119 9999 9999 9999 9999 9999
MO01510 20191227 1500 0000 0101 9999 9999 9999 9999 9999
MO01510 20191227 1800 0000 0060 9999 9999 9999 0122 9999
MO01510 20191227 2100 0000 0045 9999 9999 9999 9999 9999
MO01506 20191228 0000 0000 -026 9999 9999 9999 9999 9999
MO01506 20191228 0300 0008 -001 9999 9999 9999 9999 9999
MO01506 20191228 0600 0104 0012 9999 9999 9999 -026 9999
MO01506 20191228 0900 0006 0006 9999 9999 9999 9999 9999
MO01506 20191228 1200 0010 0005 9999 9999 9999 9999 9999
MO01506 20191228 1500 0010 -003 9999 9999 9999 9999 9999
MO01506 20191228 1800 0000 -001 9999 9999 9999 0011 9999
MO01506 20191228 2100 0000 -004 9999 9999 9999 9999 9999
MO01507 20191228 0000 0000 9999 9999 9999 9999 9999 9999
MO01507 20191228 0300 0000 9999 9999 9999 9999 9999 9999
MO01507 20191228 0600 0000 9999 9999 9999 9999 9999 9999
MO01507 20191228 0900 0000 9999 9999 9999 9999 9999 9999
MO01507 20191228 1200 0000 9999 9999 9999 9999 9999 9999
MO01507 20191228 1500 0000 9999 9999 9999 9999 9999 9999
MO01507 20191228 1800 0016 9999 9999 9999 9999 9999 9999
MO01507 20191228 2100 0002 9999 9999 9999 9999 9999 9999
MO01508 20191228 0000 0000 -007 9999 9999 9999 9999 9999
MO01508 20191228 0300 0000 0050 9999 9999 9999 9999 9999
MO01508 20191228 0600 0002 0051 9999 9999 9999 -014 9999
MO01508 20191228 0900 0004 0054 9999 9999 9999 9999 9999
MO01508 20191228 1200 0002 0057 9999 9999 9999 9999 9999
MO01508 20191228 1500 0008 0015 9999 9999 9999 9999 9999
MO01508 20191228 1800 0002 0018 9999 9999 9999 0057 9999
MO01508 20191228 2100 0016 0030 9999 9999 9999 9999 9999
MO01509 20191228 0000 0000 0017 9999 9999 9999 9999 9999
MO01509 20191228 0300 0004 0039 9999 9999 9999 9999 9999
MO01509 20191228 0600 0002 0021 9999 9999 9999 0014 9999
MO01509 20191228 0900 0002 0036 9999 9999 9999 9999 9999
MO01509 20191228 1200 0002 0035 9999 9999 9999 9999 9999
MO01509 20191228 1500 0002 0019 9999 9999 9999 9999 9999
MO01509 20191228 1800 0002 0020 9999 9999 9999 0042 9999
MO01509 20191228 2100 0010 0023 9999 9999 9999 9999 9999
MO01510 20191228 0000 0000 0064 9999 9999 9999 9999 9999
MO01510 20191228 0300 0000 0040 9999 9999 9999 9999 9999
MO01510 20191228 0600 0000 0037 9999 9999 9999 0034 9999
MO01510 20191228 0900 0000 0038 9999 9999 9999 9999 9999
MO01510 20191228 1200 0000 0036 9999 9999 9999 9999 9999
MO01510 20191228 1500 0000 0013 9999 9999 9999 9999 9999
MO01510 20191228 1800 0000 0006 9999 9999 9999 0039 9999
MO01510 20191228 2100 0000 0014 9999 9999 9999 9999 9999
MO01506 20191229 0000 0000 -003 9999 9999 9999 9999 9999
MO01506 20191229 0300 0000 0002 9999 9999 9999 9999 9999
MO01506 20191229 0600 0000 -003 9999 9999 9999 -012 9999
MO01506 20191229 0900 0000 0004 9999 9999 9999 9999 9999
MO01506 20191229 1200 0014 0018 9999 9999 9999 9999 9999
MO01506 20191229 1500 0004 0010 9999 9999 9999 9999 9999
MO01506 20191229 1800 0002 0010 9999 9999 9999 0018 9999
MO01506 20191229 2100 0002 0003 9999 9999 9999 9999 9999
MO01507 20191229 0000 0000 9999 9999 9999 9999 9999 9999
MO01507 20191229 0300 0000 9999 9999 9999 9999 9999 9999
MO01507 20191229 0600 0000 9999 9999 9999 9999 9999 9999
MO01507 20191229 0900 0000 9999 9999 9999 9999 9999 9999
MO01507 20191229 1200 0000 9999 9999 9999 9999 9999 9999
MO01507 20191229 1500 0000 9999 9999 9999 9999 9999 9999
MO01507 20191229 1800 0000 9999 9999 9999 9999 9999 9999
MO01507 20191229 2100 0000 9999 9999 9999 9999 9999 9999
MO01508 20191229 0000 0008 0030 9999 9999 9999 9999 9999
MO01508 20191229 0300 0000 0036 9999 9999 9999 9999 9999
MO01508 20191229 0600 0000 0029 9999 9999 9999 0012 9999
MO01508 20191229 0900 0000 0036 9999 9999 9999 9999 9999
MO01508 20191229 1200 0000 0059 9999 9999 9999 9999 9999
MO01508 20191229 1500 0000 0045 9999 9999 9999 9999 9999
MO01508 20191229 1800 0000 0038 9999 9999 9999 0065 9999
MO01508 20191229 2100 0000 0034 9999 9999 9999 9999 9999
MO01509 20191229 0000 0016 0024 9999 9999 9999 9999 9999
MO01509 20191229 0300 0004 0027 9999 9999 9999 9999 9999
MO01509 20191229 0600 0000 0021 9999 9999 9999 0010 9999
MO01509 20191229 0900 0000 0033 9999 9999 9999 9999 9999
MO01509 20191229 1200 0000 0057 9999 9999 9999 9999 9999
MO01509 20191229 1500 0000 0037 9999 9999 9999 9999 9999
MO01509 20191229 1800 0000 0034 9999 9999 9999 0058 9999
MO01509 20191229 2100 0000 0030 9999 9999 9999 9999 9999
MO01510 20191229 0000 0000 0015 9999 9999 9999 9999 9999
MO01510 20191229 0300 0000 0015 9999 9999 9999 9999 9999
MO01510 20191229 0600 0000 0013 9999 9999 9999 0005 9999
MO01510 20191229 0900 0008 0023 9999 9999 9999 9999 9999
MO01510 20191229 1200 0012 0048 9999 9999 9999 9999 9999
MO01510 20191229 1500 0000 0032 9999 9999 9999 9999 9999
MO01510 20191229 1800 0000 0027 9999 9999 9999 0048 9999
MO01510 20191229 2100 0000 0022 9999 9999 9999 9999 9999
MO01506 20191230 0000 0000 -001 9999 9999 9999 9999 9999
MO01506 20191230 0300 0000 0000 9999 9999 9999 9999 9999
MO01506 20191230 0600 0000 0001 9999 9999 9999 -004 9999
MO01506 20191230 0900 0000 0020 9999 9999 9999 9999 9999
MO01506 20191230 1200 0002 0018 9999 9999 9999 9999 9999
MO01506 20191230 1500 0004 0016 9999 9999 9999 9999 9999
MO01506 20191230 1800 0002 0011 9999 9999 9999 0020 9999
MO01506 20191230 2100 0000 -015 9999 9999 9999 9999 9999
MO01507 20191230 0000 0000 9999 9999 9999 9999 9999 9999
MO01507 20191230 0300 0000 9999 9999 9999 9999 9999 9999
MO01507 20191230 0600 0000 9999 9999 9999 9999 9999 9999
MO01507 20191230 0900 0000 9999 9999 9999 9999 9999 9999
MO01507 20191230 1200 0000 9999 9999 9999 9999 9999 9999
MO01507 20191230 1500 0000 9999 9999 9999 9999 9999 9999
MO01507 20191230 1800 0000 9999 9999 9999 9999 9999 9999
MO01507 20191230 2100 0000 9999 9999 9999 9999 9999 9999
MO01508 20191230 0000 0000 0032 9999 9999 9999 9999 9999
MO01508 20191230 0300 0000 0030 9999 9999 9999 9999 9999
MO01508 20191230 0600 0000 0026 9999 9999 9999 0026 9999
MO01508 20191230 0900 0000 0047 9999 9999 9999 9999 9999
MO01508 20191230 1200 0004 0047 9999 9999 9999 9999 9999
MO01508 20191230 1500 0000 0048 9999 9999 9999 9999 9999
MO01508 20191230 1800 0000 0045 9999 9999 9999 0051 9999
MO01508 20191230 2100 0000 -007 9999 9999 9999 9999 9999
MO01509 20191230 0000 0000 0024 9999 9999 9999 9999 9999
MO01509 20191230 0300 0000 0022 9999 9999 9999 9999 9999
MO01509 20191230 0600 0000 0014 9999 9999 9999 0012 9999
MO01509 20191230 0900 0000 0048 9999 9999 9999 9999 9999
MO01509 20191230 1200 0002 0043 9999 9999 9999 9999 9999
MO01509 20191230 1500 0000 0041 9999 9999 9999 9999 9999
MO01509 20191230 1800 0000 0034 9999 9999 9999 0055 9999
MO01509 20191230 2100 0000 0011 9999 9999 9999 9999 9999
MO01510 20191230 0000 0000 0014 9999 9999 9999 9999 9999
MO01510 20191230 0300 0000 0012 9999 9999 9999 9999 9999
MO01510 20191230 0600 0000 0012 9999 9999 9999 0006 9999
MO01510 20191230 0900 0000 0043 9999 9999 9999 9999 9999
MO01510 20191230 1200 0000 0035 9999 9999 9999 9999 9999
MO01510 20191230 1500 0000 0034 9999 9999 9999 9999 9999
MO01510 20191230 1800 0000 0027 9999 9999 9999 0045 9999
MO01510 20191230 2100 0000 0026 9999 9999 9999 9999 9999
MO01506 20191231 0000 0000 -034 9999 9999 9999 9999 9999
MO01506 20191231 0300 0000 -052 9999 9999 9999 9999 9999
MO01506 20191231 0600 0000 -065 9999 9999 9999 -065 9999
MO01506 20191231 0900 0000 -044 9999 9999 9999 9999 9999
MO01506 20191231 1200 0002 0037 9999 9999 9999 9999 9999
MO01506 20191231 1500 0004 0015 9999 9999 9999 9999 9999
MO01506 20191231 1800 0000 -020 9999 9999 9999 0050 9999
MO01506 20191231 2100 0000 -020 9999 9999 9999 9999 9999
MO01507 20191231 0000 0000 9999 9999 9999 9999 9999 9999
MO01507 20191231 0300 0000 9999 9999 9999 9999 9999 9999
MO01507 20191231 0600 0000 9999 9999 9999 9999 9999 9999
MO01507 20191231 0900 0000 9999 9999 9999 9999 9999 9999
MO01507 20191231 1200 0000 9999 9999 9999 9999 9999 9999
MO01507 20191231 1500 0000 9999 9999 9999 9999 9999 9999
MO01507 20191231 1800 0000 9999 9999 9999 9999 9999 9999
MO01507 20191231 2100 0000 9999 9999 9999 9999 9999 9999
MO01508 20191231 0000 0000 -016 9999 9999 9999 9999 9999
MO01508 20191231 0300 0000 -024 9999 9999 9999 9999 9999
MO01508 20191231 0600 0000 -027 9999 9999 9999 -027 9999
MO01508 20191231 0900 0000 0047 9999 9999 9999 9999 9999
MO01508 20191231 1200 0000 0113 9999 9999 9999 9999 9999
MO01508 20191231 1500 0000 0092 9999 9999 9999 9999 9999
MO01508 20191231 1800 0000 -007 9999 9999 9999 0117 9999
MO01508 20191231 2100 0000 -004 9999 9999 9999 9999 9999
MO01509 20191231 0000 0000 0008 9999 9999 9999 9999 9999
MO01509 20191231 0300 0000 -022 9999 9999 9999 9999 9999
MO01509 20191231 0600 0000 -018 9999 9999 9999 -022 9999
MO01509 20191231 0900 0000 0041 9999 9999 9999 9999 9999
MO01509 20191231 1200 0000 0096 9999 9999 9999 9999 9999
MO01509 20191231 1500 0000 0047 9999 9999 9999 9999 9999
MO01509 20191231 1800 0000 0004 9999 9999 9999 0107 9999
MO01509 20191231 2100 0000 0015 9999 9999 9999 9999 9999
MO01510 20191231 0000 0000 0021 9999 9999 9999 9999 9999
MO01510 20191231 0300 0000 0015 9999 9999 9999 9999 9999
MO01510 20191231 0600 0000 0013 9999 9999 9999 0009 9999
MO01510 20191231 0900 0000 0056 9999 9999 9999 9999 9999
MO01510 20191231 1200 0000 0096 9999 9999 9999 9999 9999
MO01510 20191231 1500 0000 0093 9999 9999 9999 9999 9999
MO01510 20191231 1800 0000 0039 9999 9999 9999 0108 9999
MO01510 20191231 2100 0000 0044 9999 9999 9999 9999 9999
