MA01404 2019113000 0030 0000 0062 0176 0028 0068 0049 9999         
MA01421 2019113000 0030 0000 0055 0113 0002 0054 0042 9999         
MA01427 2019113000 0030 0000 0063 0139 0024 0057 0062 9999         
MA01428 2019113000 0030 0000 0042 0225 0037 0055 0030 9999         
MA01430 2019113000 0030 0000 0040 0224 0030 0057 0029 9999         
MA01440 2019113000 0030 0000 0051 0184 0029 0075 0039 9999         
MA01445 2019113000 0030 0000 0042 0231 0022 0053 0029 9999         
MA01404 2019120100 0030 0001 0095 0198 0075 0088 0076 9999         
MA01421 2019120100 0030 0000 0092 0219 0037 0076 0065 9999         
MA01427 2019120100 0030 0000 0088 0178 0049 0087 0080 9999         
MA01428 2019120100 0030 0000 0070 0219 0196 0083 0052 9999         
MA01430 2019120100 0030 0000 0075 0219 0207 0078 0050 9999         
MA01440 2019120100 0030 0009 0086 0199 0069 0093 0067 9999         
MA01445 2019120100 0030 0001 0076 0227 0200 0077 0044 9999         
MA01404 2019120200 0030 0333 0043 0011 0059 0092 0043 9999         
MA01421 2019120200 0030 0247 0034 0144 0012 0093 0034 9999         
MA01427 2019120200 0030 0289 0068 0035 0015 0078 0068 9999         
MA01428 2019120200 0030 0228 0021 0092 0047 0096 0021 9999         
MA01430 2019120200 0030 0216 0019 0063 0050 0097 0019 9999         
MA01440 2019120200 0030 0666 0021 0032 0045 0078 0021 9999         
MA01445 2019120200 0030 0227 0017 0092 0014 0097 0017 9999         
MA01404 2019120300 0030 0056 0003 0010 0053 0091 0003 9999         
MA01421 2019120300 0030 0062 0007 0202 0026 0068 0007 9999         
MA01427 2019120300 0030 0024 0026 0273 0009 0054 0026 9999         
MA01428 2019120300 0030 0037 -002 0116 0111 0060 -005 9999         
MA01430 2019120300 0030 0042 -004 0105 0105 0062 -005 9999         
MA01440 2019120300 0030 0021 -008 0018 0025 0077 -008 9999         
MA01445 2019120300 0030 0053 -010 0121 0044 0063 -010 9999         
MA01404 2019120400 0030 0000 0020 0076 0038 0088 0003 9999         
MA01421 2019120400 0030 0000 0023 0182 0029 0059 0017 9999         
MA01427 2019120400 0030 0000 0056 0342 0007 0036 0037 9999         
MA01428 2019120400 0030 0000 0036 0150 0085 0039 0013 9999         
MA01430 2019120400 0030 0000 0033 0141 0083 0041 0015 9999         
MA01440 2019120400 0030 0000 0009 0111 0018 0073 0001 9999         
MA01445 2019120400 0030 0000 0018 0158 0059 0050 0008 9999         
MA01404 2019120500 0030 0000 0084 0205 0030 0086 0039 9999         
MA01421 2019120500 0030 0000 0076 0306 0011 0078 0052 9999         
MA01427 2019120500 0030 0000 0091 0166 0017 0074 0089 9999         
MA01428 2019120500 0030 0000 0070 0180 0014 0078 0063 9999         
MA01430 2019120500 0030 0000 0068 0219 0014 0079 0061 9999         
MA01440 2019120500 0030 0000 0074 0208 0023 0082 0035 9999         
MA01445 2019120500 0030 0000 0068 0181 0016 0079 0051 9999         
MA01404 2019120600 0030 0007 0080 0233 0077 0088 0079 9999         
MA01421 2019120600 0030 0004 0080 0295 0013 0063 0069 9999         
MA01427 2019120600 0030 0060 0072 0178 0033 0087 0072 9999         
MA01428 2019120600 0030 0020 0057 0248 0139 0072 0047 9999         
MA01430 2019120600 0030 0013 0060 0261 0143 0069 0051 9999         
MA01440 2019120600 0030 0029 0071 0226 0060 0088 0066 9999         
MA01445 2019120600 0030 0009 0071 0270 0160 0058 0050 9999         
MA01404 2019120700 0030 0000 0072 0239 0033 0086 0071 9999         
MA01421 2019120700 0030 0000 0069 0275 0020 0070 0068 9999         
MA01427 2019120700 0030 0022 0072 0127 0021 0074 0072 9999         
MA01428 2019120700 0030 0004 0049 0267 0051 0076 0048 9999         
MA01430 2019120700 0030 0008 0048 0275 0046 0077 0047 9999         
MA01440 2019120700 0030 0000 0063 0243 0029 0084 0061 9999         
MA01445 2019120700 0030 0001 0052 0277 0032 0074 0052 9999         
MA01404 2019120800 0030 0001 0071 0230 0075 0083 0071 9999         
MA01421 2019120800 0030 0000 0059 0124 0010 0073 0059 9999         
MA01427 2019120800 0030 0000 0058 0168 0044 0083 0058 9999         
MA01428 2019120800 0030 0000 0029 0235 0126 0088 0029 9999         
MA01430 2019120800 0030 0000 0034 0229 0151 0084 0034 9999         
MA01440 2019120800 0030 0000 0072 0226 0101 0072 0061 9999         
MA01445 2019120800 0030 0000 0037 0253 0070 0079 0037 9999         
MA01404 2019120900 0030 0128 0021 0002 0073 0093 0021 9999         
MA01421 2019120900 0030 0018 0019 0358 0147 0091 0019 9999         
MA01427 2019120900 0030 0087 0028 0012 0040 0085 0026 9999         
MA01428 2019120900 0030 0093 -001 0001 0090 0098 -010 9999         
MA01430 2019120900 0030 0082 -002 0006 0136 0099 -006 9999         
MA01440 2019120900 0030 0028 0015 0349 0043 0091 0015 9999         
MA01445 2019120900 0030 0036 -001 0357 0139 0097 -001 9999         
MA01404 2019121000 0030 0003 -016 0001 0070 0084 -016 9999         
MA01421 2019121000 0030 0176 -009 0333 0037 0087 -009 9999         
MA01427 2019121000 0030 0272 -006 0033 0043 0082 -007 9999         
MA01428 2019121000 0030 0249 -039 0030 0060 0097 -044 9999         
MA01430 2019121000 0030 0218 -038 0044 0063 0097 -043 9999         
MA01440 2019121000 0030 0016 -016 0354 0057 0073 -016 9999         
MA01445 2019121000 0030 0184 -033 0025 0057 0095 -033 9999         
MA01404 2019121100 0030 0012 0018 0242 0041 0082 -005 9999         
MA01421 2019121100 0030 0000 0021 0321 0010 0064 0002 9999         
MA01427 2019121100 0030 0004 0019 0160 0018 0081 0015 9999         
MA01428 2019121100 0030 0004 0010 0255 0051 0086 -038 9999         
MA01430 2019121100 0030 0003 0006 0264 0053 0090 -035 9999         
MA01440 2019121100 0030 0014 0005 0122 0013 0091 -006 9999         
MA01445 2019121100 0030 0000 0004 0298 0013 0079 -026 9999         
MA01404 2019121200 0030 0072 0025 0216 0106 0081 -013 9999         
MA01421 2019121200 0030 0022 0026 0244 0175 0072 0001 9999         
MA01427 2019121200 0030 0055 0019 0164 0049 0083 -006 9999         
MA01428 2019121200 0030 0032 0000 0226 0157 0085 -033 9999         
MA01430 2019121200 0030 0031 0008 0227 0207 0080 -025 9999         
MA01440 2019121200 0030 0043 0019 0211 0101 0082 -019 9999         
MA01445 2019121200 0030 0024 0011 0233 0134 0076 -014 9999         
MA01404 2019121300 0030 0153 0046 0269 0054 0040 0017 9999         
MA01421 2019121300 0030 0315 0034 0330 0161 0055 0010 9999         
MA01427 2019121300 0030 0246 0019 0051 0014 0054 0006 9999         
MA01428 2019121300 0030 0347 -001 0284 0093 0056 -027 9999         
MA01430 2019121300 0030 0261 0009 0303 0110 0055 -030 9999         
MA01440 2019121300 0030 0164 0051 0285 0059 0031 0005 9999         
MA01445 2019121300 0030 0396 0016 0327 0149 0058 -016 9999         
MA01404 2019121400 0030 0004 0084 0225 0085 0076 0058 9999         
MA01421 2019121400 0030 0003 0090 0347 0016 0055 0062 9999         
MA01427 2019121400 0030 0020 0074 0151 0032 0072 0030 9999         
MA01428 2019121400 0030 0021 0079 0234 0103 0058 0033 9999         
MA01430 2019121400 0030 0016 0080 0239 0090 0057 0042 9999         
MA01440 2019121400 0030 0000 0072 0218 0078 0088 0065 9999         
MA01445 2019121400 0030 0007 0078 0259 0068 0055 0055 9999         
MA01404 2019121500 0030 0000 0090 0210 0063 0082 0090 9999         
MA01421 2019121500 0030 0000 0077 0182 0020 0067 0077 9999         
MA01427 2019121500 0030 0000 0083 0152 0027 0067 0083 9999         
MA01428 2019121500 0030 0000 0074 0180 0023 0057 0067 9999         
MA01430 2019121500 0030 0000 0073 0188 0024 0058 0072 9999         
MA01440 2019121500 0030 0000 0078 0176 0037 0093 0075 9999         
MA01445 2019121500 0030 0000 0073 0193 0040 0061 0073 9999         
MA01404 2019121600 0030 0000 0100 0186 0053 0069 0094 9999         
MA01421 2019121600 0030 0000 0109 0188 0028 0048 0089 9999         
MA01427 2019121600 0030 0000 0109 0152 0053 0054 0098 9999         
MA01428 2019121600 0030 0000 0091 0196 0050 0050 0074 9999         
MA01430 2019121600 0030 0000 0091 0185 0055 0049 0071 9999         
MA01440 2019121600 0030 0000 0090 0198 0083 0079 0085 9999         
MA01445 2019121600 0030 0000 0100 0213 0127 0045 0074 9999         
MA01404 2019121700 0030 0000 0102 0237 0037 0074 0102 9999         
MA01421 2019121700 0030 0000 0094 0132 0012 0056 0094 9999         
MA01427 2019121700 0030 0000 0100 0140 0016 0058 0099 9999         
MA01428 2019121700 0030 0000 0079 0158 0026 0056 0079 9999         
MA01430 2019121700 0030 0000 0078 0166 0020 0055 0078 9999         
MA01440 2019121700 0030 0000 0091 0211 0052 0078 0089 9999         
MA01445 2019121700 0030 0000 0080 0166 0033 0057 0080 9999         
MA01404 2019121800 0030 0000 0081 0107 0021 0091 0081 9999         
MA01421 2019121800 0030 0000 0076 0292 0003 0080 0076 9999         
MA01427 2019121800 0030 0000 0095 0050 0010 0059 0095 9999         
MA01428 2019121800 0030 0000 0065 0136 0066 0072 0064 9999         
MA01430 2019121800 0030 0000 0063 0134 0065 0074 0063 9999         
MA01440 2019121800 0030 0000 0077 0104 0015 0089 0077 9999         
MA01445 2019121800 0030 0000 0059 0141 0043 0081 0059 9999         
MA01404 2019121900 0030 0010 0084 0223 0095 0087 0082 9999         
MA01421 2019121900 0030 0004 0088 0242 0071 0063 0080 9999         
MA01427 2019121900 0030 0005 0077 0169 0044 0085 0072 9999         
MA01428 2019121900 0030 0006 0055 0218 0147 0079 0055 9999         
MA01430 2019121900 0030 0006 0070 0218 0133 0062 0067 9999         
MA01440 2019121900 0030 0006 0078 0217 0077 0077 0073 9999         
MA01445 2019121900 0030 0006 0075 0253 0111 0059 0064 9999         
MA01404 2019122000 0030 0238 0111 0212 0110 0086 0080 9999         
MA01421 2019122000 0030 0227 0113 0220 0249 0074 0073 9999         
MA01427 2019122000 0030 0234 0104 0194 0080 0088 0079 9999         
MA01428 2019122000 0030 0203 0081 0220 0191 0088 0060 9999         
MA01430 2019122000 0030 0176 0083 0214 0268 0084 0060 9999         
MA01440 2019122000 0030 0510 0089 0278 0047 0073 0062 9999         
MA01445 2019122000 0030 0263 0092 0221 0209 0078 0055 9999         
MA01404 2019122100 0030 0542 0090 0246 0103 0089 0073 9999         
MA01421 2019122100 0030 0418 0076 0242 0115 0083 0067 9999         
MA01427 2019122100 0030 0586 0081 0219 0069 0088 0061 9999         
MA01428 2019122100 0030 0479 0049 0237 0135 0097 0039 9999         
MA01430 2019122100 0030 0435 0051 0239 0222 0094 0039 9999         
MA01440 2019122100 0030 0462 0082 0312 0132 0067 0066 9999         
MA01445 2019122100 0030 0464 0061 0233 0116 0084 0051 9999         
MA01404 2019122200 0030 0220 0055 0291 0059 0053 0055 9999         
MA01421 2019122200 0030 0395 0043 0298 0227 0061 0043 9999         
MA01427 2019122200 0030 0340 0040 0266 0030 0087 0040 9999         
MA01428 2019122200 0030 0281 0006 0273 0166 0089 0006 9999         
MA01430 2019122200 0030 0264 0008 0281 0194 0080 0008 9999         
MA01440 2019122200 0030 0200 0048 0297 0069 0050 0048 9999         
MA01445 2019122200 0030 0433 0019 0295 0196 0066 0018 9999         
MA01404 2019122300 0030 0000 0068 0342 0031 0037 0055 9999         
MA01421 2019122300 0030 0000 0043 0300 0039 0042 0043 9999         
MA01427 2019122300 0030 0000 0055 0129 0004 0039 0034 9999         
MA01428 2019122300 0030 0000 0024 0332 0071 0041 0012 9999         
MA01430 2019122300 0030 0000 0025 0340 0084 0040 0016 9999         
MA01440 2019122300 0030 0000 0062 0286 0024 0034 0047 9999         
MA01445 2019122300 0030 0000 0029 0339 0113 0039 0029 9999         
MA01404 2019122400 0030 0000 0064 0311 0066 0050 0064 9999         
MA01421 2019122400 0030 0000 0049 0298 0053 0048 0049 9999         
MA01427 2019122400 0030 0000 0044 0018 0020 0061 0044 9999         
MA01428 2019122400 0030 0000 0023 0316 0116 0054 0023 9999         
MA01430 2019122400 0030 0000 0025 0330 0135 0050 0025 9999         
MA01440 2019122400 0030 0000 0056 0304 0063 0052 0056 9999         
MA01445 2019122400 0030 0000 0032 0330 0160 0046 0032 9999         
MA01404 2019122500 0030 0000 0039 0003 0039 0055 0039 9999         
MA01421 2019122500 0030 0000 0029 0304 0031 0064 0029 9999         
MA01427 2019122500 0030 0000 0035 0053 0030 0062 0035 9999         
MA01428 2019122500 0030 0000 0006 0055 0077 0069 0006 9999         
MA01430 2019122500 0030 0000 0008 0054 0081 0065 0008 9999         
MA01440 2019122500 0030 0000 0038 0003 0018 0047 0034 9999         
MA01445 2019122500 0030 0000 0011 0033 0065 0065 0011 9999         
MA01404 2019122600 0030 9999 9999 9999 9999 9999 9999 9999         
MA01421 2019122600 0030 9999 9999 9999 9999 9999 9999 9999         
MA01427 2019122600 0030 9999 9999 9999 9999 9999 9999 9999         
MA01428 2019122600 0030 9999 9999 9999 9999 9999 9999 9999         
MA01430 2019122600 0030 9999 9999 9999 9999 9999 9999 9999         
MA01440 2019122600 0030 9999 9999 9999 9999 9999 9999 9999         
MA01445 2019122600 0030 9999 9999 9999 9999 9999 9999 9999         
MA01404 2019122700 0030 9999 9999 9999 9999 9999 9999 9999         
MA01421 2019122700 0030 9999 9999 9999 9999 9999 9999 9999         
MA01427 2019122700 0030 9999 9999 9999 9999 9999 9999 9999         
MA01428 2019122700 0030 9999 9999 9999 9999 9999 9999 9999         
MA01430 2019122700 0030 9999 9999 9999 9999 9999 9999 9999         
MA01440 2019122700 0030 9999 9999 9999 9999 9999 9999 9999         
MA01445 2019122700 0030 9999 9999 9999 9999 9999 9999 9999         
MA01404 2019122800 0030 0023 -027 0025 0066 0081 -027 9999         
MA01421 2019122800 0030 0019 -041 0342 0051 0080 -041 9999         
MA01427 2019122800 0030 0011 -032 0035 0060 0070 -032 9999         
MA01428 2019122800 0030 0002 -075 0019 0112 0092 -075 9999         
MA01430 2019122800 0030 0001 -074 0018 0124 0087 -074 9999         
MA01440 2019122800 0030 0037 -032 0358 0036 0086 -032 9999         
MA01445 2019122800 0030 0011 -070 0006 0124 0091 -070 9999         
MA01404 2019122900 0030 0000 -031 0006 0065 0096 -031 9999         
MA01421 2019122900 0030 0004 -032 0318 0032 0057 -039 9999         
MA01427 2019122900 0030 0006 -027 0043 0042 0059 -032 9999         
MA01428 2019122900 0030 0006 -056 0034 0073 0059 -071 9999         
MA01430 2019122900 0030 0004 -053 0033 0080 0057 -073 9999         
MA01440 2019122900 0030 0000 -032 0352 0045 0084 -035 9999         
MA01445 2019122900 0030 0005 -045 0032 0075 0044 -067 9999         
MA01404 2019123000 0030 0000 0040 0302 0013 0031 -019 9999         
MA01421 2019123000 0030 0000 0028 0293 0018 0022 -023 9999         
MA01427 2019123000 0030 0000 0040 0149 0011 0020 -011 9999         
MA01428 2019123000 0030 0000 0028 0041 0023 0009 -053 9999         
MA01430 2019123000 0030 0000 0027 0038 0025 0009 -052 9999         
MA01440 2019123000 0030 0000 0054 0314 0012 0023 -027 9999         
MA01445 2019123000 0030 0000 0025 0030 0025 0012 -049 9999         
MA01404 2019123100 0030 0000 0046 0352 0037 0053 0046 9999         
MA01421 2019123100 0030 0000 0054 0350 0007 0046 0032 9999         
MA01427 2019123100 0030 0000 0078 0037 0009 0045 0044 9999         
MA01428 2019123100 0030 0000 0055 0035 0054 0044 0020 9999         
MA01430 2019123100 0030 0000 0051 0032 0059 0045 0021 9999         
MA01440 2019123100 0030 0000 0045 0335 0023 0054 0045 9999         
MA01445 2019123100 0030 0000 0050 0017 0057 0047 0021 9999         
MA01404 2020010100 0030 9999 9999 9999 9999 9999 9999 9999         
MA01421 2020010100 0030 9999 9999 9999 9999 9999 9999 9999         
MA01427 2020010100 0030 9999 9999 9999 9999 9999 9999 9999         
MA01428 2020010100 0030 9999 9999 9999 9999 9999 9999 9999         
MA01430 2020010100 0030 9999 9999 9999 9999 9999 9999 9999         
MA01440 2020010100 0030 9999 9999 9999 9999 9999 9999 9999         
MA01445 2020010100 0030 9999 9999 9999 9999 9999 9999 9999         
MA01404 2020010200 0030 9999 9999 9999 9999 9999 9999 9999         
MA01421 2020010200 0030 9999 9999 9999 9999 9999 9999 9999         
MA01427 2020010200 0030 9999 9999 9999 9999 9999 9999 9999         
MA01428 2020010200 0030 9999 9999 9999 9999 9999 9999 9999         
MA01430 2020010200 0030 9999 9999 9999 9999 9999 9999 9999         
MA01440 2020010200 0030 9999 9999 9999 9999 9999 9999 9999         
MA01445 2020010200 0030 9999 9999 9999 9999 9999 9999 9999         
MA01404 2020010300 0030 9999 9999 9999 9999 9999 9999 9999         
MA01421 2020010300 0030 9999 9999 9999 9999 9999 9999 9999         
MA01427 2020010300 0030 9999 9999 9999 9999 9999 9999 9999         
MA01428 2020010300 0030 9999 9999 9999 9999 9999 9999 9999         
MA01430 2020010300 0030 9999 9999 9999 9999 9999 9999 9999         
MA01440 2020010300 0030 9999 9999 9999 9999 9999 9999 9999         
MA01445 2020010300 0030 9999 9999 9999 9999 9999 9999 9999         
MA01404 2020010400 0030 9999 9999 9999 9999 9999 9999 9999         
MA01421 2020010400 0030 9999 9999 9999 9999 9999 9999 9999         
MA01427 2020010400 0030 9999 9999 9999 9999 9999 9999 9999         
MA01428 2020010400 0030 9999 9999 9999 9999 9999 9999 9999         
MA01430 2020010400 0030 9999 9999 9999 9999 9999 9999 9999         
MA01440 2020010400 0030 9999 9999 9999 9999 9999 9999 9999         
MA01445 2020010400 0030 9999 9999 9999 9999 9999 9999 9999         
MA01404 2020010500 0030 9999 9999 9999 9999 9999 9999 9999         
MA01421 2020010500 0030 9999 9999 9999 9999 9999 9999 9999         
MA01427 2020010500 0030 9999 9999 9999 9999 9999 9999 9999         
MA01428 2020010500 0030 9999 9999 9999 9999 9999 9999 9999         
MA01430 2020010500 0030 9999 9999 9999 9999 9999 9999 9999         
MA01440 2020010500 0030 9999 9999 9999 9999 9999 9999 9999         
MA01445 2020010500 0030 9999 9999 9999 9999 9999 9999 9999         
MA01404 2020010600 0030 9999 9999 9999 9999 9999 9999 9999         
MA01421 2020010600 0030 9999 9999 9999 9999 9999 9999 9999         
MA01427 2020010600 0030 9999 9999 9999 9999 9999 9999 9999         
MA01428 2020010600 0030 9999 9999 9999 9999 9999 9999 9999         
MA01430 2020010600 0030 9999 9999 9999 9999 9999 9999 9999         
MA01440 2020010600 0030 9999 9999 9999 9999 9999 9999 9999         
MA01445 2020010600 0030 9999 9999 9999 9999 9999 9999 9999         
MA01404 2020010700 0030 9999 9999 9999 9999 9999 9999 9999         
MA01421 2020010700 0030 9999 9999 9999 9999 9999 9999 9999         
MA01427 2020010700 0030 9999 9999 9999 9999 9999 9999 9999         
MA01428 2020010700 0030 9999 9999 9999 9999 9999 9999 9999         
MA01430 2020010700 0030 9999 9999 9999 9999 9999 9999 9999         
MA01440 2020010700 0030 9999 9999 9999 9999 9999 9999 9999         
MA01445 2020010700 0030 9999 9999 9999 9999 9999 9999 9999         
MA01404 2020010800 0030 9999 9999 9999 9999 9999 9999 9999         
MA01421 2020010800 0030 9999 9999 9999 9999 9999 9999 9999         
MA01427 2020010800 0030 9999 9999 9999 9999 9999 9999 9999         
MA01428 2020010800 0030 9999 9999 9999 9999 9999 9999 9999         
MA01430 2020010800 0030 9999 9999 9999 9999 9999 9999 9999         
MA01440 2020010800 0030 9999 9999 9999 9999 9999 9999 9999         
MA01445 2020010800 0030 9999 9999 9999 9999 9999 9999 9999         
MA01404 2020010900 0030 9999 9999 9999 9999 9999 9999 9999         
MA01421 2020010900 0030 9999 9999 9999 9999 9999 9999 9999         
MA01427 2020010900 0030 9999 9999 9999 9999 9999 9999 9999         
MA01428 2020010900 0030 9999 9999 9999 9999 9999 9999 9999         
MA01430 2020010900 0030 9999 9999 9999 9999 9999 9999 9999         
MA01440 2020010900 0030 9999 9999 9999 9999 9999 9999 9999         
MA01445 2020010900 0030 9999 9999 9999 9999 9999 9999 9999         
MA01404 2020011000 0030 0000 0029 0334 0025 0085 0029 9999         
MA01421 2020011000 0030 0000 0038 0286 0005 0071 0034 9999         
MA01427 2020011000 0030 0000 0055 0108 0005 0056 0048 9999         
MA01428 2020011000 0030 0000 0014 0071 0042 0078 0013 9999         
MA01430 2020011000 0030 0000 0015 0053 0031 0077 0013 9999         
MA01440 2020011000 0030 0000 0023 0318 0025 0092 0023 9999         
MA01445 2020011000 0030 0000 0018 0039 0022 0075 0015 9999         
MA01404 2020011100 0030 0000 0015 0344 0035 0094 0015 9999         
MA01421 2020011100 0030 0001 0013 0255 0022 0073 0013 9999         
MA01427 2020011100 0030 0000 0022 0205 0004 0067 0022 9999         
MA01428 2020011100 0030 0001 -012 0098 0058 0077 -012 9999         
MA01430 2020011100 0030 0001 -012 0080 0040 0078 -012 9999         
MA01440 2020011100 0030 0000 0004 0324 0024 0086 0004 9999         
MA01445 2020011100 0030 0001 -008 0095 0031 0076 -008 9999         
MA01404 2020011200 0030 0000 0018 0164 0025 0080 0018 9999         
MA01421 2020011200 0030 0000 0014 0184 0015 0055 0014 9999         
MA01427 2020011200 0030 0000 0040 0156 0008 0030 0031 9999         
MA01428 2020011200 0030 0000 0010 0148 0031 0040 0004 9999         
MA01430 2020011200 0030 0000 0009 0157 0039 0044 0004 9999         
MA01440 2020011200 0030 0000 0030 0156 0011 0058 0025 9999         
MA01445 2020011200 0030 0000 0006 0167 0033 0044 0005 9999         
MA01404 2020011300 0030 0000 0044 0257 0031 0057 0044 9999         
MA01421 2020011300 0030 0000 0039 0303 0010 0048 0027 9999         
MA01427 2020011300 0030 0000 0035 0136 0021 0068 0035 9999         
MA01428 2020011300 0030 0000 0024 0231 0041 0056 0019 9999         
MA01430 2020011300 0030 0000 0022 0247 0036 0058 0018 9999         
MA01440 2020011300 0030 0000 0028 0281 0020 0077 0028 9999         
MA01445 2020011300 0030 0000 0024 0214 0011 0050 0019 9999         
MA01404 2020011400 0030 0000 0057 0335 0003 0068 0050 9999         
MA01421 2020011400 0030 0000 0039 0339 0015 0057 0039 9999         
MA01427 2020011400 0030 0000 0047 0156 0011 0048 0041 9999         
MA01428 2020011400 0030 0000 0016 0205 0006 0055 0015 9999         
MA01430 2020011400 0030 0000 0015 0182 0011 0057 0014 9999         
MA01440 2020011400 0030 0000 0040 0264 0015 0076 0035 9999         
MA01445 2020011400 0030 0000 0019 0183 0009 0058 0018 9999         
MA01404 2020011500 0030 0000 0052 0344 0010 0075 0052 9999         
MA01421 2020011500 0030 0000 0046 0005 0004 0060 0044 9999         
MA01427 2020011500 0030 0000 0055 0164 0004 0056 0054 9999         
MA01428 2020011500 0030 0000 0022 0077 0034 0069 0022 9999         
MA01430 2020011500 0030 0000 0022 0058 0024 0069 0022 9999         
MA01440 2020011500 0030 0000 0049 0343 0011 0070 0047 9999         
MA01445 2020011500 0030 0000 0025 0039 0019 0066 0025 9999         
MA01404 2020011600 0030 0000 0065 0297 0013 0055 0042 9999         
MA01421 2020011600 0030 0000 0050 0195 0013 0050 0040 9999         
MA01427 2020011600 0030 0000 0069 0203 0002 0041 0048 9999         
MA01428 2020011600 0030 0000 0051 0251 0041 0034 0026 9999         
MA01430 2020011600 0030 0000 0049 0264 0035 0036 0025 9999         
MA01440 2020011600 0030 0000 0047 0299 0012 0062 0037 9999         
MA01445 2020011600 0030 0000 0050 0244 0015 0037 0026 9999         
MA01404 2020011700 0030 0113 0048 0222 0046 0091 0048 9999         
MA01421 2020011700 0030 0032 0055 0149 0017 0068 0048 9999         
MA01427 2020011700 0030 0015 0046 0211 0043 0086 0046 9999         
MA01428 2020011700 0030 0022 0020 0232 0231 0089 0020 9999         
MA01430 2020011700 0030 0016 0020 0236 0198 0087 0020 9999         
MA01440 2020011700 0030 0066 0039 0219 0048 0088 0039 9999         
MA01445 2020011700 0030 0037 0034 0245 0210 0068 0034 9999         
MA01404 2020011800 0030 0265 0020 0029 0041 0092 0020 9999         
MA01421 2020011800 0030 0070 0005 0309 0021 0086 0005 9999         
MA01427 2020011800 0030 0058 0024 0061 0065 0070 0024 9999         
MA01428 2020011800 0030 0085 -022 0064 0081 0096 -022 9999         
MA01430 2020011800 0030 0092 -023 0051 0085 0096 -023 9999         
MA01440 2020011800 0030 0212 0010 0027 0029 0095 0010 9999         
MA01445 2020011800 0030 0068 -020 0034 0072 0093 -020 9999         
MA01404 2020011900 0030 0061 0010 0056 0027 0087 0008 9999         
MA01421 2020011900 0030 0073 -003 0261 0015 0083 -003 9999         
MA01427 2020011900 0030 0024 0010 0083 0094 0066 0010 9999         
MA01428 2020011900 0030 0145 -036 0098 0139 0092 -036 9999         
MA01430 2020011900 0030 0143 -035 0101 0112 0090 -035 9999         
MA01440 2020011900 0030 0008 -007 0018 0032 0091 -007 9999         
MA01445 2020011900 0030 0098 -032 0077 0088 0091 -032 9999         
MA01404 2020012000 0030 0009 0011 0341 0017 0098 0010 9999         
MA01421 2020012000 0030 0015 0015 0213 0018 0082 -003 9999         
MA01427 2020012000 0030 0001 0017 0229 0008 0073 0017 9999         
MA01428 2020012000 0030 0012 -002 0130 0080 0081 -036 9999         
MA01430 2020012000 0030 0010 -004 0142 0069 0082 -035 9999         
MA01440 2020012000 0030 0016 -006 0317 0018 0097 -007 9999         
MA01445 2020012000 0030 0018 -005 0150 0056 0087 -031 9999         
MA01404 2020012100 0030 0000 0070 0286 0016 0061 -001 9999         
MA01421 2020012100 0030 0000 0060 0182 0003 0054 0014 9999         
MA01427 2020012100 0030 0000 0074 0154 0004 0051 0014 9999         
MA01428 2020012100 0030 0000 0051 0272 0045 0055 0002 9999         
MA01430 2020012100 0030 0000 0052 0286 0023 0055 0000 9999         
MA01440 2020012100 0030 0001 0066 0332 0014 0059 -003 9999         
MA01445 2020012100 0030 0000 0052 0279 0008 0050 -005 9999         
MA01404 2020012200 0030 0000 0084 0122 0005 0062 0076 9999         
MA01421 2020012200 0030 0000 0067 0208 0021 0058 0067 9999         
MA01427 2020012200 0030 0000 0087 0175 0011 0042 0076 9999         
MA01428 2020012200 0030 0000 0056 0112 0032 0054 0056 9999         
MA01430 2020012200 0030 0000 0056 0111 0022 0054 0055 9999         
MA01440 2020012200 0030 0000 0081 0229 0004 0058 0066 9999         
MA01445 2020012200 0030 0000 0057 0121 0012 0055 0056 9999         
MA01404 2020012300 0030 0000 0070 0194 0019 0058 0042 9999         
MA01421 2020012300 0030 0000 0060 0179 0005 0050 0055 9999         
MA01427 2020012300 0030 0000 0071 0125 0021 0041 0071 9999         
MA01428 2020012300 0030 0000 0061 0182 0016 0037 0048 9999         
MA01430 2020012300 0030 0000 0059 0185 0016 0039 0047 9999         
MA01440 2020012300 0030 0000 0053 0202 0022 0063 0047 9999         
MA01445 2020012300 0030 0000 0056 0193 0006 0043 0045 9999         
MA01404 2020012400 0030 0128 0069 0193 0040 0088 0061 9999         
MA01421 2020012400 0030 0003 0053 0184 0007 0076 0053 9999         
MA01427 2020012400 0030 0084 0067 0161 0029 0080 0067 9999         
MA01428 2020012400 0030 0039 0036 0206 0096 0086 0036 9999         
MA01430 2020012400 0030 0033 0035 0214 0079 0087 0035 9999         
MA01440 2020012400 0030 0123 0049 0157 0027 0090 0049 9999         
MA01445 2020012400 0030 0007 0037 0219 0089 0083 0037 9999         
MA01404 2020012500 0030 0265 0068 0215 0043 0083 0064 9999         
MA01421 2020012500 0030 0004 0060 0256 0011 0068 0057 9999         
MA01427 2020012500 0030 0021 0060 0121 0025 0075 0058 9999         
MA01428 2020012500 0030 0016 0033 0211 0070 0078 0033 9999         
MA01430 2020012500 0030 0013 0033 0214 0054 0076 0033 9999         
MA01440 2020012500 0030 0156 0049 0092 0003 0091 0044 9999         
MA01445 2020012500 0030 0007 0038 0210 0045 0073 0038 9999         
MA01404 2020012600 0030 0056 0052 0251 0055 0081 0052 9999         
MA01421 2020012600 0030 0004 0048 0115 0017 0070 0045 9999         
MA01427 2020012600 0030 0001 0046 0146 0016 0082 0045 9999         
MA01428 2020012600 0030 0002 0027 0275 0150 0080 0025 9999         
MA01430 2020012600 0030 0003 0029 0287 0155 0078 0027 9999         
MA01440 2020012600 0030 0014 0048 0267 0024 0080 0040 9999         
MA01445 2020012600 0030 0003 0039 0292 0138 0067 0030 9999         
MA01404 2020012700 0030 0013 0065 0219 0129 0086 0058 9999         
MA01421 2020012700 0030 0002 0056 0358 0016 0072 0055 9999         
MA01427 2020012700 0030 0001 0057 0186 0051 0086 0047 9999         
MA01428 2020012700 0030 0005 0026 0228 0260 0088 0026 9999         
MA01430 2020012700 0030 0005 0034 0238 0260 0078 0026 9999         
MA01440 2020012700 0030 0020 0061 0222 0110 0080 0054 9999         
MA01445 2020012700 0030 0005 0039 0248 0262 0070 0032 9999         
MA01404 2020012800 0030 0003 0045 0232 0100 0079 0045 9999         
MA01421 2020012800 0030 0005 0054 0261 0128 0050 0049 9999         
MA01427 2020012800 0030 0004 0036 0198 0041 0086 0036 9999         
MA01428 2020012800 0030 0016 0004 0244 0235 0089 0003 9999         
MA01430 2020012800 0030 0008 0009 0261 0273 0078 0007 9999         
MA01440 2020012800 0030 0001 0046 0236 0087 0067 0046 9999         
MA01445 2020012800 0030 0010 0031 0266 0289 0052 0028 9999         
MA01404 2020012900 0030 0000 0052 0242 0032 0055 0052 9999         
MA01421 2020012900 0030 0001 0046 0258 0013 0052 0046 9999         
MA01427 2020012900 0030 0001 0051 0161 0008 0059 0042 9999         
MA01428 2020012900 0030 0002 0024 0313 0025 0057 0011 9999         
MA01430 2020012900 0030 0001 0023 0337 0031 0057 0017 9999         
MA01440 2020012900 0030 0000 0053 0254 0017 0044 0053 9999         
MA01445 2020012900 0030 0002 0027 0344 0029 0055 0027 9999         
MA01404 2020013000 0030 0000 0070 0219 0105 0091 0062 9999         
MA01421 2020013000 0030 0000 0095 0252 0050 0067 0048 9999         
MA01427 2020013000 0030 0000 0070 0150 0028 0085 0048 9999         
MA01428 2020013000 0030 0000 0058 0240 0165 0085 0025 9999         
MA01430 2020013000 0030 0000 0065 0266 0170 0079 0024 9999         
MA01440 2020013000 0030 0000 0074 0229 0100 0084 0051 9999         
MA01445 2020013000 0030 0000 0094 0275 0116 0057 0026 9999         
MA01404 2020013100 0030 0000 0088 0228 0041 0089 0074 9999         
MA01421 2020013100 0030 0000 0089 0036 0006 0072 0083 9999         
MA01427 2020013100 0030 0000 0086 0143 0027 0081 0074 9999         
MA01428 2020013100 0030 0000 0063 0214 0099 0081 0061 9999         
MA01430 2020013100 0030 0000 0065 0221 0058 0079 0065 9999         
MA01440 2020013100 0030 0000 0079 0205 0021 0092 0075 9999         
MA01445 2020013100 0030 0001 0070 0246 0056 0075 0069 9999         
MA01404 2020020100 0030 0004 0092 0231 0078 0084 0086 9999         
MA01421 2020020100 0030 0001 0089 0262 0049 0070 0082 9999         
MA01427 2020020100 0030 0030 0085 0164 0020 0087 0084 9999         
MA01428 2020020100 0030 0016 0068 0240 0078 0074 0057 9999         
MA01430 2020020100 0030 0013 0071 0303 0051 0071 0059 9999         
MA01440 2020020100 0030 0006 0089 0242 0051 0075 0075 9999         
MA01445 2020020100 0030 0004 0078 0034 0019 0064 0063 9999         
MA01404 2020020200 0030 0000 0100 0229 0114 0085 0097 9999         
MA01421 2020020200 0030 0000 0131 0333 0017 0051 0093 9999         
MA01427 2020020200 0030 0002 0093 0140 0024 0081 0085 9999         
MA01428 2020020200 0030 0000 0107 0280 0164 0057 0075 9999         
MA01430 2020020200 0030 0000 0116 0303 0188 0052 0074 9999         
MA01440 2020020200 0030 0000 0109 0246 0087 0072 0092 9999         
MA01445 2020020200 0030 0000 0130 0307 0161 0045 0076 9999         
MA01404 2020020300 0030 0000 0086 0221 0135 0081 0086 9999         
MA01421 2020020300 0030 0000 0126 0260 0138 0042 0122 9999         
MA01427 2020020300 0030 0000 0081 0144 0043 0080 0081 9999         
MA01428 2020020300 0030 0000 0078 0252 0271 0062 0078 9999         
MA01430 2020020300 0030 0000 0085 0272 0334 0056 0085 9999         
MA01440 2020020300 0030 0000 0092 0225 0105 0070 0092 9999         
MA01445 2020020300 0030 0000 0111 0273 0340 0038 0107 9999         
MA01404 2020020400 0030 0000 0000 0314 0063 0063 0000 9999         
MA01421 2020020400 0030 0003 -005 0320 0067 0054 -005 9999         
MA01427 2020020400 0030 0000 -012 0002 0048 0074 -012 9999         
MA01428 2020020400 0030 0000 -039 0336 0145 0068 -039 9999         
MA01430 2020020400 0030 0000 -034 0355 0196 0060 -034 9999         
MA01440 2020020400 0030 0000 -007 0303 0061 0057 -007 9999         
MA01445 2020020400 0030 0004 -028 0355 0215 0055 -028 9999         
MA01404 2020020500 0030 0000 -024 0004 0056 0081 -024 9999         
MA01421 2020020500 0030 0000 -042 0350 0035 0060 -044 9999         
MA01427 2020020500 0030 0000 -033 0035 0069 0062 -034 9999         
MA01428 2020020500 0030 0000 -068 0037 0161 0067 -072 9999         
MA01430 2020020500 0030 0000 -067 0030 0161 0066 -072 9999         
MA01440 2020020500 0030 0000 -023 0334 0038 0057 -028 9999         
MA01445 2020020500 0030 0000 -064 0025 0177 0062 -069 9999         
MA01404 2020020600 0030 0000 0034 0272 0025 0039 -016 9999         
MA01421 2020020600 0030 0000 0030 0142 0005 0026 -031 9999         
MA01427 2020020600 0030 0000 0030 0183 0007 0027 -020 9999         
MA01428 2020020600 0030 0000 0008 0296 0052 0027 -066 9999         
MA01430 2020020600 0030 0000 0008 0327 0042 0027 -066 9999         
MA01440 2020020600 0030 0000 0028 0269 0017 0038 -013 9999         
MA01445 2020020600 0030 0000 0012 0326 0052 0027 -058 9999         
MA01404 2020020700 0030 0000 0039 0145 0011 0056 0039 9999         
MA01421 2020020700 0030 0000 0033 0321 0002 0039 0033 9999         
MA01427 2020020700 0030 0000 0052 0223 0001 0030 0030 9999         
MA01428 2020020700 0030 0000 0023 0279 0009 0033 0018 9999         
MA01430 2020020700 0030 0000 0021 0291 0008 0035 0019 9999         
MA01440 2020020700 0030 0000 0029 0295 0015 0053 0025 9999         
MA01445 2020020700 0030 0000 0022 0310 0006 0035 0021 9999         
MA01404 2020020800 0030 0000 0057 0255 0029 0032 0041 9999         
MA01421 2020020800 0030 0000 0048 0311 0010 0034 0037 9999         
MA01427 2020020800 0030 0000 0055 0129 0017 0024 0054 9999         
MA01428 2020020800 0030 0000 0036 0251 0036 0020 0029 9999         
MA01430 2020020800 0030 0000 0034 0254 0035 0021 0027 9999         
MA01440 2020020800 0030 0000 0040 0252 0021 0040 0035 9999         
MA01445 2020020800 0030 0000 0036 0266 0015 0027 0028 9999         
MA01404 2020020900 0030 0000 0065 0221 0152 0089 0054 9999         
MA01421 2020020900 0030 0000 0071 0005 0013 0064 0053 9999         
MA01427 2020020900 0030 0002 0060 0173 0051 0086 0044 9999         
MA01428 2020020900 0030 0001 0048 0232 0260 0069 0029 9999         
MA01430 2020020900 0030 0000 0058 0250 0238 0060 0033 9999         
MA01440 2020020900 0030 0000 0071 0226 0132 0082 0042 9999         
MA01445 2020020900 0030 0000 0062 0256 0235 0057 0037 9999         
MA01404 2020021000 0030 0000 0078 0230 0119 0085 0072 9999         
MA01421 2020021000 0030 0001 0107 0256 0152 0054 0104 9999         
MA01427 2020021000 0030 0004 0069 0206 0061 0087 0066 9999         
MA01428 2020021000 0030 0002 0043 0235 0271 0085 0039 9999         
MA01430 2020021000 0030 0001 0053 0262 0339 0074 0046 9999         
MA01440 2020021000 0030 0000 0086 0241 0102 0070 0070 9999         
MA01445 2020021000 0030 0002 0091 0266 0358 0050 0082 9999         
MA01404 2020021100 0030 0000 0045 0306 0057 0032 0045 9999         
MA01421 2020021100 0030 0000 0038 0292 0028 0034 0038 9999         
MA01427 2020021100 0030 0000 0042 0025 0028 0035 0042 9999         
MA01428 2020021100 0030 0000 0014 0319 0081 0032 0014 9999         
MA01430 2020021100 0030 0000 0015 0328 0085 0031 0015 9999         
MA01440 2020021100 0030 0000 0031 0303 0062 0033 0031 9999         
MA01445 2020021100 0030 0000 0021 0344 0062 0031 0021 9999         
MA01404 2020021200 0030 0000 0058 0205 0039 0057 0055 9999         
MA01421 2020021200 0030 0000 0057 0266 0007 0042 0049 9999         
MA01427 2020021200 0030 0000 0049 0133 0028 0053 0049 9999         
MA01428 2020021200 0030 0000 0038 0236 0076 0041 0029 9999         
MA01430 2020021200 0030 0000 0038 0250 0042 0042 0029 9999         
MA01440 2020021200 0030 0000 0042 0199 0030 0065 0042 9999         
MA01445 2020021200 0030 0000 0040 0253 0046 0041 0031 9999         
MA01404 2020021300 0030 0005 0068 0236 0075 0092 0062 9999         
MA01421 2020021300 0030 0019 0069 0258 0064 0079 0062 9999         
MA01427 2020021300 0030 0007 0070 0245 0055 0087 0048 9999         
MA01428 2020021300 0030 0015 0035 0257 0217 0097 0035 9999         
MA01430 2020021300 0030 0006 0035 0263 0254 0095 0035 9999         
MA01440 2020021300 0030 0038 0067 0258 0058 0080 0054 9999         
MA01445 2020021300 0030 0032 0044 0260 0257 0088 0044 9999         
MA01404 2020021400 0030 0003 0041 0140 0023 0079 0041 9999         
MA01421 2020021400 0030 0036 0033 0257 0027 0057 0033 9999         
MA01427 2020021400 0030 0034 0048 0081 0029 0048 0046 9999         
MA01428 2020021400 0030 0038 0008 0094 0095 0059 0008 9999         
MA01430 2020021400 0030 0017 0009 0087 0081 0059 0009 9999         
MA01440 2020021400 0030 0035 0042 0179 0024 0058 0042 9999         
MA01445 2020021400 0030 0051 0012 0086 0051 0058 0012 9999         
MA01404 2020021500 0030 0000 0078 0273 0026 0041 0054 9999         
MA01421 2020021500 0030 0000 0081 0160 0002 0030 0049 9999         
MA01427 2020021500 0030 0000 0080 0084 0003 0031 0060 9999         
MA01428 2020021500 0030 0000 0059 0286 0028 0033 0019 9999         
MA01430 2020021500 0030 0000 0059 0295 0023 0033 0019 9999         
MA01440 2020021500 0030 0000 0075 0264 0010 0036 0051 9999         
MA01445 2020021500 0030 0000 0065 0312 0024 0031 0023 9999         
MA01404 2020021600 0030 0000 0087 0250 0040 0049 0087 9999         
MA01421 2020021600 0030 0000 0094 0356 0015 0033 0082 9999         
MA01427 2020021600 0030 0000 0084 0138 0028 0033 0083 9999         
MA01428 2020021600 0030 0000 0090 0225 0061 0023 0066 9999         
MA01430 2020021600 0030 0000 0087 0243 0049 0024 0064 9999         
MA01440 2020021600 0030 0000 0068 0265 0023 0063 0068 9999         
MA01445 2020021600 0030 0000 0088 0241 0027 0027 0071 9999         
MA01404 2020021700 0030 0000 0074 0232 0054 0085 0071 9999         
MA01421 2020021700 0030 0000 0074 0332 0011 0054 0074 9999         
MA01427 2020021700 0030 0000 0065 0129 0017 0065 0065 9999         
MA01428 2020021700 0030 0000 0062 0283 0072 0062 0062 9999         
MA01430 2020021700 0030 0000 0062 0310 0025 0062 0062 9999         
MA01440 2020021700 0030 0000 0069 0237 0040 0091 0068 9999         
MA01445 2020021700 0030 0000 0060 0295 0024 0057 0060 9999         
MA01404 2020021800 0030 0002 0052 0297 0011 0082 0051 9999         
MA01421 2020021800 0030 0000 0043 0010 0015 0095 0043 9999         
MA01427 2020021800 0030 0000 0059 0113 0004 0083 0059 9999         
MA01428 2020021800 0030 0000 0023 0238 0027 0091 0023 9999         
MA01430 2020021800 0030 0000 0022 0251 0034 0092 0022 9999         
MA01440 2020021800 0030 0002 0036 0302 0026 0082 0036 9999         
MA01445 2020021800 0030 0000 0024 0244 0018 0091 0024 9999         
MA01404 2020021900 0030 0009 0021 0327 0026 0076 0021 9999         
MA01421 2020021900 0030 0011 0006 0326 0030 0084 0006 9999         
MA01427 2020021900 0030 0020 0018 0039 0040 0070 0018 9999         
MA01428 2020021900 0030 0037 -021 0037 0074 0089 -021 9999         
MA01430 2020021900 0030 0031 -021 0037 0055 0088 -021 9999         
MA01440 2020021900 0030 0003 0017 0292 0011 0063 0015 9999         
MA01445 2020021900 0030 0009 -017 0025 0061 0092 -017 9999         
MA01404 2020022000 0030 0001 0058 0251 0061 0046 0026 9999         
MA01421 2020022000 0030 0003 0063 0054 0009 0035 0008 9999         
MA01427 2020022000 0030 0007 0048 0127 0022 0043 0019 9999         
MA01428 2020022000 0030 0010 0037 0275 0127 0043 -028 9999         
MA01430 2020022000 0030 0007 0039 0286 0119 0042 -027 9999         
MA01440 2020022000 0030 0000 0051 0257 0042 0054 0022 9999         
MA01445 2020022000 0030 0009 0048 0293 0080 0039 -023 9999         
MA01404 2020022100 0030 0000 0036 0177 0050 0077 0036 9999         
MA01421 2020022100 0030 0000 0029 0176 0022 0062 0025 9999         
MA01427 2020022100 0030 0000 0060 0161 0006 0039 0055 9999         
MA01428 2020022100 0030 0000 0027 0072 0052 0044 0014 9999         
MA01430 2020022100 0030 0000 0026 0071 0046 0045 0013 9999         
MA01440 2020022100 0030 0000 0042 0182 0027 0053 0036 9999         
MA01445 2020022100 0030 0000 0022 0079 0021 0049 0010 9999         
MA01404 2020022200 0030 0000 0087 0238 0097 0051 0050 9999         
MA01421 2020022200 0030 0000 0101 0083 0013 0032 0044 9999         
MA01427 2020022200 0030 0000 0078 0132 0027 0045 0054 9999         
MA01428 2020022200 0030 0000 0094 0276 0121 0029 0028 9999         
MA01430 2020022200 0030 0000 0098 0287 0095 0027 0025 9999         
MA01440 2020022200 0030 0000 0087 0255 0036 0045 0057 9999         
MA01445 2020022200 0030 0000 0098 0304 0056 0029 0026 9999         
MA01404 2020022300 0030 0000 0114 0251 0081 0053 0098 9999         
MA01421 2020022300 0030 0000 0134 0118 0007 0035 0107 9999         
MA01427 2020022300 0030 0000 0105 0138 0014 0050 0088 9999         
MA01428 2020022300 0030 0000 0111 0293 0082 0040 0102 9999         
MA01430 2020022300 0030 0000 0114 0337 0097 0039 0105 9999         
MA01440 2020022300 0030 0000 0126 0286 0041 0043 0104 9999         
MA01445 2020022300 0030 0000 0126 0330 0086 0035 0109 9999         
MA01404 2020022400 0030 0000 0085 0233 0093 0076 0085 9999         
MA01421 2020022400 0030 0000 0112 0017 0019 0044 0110 9999         
MA01427 2020022400 0030 0000 0100 0144 0032 0047 0096 9999         
MA01428 2020022400 0030 0000 0109 0231 0187 0028 0099 9999         
MA01430 2020022400 0030 0000 0107 0246 0135 0029 0102 9999         
MA01440 2020022400 0030 0000 0091 0236 0026 0061 0091 9999         
MA01445 2020022400 0030 0000 0114 0257 0137 0028 0102 9999         
MA01404 2020022500 0030 0000 0054 0231 0090 0084 0054 9999         
MA01421 2020022500 0030 0001 0066 0250 0328 0041 0066 9999         
MA01427 2020022500 0030 0001 0039 0205 0067 0081 0039 9999         
MA01428 2020022500 0030 0001 0007 0228 0256 0082 0007 9999         
MA01430 2020022500 0030 0001 0014 0242 0338 0071 0014 9999         
MA01440 2020022500 0030 0009 0050 0235 0035 0090 0050 9999         
MA01445 2020022500 0030 0002 0039 0250 0329 0046 0039 9999         
MA01404 2020022600 0030 0034 0006 0260 0049 0044 0004 9999         
MA01421 2020022600 0030 0055 -002 0284 0034 0034 -010 9999         
MA01427 2020022600 0030 0033 -019 0132 0019 0060 -019 9999         
MA01428 2020022600 0030 0051 -037 0278 0130 0048 -048 9999         
MA01430 2020022600 0030 0053 -034 0292 0139 0044 -045 9999         
MA01440 2020022600 0030 0053 0005 0282 0051 0035 -003 9999         
MA01445 2020022600 0030 0057 -019 0298 0150 0030 -034 9999         
MA01404 2020022700 0030 0029 0025 0306 0060 0043 0023 9999         
MA01421 2020022700 0030 0188 0027 0289 0067 0037 0009 9999         
MA01427 2020022700 0030 0092 0020 0355 0008 0064 0000 9999         
MA01428 2020022700 0030 0147 -011 0295 0121 0052 -024 9999         
MA01430 2020022700 0030 0103 -006 0318 0164 0043 -024 9999         
MA01440 2020022700 0030 0096 0018 0292 0066 0039 0013 9999         
MA01445 2020022700 0030 0236 0006 0318 0170 0034 -014 9999         
MA01404 2020022800 0030 9999 9999 9999 9999 9999 9999 9999         
MA01421 2020022800 0030 9999 9999 9999 9999 9999 9999 9999         
MA01427 2020022800 0030 9999 9999 9999 9999 9999 9999 9999         
MA01428 2020022800 0030 9999 9999 9999 9999 9999 9999 9999         
MA01430 2020022800 0030 9999 9999 9999 9999 9999 9999 9999         
MA01440 2020022800 0030 9999 9999 9999 9999 9999 9999 9999         
MA01445 2020022800 0030 9999 9999 9999 9999 9999 9999 9999         
