MA01404 2019120100 0018 0000 0090 0202 0051 0082 0095 9999         
MA01421 2019120100 0018 0000 0078 0329 0012 0074 0081 9999         
MA01427 2019120100 0018 0000 0084 0151 0034 0069 0097 9999         
MA01428 2019120100 0018 0000 0054 0192 0013 0080 0056 9999         
MA01430 2019120100 0018 0000 0055 0193 0020 0079 0055 9999         
MA01440 2019120100 0018 0000 0078 0197 0074 0090 0078 9999         
MA01445 2019120100 0018 0000 0063 0229 0044 0071 0063 9999         
MA01404 2019120200 0018 0124 0063 0352 0047 0093 0104 9999         
MA01421 2019120200 0018 0001 0066 0014 0020 0094 0098 9999         
MA01427 2019120200 0018 0050 0099 0189 0038 0087 0106 9999         
MA01428 2019120200 0018 0014 0073 0224 0118 0093 0074 9999         
MA01430 2019120200 0018 0008 0067 0226 0118 0096 0078 9999         
MA01440 2019120200 0018 0619 0055 0351 0013 0089 0085 9999         
MA01445 2019120200 0018 0003 0065 0222 0111 0093 0077 9999         
MA01404 2019120300 0018 0056 0025 0027 0047 0092 0053 9999         
MA01421 2019120300 0018 0062 0021 0131 0008 0091 0037 9999         
MA01427 2019120300 0018 0024 0050 0053 0015 0056 0078 9999         
MA01428 2019120300 0018 0037 -004 0102 0074 0090 0017 9999         
MA01430 2019120300 0018 0042 -004 0091 0073 0089 0016 9999         
MA01440 2019120300 0018 0021 0008 0043 0058 0077 0030 9999         
MA01445 2019120300 0018 0053 -003 0097 0027 0093 0017 9999         
MA01404 2019120400 0018 0000 0013 0039 0052 0085 0020 9999         
MA01421 2019120400 0018 0000 0026 0196 0017 0042 0031 9999         
MA01427 2019120400 0018 0000 0038 0300 0021 0053 0059 9999         
MA01428 2019120400 0018 0000 0031 0119 0150 0020 0031 9999         
MA01430 2019120400 0018 0000 0027 0114 0145 0022 0027 9999         
MA01440 2019120400 0018 0000 0011 0041 0031 0073 0012 9999         
MA01445 2019120400 0018 0000 0016 0125 0057 0027 0016 9999         
MA01404 2019120500 0018 0000 0047 0123 0017 0085 0053 9999         
MA01421 2019120500 0018 0000 0057 0166 0004 0078 0064 9999         
MA01427 2019120500 0018 0000 0094 0143 0024 0073 0101 9999         
MA01428 2019120500 0018 0000 0071 0236 0054 0075 0071 9999         
MA01430 2019120500 0018 0000 0067 0233 0058 0076 0067 9999         
MA01440 2019120500 0018 0000 0049 0163 0029 0077 0049 9999         
MA01445 2019120500 0018 0000 0064 0241 0054 0074 0064 9999         
MA01404 2019120600 0018 0006 0082 0226 0037 0094 0088 9999         
MA01421 2019120600 0018 0000 0079 0241 0020 0079 0086 9999         
MA01427 2019120600 0018 0004 0086 0186 0023 0084 0101 9999         
MA01428 2019120600 0018 0000 0052 0232 0092 0092 0073 9999         
MA01430 2019120600 0018 0000 0055 0231 0101 0086 0073 9999         
MA01440 2019120600 0018 0029 0079 0228 0031 0081 0079 9999         
MA01445 2019120600 0018 0000 0059 0234 0073 0085 0068 9999         
MA01404 2019120700 0018 0000 0085 0244 0069 0079 0097 9999         
MA01421 2019120700 0018 0000 0083 0061 0007 0076 0089 9999         
MA01427 2019120700 0018 0022 0086 0168 0026 0083 0096 9999         
MA01428 2019120700 0018 0004 0066 0238 0130 0072 0068 9999         
MA01430 2019120700 0018 0008 0067 0249 0122 0069 0070 9999         
MA01440 2019120700 0018 0000 0071 0249 0038 0075 0086 9999         
MA01445 2019120700 0018 0001 0066 0266 0081 0073 0069 9999         
MA01404 2019120800 0018 0000 0087 0210 0051 0089 0097 9999         
MA01421 2019120800 0018 0000 0072 0140 0002 0082 0081 9999         
MA01427 2019120800 0018 0000 0079 0162 0028 0084 0096 9999         
MA01428 2019120800 0018 0000 0051 0227 0047 0088 0066 9999         
MA01430 2019120800 0018 0000 0051 0219 0063 0088 0062 9999         
MA01440 2019120800 0018 0000 0073 0197 0028 0094 0090 9999         
MA01445 2019120800 0018 0000 0061 0235 0068 0076 0063 9999         
MA01404 2019120900 0018 0123 0052 0311 0046 0078 0081 9999         
MA01421 2019120900 0018 0014 0058 0259 0171 0071 0091 9999         
MA01427 2019120900 0018 0056 0056 0210 0038 0087 0079 9999         
MA01428 2019120900 0018 0050 0030 0247 0142 0082 0054 9999         
MA01430 2019120900 0018 0036 0031 0251 0166 0082 0060 9999         
MA01440 2019120900 0018 0028 0046 0278 0021 0080 0068 9999         
MA01445 2019120900 0018 0028 0035 0254 0168 0078 0069 9999         
MA01404 2019121000 0018 0003 0028 0049 0081 0083 0040 9999         
MA01421 2019121000 0018 0176 0011 0027 0064 0088 0034 9999         
MA01427 2019121000 0018 0270 0024 0037 0069 0081 0038 9999         
MA01428 2019121000 0018 0249 -013 0051 0150 0097 0006 9999         
MA01430 2019121000 0018 0218 -014 0046 0153 0098 0007 9999         
MA01440 2019121000 0018 0016 0010 0013 0064 0091 0030 9999         
MA01445 2019121000 0018 0183 -014 0032 0170 0092 0012 9999         
MA01404 2019121100 0018 0000 0010 0336 0041 0052 0011 9999         
MA01421 2019121100 0018 0000 0012 0294 0002 0066 0012 9999         
MA01427 2019121100 0018 0000 0020 0145 0003 0068 0033 9999         
MA01428 2019121100 0018 0000 0004 0263 0021 0065 0004 9999         
MA01430 2019121100 0018 0000 0000 0255 0020 0064 0000 9999         
MA01440 2019121100 0018 0000 0014 0331 0022 0029 0014 9999         
MA01445 2019121100 0018 0000 0002 0276 0010 0064 0002 9999         
MA01404 2019121200 0018 0070 0000 0275 0021 0087 0040 9999         
MA01421 2019121200 0018 0021 0001 0254 0099 0091 0029 9999         
MA01427 2019121200 0018 0050 0012 0224 0036 0087 0039 9999         
MA01428 2019121200 0018 0029 -007 0248 0106 0087 0028 9999         
MA01430 2019121200 0018 0029 -009 0245 0125 0089 0024 9999         
MA01440 2019121200 0018 0040 -006 0302 0033 0079 0027 9999         
MA01445 2019121200 0018 0023 -011 0252 0088 0093 0021 9999         
MA01404 2019121300 0018 0150 0037 0270 0066 0079 0073 9999         
MA01421 2019121300 0018 0287 0038 0281 0162 0079 0078 9999         
MA01427 2019121300 0018 0239 0039 0270 0138 0089 0070 9999         
MA01428 2019121300 0018 0314 0004 0274 0094 0099 0031 9999         
MA01430 2019121300 0018 0233 0003 0268 0191 0098 0036 9999         
MA01440 2019121300 0018 0164 0005 0308 0163 0082 0054 9999         
MA01445 2019121300 0018 0356 0014 0280 0115 0088 0055 9999         
MA01404 2019121400 0018 0004 0080 0244 0094 0070 0080 9999         
MA01421 2019121400 0018 0003 0104 0264 0074 0035 0104 9999         
MA01427 2019121400 0018 0020 0063 0140 0026 0085 0063 9999         
MA01428 2019121400 0018 0021 0073 0267 0171 0046 0073 9999         
MA01430 2019121400 0018 0016 0078 0280 0174 0040 0078 9999         
MA01440 2019121400 0018 0000 0083 0251 0074 0053 0083 9999         
MA01445 2019121400 0018 0007 0096 0300 0205 0026 0096 9999         
MA01404 2019121500 0018 0000 0092 0220 0062 0092 0108 9999         
MA01421 2019121500 0018 0000 0098 0191 0004 0059 0116 9999         
MA01427 2019121500 0018 0000 0084 0152 0042 0082 0114 9999         
MA01428 2019121500 0018 0000 0067 0228 0075 0072 0114 9999         
MA01430 2019121500 0018 0000 0072 0221 0106 0067 0112 9999         
MA01440 2019121500 0018 0000 0076 0215 0028 0093 0088 9999         
MA01445 2019121500 0018 0000 0082 0244 0061 0058 0107 9999         
MA01404 2019121600 0018 0000 0100 0166 0024 0089 0109 9999         
MA01421 2019121600 0018 0000 0089 0259 0005 0078 0097 9999         
MA01427 2019121600 0018 0000 0101 0155 0026 0067 0113 9999         
MA01428 2019121600 0018 0000 0084 0214 0027 0067 0084 9999         
MA01430 2019121600 0018 0000 0081 0219 0040 0068 0081 9999         
MA01440 2019121600 0018 0000 0092 0176 0048 0090 0092 9999         
MA01445 2019121600 0018 0000 0087 0207 0058 0065 0087 9999         
MA01404 2019121700 0018 0000 0112 0219 0061 0071 0126 9999         
MA01421 2019121700 0018 0000 0118 0232 0014 0043 0122 9999         
MA01427 2019121700 0018 0000 0123 0163 0020 0035 0137 9999         
MA01428 2019121700 0018 0000 0103 0133 0068 0040 0113 9999         
MA01430 2019121700 0018 0000 0101 0129 0062 0041 0111 9999         
MA01440 2019121700 0018 0000 0097 0191 0068 0077 0103 9999         
MA01445 2019121700 0018 0000 0101 0128 0035 0043 0112 9999         
MA01404 2019121800 0018 0000 0103 0121 0034 0076 0116 9999         
MA01421 2019121800 0018 0000 0092 0246 0021 0074 0098 9999         
MA01427 2019121800 0018 0000 0110 0106 0015 0061 0123 9999         
MA01428 2019121800 0018 0000 0067 0102 0080 0083 0094 9999         
MA01430 2019121800 0018 0000 0067 0097 0086 0083 0091 9999         
MA01440 2019121800 0018 0000 0092 0146 0027 0086 0110 9999         
MA01445 2019121800 0018 0000 0070 0107 0037 0081 0088 9999         
MA01404 2019121900 0018 0000 0103 0205 0038 0075 0106 9999         
MA01421 2019121900 0018 0004 0089 0229 0037 0066 0093 9999         
MA01427 2019121900 0018 0004 0086 0154 0019 0077 0114 9999         
MA01428 2019121900 0018 0006 0070 0144 0054 0066 0077 9999         
MA01430 2019121900 0018 0006 0069 0134 0051 0068 0077 9999         
MA01440 2019121900 0018 0006 0090 0198 0033 0079 0095 9999         
MA01445 2019121900 0018 0006 0073 0153 0056 0067 0074 9999         
MA01404 2019122000 0018 0000 0085 0200 0130 0081 0098 9999         
MA01421 2019122000 0018 0000 0073 0202 0216 0074 0103 9999         
MA01427 2019122000 0018 0000 0080 0189 0110 0068 0095 9999         
MA01428 2019122000 0018 0000 0060 0211 0120 0064 0076 9999         
MA01430 2019122000 0018 0000 0060 0208 0169 0063 0084 9999         
MA01440 2019122000 0018 0015 0070 0199 0138 0090 0086 9999         
MA01445 2019122000 0018 0000 0055 0211 0140 0073 0084 9999         
MA01404 2019122100 0018 0345 0073 0231 0130 0079 0114 9999         
MA01421 2019122100 0018 0299 0080 0250 0354 0054 0111 9999         
MA01427 2019122100 0018 0432 0073 0217 0091 0088 0110 9999         
MA01428 2019122100 0018 0339 0039 0239 0214 0093 0086 9999         
MA01430 2019122100 0018 0300 0039 0235 0267 0087 0090 9999         
MA01440 2019122100 0018 0234 0076 0238 0110 0063 0104 9999         
MA01445 2019122100 0018 0343 0051 0240 0281 0071 0096 9999         
MA01404 2019122200 0018 0220 0073 0255 0079 0072 0098 9999         
MA01421 2019122200 0018 0392 0054 0280 0184 0085 0082 9999         
MA01427 2019122200 0018 0339 0062 0273 0055 0088 0092 9999         
MA01428 2019122200 0018 0281 0027 0270 0151 0100 0057 9999         
MA01430 2019122200 0018 0264 0026 0270 0190 0100 0056 9999         
MA01440 2019122200 0018 0200 0068 0253 0072 0062 0076 9999         
MA01445 2019122200 0018 0429 0031 0281 0134 0094 0056 9999         
MA01404 2019122300 0018 0000 0060 0296 0062 0045 0071 9999         
MA01421 2019122300 0018 0000 0054 0325 0158 0041 0062 9999         
MA01427 2019122300 0018 0000 0034 0140 0019 0079 0052 9999         
MA01428 2019122300 0018 0000 0016 0272 0120 0057 0019 9999         
MA01430 2019122300 0018 0000 0025 0292 0126 0046 0025 9999         
MA01440 2019122300 0018 0000 0047 0301 0070 0048 0054 9999         
MA01445 2019122300 0018 0000 0039 0311 0157 0036 0039 9999         
MA01404 2019122400 0018 0000 0072 0241 0105 0073 0079 9999         
MA01421 2019122400 0018 0000 0094 0291 0041 0035 0094 9999         
MA01427 2019122400 0018 0000 0058 0141 0030 0050 0073 9999         
MA01428 2019122400 0018 0000 0062 0260 0177 0039 0062 9999         
MA01430 2019122400 0018 0000 0066 0272 0173 0037 0066 9999         
MA01440 2019122400 0018 0000 0081 0244 0094 0067 0081 9999         
MA01445 2019122400 0018 0000 0090 0290 0187 0031 0090 9999         
MA01404 2019122500 0018 0000 0074 0308 0042 0043 0086 9999         
MA01421 2019122500 0018 0000 0061 0296 0038 0036 0065 9999         
MA01427 2019122500 0018 0000 0067 0028 0013 0039 0076 9999         
MA01428 2019122500 0018 0000 0042 0318 0080 0034 0042 9999         
MA01430 2019122500 0018 0000 0043 0328 0090 0033 0043 9999         
MA01440 2019122500 0018 0000 0063 0307 0054 0041 0075 9999         
MA01445 2019122500 0018 0000 0047 0333 0110 0032 0050 9999         
MA01404 2019122600 0018 9999 9999 9999 9999 9999 9999 9999         
MA01421 2019122600 0018 9999 9999 9999 9999 9999 9999 9999         
MA01427 2019122600 0018 9999 9999 9999 9999 9999 9999 9999         
MA01428 2019122600 0018 9999 9999 9999 9999 9999 9999 9999         
MA01430 2019122600 0018 9999 9999 9999 9999 9999 9999 9999         
MA01440 2019122600 0018 9999 9999 9999 9999 9999 9999 9999         
MA01445 2019122600 0018 9999 9999 9999 9999 9999 9999 9999         
MA01404 2019122700 0018 9999 9999 9999 9999 9999 9999 9999         
MA01421 2019122700 0018 9999 9999 9999 9999 9999 9999 9999         
MA01427 2019122700 0018 9999 9999 9999 9999 9999 9999 9999         
MA01428 2019122700 0018 9999 9999 9999 9999 9999 9999 9999         
MA01430 2019122700 0018 9999 9999 9999 9999 9999 9999 9999         
MA01440 2019122700 0018 9999 9999 9999 9999 9999 9999 9999         
MA01445 2019122700 0018 9999 9999 9999 9999 9999 9999 9999         
MA01404 2019122800 0018 0023 0000 0054 0077 0057 0014 9999         
MA01421 2019122800 0018 0019 -030 0020 0062 0070 -005 9999         
MA01427 2019122800 0018 0008 -021 0049 0073 0067 0012 9999         
MA01428 2019122800 0018 0002 -065 0041 0164 0086 -035 9999         
MA01430 2019122800 0018 0001 -064 0039 0168 0081 -037 9999         
MA01440 2019122800 0018 0006 -014 0065 0039 0082 0001 9999         
MA01445 2019122800 0018 0011 -059 0027 0155 0082 -033 9999         
MA01404 2019122900 0018 0000 -021 0031 0073 0083 -011 9999         
MA01421 2019122900 0018 0003 -036 0358 0060 0087 -029 9999         
MA01427 2019122900 0018 0005 -032 0032 0082 0086 -022 9999         
MA01428 2019122900 0018 0006 -066 0034 0148 0095 -059 9999         
MA01430 2019122900 0018 0004 -067 0036 0137 0097 -059 9999         
MA01440 2019122900 0018 0000 -022 0013 0046 0083 -016 9999         
MA01445 2019122900 0018 0004 -062 0022 0123 0095 -053 9999         
MA01404 2019123000 0018 0000 -019 0353 0054 0093 -007 9999         
MA01421 2019123000 0018 0000 -017 0346 0039 0084 -013 9999         
MA01427 2019123000 0018 0000 -011 0032 0034 0080 -001 9999         
MA01428 2019123000 0018 0000 -046 0070 0096 0093 -046 9999         
MA01430 2019123000 0018 0000 -044 0076 0100 0091 -044 9999         
MA01440 2019123000 0018 0000 -013 0347 0034 0058 -013 9999         
MA01445 2019123000 0018 0000 -042 0071 0084 0092 -041 9999         
MA01404 2019123100 0018 0000 0073 0318 0034 0032 0073 9999         
MA01421 2019123100 0018 0000 0053 0299 0028 0026 0053 9999         
MA01427 2019123100 0018 0000 0060 0047 0023 0031 0062 9999         
MA01428 2019123100 0018 0000 0043 0024 0053 0027 0043 9999         
MA01430 2019123100 0018 0000 0044 0024 0056 0028 0044 9999         
MA01440 2019123100 0018 0000 0065 0308 0037 0029 0065 9999         
MA01445 2019123100 0018 0000 0044 0017 0062 0025 0044 9999         
MA01404 2020010100 0018 9999 9999 9999 9999 9999 9999 9999         
MA01421 2020010100 0018 9999 9999 9999 9999 9999 9999 9999         
MA01427 2020010100 0018 9999 9999 9999 9999 9999 9999 9999         
MA01428 2020010100 0018 9999 9999 9999 9999 9999 9999 9999         
MA01430 2020010100 0018 9999 9999 9999 9999 9999 9999 9999         
MA01440 2020010100 0018 9999 9999 9999 9999 9999 9999 9999         
MA01445 2020010100 0018 9999 9999 9999 9999 9999 9999 9999         
MA01404 2020010200 0018 9999 9999 9999 9999 9999 9999 9999         
MA01421 2020010200 0018 9999 9999 9999 9999 9999 9999 9999         
MA01427 2020010200 0018 9999 9999 9999 9999 9999 9999 9999         
MA01428 2020010200 0018 9999 9999 9999 9999 9999 9999 9999         
MA01430 2020010200 0018 9999 9999 9999 9999 9999 9999 9999         
MA01440 2020010200 0018 9999 9999 9999 9999 9999 9999 9999         
MA01445 2020010200 0018 9999 9999 9999 9999 9999 9999 9999         
MA01404 2020010300 0018 9999 9999 9999 9999 9999 9999 9999         
MA01421 2020010300 0018 9999 9999 9999 9999 9999 9999 9999         
MA01427 2020010300 0018 9999 9999 9999 9999 9999 9999 9999         
MA01428 2020010300 0018 9999 9999 9999 9999 9999 9999 9999         
MA01430 2020010300 0018 9999 9999 9999 9999 9999 9999 9999         
MA01440 2020010300 0018 9999 9999 9999 9999 9999 9999 9999         
MA01445 2020010300 0018 9999 9999 9999 9999 9999 9999 9999         
MA01404 2020010400 0018 9999 9999 9999 9999 9999 9999 9999         
MA01421 2020010400 0018 9999 9999 9999 9999 9999 9999 9999         
MA01427 2020010400 0018 9999 9999 9999 9999 9999 9999 9999         
MA01428 2020010400 0018 9999 9999 9999 9999 9999 9999 9999         
MA01430 2020010400 0018 9999 9999 9999 9999 9999 9999 9999         
MA01440 2020010400 0018 9999 9999 9999 9999 9999 9999 9999         
MA01445 2020010400 0018 9999 9999 9999 9999 9999 9999 9999         
MA01404 2020010500 0018 9999 9999 9999 9999 9999 9999 9999         
MA01421 2020010500 0018 9999 9999 9999 9999 9999 9999 9999         
MA01427 2020010500 0018 9999 9999 9999 9999 9999 9999 9999         
MA01428 2020010500 0018 9999 9999 9999 9999 9999 9999 9999         
MA01430 2020010500 0018 9999 9999 9999 9999 9999 9999 9999         
MA01440 2020010500 0018 9999 9999 9999 9999 9999 9999 9999         
MA01445 2020010500 0018 9999 9999 9999 9999 9999 9999 9999         
MA01404 2020010600 0018 9999 9999 9999 9999 9999 9999 9999         
MA01421 2020010600 0018 9999 9999 9999 9999 9999 9999 9999         
MA01427 2020010600 0018 9999 9999 9999 9999 9999 9999 9999         
MA01428 2020010600 0018 9999 9999 9999 9999 9999 9999 9999         
MA01430 2020010600 0018 9999 9999 9999 9999 9999 9999 9999         
MA01440 2020010600 0018 9999 9999 9999 9999 9999 9999 9999         
MA01445 2020010600 0018 9999 9999 9999 9999 9999 9999 9999         
MA01404 2020010700 0018 9999 9999 9999 9999 9999 9999 9999         
MA01421 2020010700 0018 9999 9999 9999 9999 9999 9999 9999         
MA01427 2020010700 0018 9999 9999 9999 9999 9999 9999 9999         
MA01428 2020010700 0018 9999 9999 9999 9999 9999 9999 9999         
MA01430 2020010700 0018 9999 9999 9999 9999 9999 9999 9999         
MA01440 2020010700 0018 9999 9999 9999 9999 9999 9999 9999         
MA01445 2020010700 0018 9999 9999 9999 9999 9999 9999 9999         
MA01404 2020010800 0018 9999 9999 9999 9999 9999 9999 9999         
MA01421 2020010800 0018 9999 9999 9999 9999 9999 9999 9999         
MA01427 2020010800 0018 9999 9999 9999 9999 9999 9999 9999         
MA01428 2020010800 0018 9999 9999 9999 9999 9999 9999 9999         
MA01430 2020010800 0018 9999 9999 9999 9999 9999 9999 9999         
MA01440 2020010800 0018 9999 9999 9999 9999 9999 9999 9999         
MA01445 2020010800 0018 9999 9999 9999 9999 9999 9999 9999         
MA01404 2020010900 0018 9999 9999 9999 9999 9999 9999 9999         
MA01421 2020010900 0018 9999 9999 9999 9999 9999 9999 9999         
MA01427 2020010900 0018 9999 9999 9999 9999 9999 9999 9999         
MA01428 2020010900 0018 9999 9999 9999 9999 9999 9999 9999         
MA01430 2020010900 0018 9999 9999 9999 9999 9999 9999 9999         
MA01440 2020010900 0018 9999 9999 9999 9999 9999 9999 9999         
MA01445 2020010900 0018 9999 9999 9999 9999 9999 9999 9999         
MA01404 2020011000 0018 0000 0070 0028 0002 0058 0078 9999         
MA01421 2020011000 0018 0000 0062 0201 0003 0038 0064 9999         
MA01427 2020011000 0018 0000 0072 0224 0003 0053 0072 9999         
MA01428 2020011000 0018 0000 0041 0139 0009 0054 0054 9999         
MA01430 2020011000 0018 0000 0040 0196 0004 0054 0052 9999         
MA01440 2020011000 0018 0000 0062 0125 0007 0066 0067 9999         
MA01445 2020011000 0018 0000 0044 0108 0002 0042 0050 9999         
MA01404 2020011100 0018 0000 0026 0008 0020 0091 0041 9999         
MA01421 2020011100 0018 0000 0032 0296 0018 0085 0033 9999         
MA01427 2020011100 0018 0000 0043 0097 0024 0071 0053 9999         
MA01428 2020011100 0018 0001 0002 0098 0134 0095 0011 9999         
MA01430 2020011100 0018 0001 0000 0097 0116 0096 0012 9999         
MA01440 2020011100 0018 0000 0017 0312 0024 0089 0032 9999         
MA01445 2020011100 0018 0000 0007 0087 0075 0094 0014 9999         
MA01404 2020011200 0018 0000 0034 0336 0018 0062 0037 9999         
MA01421 2020011200 0018 0000 0028 0201 0009 0064 0036 9999         
MA01427 2020011200 0018 0000 0046 0059 0004 0044 0048 9999         
MA01428 2020011200 0018 0000 0011 0018 0038 0048 0015 9999         
MA01430 2020011200 0018 0000 0011 0007 0044 0048 0014 9999         
MA01440 2020011200 0018 0000 0036 0303 0020 0053 0039 9999         
MA01445 2020011200 0018 0000 0013 0350 0044 0052 0020 9999         
MA01404 2020011300 0018 0000 0049 0243 0031 0050 0054 9999         
MA01421 2020011300 0018 0000 0045 0339 0014 0035 0045 9999         
MA01427 2020011300 0018 0000 0043 0127 0021 0053 0057 9999         
MA01428 2020011300 0018 0000 0029 0213 0033 0042 0031 9999         
MA01430 2020011300 0018 0000 0028 0232 0026 0042 0029 9999         
MA01440 2020011300 0018 0000 0039 0263 0020 0048 0045 9999         
MA01445 2020011300 0018 0000 0029 0246 0010 0035 0029 9999         
MA01404 2020011400 0018 0000 0052 0265 0026 0069 0063 9999         
MA01421 2020011400 0018 0000 0041 0297 0011 0057 0045 9999         
MA01427 2020011400 0018 0000 0041 0116 0017 0067 0054 9999         
MA01428 2020011400 0018 0000 0018 0247 0031 0064 0022 9999         
MA01430 2020011400 0018 0000 0016 0237 0022 0065 0021 9999         
MA01440 2020011400 0018 0000 0040 0262 0021 0075 0049 9999         
MA01445 2020011400 0018 0000 0019 0274 0006 0061 0025 9999         
MA01404 2020011500 0018 0000 0062 0260 0021 0066 0073 9999         
MA01421 2020011500 0018 0000 0053 0201 0008 0050 0054 9999         
MA01427 2020011500 0018 0000 0063 0185 0003 0053 0063 9999         
MA01428 2020011500 0018 0000 0033 0258 0016 0052 0033 9999         
MA01430 2020011500 0018 0000 0031 0255 0023 0053 0031 9999         
MA01440 2020011500 0018 0000 0051 0260 0022 0069 0060 9999         
MA01445 2020011500 0018 0000 0035 0218 0013 0050 0036 9999         
MA01404 2020011600 0018 0000 0046 0318 0022 0077 0054 9999         
MA01421 2020011600 0018 0000 0046 0323 0014 0070 0051 9999         
MA01427 2020011600 0018 0000 0056 0282 0004 0066 0075 9999         
MA01428 2020011600 0018 0000 0044 0193 0007 0051 0047 9999         
MA01430 2020011600 0018 0000 0043 0246 0008 0051 0044 9999         
MA01440 2020011600 0018 0000 0041 0304 0026 0075 0054 9999         
MA01445 2020011600 0018 0000 0044 0271 0007 0053 0045 9999         
MA01404 2020011700 0018 0000 0059 0244 0077 0079 0072 9999         
MA01421 2020011700 0018 0000 0059 0113 0017 0061 0059 9999         
MA01427 2020011700 0018 0000 0048 0125 0024 0079 0056 9999         
MA01428 2020011700 0018 0000 0038 0273 0147 0069 0046 9999         
MA01430 2020011700 0018 0000 0043 0281 0117 0065 0043 9999         
MA01440 2020011700 0018 0000 0057 0244 0022 0075 0068 9999         
MA01445 2020011700 0018 0000 0052 0282 0015 0058 0052 9999         
MA01404 2020011800 0018 0134 0030 0322 0045 0093 0057 9999         
MA01421 2020011800 0018 0025 0026 0010 0016 0095 0050 9999         
MA01427 2020011800 0018 0050 0038 0351 0013 0085 0056 9999         
MA01428 2020011800 0018 0037 0004 0294 0027 0097 0027 9999         
MA01430 2020011800 0018 0046 0003 0285 0027 0097 0028 9999         
MA01440 2020011800 0018 0135 0014 0315 0056 0092 0048 9999         
MA01445 2020011800 0018 0028 0007 0295 0018 0097 0035 9999         
MA01404 2020011900 0018 0044 0014 0031 0046 0088 0025 9999         
MA01421 2020011900 0018 0071 0010 0321 0017 0080 0018 9999         
MA01427 2020011900 0018 0022 0019 0047 0039 0069 0036 9999         
MA01428 2020011900 0018 0126 -022 0080 0064 0091 -011 9999         
MA01430 2020011900 0018 0127 -023 0081 0049 0092 -012 9999         
MA01440 2020011900 0018 0008 0009 0034 0025 0084 0018 9999         
MA01445 2020011900 0018 0089 -017 0050 0043 0088 -007 9999         
MA01404 2020012000 0018 0009 0018 0082 0012 0088 0018 9999         
MA01421 2020012000 0018 0015 0007 0252 0019 0073 0008 9999         
MA01427 2020012000 0018 0001 0028 0154 0004 0066 0029 9999         
MA01428 2020012000 0018 0012 -023 0116 0108 0086 -023 9999         
MA01430 2020012000 0018 0010 -022 0119 0087 0085 -022 9999         
MA01440 2020012000 0018 0008 0000 0354 0024 0097 0001 9999         
MA01445 2020012000 0018 0018 -020 0114 0050 0084 -020 9999         
MA01404 2020012100 0018 0000 0010 0044 0005 0094 0010 9999         
MA01421 2020012100 0018 0000 0023 0188 0013 0082 0033 9999         
MA01427 2020012100 0018 0000 0066 0091 0001 0060 0066 9999         
MA01428 2020012100 0018 0000 0044 0301 0028 0062 0044 9999         
MA01430 2020012100 0018 0000 0040 0318 0015 0064 0040 9999         
MA01440 2020012100 0018 0001 0008 0298 0002 0091 0022 9999         
MA01445 2020012100 0018 0000 0033 0029 0005 0068 0033 9999         
MA01404 2020012200 0018 0000 0079 0296 0016 0068 0093 9999         
MA01421 2020012200 0018 0000 0076 0351 0008 0053 0079 9999         
MA01427 2020012200 0018 0000 0089 0282 0003 0055 0089 9999         
MA01428 2020012200 0018 0000 0062 0320 0023 0055 0069 9999         
MA01430 2020012200 0018 0000 0061 0302 0025 0057 0069 9999         
MA01440 2020012200 0018 0000 0080 0342 0006 0063 0086 9999         
MA01445 2020012200 0018 0000 0065 0310 0013 0049 0068 9999         
MA01404 2020012300 0018 0000 0042 0149 0015 0080 0060 9999         
MA01421 2020012300 0018 0000 0056 0176 0017 0058 0065 9999         
MA01427 2020012300 0018 0000 0092 0155 0005 0036 0092 9999         
MA01428 2020012300 0018 0000 0067 0155 0035 0037 0067 9999         
MA01430 2020012300 0018 0000 0064 0159 0043 0040 0064 9999         
MA01440 2020012300 0018 0000 0047 0162 0015 0071 0067 9999         
MA01445 2020012300 0018 0000 0060 0160 0044 0042 0060 9999         
MA01404 2020012400 0018 0000 0070 0196 0029 0073 0081 9999         
MA01421 2020012400 0018 0000 0062 0211 0007 0061 0062 9999         
MA01427 2020012400 0018 0000 0069 0139 0021 0056 0082 9999         
MA01428 2020012400 0018 0000 0051 0193 0019 0054 0061 9999         
MA01430 2020012400 0018 0000 0048 0211 0020 0056 0059 9999         
MA01440 2020012400 0018 0000 0058 0188 0022 0082 0066 9999         
MA01445 2020012400 0018 0000 0048 0195 0016 0059 0056 9999         
MA01404 2020012500 0018 0223 0070 0159 0019 0092 0074 9999         
MA01421 2020012500 0018 0004 0058 0359 0018 0077 0067 9999         
MA01427 2020012500 0018 0021 0070 0142 0027 0077 0087 9999         
MA01428 2020012500 0018 0016 0038 0206 0079 0083 0049 9999         
MA01430 2020012500 0018 0013 0038 0212 0071 0083 0048 9999         
MA01440 2020012500 0018 0144 0057 0145 0006 0090 0057 9999         
MA01445 2020012500 0018 0007 0043 0218 0067 0078 0049 9999         
MA01404 2020012600 0018 0056 0058 0290 0007 0092 0062 9999         
MA01421 2020012600 0018 0004 0048 0056 0014 0083 0059 9999         
MA01427 2020012600 0018 0001 0058 0124 0011 0083 0067 9999         
MA01428 2020012600 0018 0002 0027 0258 0101 0077 0034 9999         
MA01430 2020012600 0018 0003 0028 0274 0090 0076 0033 9999         
MA01440 2020012600 0018 0014 0046 0287 0003 0087 0046 9999         
MA01445 2020012600 0018 0003 0032 0275 0058 0076 0037 9999         
MA01404 2020012700 0018 0007 0069 0227 0083 0081 0072 9999         
MA01421 2020012700 0018 0002 0062 0118 0012 0061 0062 9999         
MA01427 2020012700 0018 0001 0057 0179 0023 0084 0064 9999         
MA01428 2020012700 0018 0004 0037 0239 0138 0071 0037 9999         
MA01430 2020012700 0018 0005 0040 0271 0138 0065 0040 9999         
MA01440 2020012700 0018 0019 0066 0237 0053 0072 0067 9999         
MA01445 2020012700 0018 0005 0050 0274 0115 0056 0050 9999         
MA01404 2020012800 0018 0003 0068 0238 0093 0083 0079 9999         
MA01421 2020012800 0018 0003 0079 0262 0352 0045 0079 9999         
MA01427 2020012800 0018 0003 0063 0223 0074 0086 0069 9999         
MA01428 2020012800 0018 0012 0031 0236 0276 0089 0034 9999         
MA01430 2020012800 0018 0007 0039 0255 0337 0070 0039 9999         
MA01440 2020012800 0018 0001 0060 0261 0070 0083 0071 9999         
MA01445 2020012800 0018 0008 0055 0257 0342 0048 0058 9999         
MA01404 2020012900 0018 0000 0064 0246 0067 0069 0068 9999         
MA01421 2020012900 0018 0001 0062 0258 0059 0049 0066 9999         
MA01427 2020012900 0018 0001 0048 0200 0020 0084 0056 9999         
MA01428 2020012900 0018 0002 0023 0247 0179 0073 0026 9999         
MA01430 2020012900 0018 0001 0026 0278 0188 0067 0032 9999         
MA01440 2020012900 0018 0000 0063 0271 0047 0049 0066 9999         
MA01445 2020012900 0018 0002 0045 0288 0202 0045 0045 9999         
MA01404 2020013000 0018 0000 0063 0231 0089 0065 0079 9999         
MA01421 2020013000 0018 0000 0065 0058 0017 0038 0065 9999         
MA01427 2020013000 0018 0000 0048 0143 0035 0060 0070 9999         
MA01428 2020013000 0018 0000 0053 0237 0165 0034 0053 9999         
MA01430 2020013000 0018 0000 0058 0254 0125 0030 0058 9999         
MA01440 2020013000 0018 0000 0061 0230 0080 0065 0065 9999         
MA01445 2020013000 0018 0000 0055 0260 0123 0033 0055 9999         
MA01404 2020013100 0018 0000 0088 0234 0064 0088 0088 9999         
MA01421 2020013100 0018 0000 0085 0142 0010 0077 0091 9999         
MA01427 2020013100 0018 0000 0086 0141 0019 0085 0086 9999         
MA01428 2020013100 0018 0000 0073 0267 0096 0080 0073 9999         
MA01430 2020013100 0018 0000 0071 0279 0075 0083 0071 9999         
MA01440 2020013100 0018 0000 0075 0172 0011 0091 0085 9999         
MA01445 2020013100 0018 0001 0073 0301 0049 0078 0073 9999         
MA01404 2020020100 0018 0000 0089 0229 0077 0090 0093 9999         
MA01421 2020020100 0018 0000 0092 0094 0008 0069 0092 9999         
MA01427 2020020100 0018 0002 0084 0183 0032 0087 0088 9999         
MA01428 2020020100 0018 0000 0064 0241 0185 0079 0064 9999         
MA01430 2020020100 0018 0000 0069 0258 0181 0071 0069 9999         
MA01440 2020020100 0018 0000 0086 0236 0056 0086 0086 9999         
MA01445 2020020100 0018 0000 0081 0251 0115 0064 0081 9999         
MA01404 2020020200 0018 0000 0107 0230 0117 0079 0114 9999         
MA01421 2020020200 0018 0000 0104 0043 0020 0062 0107 9999         
MA01427 2020020200 0018 0002 0092 0152 0031 0081 0102 9999         
MA01428 2020020200 0018 0000 0099 0255 0174 0051 0099 9999         
MA01430 2020020200 0018 0000 0099 0268 0154 0050 0099 9999         
MA01440 2020020200 0018 0000 0109 0243 0064 0070 0114 9999         
MA01445 2020020200 0018 0000 0099 0274 0125 0053 0099 9999         
MA01404 2020020300 0018 0000 0115 0238 0095 0072 0115 9999         
MA01421 2020020300 0018 0000 0137 0120 0012 0044 0137 9999         
MA01427 2020020300 0018 0000 0106 0129 0015 0071 0106 9999         
MA01428 2020020300 0018 0000 0114 0291 0126 0048 0114 9999         
MA01430 2020020300 0018 0000 0122 0319 0172 0043 0122 9999         
MA01440 2020020300 0018 0000 0137 0287 0073 0046 0137 9999         
MA01445 2020020300 0018 0000 0136 0321 0164 0036 0136 9999         
MA01404 2020020400 0018 0000 0031 0326 0068 0057 0099 9999         
MA01421 2020020400 0018 0003 0021 0332 0233 0054 0137 9999         
MA01427 2020020400 0018 0000 0024 0341 0060 0063 0092 9999         
MA01428 2020020400 0018 0000 -012 0322 0144 0066 0088 9999         
MA01430 2020020400 0018 0000 -012 0337 0206 0061 0095 9999         
MA01440 2020020400 0018 0000 0019 0304 0063 0054 0106 9999         
MA01445 2020020400 0018 0004 -007 0330 0230 0060 0119 9999         
MA01404 2020020500 0018 0000 0002 0009 0106 0057 0017 9999         
MA01421 2020020500 0018 0000 -013 0350 0089 0068 -005 9999         
MA01427 2020020500 0018 0000 -006 0360 0070 0063 0005 9999         
MA01428 2020020500 0018 0000 -046 0003 0216 0079 -034 9999         
MA01430 2020020500 0018 0000 -047 0001 0248 0080 -035 9999         
MA01440 2020020500 0018 0000 -011 0359 0066 0058 0011 9999         
MA01445 2020020500 0018 0000 -042 0357 0261 0078 -033 9999         
MA01404 2020020600 0018 0000 0020 0341 0015 0027 0020 9999         
MA01421 2020020600 0018 0000 -005 0283 0023 0035 -005 9999         
MA01427 2020020600 0018 0000 0005 0051 0047 0032 0005 9999         
MA01428 2020020600 0018 0000 -026 0049 0091 0032 -026 9999         
MA01430 2020020600 0018 0000 -025 0045 0099 0031 -025 9999         
MA01440 2020020600 0018 0000 0028 0202 0016 0020 0028 9999         
MA01445 2020020600 0018 0000 -023 0042 0087 0031 -023 9999         
MA01404 2020020700 0018 0000 0044 0304 0010 0056 0064 9999         
MA01421 2020020700 0018 0000 0039 0170 0007 0043 0046 9999         
MA01427 2020020700 0018 0000 0044 0213 0005 0042 0047 9999         
MA01428 2020020700 0018 0000 0020 0327 0023 0037 0022 9999         
MA01430 2020020700 0018 0000 0020 0332 0029 0037 0023 9999         
MA01440 2020020700 0018 0000 0041 0328 0004 0064 0054 9999         
MA01445 2020020700 0018 0000 0023 0340 0036 0039 0024 9999         
MA01404 2020020800 0018 0000 0054 0261 0025 0038 0058 9999         
MA01421 2020020800 0018 0000 0047 0182 0009 0044 0047 9999         
MA01427 2020020800 0018 0000 0061 0163 0003 0039 0063 9999         
MA01428 2020020800 0018 0000 0041 0285 0054 0020 0041 9999         
MA01430 2020020800 0018 0000 0040 0297 0042 0021 0040 9999         
MA01440 2020020800 0018 0000 0043 0274 0016 0041 0048 9999         
MA01445 2020020800 0018 0000 0041 0304 0027 0028 0041 9999         
MA01404 2020020900 0018 0000 0054 0218 0059 0081 0069 9999         
MA01421 2020020900 0018 0000 0057 0119 0005 0058 0064 9999         
MA01427 2020020900 0018 0000 0044 0143 0036 0055 0067 9999         
MA01428 2020020900 0018 0000 0033 0227 0141 0068 0045 9999         
MA01430 2020020900 0018 0000 0036 0237 0110 0069 0044 9999         
MA01440 2020020900 0018 0000 0042 0202 0038 0085 0060 9999         
MA01445 2020020900 0018 0000 0038 0242 0091 0063 0048 9999         
MA01404 2020021000 0018 0000 0089 0218 0141 0088 0089 9999         
MA01421 2020021000 0018 0001 0120 0253 0158 0049 0130 9999         
MA01427 2020021000 0018 0004 0084 0181 0051 0087 0084 9999         
MA01428 2020021000 0018 0002 0058 0235 0287 0084 0066 9999         
MA01430 2020021000 0018 0001 0066 0254 0335 0073 0078 9999         
MA01440 2020021000 0018 0000 0091 0229 0116 0073 0091 9999         
MA01445 2020021000 0018 0002 0106 0261 0342 0043 0122 9999         
MA01404 2020021100 0018 0000 0088 0234 0081 0076 0099 9999         
MA01421 2020021100 0018 0000 0104 0247 0090 0048 0122 9999         
MA01427 2020021100 0018 0000 0075 0180 0032 0083 0089 9999         
MA01428 2020021100 0018 0000 0056 0234 0195 0073 0066 9999         
MA01430 2020021100 0018 0000 0063 0267 0191 0065 0072 9999         
MA01440 2020021100 0018 0000 0086 0240 0065 0068 0099 9999         
MA01445 2020021100 0018 0000 0093 0273 0193 0042 0108 9999         
MA01404 2020021200 0018 0000 0065 0259 0028 0051 0079 9999         
MA01421 2020021200 0018 0000 0053 0185 0015 0043 0074 9999         
MA01427 2020021200 0018 0000 0062 0117 0022 0043 0079 9999         
MA01428 2020021200 0018 0000 0036 0265 0068 0038 0036 9999         
MA01430 2020021200 0018 0000 0035 0278 0058 0039 0035 9999         
MA01440 2020021200 0018 0000 0053 0279 0026 0051 0063 9999         
MA01445 2020021200 0018 0000 0039 0285 0043 0037 0045 9999         
MA01404 2020021300 0018 0000 0079 0226 0068 0082 0089 9999         
MA01421 2020021300 0018 0000 0074 0065 0013 0058 0075 9999         
MA01427 2020021300 0018 0000 0059 0180 0029 0084 0087 9999         
MA01428 2020021300 0018 0000 0041 0229 0165 0072 0048 9999         
MA01430 2020021300 0018 0000 0048 0247 0144 0063 0051 9999         
MA01440 2020021300 0018 0000 0066 0221 0053 0071 0073 9999         
MA01445 2020021300 0018 0000 0047 0252 0108 0066 0052 9999         
MA01404 2020021400 0018 0003 0060 0322 0038 0052 0077 9999         
MA01421 2020021400 0018 0036 0047 0309 0022 0045 0071 9999         
MA01427 2020021400 0018 0034 0052 0039 0034 0045 0073 9999         
MA01428 2020021400 0018 0038 0025 0034 0062 0045 0031 9999         
MA01430 2020021400 0018 0017 0026 0044 0063 0045 0033 9999         
MA01440 2020021400 0018 0035 0057 0304 0033 0043 0067 9999         
MA01445 2020021400 0018 0051 0027 0032 0059 0047 0047 9999         
MA01404 2020021500 0018 0000 0094 0262 0006 0034 0094 9999         
MA01421 2020021500 0018 0000 0061 0198 0014 0050 0068 9999         
MA01427 2020021500 0018 0000 0081 0033 0005 0034 0088 9999         
MA01428 2020021500 0018 0000 0052 0008 0032 0033 0052 9999         
MA01430 2020021500 0018 0000 0050 0002 0036 0034 0050 9999         
MA01440 2020021500 0018 0000 0074 0271 0016 0052 0079 9999         
MA01445 2020021500 0018 0000 0053 0356 0038 0037 0053 9999         
MA01404 2020021600 0018 0000 0096 0251 0034 0037 0109 9999         
MA01421 2020021600 0018 0000 0099 0349 0011 0038 0099 9999         
MA01427 2020021600 0018 0000 0098 0168 0013 0043 0104 9999         
MA01428 2020021600 0018 0000 0084 0267 0033 0028 0084 9999         
MA01430 2020021600 0018 0000 0083 0263 0024 0028 0083 9999         
MA01440 2020021600 0018 0000 0087 0360 0004 0055 0107 9999         
MA01445 2020021600 0018 0000 0086 0230 0015 0032 0086 9999         
MA01404 2020021700 0018 0000 0088 0227 0065 0077 0107 9999         
MA01421 2020021700 0018 0000 0101 0000 0013 0045 0105 9999         
MA01427 2020021700 0018 0000 0089 0152 0030 0055 0104 9999         
MA01428 2020021700 0018 0000 0098 0228 0122 0035 0098 9999         
MA01430 2020021700 0018 0000 0099 0243 0089 0035 0099 9999         
MA01440 2020021700 0018 0000 0082 0227 0014 0074 0096 9999         
MA01445 2020021700 0018 0000 0096 0250 0062 0036 0096 9999         
MA01404 2020021800 0018 0002 0066 0342 0012 0094 0087 9999         
MA01421 2020021800 0018 0000 0058 0002 0019 0095 0074 9999         
MA01427 2020021800 0018 0000 0079 0282 0007 0084 0111 9999         
MA01428 2020021800 0018 0000 0038 0047 0017 0096 0044 9999         
MA01430 2020021800 0018 0000 0037 0022 0009 0097 0044 9999         
MA01440 2020021800 0018 0002 0064 0242 0002 0083 0075 9999         
MA01445 2020021800 0018 0000 0040 0342 0020 0097 0050 9999         
MA01404 2020021900 0018 0009 0063 0263 0025 0080 0080 9999         
MA01421 2020021900 0018 0011 0045 0177 0008 0077 0067 9999         
MA01427 2020021900 0018 0019 0053 0265 0006 0085 0068 9999         
MA01428 2020021900 0018 0035 0017 0288 0081 0087 0035 9999         
MA01430 2020021900 0018 0029 0018 0307 0089 0084 0033 9999         
MA01440 2020021900 0018 0002 0056 0293 0045 0059 0065 9999         
MA01445 2020021900 0018 0008 0027 0315 0087 0068 0038 9999         
MA01404 2020022000 0018 0001 0038 0172 0018 0046 0048 9999         
MA01421 2020022000 0018 0003 0032 0004 0008 0043 0032 9999         
MA01427 2020022000 0018 0007 0049 0113 0004 0035 0049 9999         
MA01428 2020022000 0018 0010 0011 0073 0042 0032 0011 9999         
MA01430 2020022000 0018 0007 0011 0062 0034 0034 0011 9999         
MA01440 2020022000 0018 0000 0036 0202 0023 0058 0049 9999         
MA01445 2020022000 0018 0009 0013 0061 0017 0031 0013 9999         
MA01404 2020022100 0018 0000 0043 0140 0015 0071 0079 9999         
MA01421 2020022100 0018 0000 0037 0316 0007 0072 0070 9999         
MA01427 2020022100 0018 0000 0059 0071 0024 0054 0081 9999         
MA01428 2020022100 0018 0000 0014 0075 0061 0069 0043 9999         
MA01430 2020022100 0018 0000 0015 0063 0048 0066 0046 9999         
MA01440 2020022100 0018 0000 0052 0326 0016 0060 0072 9999         
MA01445 2020022100 0018 0000 0016 0064 0034 0077 0056 9999         
MA01404 2020022200 0018 0000 0081 0273 0024 0054 0097 9999         
MA01421 2020022200 0018 0000 0076 0207 0007 0049 0076 9999         
MA01427 2020022200 0018 0000 0081 0176 0011 0055 0093 9999         
MA01428 2020022200 0018 0000 0057 0320 0036 0046 0057 9999         
MA01430 2020022200 0018 0000 0056 0332 0034 0046 0056 9999         
MA01440 2020022200 0018 0000 0081 0264 0010 0047 0082 9999         
MA01445 2020022200 0018 0000 0061 0340 0038 0043 0061 9999         
MA01404 2020022300 0018 0000 0102 0233 0108 0068 0115 9999         
MA01421 2020022300 0018 0000 0126 0036 0014 0037 0129 9999         
MA01427 2020022300 0018 0000 0089 0144 0029 0065 0113 9999         
MA01428 2020022300 0018 0000 0119 0274 0130 0035 0119 9999         
MA01430 2020022300 0018 0000 0122 0294 0121 0034 0122 9999         
MA01440 2020022300 0018 0000 0104 0243 0077 0060 0116 9999         
MA01445 2020022300 0018 0000 0134 0306 0107 0029 0134 9999         
MA01404 2020022400 0018 0000 0132 0243 0059 0050 0151 9999         
MA01421 2020022400 0018 0000 0135 0355 0011 0043 0141 9999         
MA01427 2020022400 0018 0000 0119 0148 0019 0058 0152 9999         
MA01428 2020022400 0018 0000 0127 0231 0064 0034 0127 9999         
MA01430 2020022400 0018 0000 0125 0242 0041 0035 0125 9999         
MA01440 2020022400 0018 0000 0130 0274 0009 0050 0150 9999         
MA01445 2020022400 0018 0000 0125 0268 0027 0037 0125 9999         
MA01404 2020022500 0018 0000 0088 0213 0100 0076 0108 9999         
MA01421 2020022500 0018 0000 0082 0243 0150 0054 0125 9999         
MA01427 2020022500 0018 0000 0073 0135 0031 0073 0104 9999         
MA01428 2020022500 0018 0000 0062 0225 0232 0059 0101 9999         
MA01430 2020022500 0018 0000 0076 0239 0199 0045 0103 9999         
MA01440 2020022500 0018 0000 0088 0222 0093 0068 0110 9999         
MA01445 2020022500 0018 0000 0070 0242 0200 0050 0109 9999         
MA01404 2020022600 0018 0034 0021 0260 0073 0053 0070 9999         
MA01421 2020022600 0018 0055 0005 0285 0253 0054 0069 9999         
MA01427 2020022600 0018 0033 0005 0265 0055 0072 0056 9999         
MA01428 2020022600 0018 0051 -029 0266 0184 0073 0020 9999         
MA01430 2020022600 0018 0053 -029 0281 0255 0068 0020 9999         
MA01440 2020022600 0018 0053 0016 0273 0072 0047 0063 9999         
MA01445 2020022600 0018 0057 -021 0280 0233 0060 0043 9999         
MA01404 2020022700 0018 0004 0034 0215 0150 0073 0041 9999         
MA01421 2020022700 0018 0022 0026 0251 0253 0061 0027 9999         
MA01427 2020022700 0018 0004 0025 0170 0052 0065 0032 9999         
MA01428 2020022700 0018 0023 -004 0226 0294 0067 -004 9999         
MA01430 2020022700 0018 0020 0007 0246 0317 0064 0007 9999         
MA01440 2020022700 0018 0023 0024 0221 0126 0081 0031 9999         
MA01445 2020022700 0018 0027 0008 0249 0300 0063 0008 9999         
MA01404 2020022800 0018 9999 9999 9999 9999 9999 9999 9999         
MA01421 2020022800 0018 9999 9999 9999 9999 9999 9999 9999         
MA01427 2020022800 0018 9999 9999 9999 9999 9999 9999 9999         
MA01428 2020022800 0018 9999 9999 9999 9999 9999 9999 9999         
MA01430 2020022800 0018 9999 9999 9999 9999 9999 9999 9999         
MA01440 2020022800 0018 9999 9999 9999 9999 9999 9999 9999         
MA01445 2020022800 0018 9999 9999 9999 9999 9999 9999 9999         
MA01404 2020022900 0018 0000 0066 0213 0087 0072 0080 9999         
MA01421 2020022900 0018 0000 0061 0059 0011 0050 0074 9999         
MA01427 2020022900 0018 0000 0061 0143 0040 0050 0072 9999         
MA01428 2020022900 0018 0000 0043 0213 0188 0047 0052 9999         
MA01430 2020022900 0018 0000 0047 0223 0153 0046 0053 9999         
MA01440 2020022900 0018 0000 0059 0199 0072 0079 0067 9999         
MA01445 2020022900 0018 0000 0045 0238 0093 0048 0050 9999         
