MA01404 2019120100 0018 0000 0089 0200 0042 0078 0089 9999         
MA01421 2019120100 0018 0000 0081 0247 0019 0057 0084 9999         
MA01427 2019120100 0018 0000 0085 0170 0028 0058 0096 9999         
MA01428 2019120100 0018 0000 0064 0182 0023 0059 0064 9999         
MA01430 2019120100 0018 0000 0064 0182 0023 0059 0064 9999         
MA01440 2019120100 0018 0000 0074 0184 0049 0093 0074 9999         
MA01445 2019120100 0018 0000 0063 0217 0036 0060 0067 9999         
MA01404 2019120200 0018 0113 0065 0335 0027 0092 0103 9999         
MA01421 2019120200 0018 0000 0098 0204 0006 0081 0104 9999         
MA01427 2019120200 0018 0000 0103 0207 0049 0085 0103 9999         
MA01428 2019120200 0018 0000 0076 0228 0101 0089 0078 9999         
MA01430 2019120200 0018 0000 0076 0228 0101 0088 0079 9999         
MA01440 2019120200 0018 0735 0067 0005 0023 0094 0092 9999         
MA01445 2019120200 0018 0000 0076 0236 0094 0089 0079 9999         
MA01404 2019120300 0018 0017 0032 0030 0029 0088 0056 9999         
MA01421 2019120300 0018 0044 0023 0266 0010 0079 0046 9999         
MA01427 2019120300 0018 0022 0049 0067 0031 0056 0073 9999         
MA01428 2019120300 0018 0030 0007 0082 0038 0067 0027 9999         
MA01430 2019120300 0018 0034 0006 0082 0038 0065 0026 9999         
MA01440 2019120300 0018 0003 0016 0021 0050 0078 0033 9999         
MA01445 2019120300 0018 0043 0006 0075 0027 0074 0028 9999         
MA01404 2019120400 0018 0000 0029 0061 0033 0078 0041 9999         
MA01421 2019120400 0018 0000 0035 0171 0021 0040 0035 9999         
MA01427 2019120400 0018 0000 0086 0069 0027 0023 0086 9999         
MA01428 2019120400 0018 0000 0034 0121 0094 0028 0035 9999         
MA01430 2019120400 0018 0000 0033 0121 0094 0028 0035 9999         
MA01440 2019120400 0018 0000 0021 0025 0031 0077 0021 9999         
MA01445 2019120400 0018 0000 0027 0129 0061 0031 0028 9999         
MA01404 2019120500 0018 0000 0044 0091 0014 0088 0048 9999         
MA01421 2019120500 0018 0000 0073 0174 0014 0056 0073 9999         
MA01427 2019120500 0018 0000 0115 0039 0007 0046 0115 9999         
MA01428 2019120500 0018 0000 0072 0145 0024 0055 0072 9999         
MA01430 2019120500 0018 0000 0070 0145 0024 0055 0070 9999         
MA01440 2019120500 0018 0002 0043 0080 0006 0079 0044 9999         
MA01445 2019120500 0018 0000 0066 0160 0020 0058 0066 9999         
MA01404 2019120600 0018 0000 0089 0222 0019 0089 0100 9999         
MA01421 2019120600 0018 0000 0087 0274 0007 0071 0089 9999         
MA01427 2019120600 0018 0000 0087 0198 0029 0079 0099 9999         
MA01428 2019120600 0018 0000 0062 0228 0037 0080 0064 9999         
MA01430 2019120600 0018 0000 0061 0228 0037 0080 0063 9999         
MA01440 2019120600 0018 0000 0076 0218 0028 0083 0086 9999         
MA01445 2019120600 0018 0000 0063 0243 0045 0078 0069 9999         
MA01404 2019120700 0018 0002 0081 0237 0027 0085 0091 9999         
MA01421 2019120700 0018 0002 0072 0257 0019 0061 0087 9999         
MA01427 2019120700 0018 0010 0070 0197 0024 0077 0082 9999         
MA01428 2019120700 0018 0001 0050 0259 0058 0071 0057 9999         
MA01430 2019120700 0018 0001 0050 0259 0058 0071 0056 9999         
MA01440 2019120700 0018 0000 0073 0250 0031 0085 0079 9999         
MA01445 2019120700 0018 0003 0053 0281 0033 0066 0062 9999         
MA01404 2019120800 0018 9999 9999 9999 9999 9999 9999 9999         
MA01421 2019120800 0018 9999 9999 9999 9999 9999 9999 9999         
MA01427 2019120800 0018 9999 9999 9999 9999 9999 9999 9999         
MA01428 2019120800 0018 9999 9999 9999 9999 9999 9999 9999         
MA01430 2019120800 0018 9999 9999 9999 9999 9999 9999 9999         
MA01440 2019120800 0018 9999 9999 9999 9999 9999 9999 9999         
MA01445 2019120800 0018 9999 9999 9999 9999 9999 9999 9999         
MA01404 2019120900 0018 0000 0068 0239 0041 0078 0086 9999         
MA01421 2019120900 0018 0003 0058 0262 0121 0061 0085 9999         
MA01427 2019120900 0018 0005 0054 0213 0042 0083 0080 9999         
MA01428 2019120900 0018 0001 0031 0246 0113 0074 0052 9999         
MA01430 2019120900 0018 0001 0034 0246 0113 0070 0051 9999         
MA01440 2019120900 0018 0000 0060 0230 0026 0074 0073 9999         
MA01445 2019120900 0018 0003 0036 0262 0121 0067 0057 9999         
MA01404 2019121000 0018 9999 9999 9999 9999 9999 9999 9999         
MA01421 2019121000 0018 9999 9999 9999 9999 9999 9999 9999         
MA01427 2019121000 0018 9999 9999 9999 9999 9999 9999 9999         
MA01428 2019121000 0018 9999 9999 9999 9999 9999 9999 9999         
MA01430 2019121000 0018 9999 9999 9999 9999 9999 9999 9999         
MA01440 2019121000 0018 9999 9999 9999 9999 9999 9999 9999         
MA01445 2019121000 0018 9999 9999 9999 9999 9999 9999 9999         
MA01404 2019121100 0018 0000 0014 0350 0021 0063 0016 9999         
MA01421 2019121100 0018 0000 0017 0011 0002 0050 0017 9999         
MA01427 2019121100 0018 0000 0027 0048 0019 0042 0027 9999         
MA01428 2019121100 0018 0000 -007 0328 0018 0051 -007 9999         
MA01430 2019121100 0018 0000 -009 0328 0018 0053 -009 9999         
MA01440 2019121100 0018 0000 0016 0332 0012 0042 0016 9999         
MA01445 2019121100 0018 0000 -001 0325 0015 0048 -001 9999         
MA01404 2019121200 0018 0025 0018 0222 0012 0086 0032 9999         
MA01421 2019121200 0018 0005 0029 0254 0060 0069 0036 9999         
MA01427 2019121200 0018 0010 0028 0212 0041 0083 0036 9999         
MA01428 2019121200 0018 0010 0003 0236 0052 0082 0014 9999         
MA01430 2019121200 0018 0012 0002 0236 0052 0083 0014 9999         
MA01440 2019121200 0018 0032 -018 0348 0016 0089 0016 9999         
MA01445 2019121200 0018 0006 0005 0254 0060 0078 0016 9999         
MA01404 2019121300 0018 0131 0003 0299 0050 0087 0068 9999         
MA01421 2019121300 0018 0211 0026 0284 0111 0074 0059 9999         
MA01427 2019121300 0018 0201 0021 0275 0052 0086 0069 9999         
MA01428 2019121300 0018 0174 -009 0280 0152 0096 0037 9999         
MA01430 2019121300 0018 0155 -011 0280 0152 0098 0038 9999         
MA01440 2019121300 0018 0205 -009 0318 0156 0092 0045 9999         
MA01445 2019121300 0018 0216 0003 0284 0111 0082 0037 9999         
MA01404 2019121400 0018 0001 0082 0235 0053 0071 0082 9999         
MA01421 2019121400 0018 0007 0105 0266 0047 0037 0105 9999         
MA01427 2019121400 0018 0022 0066 0197 0037 0080 0066 9999         
MA01428 2019121400 0018 0018 0076 0286 0162 0046 0076 9999         
MA01430 2019121400 0018 0015 0081 0286 0162 0042 0081 9999         
MA01440 2019121400 0018 0000 0086 0246 0047 0051 0086 9999         
MA01445 2019121400 0018 0011 0085 0295 0135 0039 0085 9999         
MA01404 2019121500 0018 0000 0090 0215 0036 0088 0102 9999         
MA01421 2019121500 0018 0000 0101 0249 0020 0051 0117 9999         
MA01427 2019121500 0018 0000 0094 0174 0031 0062 0110 9999         
MA01428 2019121500 0018 0000 0085 0210 0027 0053 0093 9999         
MA01430 2019121500 0018 0000 0085 0210 0027 0053 0093 9999         
MA01440 2019121500 0018 0000 0079 0215 0051 0092 0090 9999         
MA01445 2019121500 0018 0000 0085 0232 0033 0052 0094 9999         
MA01404 2019121600 0018 0000 0093 0163 0017 0085 0103 9999         
MA01421 2019121600 0018 0000 0105 0312 0005 0052 0105 9999         
MA01427 2019121600 0018 0000 0119 0147 0010 0041 0119 9999         
MA01428 2019121600 0018 0000 0090 0173 0033 0047 0090 9999         
MA01430 2019121600 0018 0000 0089 0173 0033 0049 0089 9999         
MA01440 2019121600 0018 0000 0086 0183 0023 0088 0086 9999         
MA01445 2019121600 0018 0000 0092 0189 0044 0048 0092 9999         
MA01404 2019121700 0018 0000 0113 0208 0024 0065 0123 9999         
MA01421 2019121700 0018 0000 0122 0236 0016 0036 0127 9999         
MA01427 2019121700 0018 0000 0125 0148 0024 0036 0135 9999         
MA01428 2019121700 0018 0000 0109 0161 0025 0033 0116 9999         
MA01430 2019121700 0018 0000 0108 0161 0025 0034 0116 9999         
MA01440 2019121700 0018 0000 0088 0195 0048 0080 0096 9999         
MA01445 2019121700 0018 0000 0106 0170 0029 0036 0113 9999         
MA01404 2019121800 0018 0000 0100 0116 0016 0079 0118 9999         
MA01421 2019121800 0018 0000 0090 0195 0018 0068 0104 9999         
MA01427 2019121800 0018 0000 0105 0108 0022 0060 0113 9999         
MA01428 2019121800 0018 0000 0072 0128 0062 0070 0083 9999         
MA01430 2019121800 0018 0000 0071 0128 0062 0070 0082 9999         
MA01440 2019121800 0018 0000 0086 0102 0004 0089 0109 9999         
MA01445 2019121800 0018 0000 0068 0132 0043 0074 0080 9999         
MA01404 2019121900 0018 0061 0090 0207 0011 0080 0090 9999         
MA01421 2019121900 0018 0024 0096 0200 0017 0067 0096 9999         
MA01427 2019121900 0018 0050 0092 0177 0020 0071 0112 9999         
MA01428 2019121900 0018 0032 0074 0171 0029 0069 0074 9999         
MA01430 2019121900 0018 0030 0074 0171 0029 0070 0074 9999         
MA01440 2019121900 0018 0017 0087 0223 0015 0081 0089 9999         
MA01445 2019121900 0018 0029 0072 0180 0044 0074 0072 9999         
MA01404 2019122000 0018 0000 0080 0194 0088 0086 0086 9999         
MA01421 2019122000 0018 0000 0074 0212 0199 0067 0104 9999         
MA01427 2019122000 0018 0000 0078 0203 0110 0070 0096 9999         
MA01428 2019122000 0018 0000 0058 0209 0120 0068 0080 9999         
MA01430 2019122000 0018 0000 0059 0209 0120 0068 0078 9999         
MA01440 2019122000 0018 0012 0076 0201 0145 0089 0076 9999         
MA01445 2019122000 0018 0000 0056 0212 0199 0070 0080 9999         
MA01404 2019122100 0018 0153 0075 0232 0109 0082 0114 9999         
MA01421 2019122100 0018 0190 0080 0251 0369 0055 0113 9999         
MA01427 2019122100 0018 0296 0075 0223 0110 0085 0110 9999         
MA01428 2019122100 0018 0224 0048 0246 0344 0077 0081 9999         
MA01430 2019122100 0018 0204 0050 0246 0344 0072 0081 9999         
MA01440 2019122100 0018 0227 0070 0241 0094 0071 0105 9999         
MA01445 2019122100 0018 0210 0057 0251 0369 0060 0089 9999         
MA01404 2019122200 0018 0207 0076 0263 0067 0074 0077 9999         
MA01421 2019122200 0018 0124 0054 0276 0212 0074 0063 9999         
MA01427 2019122200 0018 0253 0055 0270 0091 0086 0064 9999         
MA01428 2019122200 0018 0170 0023 0271 0234 0093 0034 9999         
MA01430 2019122200 0018 0177 0025 0271 0234 0090 0034 9999         
MA01440 2019122200 0018 0200 0073 0303 0203 0057 0073 9999         
MA01445 2019122200 0018 0128 0031 0276 0212 0082 0038 9999         
MA01404 2019122300 0018 0000 0059 0295 0043 0046 0069 9999         
MA01421 2019122300 0018 0000 0057 0324 0150 0037 0063 9999         
MA01427 2019122300 0018 0000 0038 0193 0020 0073 0053 9999         
MA01428 2019122300 0018 0000 0027 0313 0147 0046 0029 9999         
MA01430 2019122300 0018 0000 0031 0313 0147 0042 0031 9999         
MA01440 2019122300 0018 0000 0053 0310 0054 0046 0059 9999         
MA01445 2019122300 0018 0000 0037 0324 0150 0039 0038 9999         
MA01404 2019122400 0018 0000 0073 0235 0052 0062 0079 9999         
MA01421 2019122400 0018 0000 0094 0274 0034 0033 0094 9999         
MA01427 2019122400 0018 0000 0065 0198 0036 0038 0071 9999         
MA01428 2019122400 0018 0000 0069 0276 0138 0033 0069 9999         
MA01430 2019122400 0018 0000 0072 0276 0138 0032 0072 9999         
MA01440 2019122400 0018 0000 0083 0253 0068 0068 0083 9999         
MA01445 2019122400 0018 0000 0074 0287 0124 0034 0074 9999         
MA01404 2019122500 0018 0000 0079 0308 0030 0043 0086 9999         
MA01421 2019122500 0018 0000 0066 0287 0026 0035 0075 9999         
MA01427 2019122500 0018 0000 0077 0020 0009 0035 0080 9999         
MA01428 2019122500 0018 0000 0043 0325 0114 0040 0051 9999         
MA01430 2019122500 0018 0000 0043 0325 0114 0040 0053 9999         
MA01440 2019122500 0018 0000 0066 0307 0035 0044 0087 9999         
MA01445 2019122500 0018 0000 0045 0325 0078 0038 0054 9999         
MA01404 2019122600 0018 9999 9999 9999 9999 9999 9999 9999         
MA01421 2019122600 0018 9999 9999 9999 9999 9999 9999 9999         
MA01427 2019122600 0018 9999 9999 9999 9999 9999 9999 9999         
MA01428 2019122600 0018 9999 9999 9999 9999 9999 9999 9999         
MA01430 2019122600 0018 9999 9999 9999 9999 9999 9999 9999         
MA01440 2019122600 0018 9999 9999 9999 9999 9999 9999 9999         
MA01445 2019122600 0018 9999 9999 9999 9999 9999 9999 9999         
MA01404 2019122700 0018 9999 9999 9999 9999 9999 9999 9999         
MA01421 2019122700 0018 9999 9999 9999 9999 9999 9999 9999         
MA01427 2019122700 0018 9999 9999 9999 9999 9999 9999 9999         
MA01428 2019122700 0018 9999 9999 9999 9999 9999 9999 9999         
MA01430 2019122700 0018 9999 9999 9999 9999 9999 9999 9999         
MA01440 2019122700 0018 9999 9999 9999 9999 9999 9999 9999         
MA01445 2019122700 0018 9999 9999 9999 9999 9999 9999 9999         
MA01404 2019122800 0018 0020 0002 0048 0056 0072 0018 9999         
MA01421 2019122800 0018 0064 -028 0013 0045 0075 -002 9999         
MA01427 2019122800 0018 0029 -020 0046 0078 0066 0012 9999         
MA01428 2019122800 0018 0020 -057 0039 0146 0075 -030 9999         
MA01430 2019122800 0018 0019 -057 0039 0146 0071 -031 9999         
MA01440 2019122800 0018 0012 -008 0043 0038 0090 0005 9999         
MA01445 2019122800 0018 0056 -055 0032 0144 0079 -027 9999         
MA01404 2019122900 0018 0000 -007 0030 0059 0072 0006 9999         
MA01421 2019122900 0018 0007 -034 0007 0061 0091 -024 9999         
MA01427 2019122900 0018 0004 -021 0044 0075 0075 -014 9999         
MA01428 2019122900 0018 0004 -059 0033 0112 0095 -055 9999         
MA01430 2019122900 0018 0002 -060 0033 0112 0096 -056 9999         
MA01440 2019122900 0018 0000 -014 0023 0039 0083 -008 9999         
MA01445 2019122900 0018 0008 -058 0027 0125 0095 -052 9999         
MA01404 2019123000 0018 0000 -005 0000 0033 0098 -003 9999         
MA01421 2019123000 0018 0001 -016 0022 0020 0093 -013 9999         
MA01427 2019123000 0018 0001 -001 0056 0038 0073 0005 9999         
MA01428 2019123000 0018 0001 -038 0067 0082 0095 -038 9999         
MA01430 2019123000 0018 0001 -039 0067 0082 0096 -039 9999         
MA01440 2019123000 0018 0000 -006 0007 0022 0078 -002 9999         
MA01445 2019123000 0018 0002 -037 0062 0088 0096 -037 9999         
MA01404 2019123100 0018 0000 0077 0282 0013 0022 0077 9999         
MA01421 2019123100 0018 0000 0057 0297 0020 0033 0057 9999         
MA01427 2019123100 0018 0000 0067 0063 0025 0038 0067 9999         
MA01428 2019123100 0018 0000 0046 0021 0050 0032 0046 9999         
MA01430 2019123100 0018 0000 0046 0021 0050 0032 0046 9999         
MA01440 2019123100 0018 0000 0075 0003 0019 0023 0079 9999         
MA01445 2019123100 0018 0000 0044 0019 0061 0035 0044 9999         
MA01404 2020010100 0018 0000 0052 0093 0012 0056 0068 9999         
MA01421 2020010100 0018 0000 0065 0176 0005 0046 0072 9999         
MA01427 2020010100 0018 0000 0083 0080 0023 0042 0099 9999         
MA01428 2020010100 0018 0000 0053 0067 0034 0044 0067 9999         
MA01430 2020010100 0018 0000 0051 0067 0034 0045 0064 9999         
MA01440 2020010100 0018 0000 0055 0002 0012 0054 0077 9999         
MA01445 2020010100 0018 0000 0051 0048 0028 0046 0065 9999         
MA01404 2020010200 0018 0000 0078 0239 0020 0025 0078 9999         
MA01421 2020010200 0018 0000 0090 0341 0015 0021 0090 9999         
MA01427 2020010200 0018 0000 0092 0163 0018 0025 0106 9999         
MA01428 2020010200 0018 0000 0083 0299 0016 0019 0083 9999         
MA01430 2020010200 0018 0000 0081 0299 0016 0019 0081 9999         
MA01440 2020010200 0018 0000 0078 0222 0021 0027 0078 9999         
MA01445 2020010200 0018 0000 0086 0289 0010 0018 0086 9999         
MA01404 2020010300 0018 0000 0063 0237 0032 0072 0084 9999         
MA01421 2020010300 0018 0000 0087 0284 0014 0032 0095 9999         
MA01427 2020010300 0018 0000 0073 0189 0026 0045 0102 9999         
MA01428 2020010300 0018 0000 0075 0250 0030 0033 0078 9999         
MA01430 2020010300 0018 0000 0074 0250 0030 0034 0076 9999         
MA01440 2020010300 0018 0000 0065 0236 0032 0063 0082 9999         
MA01445 2020010300 0018 0000 0074 0250 0016 0032 0080 9999         
MA01404 2020010400 0018 9999 9999 9999 9999 9999 9999 9999         
MA01421 2020010400 0018 9999 9999 9999 9999 9999 9999 9999         
MA01427 2020010400 0018 9999 9999 9999 9999 9999 9999 9999         
MA01428 2020010400 0018 9999 9999 9999 9999 9999 9999 9999         
MA01430 2020010400 0018 9999 9999 9999 9999 9999 9999 9999         
MA01440 2020010400 0018 9999 9999 9999 9999 9999 9999 9999         
MA01445 2020010400 0018 9999 9999 9999 9999 9999 9999 9999         
MA01404 2020010500 0018 0000 0006 0078 0032 0068 0044 9999         
MA01421 2020010500 0018 0000 -015 0337 0008 0067 0029 9999         
MA01427 2020010500 0018 0000 -001 0060 0053 0050 0042 9999         
MA01428 2020010500 0018 0000 -037 0047 0129 0058 0007 9999         
MA01430 2020010500 0018 0000 -037 0047 0129 0056 0007 9999         
MA01440 2020010500 0018 0000 0002 0101 0017 0067 0039 9999         
MA01445 2020010500 0018 0000 -038 0043 0111 0068 0008 9999         
MA01404 2020010600 0018 0000 0020 0075 0014 0067 0022 9999         
MA01421 2020010600 0018 0000 0012 0305 0015 0040 0012 9999         
MA01427 2020010600 0018 0000 0029 0064 0027 0030 0031 9999         
MA01428 2020010600 0018 0000 0002 0036 0047 0031 0002 9999         
MA01430 2020010600 0018 0000 0002 0036 0047 0031 0002 9999         
MA01440 2020010600 0018 0000 0030 0109 0003 0055 0030 9999         
MA01445 2020010600 0018 0000 -001 0026 0051 0031 -001 9999         
MA01404 2020010700 0018 0000 0035 0093 0011 0049 0050 9999         
MA01421 2020010700 0018 0000 0045 0145 0007 0032 0058 9999         
MA01427 2020010700 0018 0000 0074 0066 0012 0031 0082 9999         
MA01428 2020010700 0018 0000 0036 0125 0047 0032 0052 9999         
MA01430 2020010700 0018 0000 0035 0125 0047 0032 0050 9999         
MA01440 2020010700 0018 0000 0041 0026 0017 0038 0052 9999         
MA01445 2020010700 0018 0000 0033 0127 0031 0032 0050 9999         
MA01404 2020010800 0018 0000 0055 0112 0011 0048 0055 9999         
MA01421 2020010800 0018 0000 0054 0326 0014 0040 0054 9999         
MA01427 2020010800 0018 0000 0067 0072 0021 0036 0081 9999         
MA01428 2020010800 0018 0000 0036 0059 0028 0042 0036 9999         
MA01430 2020010800 0018 0000 0035 0059 0028 0043 0035 9999         
MA01440 2020010800 0018 0000 0058 0171 0006 0041 0058 9999         
MA01445 2020010800 0018 0000 0038 0044 0027 0041 0038 9999         
MA01404 2020010900 0018 0000 0063 0225 0032 0043 0082 9999         
MA01421 2020010900 0018 0000 0085 0318 0015 0022 0086 9999         
MA01427 2020010900 0018 0000 0075 0175 0023 0031 0085 9999         
MA01428 2020010900 0018 0000 0068 0265 0022 0022 0068 9999         
MA01430 2020010900 0018 0000 0067 0265 0022 0022 0067 9999         
MA01440 2020010900 0018 0000 0052 0228 0032 0046 0065 9999         
MA01445 2020010900 0018 0000 0069 0270 0013 0021 0069 9999         
MA01404 2020011000 0018 0000 0058 0240 0016 0072 0072 9999         
MA01421 2020011000 0018 0000 0064 0015 0003 0041 0074 9999         
MA01427 2020011000 0018 0000 0075 0156 0002 0043 0075 9999         
MA01428 2020011000 0018 0000 0042 0282 0008 0049 0053 9999         
MA01430 2020011000 0018 0000 0041 0282 0008 0051 0053 9999         
MA01440 2020011000 0018 0000 0047 0261 0015 0073 0061 9999         
MA01445 2020011000 0018 0000 0045 0238 0003 0044 0054 9999         
MA01404 2020011100 0018 0000 0032 0038 0027 0085 0046 9999         
MA01421 2020011100 0018 0000 0024 0174 0011 0087 0040 9999         
MA01427 2020011100 0018 0000 0042 0084 0045 0068 0053 9999         
MA01428 2020011100 0018 0000 0000 0095 0120 0090 0015 9999         
MA01430 2020011100 0018 0000 0000 0095 0120 0088 0014 9999         
MA01440 2020011100 0018 0000 0017 0014 0026 0087 0034 9999         
MA01445 2020011100 0018 0000 0001 0089 0083 0093 0016 9999         
MA01404 2020011200 0018 0000 0039 0044 0012 0059 0039 9999         
MA01421 2020011200 0018 0001 0030 0291 0012 0051 0040 9999         
MA01427 2020011200 0018 0000 0043 0066 0020 0037 0059 9999         
MA01428 2020011200 0018 0000 0013 0004 0030 0043 0023 9999         
MA01430 2020011200 0018 0000 0012 0004 0030 0043 0023 9999         
MA01440 2020011200 0018 0000 0048 0008 0013 0043 0048 9999         
MA01445 2020011200 0018 0001 0014 0349 0040 0044 0024 9999         
MA01404 2020011300 0018 0000 0044 0217 0024 0071 0051 9999         
MA01421 2020011300 0018 0000 0048 0333 0015 0046 0051 9999         
MA01427 2020011300 0018 0000 0047 0170 0021 0057 0060 9999         
MA01428 2020011300 0018 0000 0027 0206 0009 0050 0030 9999         
MA01430 2020011300 0018 0000 0026 0206 0009 0051 0029 9999         
MA01440 2020011300 0018 0000 0035 0218 0028 0055 0043 9999         
MA01445 2020011300 0018 0000 0027 0219 0009 0049 0031 9999         
MA01404 2020011400 0018 0000 0048 0230 0018 0073 0059 9999         
MA01421 2020011400 0018 0000 0041 0294 0011 0052 0044 9999         
MA01427 2020011400 0018 0000 0043 0161 0015 0065 0055 9999         
MA01428 2020011400 0018 0000 0018 0209 0008 0060 0023 9999         
MA01430 2020011400 0018 0000 0017 0209 0008 0061 0021 9999         
MA01440 2020011400 0018 0000 0032 0228 0022 0079 0041 9999         
MA01445 2020011400 0018 0000 0019 0285 0003 0057 0027 9999         
MA01404 2020011500 0018 0000 0055 0239 0019 0072 0075 9999         
MA01421 2020011500 0018 0000 0055 0103 0002 0048 0055 9999         
MA01427 2020011500 0018 0000 0060 0176 0014 0048 0061 9999         
MA01428 2020011500 0018 0000 0036 0244 0015 0049 0036 9999         
MA01430 2020011500 0018 0000 0035 0244 0015 0050 0035 9999         
MA01440 2020011500 0018 0000 0045 0232 0022 0071 0064 9999         
MA01445 2020011500 0018 0000 0039 0235 0011 0048 0039 9999         
MA01404 2020011600 0018 0000 0044 0347 0013 0083 0062 9999         
MA01421 2020011600 0018 0000 0052 0322 0007 0063 0052 9999         
MA01427 2020011600 0018 0000 0066 0053 0011 0052 0077 9999         
MA01428 2020011600 0018 0000 0035 0199 0007 0063 0035 9999         
MA01430 2020011600 0018 0000 0034 0199 0007 0064 0034 9999         
MA01440 2020011600 0018 0000 0036 0320 0014 0081 0055 9999         
MA01445 2020011600 0018 0000 0038 0243 0005 0060 0038 9999         
MA01404 2020011700 0018 0000 0057 0232 0032 0082 0062 9999         
MA01421 2020011700 0018 0000 0060 0261 0024 0064 0062 9999         
MA01427 2020011700 0018 0000 0052 0190 0023 0079 0057 9999         
MA01428 2020011700 0018 0000 0037 0278 0083 0076 0042 9999         
MA01430 2020011700 0018 0000 0038 0278 0083 0075 0040 9999         
MA01440 2020011700 0018 0000 0042 0220 0032 0088 0061 9999         
MA01445 2020011700 0018 0000 0042 0295 0035 0070 0046 9999         
MA01404 2020011800 0018 0064 0036 0330 0022 0095 0063 9999         
MA01421 2020011800 0018 0018 0026 0014 0013 0093 0049 9999         
MA01427 2020011800 0018 0027 0045 0337 0013 0083 0060 9999         
MA01428 2020011800 0018 0044 0004 0354 0016 0097 0027 9999         
MA01430 2020011800 0018 0045 0002 0354 0016 0098 0027 9999         
MA01440 2020011800 0018 0125 0023 0330 0038 0093 0045 9999         
MA01445 2020011800 0018 0021 0008 0344 0017 0097 0027 9999         
MA01404 2020011900 0018 0042 0021 0030 0036 0090 0028 9999         
MA01421 2020011900 0018 0102 0000 0100 0002 0089 0018 9999         
MA01427 2020011900 0018 0052 0019 0070 0041 0062 0036 9999         
MA01428 2020011900 0018 0133 -024 0085 0069 0084 -002 9999         
MA01430 2020011900 0018 0135 -024 0085 0069 0083 -003 9999         
MA01440 2020011900 0018 0014 0004 0040 0048 0091 0015 9999         
MA01445 2020011900 0018 0119 -024 0091 0050 0091 0000 9999         
MA01404 2020012000 0018 0002 0019 0055 0027 0083 0028 9999         
MA01421 2020012000 0018 0027 0007 0199 0008 0060 0007 9999         
MA01427 2020012000 0018 0003 0028 0077 0033 0049 0032 9999         
MA01428 2020012000 0018 0009 -013 0100 0072 0059 -013 9999         
MA01430 2020012000 0018 0006 -015 0100 0072 0060 -014 9999         
MA01440 2020012000 0018 0038 -001 0016 0040 0097 -001 9999         
MA01445 2020012000 0018 0025 -014 0101 0042 0061 -014 9999         
MA01404 2020012100 0018 0000 0005 0070 0015 0098 0022 9999         
MA01421 2020012100 0018 0000 0029 0158 0013 0074 0037 9999         
MA01427 2020012100 0018 0000 0076 0015 0014 0049 0076 9999         
MA01428 2020012100 0018 0000 0041 0019 0007 0055 0041 9999         
MA01430 2020012100 0018 0000 0037 0019 0007 0057 0037 9999         
MA01440 2020012100 0018 0000 0006 0027 0010 0087 0014 9999         
MA01445 2020012100 0018 0000 0038 0102 0005 0058 0038 9999         
MA01404 2020012200 0018 0000 0074 0231 0018 0073 0084 9999         
MA01421 2020012200 0018 0000 0079 0004 0007 0048 0084 9999         
MA01427 2020012200 0018 0000 0090 0176 0010 0051 0090 9999         
MA01428 2020012200 0018 0000 0067 0290 0013 0050 0068 9999         
MA01430 2020012200 0018 0000 0064 0290 0013 0052 0067 9999         
MA01440 2020012200 0018 0000 0072 0244 0017 0065 0078 9999         
MA01445 2020012200 0018 0000 0069 0321 0003 0045 0069 9999         
MA01404 2020012300 0018 0000 0036 0096 0013 0086 0065 9999         
MA01421 2020012300 0018 0000 0067 0178 0016 0052 0071 9999         
MA01427 2020012300 0018 0000 0101 0147 0007 0036 0101 9999         
MA01428 2020012300 0018 0000 0069 0171 0020 0041 0069 9999         
MA01430 2020012300 0018 0000 0066 0171 0020 0044 0067 9999         
MA01440 2020012300 0018 0000 0050 0134 0010 0065 0068 9999         
MA01445 2020012300 0018 0000 0066 0170 0026 0042 0066 9999         
MA01404 2020012400 0018 0000 0066 0209 0013 0076 0084 9999         
MA01421 2020012400 0018 0000 0063 0022 0008 0053 0073 9999         
MA01427 2020012400 0018 0000 0072 0113 0014 0049 0085 9999         
MA01428 2020012400 0018 0000 0045 0124 0023 0056 0063 9999         
MA01430 2020012400 0018 0000 0043 0124 0023 0057 0061 9999         
MA01440 2020012400 0018 0002 0055 0204 0019 0084 0064 9999         
MA01445 2020012400 0018 0000 0047 0146 0018 0054 0066 9999         
MA01404 2020012500 0018 0034 0074 0167 0014 0092 0086 9999         
MA01421 2020012500 0018 0001 0060 0233 0026 0069 0080 9999         
MA01427 2020012500 0018 0007 0069 0168 0024 0072 0085 9999         
MA01428 2020012500 0018 0003 0043 0195 0018 0074 0050 9999         
MA01430 2020012500 0018 0003 0042 0195 0018 0075 0048 9999         
MA01440 2020012500 0018 0121 0065 0168 0014 0092 0068 9999         
MA01445 2020012500 0018 0001 0042 0215 0055 0072 0054 9999         
MA01404 2020012600 0018 0026 0060 0271 0010 0088 0075 9999         
MA01421 2020012600 0018 0001 0053 0258 0004 0075 0057 9999         
MA01427 2020012600 0018 0006 0059 0202 0015 0073 0075 9999         
MA01428 2020012600 0018 0002 0032 0264 0031 0077 0036 9999         
MA01430 2020012600 0018 0002 0030 0264 0031 0079 0034 9999         
MA01440 2020012600 0018 0019 0054 0217 0007 0086 0060 9999         
MA01445 2020012600 0018 0000 0032 0259 0026 0076 0037 9999         
MA01404 2020012700 0018 0000 0065 0227 0033 0085 0069 9999         
MA01421 2020012700 0018 0000 0054 0246 0027 0065 0063 9999         
MA01427 2020012700 0018 0001 0058 0216 0035 0077 0058 9999         
MA01428 2020012700 0018 0000 0032 0252 0078 0074 0032 9999         
MA01430 2020012700 0018 0000 0033 0252 0078 0073 0033 9999         
MA01440 2020012700 0018 0000 0055 0226 0041 0081 0066 9999         
MA01445 2020012700 0018 0000 0034 0262 0074 0071 0034 9999         
MA01404 2020012800 0018 0000 0066 0237 0091 0083 0083 9999         
MA01421 2020012800 0018 0022 0073 0257 0353 0050 0074 9999         
MA01427 2020012800 0018 0015 0062 0224 0096 0085 0072 9999         
MA01428 2020012800 0018 0009 0043 0252 0339 0064 0043 9999         
MA01430 2020012800 0018 0006 0047 0252 0339 0055 0047 9999         
MA01440 2020012800 0018 0001 0056 0257 0072 0082 0072 9999         
MA01445 2020012800 0018 0024 0051 0257 0353 0053 0051 9999         
MA01404 2020012900 0018 0000 0063 0237 0039 0071 0072 9999         
MA01421 2020012900 0018 0008 0056 0261 0031 0055 0064 9999         
MA01427 2020012900 0018 0003 0050 0226 0032 0083 0057 9999         
MA01428 2020012900 0018 0002 0029 0274 0141 0066 0031 9999         
MA01430 2020012900 0018 0001 0031 0274 0141 0063 0034 9999         
MA01440 2020012900 0018 0000 0062 0261 0031 0050 0074 9999         
MA01445 2020012900 0018 0007 0035 0278 0117 0059 0039 9999         
MA01404 2020013000 0018 0000 0068 0220 0040 0068 0088 9999         
MA01421 2020013000 0018 0000 0070 0250 0028 0039 0076 9999         
MA01427 2020013000 0018 0000 0065 0190 0040 0052 0079 9999         
MA01428 2020013000 0018 0000 0053 0244 0067 0039 0053 9999         
MA01430 2020013000 0018 0000 0054 0244 0067 0038 0054 9999         
MA01440 2020013000 0018 0000 0056 0225 0044 0075 0068 9999         
MA01445 2020013000 0018 0000 0052 0261 0065 0040 0054 9999         
MA01404 2020013100 0018 0000 0087 0218 0033 0092 0089 9999         
MA01421 2020013100 0018 0000 0085 0253 0014 0075 0098 9999         
MA01427 2020013100 0018 0000 0088 0190 0023 0083 0088 9999         
MA01428 2020013100 0018 0000 0063 0244 0030 0085 0067 9999         
MA01430 2020013100 0018 0000 0063 0244 0030 0086 0066 9999         
MA01440 2020013100 0018 0000 0077 0210 0029 0095 0077 9999         
MA01445 2020013100 0018 0000 0064 0265 0027 0082 0069 9999         
MA01404 2020020100 0018 0002 0089 0220 0050 0094 0097 9999         
MA01421 2020020100 0018 0000 0082 0241 0021 0080 0097 9999         
MA01427 2020020100 0018 0000 0084 0212 0037 0085 0090 9999         
MA01428 2020020100 0018 0000 0056 0240 0098 0091 0066 9999         
MA01430 2020020100 0018 0000 0057 0240 0098 0089 0065 9999         
MA01440 2020020100 0018 0000 0086 0232 0066 0087 0086 9999         
MA01445 2020020100 0018 0000 0058 0251 0086 0089 0070 9999         
MA01404 2020020200 0018 0000 0107 0226 0065 0079 0113 9999         
MA01421 2020020200 0018 0000 0108 0280 0023 0056 0115 9999         
MA01427 2020020200 0018 0000 0091 0205 0042 0081 0105 9999         
MA01428 2020020200 0018 0000 0085 0246 0081 0062 0091 9999         
MA01430 2020020200 0018 0000 0087 0246 0081 0061 0091 9999         
MA01440 2020020200 0018 0000 0108 0226 0071 0072 0108 9999         
MA01445 2020020200 0018 0000 0089 0271 0076 0059 0094 9999         
MA01404 2020020300 0018 0000 0115 0230 0058 0073 0119 9999         
MA01421 2020020300 0018 0000 0141 0282 0025 0040 0141 9999         
MA01427 2020020300 0018 0000 0114 0190 0028 0062 0114 9999         
MA01428 2020020300 0018 0000 0124 0308 0150 0041 0124 9999         
MA01430 2020020300 0018 0000 0126 0308 0150 0040 0126 9999         
MA01440 2020020300 0018 0000 0125 0260 0045 0056 0128 9999         
MA01445 2020020300 0018 0000 0126 0312 0119 0040 0126 9999         
MA01404 2020020400 0018 0000 0033 0319 0065 0051 0100 9999         
MA01421 2020020400 0018 0000 0020 0329 0233 0046 0124 9999         
MA01427 2020020400 0018 0005 0023 0338 0056 0054 0097 9999         
MA01428 2020020400 0018 0000 -009 0327 0230 0056 0093 9999         
MA01430 2020020400 0018 0000 -008 0327 0230 0053 0099 9999         
MA01440 2020020400 0018 0000 0018 0319 0066 0053 0101 9999         
MA01445 2020020400 0018 0000 -004 0329 0233 0050 0102 9999         
MA01404 2020020500 0018 9999 9999 9999 9999 9999 9999 9999         
MA01421 2020020500 0018 9999 9999 9999 9999 9999 9999 9999         
MA01427 2020020500 0018 9999 9999 9999 9999 9999 9999 9999         
MA01428 2020020500 0018 9999 9999 9999 9999 9999 9999 9999         
MA01430 2020020500 0018 9999 9999 9999 9999 9999 9999 9999         
MA01440 2020020500 0018 9999 9999 9999 9999 9999 9999 9999         
MA01445 2020020500 0018 9999 9999 9999 9999 9999 9999 9999         
MA01404 2020020600 0018 0000 0024 0068 0005 0035 0024 9999         
MA01421 2020020600 0018 0000 -004 0294 0018 0032 -004 9999         
MA01427 2020020600 0018 0001 0009 0064 0034 0030 0009 9999         
MA01428 2020020600 0018 0000 -021 0048 0079 0028 -021 9999         
MA01430 2020020600 0018 0000 -021 0048 0079 0027 -021 9999         
MA01440 2020020600 0018 0000 0031 0234 0017 0019 0031 9999         
MA01445 2020020600 0018 0001 -024 0043 0087 0030 -024 9999         
MA01404 2020020700 0018 0000 0044 0228 0012 0057 0070 9999         
MA01421 2020020700 0018 0000 0046 0347 0005 0042 0054 9999         
MA01427 2020020700 0018 0000 0053 0162 0012 0038 0059 9999         
MA01428 2020020700 0018 0000 0027 0291 0022 0039 0028 9999         
MA01430 2020020700 0018 0000 0027 0291 0022 0040 0027 9999         
MA01440 2020020700 0018 0000 0048 0276 0007 0062 0065 9999         
MA01445 2020020700 0018 0000 0028 0305 0012 0041 0032 9999         
MA01404 2020020800 0018 0000 0056 0223 0023 0044 0075 9999         
MA01421 2020020800 0018 0000 0063 0326 0014 0030 0063 9999         
MA01427 2020020800 0018 0000 0056 0178 0021 0034 0069 9999         
MA01428 2020020800 0018 0000 0043 0259 0023 0020 0043 9999         
MA01430 2020020800 0018 0000 0042 0259 0023 0021 0042 9999         
MA01440 2020020800 0018 0000 0039 0227 0023 0060 0054 9999         
MA01445 2020020800 0018 0000 0043 0271 0008 0024 0043 9999         
MA01404 2020020900 0018 0000 0068 0218 0053 0084 0068 9999         
MA01421 2020020900 0018 0000 0063 0219 0013 0054 0070 9999         
MA01427 2020020900 0018 0000 0052 0192 0039 0071 0071 9999         
MA01428 2020020900 0018 0000 0040 0224 0037 0060 0048 9999         
MA01430 2020020900 0018 0000 0040 0224 0037 0060 0046 9999         
MA01440 2020020900 0018 0000 0049 0212 0059 0087 0056 9999         
MA01445 2020020900 0018 0000 0041 0239 0041 0058 0052 9999         
MA01404 2020021000 0018 0000 0097 0227 0098 0083 0099 9999         
MA01421 2020021000 0018 0000 0108 0251 0110 0051 0112 9999         
MA01427 2020021000 0018 0001 0084 0208 0086 0085 0086 9999         
MA01428 2020021000 0018 0000 0075 0251 0304 0065 0077 9999         
MA01430 2020021000 0018 0000 0082 0251 0304 0057 0083 9999         
MA01440 2020021000 0018 0000 0087 0227 0102 0077 0091 9999         
MA01445 2020021000 0018 0000 0090 0258 0330 0052 0091 9999         
MA01404 2020021100 0018 0000 0087 0239 0052 0072 0105 9999         
MA01421 2020021100 0018 0000 0088 0258 0038 0056 0110 9999         
MA01427 2020021100 0018 0000 0079 0215 0048 0083 0087 9999         
MA01428 2020021100 0018 0000 0062 0263 0172 0064 0069 9999         
MA01430 2020021100 0018 0000 0065 0263 0172 0060 0075 9999         
MA01440 2020021100 0018 0000 0079 0244 0046 0061 0103 9999         
MA01445 2020021100 0018 0000 0067 0268 0162 0059 0085 9999         
MA01404 2020021200 0018 0000 0078 0249 0007 0045 0088 9999         
MA01421 2020021200 0018 0000 0058 0249 0016 0032 0089 9999         
MA01427 2020021200 0018 0000 0062 0180 0019 0037 0079 9999         
MA01428 2020021200 0018 0000 0037 0285 0060 0031 0046 9999         
MA01430 2020021200 0018 0000 0037 0285 0060 0031 0045 9999         
MA01440 2020021200 0018 0000 0062 0326 0016 0048 0072 9999         
MA01445 2020021200 0018 0000 0038 0288 0032 0032 0059 9999         
MA01404 2020021300 0018 0000 0074 0225 0048 0083 0087 9999         
MA01421 2020021300 0018 0000 0068 0260 0021 0059 0087 9999         
MA01427 2020021300 0018 0000 0064 0206 0039 0077 0088 9999         
MA01428 2020021300 0018 0000 0046 0238 0068 0067 0058 9999         
MA01430 2020021300 0018 0000 0047 0238 0068 0065 0057 9999         
MA01440 2020021300 0018 0000 0059 0221 0068 0080 0067 9999         
MA01445 2020021300 0018 0000 0048 0258 0066 0063 0064 9999         
MA01404 2020021400 0018 0016 0067 0343 0025 0049 0091 9999         
MA01421 2020021400 0018 0037 0047 0331 0025 0048 0070 9999         
MA01427 2020021400 0018 0208 0055 0053 0038 0046 0077 9999         
MA01428 2020021400 0018 0029 0025 0039 0088 0050 0036 9999         
MA01430 2020021400 0018 0026 0025 0039 0088 0050 0035 9999         
MA01440 2020021400 0018 0027 0061 0323 0024 0041 0071 9999         
MA01445 2020021400 0018 0036 0026 0033 0103 0051 0042 9999         
MA01404 2020021500 0018 0000 0096 0179 0012 0047 0099 9999         
MA01421 2020021500 0018 0000 0080 0293 0007 0039 0080 9999         
MA01427 2020021500 0018 0000 0094 0033 0008 0032 0101 9999         
MA01428 2020021500 0018 0000 0059 0350 0026 0031 0059 9999         
MA01430 2020021500 0018 0000 0058 0350 0026 0032 0058 9999         
MA01440 2020021500 0018 0000 0086 0187 0019 0056 0087 9999         
MA01445 2020021500 0018 0000 0059 0349 0033 0033 0059 9999         
MA01404 2020021600 0018 0000 0090 0228 0025 0042 0111 9999         
MA01421 2020021600 0018 0000 0102 0308 0008 0030 0102 9999         
MA01427 2020021600 0018 0000 0088 0172 0024 0041 0102 9999         
MA01428 2020021600 0018 0000 0080 0229 0016 0027 0080 9999         
MA01430 2020021600 0018 0000 0079 0229 0016 0028 0079 9999         
MA01440 2020021600 0018 0000 0075 0227 0027 0059 0100 9999         
MA01445 2020021600 0018 0000 0083 0254 0009 0029 0083 9999         
MA01404 2020021700 0018 0000 0082 0222 0041 0074 0100 9999         
MA01421 2020021700 0018 0000 0109 0327 0011 0037 0109 9999         
MA01427 2020021700 0018 0000 0091 0185 0035 0051 0110 9999         
MA01428 2020021700 0018 0000 0089 0226 0035 0038 0090 9999         
MA01430 2020021700 0018 0000 0088 0226 0035 0039 0089 9999         
MA01440 2020021700 0018 0000 0070 0224 0034 0085 0082 9999         
MA01445 2020021700 0018 0000 0090 0254 0034 0037 0098 9999         
MA01404 2020021800 0018 0001 0074 0024 0019 0095 0092 9999         
MA01421 2020021800 0018 0000 0060 0298 0004 0087 0083 9999         
MA01427 2020021800 0018 0000 0074 0061 0018 0076 0100 9999         
MA01428 2020021800 0018 0000 0036 0081 0012 0096 0061 9999         
MA01430 2020021800 0018 0000 0036 0081 0012 0097 0061 9999         
MA01440 2020021800 0018 0001 0063 0027 0013 0095 0075 9999         
MA01445 2020021800 0018 0000 0038 0200 0004 0092 0064 9999         
MA01404 2020021900 0018 0000 0066 0286 0013 0082 0085 9999         
MA01421 2020021900 0018 0004 0047 0277 0014 0072 0072 9999         
MA01427 2020021900 0018 0000 0049 0218 0011 0082 0069 9999         
MA01428 2020021900 0018 0000 0021 0298 0069 0083 0040 9999         
MA01430 2020021900 0018 0000 0021 0298 0069 0084 0038 9999         
MA01440 2020021900 0018 0000 0051 0295 0027 0069 0072 9999         
MA01445 2020021900 0018 0001 0025 0314 0043 0077 0043 9999         
MA01404 2020022000 0018 0000 0044 0133 0012 0064 0065 9999         
MA01421 2020022000 0018 0000 0038 0240 0001 0035 0039 9999         
MA01427 2020022000 0018 0000 0046 0089 0018 0029 0060 9999         
MA01428 2020022000 0018 0004 0013 0068 0017 0026 0013 9999         
MA01430 2020022000 0018 0005 0013 0068 0017 0025 0013 9999         
MA01440 2020022000 0018 0012 0039 0202 0021 0054 0053 9999         
MA01445 2020022000 0018 0000 0015 0032 0017 0031 0015 9999         
MA01404 2020022100 0018 0000 0048 0076 0019 0078 0090 9999         
MA01421 2020022100 0018 0000 0037 0258 0006 0070 0070 9999         
MA01427 2020022100 0018 0000 0052 0078 0027 0056 0082 9999         
MA01428 2020022100 0018 0000 0016 0067 0035 0064 0045 9999         
MA01430 2020022100 0018 0000 0015 0067 0035 0063 0045 9999         
MA01440 2020022100 0018 0000 0052 0018 0013 0067 0079 9999         
MA01445 2020022100 0018 0000 0015 0054 0032 0071 0048 9999         
MA01404 2020022200 0018 0000 0086 0267 0014 0071 0111 9999         
MA01421 2020022200 0018 0000 0088 0302 0015 0044 0088 9999         
MA01427 2020022200 0018 0000 0089 0203 0011 0053 0100 9999         
MA01428 2020022200 0018 0000 0061 0329 0031 0045 0065 9999         
MA01430 2020022200 0018 0000 0061 0329 0031 0045 0064 9999         
MA01440 2020022200 0018 0000 0082 0197 0020 0068 0087 9999         
MA01445 2020022200 0018 0000 0065 0334 0026 0045 0066 9999         
MA01404 2020022300 0018 0000 0096 0233 0066 0070 0111 9999         
MA01421 2020022300 0018 0000 0138 0272 0023 0031 0147 9999         
MA01427 2020022300 0018 0000 0098 0194 0041 0054 0113 9999         
MA01428 2020022300 0018 0000 0118 0268 0093 0033 0118 9999         
MA01430 2020022300 0018 0000 0120 0268 0093 0032 0120 9999         
MA01440 2020022300 0018 0000 0099 0226 0053 0065 0115 9999         
MA01445 2020022300 0018 0000 0122 0283 0066 0032 0122 9999         
MA01404 2020022400 0018 0000 0116 0217 0038 0059 0155 9999         
MA01421 2020022400 0018 0000 0136 0328 0015 0042 0137 9999         
MA01427 2020022400 0018 0000 0123 0187 0030 0053 0158 9999         
MA01428 2020022400 0018 0000 0120 0240 0014 0040 0120 9999         
MA01430 2020022400 0018 0000 0119 0240 0014 0042 0119 9999         
MA01440 2020022400 0018 0000 0115 0217 0037 0059 0147 9999         
MA01445 2020022400 0018 0000 0121 0267 0016 0039 0121 9999         
MA01404 2020022500 0018 0000 0088 0212 0062 0080 0112 9999         
MA01421 2020022500 0018 0000 0089 0245 0133 0049 0129 9999         
MA01427 2020022500 0018 0000 0076 0200 0065 0071 0116 9999         
MA01428 2020022500 0018 0000 0069 0234 0128 0052 0104 9999         
MA01430 2020022500 0018 0000 0072 0234 0128 0049 0103 9999         
MA01440 2020022500 0018 0000 0079 0214 0066 0074 0100 9999         
MA01445 2020022500 0018 0000 0067 0245 0133 0053 0104 9999         
MA01404 2020022600 0018 0004 0028 0253 0058 0055 0079 9999         
MA01421 2020022600 0018 0004 0010 0271 0211 0060 0065 9999         
MA01427 2020022600 0018 0089 0014 0259 0067 0067 0064 9999         
MA01428 2020022600 0018 0001 -018 0268 0240 0064 0028 9999         
MA01430 2020022600 0018 0002 -018 0268 0240 0062 0030 9999         
MA01440 2020022600 0018 0020 0018 0276 0067 0046 0066 9999         
MA01445 2020022600 0018 0003 -016 0271 0211 0067 0038 9999         
MA01404 2020022700 0018 0023 0047 0219 0119 0062 0056 9999         
MA01421 2020022700 0018 0001 0029 0249 0184 0059 0038 9999         
MA01427 2020022700 0018 0013 0024 0205 0090 0073 0034 9999         
MA01428 2020022700 0018 0003 0005 0235 0209 0066 0005 9999         
MA01430 2020022700 0018 0003 0008 0235 0209 0064 0008 9999         
MA01440 2020022700 0018 0031 0026 0220 0123 0082 0042 9999         
MA01445 2020022700 0018 0001 0005 0249 0184 0065 0008 9999         
MA01404 2020022800 0018 9999 9999 9999 9999 9999 9999 9999         
MA01421 2020022800 0018 9999 9999 9999 9999 9999 9999 9999         
MA01427 2020022800 0018 9999 9999 9999 9999 9999 9999 9999         
MA01428 2020022800 0018 9999 9999 9999 9999 9999 9999 9999         
MA01430 2020022800 0018 9999 9999 9999 9999 9999 9999 9999         
MA01440 2020022800 0018 9999 9999 9999 9999 9999 9999 9999         
MA01445 2020022800 0018 9999 9999 9999 9999 9999 9999 9999         
MA01404 2020022900 0018 0000 0073 0211 0063 0079 0083 9999         
MA01421 2020022900 0018 0000 0071 0242 0019 0049 0085 9999         
MA01427 2020022900 0018 0000 0069 0195 0052 0055 0078 9999         
MA01428 2020022900 0018 0000 0053 0223 0063 0049 0053 9999         
MA01430 2020022900 0018 0000 0054 0223 0063 0048 0054 9999         
MA01440 2020022900 0018 0000 0063 0210 0078 0082 0071 9999         
MA01445 2020022900 0018 0000 0051 0238 0089 0050 0055 9999         
