MA01404 2019113000 0030 0000 0071 0204 0023 0062 0055 9999         
MA01421 2019113000 0030 0000 0070 0274 0011 0035 0049 9999         
MA01427 2019113000 0030 0000 0072 0149 0023 0039 0070 9999         
MA01428 2019113000 0030 0000 0051 0219 0003 0038 0030 9999         
MA01430 2019113000 0030 0000 0050 0219 0003 0038 0027 9999         
MA01440 2019113000 0030 0000 0056 0203 0025 0066 0046 9999         
MA01445 2019113000 0030 0000 0049 0232 0009 0038 0028 9999         
MA01404 2019120100 0030 0004 0095 0200 0070 0090 0083 9999         
MA01421 2019120100 0030 0001 0099 0245 0008 0072 0081 9999         
MA01427 2019120100 0030 0000 0096 0194 0071 0081 0082 9999         
MA01428 2019120100 0030 0001 0076 0213 0106 0082 0060 9999         
MA01430 2019120100 0030 0000 0075 0213 0106 0081 0059 9999         
MA01440 2019120100 0030 0011 0088 0195 0056 0094 0065 9999         
MA01445 2019120100 0030 0001 0077 0226 0144 0080 0059 9999         
MA01404 2019120200 0030 0367 0056 0027 0034 0092 0056 9999         
MA01421 2019120200 0030 0114 0044 0117 0012 0092 0044 9999         
MA01427 2019120200 0030 0143 0079 0049 0024 0075 0079 9999         
MA01428 2019120200 0030 0137 0029 0077 0032 0097 0029 9999         
MA01430 2019120200 0030 0134 0029 0077 0032 0098 0029 9999         
MA01440 2019120200 0030 0750 0034 0019 0046 0080 0034 9999         
MA01445 2019120200 0030 0122 0028 0094 0012 0096 0028 9999         
MA01404 2019120300 0030 0017 0019 0043 0032 0089 0019 9999         
MA01421 2019120300 0030 0044 0016 0176 0020 0059 0013 9999         
MA01427 2019120300 0030 0022 0055 0076 0025 0036 0046 9999         
MA01428 2019120300 0030 0030 0006 0118 0078 0050 -002 9999         
MA01430 2019120300 0030 0034 0005 0118 0078 0050 -003 9999         
MA01440 2019120300 0030 0003 0003 0022 0033 0075 0003 9999         
MA01445 2019120300 0030 0043 0001 0132 0059 0056 -003 9999         
MA01404 2019120400 0030 0000 0026 0092 0034 0087 0022 9999         
MA01421 2019120400 0030 0000 0026 0179 0030 0062 0021 9999         
MA01427 2019120400 0030 0000 0073 0091 0015 0036 0072 9999         
MA01428 2019120400 0030 0000 0033 0145 0083 0048 0020 9999         
MA01430 2019120400 0030 0000 0033 0145 0083 0048 0019 9999         
MA01440 2019120400 0030 0000 0019 0093 0018 0074 0010 9999         
MA01445 2019120400 0030 0000 0020 0154 0072 0056 0011 9999         
MA01404 2019120500 0030 0001 0080 0176 0005 0079 0030 9999         
MA01421 2019120500 0030 0011 0088 0338 0008 0074 0050 9999         
MA01427 2019120500 0030 0004 0097 0185 0019 0073 0083 9999         
MA01428 2019120500 0030 0009 0072 0238 0016 0078 0057 9999         
MA01430 2019120500 0030 0005 0070 0238 0016 0079 0056 9999         
MA01440 2019120500 0030 0043 0064 0214 0005 0082 0033 9999         
MA01445 2019120500 0030 0017 0072 0231 0023 0079 0052 9999         
MA01404 2019120600 0030 0000 0083 0227 0029 0087 0083 9999         
MA01421 2019120600 0030 0001 0077 0266 0018 0070 0076 9999         
MA01427 2019120600 0030 0001 0081 0208 0036 0082 0080 9999         
MA01428 2019120600 0030 0000 0054 0237 0063 0083 0052 9999         
MA01430 2019120600 0030 0000 0054 0237 0063 0083 0052 9999         
MA01440 2019120600 0030 0000 0071 0225 0031 0090 0071 9999         
MA01445 2019120600 0030 0001 0056 0255 0070 0077 0055 9999         
MA01404 2019120700 0030 0002 0075 0215 0020 0079 0075 9999         
MA01421 2019120700 0030 0002 0069 0241 0014 0063 0067 9999         
MA01427 2019120700 0030 0010 0081 0170 0014 0061 0070 9999         
MA01428 2019120700 0030 0001 0049 0247 0008 0068 0048 9999         
MA01430 2019120700 0030 0001 0047 0247 0008 0069 0047 9999         
MA01440 2019120700 0030 0000 0064 0205 0023 0086 0064 9999         
MA01445 2019120700 0030 0003 0049 0211 0008 0068 0049 9999         
MA01404 2019120800 0030 9999 9999 9999 9999 9999 9999 9999         
MA01421 2019120800 0030 9999 9999 9999 9999 9999 9999 9999         
MA01427 2019120800 0030 9999 9999 9999 9999 9999 9999 9999         
MA01428 2019120800 0030 9999 9999 9999 9999 9999 9999 9999         
MA01430 2019120800 0030 9999 9999 9999 9999 9999 9999 9999         
MA01440 2019120800 0030 9999 9999 9999 9999 9999 9999 9999         
MA01445 2019120800 0030 9999 9999 9999 9999 9999 9999 9999         
MA01404 2019120900 0030 0000 0032 0352 0049 0094 0032 9999         
MA01421 2019120900 0030 0003 0028 0347 0095 0075 0028 9999         
MA01427 2019120900 0030 0005 0028 0023 0031 0083 0028 9999         
MA01428 2019120900 0030 0001 -002 0349 0084 0092 -002 9999         
MA01430 2019120900 0030 0001 -002 0349 0084 0094 -002 9999         
MA01440 2019120900 0030 0000 0027 0358 0051 0093 0026 9999         
MA01445 2019120900 0030 0003 0008 0347 0095 0079 0008 9999         
MA01404 2019121000 0030 9999 9999 9999 9999 9999 9999 9999         
MA01421 2019121000 0030 9999 9999 9999 9999 9999 9999 9999         
MA01427 2019121000 0030 9999 9999 9999 9999 9999 9999 9999         
MA01428 2019121000 0030 9999 9999 9999 9999 9999 9999 9999         
MA01430 2019121000 0030 9999 9999 9999 9999 9999 9999 9999         
MA01440 2019121000 0030 9999 9999 9999 9999 9999 9999 9999         
MA01445 2019121000 0030 9999 9999 9999 9999 9999 9999 9999         
MA01404 2019121100 0030 0000 0032 0196 0012 0032 0007 9999         
MA01421 2019121100 0030 0000 0030 0242 0016 0034 0005 9999         
MA01427 2019121100 0030 0000 0037 0170 0024 0033 0023 9999         
MA01428 2019121100 0030 0000 0012 0237 0017 0030 -020 9999         
MA01430 2019121100 0030 0000 0012 0237 0017 0029 -022 9999         
MA01440 2019121100 0030 0000 0025 0131 0008 0037 0000 9999         
MA01445 2019121100 0030 0000 0010 0242 0016 0034 -018 9999         
MA01404 2019121200 0030 0025 0035 0201 0054 0082 0010 9999         
MA01421 2019121200 0030 0006 0032 0235 0089 0072 0017 9999         
MA01427 2019121200 0030 0011 0034 0197 0058 0076 0011 9999         
MA01428 2019121200 0030 0011 0016 0225 0087 0078 -006 9999         
MA01430 2019121200 0030 0013 0018 0225 0087 0077 -005 9999         
MA01440 2019121200 0030 0036 0017 0209 0223 0090 -018 9999         
MA01445 2019121200 0030 0007 0013 0235 0089 0079 -005 9999         
MA01404 2019121300 0030 0131 0048 0245 0040 0039 0003 9999         
MA01421 2019121300 0030 0224 0042 0323 0154 0044 0004 9999         
MA01427 2019121300 0030 0210 0024 0213 0014 0052 0003 9999         
MA01428 2019121300 0030 0179 0015 0312 0137 0048 -027 9999         
MA01430 2019121300 0030 0159 0019 0312 0137 0045 -026 9999         
MA01440 2019121300 0030 0205 0049 0264 0031 0034 -009 9999         
MA01445 2019121300 0030 0230 0020 0323 0154 0048 -020 9999         
MA01404 2019121400 0030 0001 0094 0222 0050 0075 0055 9999         
MA01421 2019121400 0030 0007 0101 0241 0025 0054 0050 9999         
MA01427 2019121400 0030 0022 0094 0189 0036 0063 0045 9999         
MA01428 2019121400 0030 0018 0083 0245 0078 0057 0021 9999         
MA01430 2019121400 0030 0015 0085 0245 0078 0056 0021 9999         
MA01440 2019121400 0030 0000 0080 0221 0060 0087 0060 9999         
MA01445 2019121400 0030 0011 0082 0255 0058 0058 0029 9999         
MA01404 2019121500 0030 0000 0092 0189 0033 0085 0090 9999         
MA01421 2019121500 0030 0000 0094 0268 0003 0058 0094 9999         
MA01427 2019121500 0030 0000 0097 0166 0021 0061 0094 9999         
MA01428 2019121500 0030 0000 0076 0197 0026 0059 0076 9999         
MA01430 2019121500 0030 0000 0074 0197 0026 0060 0074 9999         
MA01440 2019121500 0030 0000 0074 0193 0033 0094 0074 9999         
MA01445 2019121500 0030 0000 0077 0210 0037 0060 0077 9999         
MA01404 2019121600 0030 0000 0095 0168 0029 0070 0092 9999         
MA01421 2019121600 0030 0000 0111 0211 0037 0047 0094 9999         
MA01427 2019121600 0030 0000 0117 0175 0043 0049 0101 9999         
MA01428 2019121600 0030 0000 0106 0196 0061 0043 0076 9999         
MA01430 2019121600 0030 0000 0105 0196 0061 0043 0073 9999         
MA01440 2019121600 0030 0000 0079 0183 0042 0081 0077 9999         
MA01445 2019121600 0030 0000 0101 0200 0141 0045 0082 9999         
MA01404 2019121700 0030 0000 0116 0043 0009 0058 0105 9999         
MA01421 2019121700 0030 0000 0106 0007 0004 0047 0106 9999         
MA01427 2019121700 0030 0000 0109 0110 0021 0055 0109 9999         
MA01428 2019121700 0030 0000 0083 0113 0015 0054 0083 9999         
MA01430 2019121700 0030 0000 0083 0113 0015 0054 0083 9999         
MA01440 2019121700 0030 0000 0091 0184 0012 0078 0085 9999         
MA01445 2019121700 0030 0000 0083 0123 0010 0054 0083 9999         
MA01404 2019121800 0030 0000 0075 0088 0015 0091 0075 9999         
MA01421 2019121800 0030 0001 0084 0178 0015 0066 0084 9999         
MA01427 2019121800 0030 0001 0113 0099 0007 0052 0105 9999         
MA01428 2019121800 0030 0001 0072 0144 0078 0064 0072 9999         
MA01430 2019121800 0030 0001 0071 0144 0078 0064 0071 9999         
MA01440 2019121800 0030 0000 0076 0078 0006 0086 0076 9999         
MA01445 2019121800 0030 0002 0068 0145 0061 0067 0068 9999         
MA01404 2019121900 0030 0061 0084 0220 0049 0074 0081 9999         
MA01421 2019121900 0030 0027 0094 0244 0027 0044 0080 9999         
MA01427 2019121900 0030 0051 0085 0178 0037 0057 0077 9999         
MA01428 2019121900 0030 0033 0078 0232 0022 0044 0065 9999         
MA01430 2019121900 0030 0031 0079 0232 0022 0043 0064 9999         
MA01440 2019121900 0030 0017 0075 0209 0059 0076 0075 9999         
MA01445 2019121900 0030 0032 0076 0250 0030 0045 0063 9999         
MA01404 2019122000 0030 0259 0106 0236 0048 0076 0080 9999         
MA01421 2019122000 0030 0294 0107 0237 0239 0079 0074 9999         
MA01427 2019122000 0030 0313 0106 0226 0078 0086 0078 9999         
MA01428 2019122000 0030 0279 0075 0234 0242 0096 0055 9999         
MA01430 2019122000 0030 0256 0074 0234 0242 0095 0054 9999         
MA01440 2019122000 0030 0850 0091 0224 0060 0077 0057 9999         
MA01445 2019122000 0030 0313 0084 0237 0239 0087 0056 9999         
MA01404 2019122100 0030 0229 0069 0236 0112 0083 0069 9999         
MA01421 2019122100 0030 0305 0058 0258 0326 0072 0058 9999         
MA01427 2019122100 0030 0483 0059 0236 0094 0086 0059 9999         
MA01428 2019122100 0030 0298 0029 0253 0337 0088 0029 9999         
MA01430 2019122100 0030 0275 0032 0253 0337 0082 0032 9999         
MA01440 2019122100 0030 0357 0062 0259 0279 0078 0062 9999         
MA01445 2019122100 0030 0314 0034 0258 0326 0080 0034 9999         
MA01404 2019122200 0030 0207 0062 0262 0042 0049 0062 9999         
MA01421 2019122200 0030 0125 0045 0297 0136 0053 0045 9999         
MA01427 2019122200 0030 0267 0034 0211 0022 0081 0034 9999         
MA01428 2019122200 0030 0170 0015 0293 0155 0065 0015 9999         
MA01430 2019122200 0030 0177 0018 0293 0155 0061 0018 9999         
MA01440 2019122200 0030 0200 0055 0299 0052 0047 0043 9999         
MA01445 2019122200 0030 0129 0022 0297 0136 0058 0022 9999         
MA01404 2019122300 0030 0000 0056 0239 0031 0045 0050 9999         
MA01421 2019122300 0030 0000 0049 0302 0048 0037 0049 9999         
MA01427 2019122300 0030 0000 0047 0186 0008 0046 0035 9999         
MA01428 2019122300 0030 0000 0027 0342 0139 0039 0024 9999         
MA01430 2019122300 0030 0000 0028 0342 0139 0038 0026 9999         
MA01440 2019122300 0030 0000 0056 0251 0023 0040 0053 9999         
MA01445 2019122300 0030 0000 0029 0344 0159 0038 0029 9999         
MA01404 2019122400 0030 0000 0058 0239 0036 0054 0058 9999         
MA01421 2019122400 0030 0000 0066 0302 0038 0037 0053 9999         
MA01427 2019122400 0030 0000 0068 0350 0004 0040 0053 9999         
MA01428 2019122400 0030 0000 0044 0332 0150 0038 0032 9999         
MA01430 2019122400 0030 0000 0045 0332 0150 0037 0032 9999         
MA01440 2019122400 0030 0000 0067 0250 0035 0046 0063 9999         
MA01445 2019122400 0030 0000 0046 0336 0150 0038 0031 9999         
MA01404 2019122500 0030 0000 0044 0045 0021 0067 0044 9999         
MA01421 2019122500 0030 0000 0025 0313 0019 0074 0025 9999         
MA01427 2019122500 0030 0000 0037 0063 0040 0063 0037 9999         
MA01428 2019122500 0030 0000 0004 0046 0089 0079 0004 9999         
MA01430 2019122500 0030 0000 0004 0046 0089 0077 0004 9999         
MA01440 2019122500 0030 0000 0039 0052 0017 0048 0039 9999         
MA01445 2019122500 0030 0000 0004 0039 0099 0077 0004 9999         
MA01404 2019122600 0030 9999 9999 9999 9999 9999 9999 9999         
MA01421 2019122600 0030 9999 9999 9999 9999 9999 9999 9999         
MA01427 2019122600 0030 9999 9999 9999 9999 9999 9999 9999         
MA01428 2019122600 0030 9999 9999 9999 9999 9999 9999 9999         
MA01430 2019122600 0030 9999 9999 9999 9999 9999 9999 9999         
MA01440 2019122600 0030 9999 9999 9999 9999 9999 9999 9999         
MA01445 2019122600 0030 9999 9999 9999 9999 9999 9999 9999         
MA01404 2019122700 0030 9999 9999 9999 9999 9999 9999 9999         
MA01421 2019122700 0030 9999 9999 9999 9999 9999 9999 9999         
MA01427 2019122700 0030 9999 9999 9999 9999 9999 9999 9999         
MA01428 2019122700 0030 9999 9999 9999 9999 9999 9999 9999         
MA01430 2019122700 0030 9999 9999 9999 9999 9999 9999 9999         
MA01440 2019122700 0030 9999 9999 9999 9999 9999 9999 9999         
MA01445 2019122700 0030 9999 9999 9999 9999 9999 9999 9999         
MA01404 2019122800 0030 0020 -014 0032 0043 0081 -014 9999         
MA01421 2019122800 0030 0073 -034 0337 0044 0062 -037 9999         
MA01427 2019122800 0030 0031 -027 0040 0066 0059 -027 9999         
MA01428 2019122800 0030 0020 -058 0015 0163 0056 -060 9999         
MA01430 2019122800 0030 0019 -057 0015 0163 0055 -060 9999         
MA01440 2019122800 0030 0013 -017 0013 0031 0089 -017 9999         
MA01445 2019122800 0030 0064 -055 0011 0162 0055 -060 9999         
MA01404 2019122900 0030 0000 -018 0021 0038 0082 -018 9999         
MA01421 2019122900 0030 0010 -027 0325 0024 0064 -036 9999         
MA01427 2019122900 0030 0014 -017 0047 0040 0055 -023 9999         
MA01428 2019122900 0030 0011 -047 0037 0080 0060 -064 9999         
MA01430 2019122900 0030 0007 -047 0037 0080 0060 -064 9999         
MA01440 2019122900 0030 0000 -022 0007 0034 0075 -023 9999         
MA01445 2019122900 0030 0015 -044 0037 0085 0055 -061 9999         
MA01404 2019123000 0030 0000 0039 0253 0016 0040 -014 9999         
MA01421 2019123000 0030 0001 0045 0196 0005 0017 -020 9999         
MA01427 2019123000 0030 0001 0054 0181 0019 0018 -001 9999         
MA01428 2019123000 0030 0002 0038 0077 0019 0010 -043 9999         
MA01430 2019123000 0030 0001 0036 0077 0019 0011 -044 9999         
MA01440 2019123000 0030 0000 0059 0243 0013 0019 -015 9999         
MA01445 2019123000 0030 0002 0035 0076 0015 0012 -042 9999         
MA01404 2019123100 0030 0000 0061 0005 0014 0044 0044 9999         
MA01421 2019123100 0030 0000 0061 0125 0009 0039 0039 9999         
MA01427 2019123100 0030 0000 0072 0083 0025 0044 0048 9999         
MA01428 2019123100 0030 0000 0041 0101 0052 0043 0024 9999         
MA01430 2019123100 0030 0000 0040 0101 0052 0044 0022 9999         
MA01440 2019123100 0030 0000 0060 0332 0015 0045 0055 9999         
MA01445 2019123100 0030 0000 0042 0107 0047 0045 0027 9999         
MA01404 2020010100 0030 0000 0049 0122 0019 0047 0049 9999         
MA01421 2020010100 0030 0000 0063 0331 0009 0025 0053 9999         
MA01427 2020010100 0030 0000 0075 0082 0019 0020 0066 9999         
MA01428 2020010100 0030 0000 0051 0045 0025 0017 0039 9999         
MA01430 2020010100 0030 0000 0050 0045 0025 0017 0039 9999         
MA01440 2020010100 0030 0000 0059 0181 0018 0045 0054 9999         
MA01445 2020010100 0030 0000 0051 0019 0030 0018 0040 9999         
MA01404 2020010200 0030 0000 0067 0231 0028 0048 0058 9999         
MA01421 2020010200 0030 0000 0085 0257 0022 0031 0062 9999         
MA01427 2020010200 0030 0000 0090 0169 0018 0031 0082 9999         
MA01428 2020010200 0030 0000 0076 0292 0050 0030 0054 9999         
MA01430 2020010200 0030 0000 0075 0292 0050 0030 0052 9999         
MA01440 2020010200 0030 0000 0061 0244 0026 0059 0061 9999         
MA01445 2020010200 0030 0000 0074 0293 0027 0031 0052 9999         
MA01404 2020010300 0030 0000 0055 0235 0023 0086 0055 9999         
MA01421 2020010300 0030 0000 0058 0270 0017 0073 0058 9999         
MA01427 2020010300 0030 0000 0058 0199 0010 0084 0055 9999         
MA01428 2020010300 0030 0000 0033 0286 0069 0088 0033 9999         
MA01430 2020010300 0030 0000 0032 0286 0069 0087 0032 9999         
MA01440 2020010300 0030 0000 0051 0298 0017 0082 0051 9999         
MA01445 2020010300 0030 0000 0039 0295 0026 0080 0039 9999         
MA01404 2020010400 0030 9999 9999 9999 9999 9999 9999 9999         
MA01421 2020010400 0030 9999 9999 9999 9999 9999 9999 9999         
MA01427 2020010400 0030 9999 9999 9999 9999 9999 9999 9999         
MA01428 2020010400 0030 9999 9999 9999 9999 9999 9999 9999         
MA01430 2020010400 0030 9999 9999 9999 9999 9999 9999 9999         
MA01440 2020010400 0030 9999 9999 9999 9999 9999 9999 9999         
MA01445 2020010400 0030 9999 9999 9999 9999 9999 9999 9999         
MA01404 2020010500 0030 0000 0002 0042 0026 0070 0002 9999         
MA01421 2020010500 0030 0000 -017 0338 0030 0048 -027 9999         
MA01427 2020010500 0030 0000 -004 0049 0055 0042 -009 9999         
MA01428 2020010500 0030 0000 -038 0031 0133 0045 -049 9999         
MA01430 2020010500 0030 0000 -038 0031 0133 0045 -049 9999         
MA01440 2020010500 0030 0000 -005 0127 0011 0069 -009 9999         
MA01445 2020010500 0030 0000 -038 0026 0141 0045 -051 9999         
MA01404 2020010600 0030 0000 0053 0292 0012 0039 0010 9999         
MA01421 2020010600 0030 0000 0054 0020 0003 0027 -007 9999         
MA01427 2020010600 0030 0000 0078 0324 0005 0021 0017 9999         
MA01428 2020010600 0030 0000 0048 0332 0027 0025 -028 9999         
MA01430 2020010600 0030 0000 0045 0332 0027 0026 -028 9999         
MA01440 2020010600 0030 0000 0051 0256 0000 0043 0010 9999         
MA01445 2020010600 0030 0000 0049 0343 0031 0027 -029 9999         
MA01404 2020010700 0030 0000 0019 0040 0026 0087 0017 9999         
MA01421 2020010700 0030 0000 0013 0078 0003 0078 0013 9999         
MA01427 2020010700 0030 0000 0034 0080 0035 0056 0034 9999         
MA01428 2020010700 0030 0000 -006 0097 0083 0072 -006 9999         
MA01430 2020010700 0030 0000 -005 0097 0083 0069 -005 9999         
MA01440 2020010700 0030 0000 0009 0013 0020 0075 0009 9999         
MA01445 2020010700 0030 0000 -007 0086 0066 0078 -007 9999         
MA01404 2020010800 0030 0000 0060 0225 0022 0040 0022 9999         
MA01421 2020010800 0030 0000 0072 0278 0007 0028 0032 9999         
MA01427 2020010800 0030 0000 0081 0170 0014 0026 0062 9999         
MA01428 2020010800 0030 0000 0058 0328 0023 0028 0014 9999         
MA01430 2020010800 0030 0000 0056 0328 0023 0028 0013 9999         
MA01440 2020010800 0030 0000 0057 0228 0024 0037 0019 9999         
MA01445 2020010800 0030 0000 0058 0332 0020 0027 0014 9999         
MA01404 2020010900 0030 0000 0051 0228 0039 0062 0051 9999         
MA01421 2020010900 0030 0000 0071 0320 0012 0027 0071 9999         
MA01427 2020010900 0030 0000 0059 0182 0026 0040 0059 9999         
MA01428 2020010900 0030 0000 0053 0255 0017 0029 0053 9999         
MA01430 2020010900 0030 0000 0052 0255 0017 0030 0052 9999         
MA01440 2020010900 0030 0000 0033 0225 0038 0065 0033 9999         
MA01445 2020010900 0030 0000 0053 0265 0012 0028 0053 9999         
MA01404 2020011000 0030 0000 0028 0004 0015 0084 0028 9999         
MA01421 2020011000 0030 0000 0041 0335 0013 0067 0034 9999         
MA01427 2020011000 0030 0000 0051 0072 0027 0060 0046 9999         
MA01428 2020011000 0030 0000 0016 0070 0038 0075 0016 9999         
MA01430 2020011000 0030 0000 0015 0070 0038 0075 0015 9999         
MA01440 2020011000 0030 0000 0021 0357 0018 0095 0021 9999         
MA01445 2020011000 0030 0000 0019 0060 0032 0074 0017 9999         
MA01404 2020011100 0030 0000 0012 0003 0033 0094 0012 9999         
MA01421 2020011100 0030 0002 0022 0262 0006 0057 0018 9999         
MA01427 2020011100 0030 0000 0032 0062 0026 0056 0032 9999         
MA01428 2020011100 0030 0000 -002 0060 0030 0071 -002 9999         
MA01430 2020011100 0030 0000 -002 0060 0030 0072 -002 9999         
MA01440 2020011100 0030 0000 0007 0013 0034 0083 0007 9999         
MA01445 2020011100 0030 0002 -002 0063 0030 0065 -002 9999         
MA01404 2020011200 0030 0000 0015 0126 0015 0072 0015 9999         
MA01421 2020011200 0030 0001 0020 0181 0018 0047 0020 9999         
MA01427 2020011200 0030 0000 0045 0180 0003 0030 0040 9999         
MA01428 2020011200 0030 0000 0016 0170 0026 0033 0007 9999         
MA01430 2020011200 0030 0000 0015 0170 0026 0035 0006 9999         
MA01440 2020011200 0030 0000 0029 0092 0010 0054 0025 9999         
MA01445 2020011200 0030 0001 0016 0166 0029 0034 0007 9999         
MA01404 2020011300 0030 0000 0038 0223 0028 0081 0036 9999         
MA01421 2020011300 0030 0000 0040 0273 0016 0061 0040 9999         
MA01427 2020011300 0030 0000 0042 0174 0023 0070 0042 9999         
MA01428 2020011300 0030 0000 0022 0216 0007 0068 0022 9999         
MA01430 2020011300 0030 0000 0021 0216 0007 0068 0021 9999         
MA01440 2020011300 0030 0000 0025 0231 0024 0056 0025 9999         
MA01445 2020011300 0030 0000 0022 0265 0008 0066 0022 9999         
MA01404 2020011400 0030 0000 0060 0146 0011 0065 0040 9999         
MA01421 2020011400 0030 0000 0043 0323 0008 0047 0041 9999         
MA01427 2020011400 0030 0000 0055 0020 0008 0043 0043 9999         
MA01428 2020011400 0030 0000 0020 0152 0008 0052 0018 9999         
MA01430 2020011400 0030 0000 0018 0152 0008 0053 0017 9999         
MA01440 2020011400 0030 0000 0038 0225 0017 0081 0025 9999         
MA01445 2020011400 0030 0000 0023 0185 0008 0049 0019 9999         
MA01404 2020011500 0030 0000 0052 0040 0012 0070 0051 9999         
MA01421 2020011500 0030 0000 0049 0335 0007 0054 0046 9999         
MA01427 2020011500 0030 0000 0058 0074 0021 0051 0057 9999         
MA01428 2020011500 0030 0000 0028 0050 0016 0061 0025 9999         
MA01430 2020011500 0030 0000 0027 0050 0016 0062 0024 9999         
MA01440 2020011500 0030 0000 0048 0039 0007 0067 0043 9999         
MA01445 2020011500 0030 0000 0030 0027 0019 0059 0029 9999         
MA01404 2020011600 0030 0000 0047 0237 0019 0064 0044 9999         
MA01421 2020011600 0030 0000 0057 0144 0011 0051 0043 9999         
MA01427 2020011600 0030 0000 0062 0183 0018 0046 0057 9999         
MA01428 2020011600 0030 0000 0046 0250 0017 0040 0020 9999         
MA01430 2020011600 0030 0000 0045 0250 0017 0041 0019 9999         
MA01440 2020011600 0030 0000 0041 0260 0012 0063 0035 9999         
MA01445 2020011600 0030 0000 0048 0246 0011 0042 0021 9999         
MA01404 2020011700 0030 0067 0051 0210 0054 0079 0051 9999         
MA01421 2020011700 0030 0005 0047 0242 0035 0077 0047 9999         
MA01427 2020011700 0030 0007 0050 0205 0065 0085 0050 9999         
MA01428 2020011700 0030 0004 0022 0224 0166 0086 0022 9999         
MA01430 2020011700 0030 0003 0023 0224 0166 0084 0023 9999         
MA01440 2020011700 0030 0082 0037 0219 0036 0094 0037 9999         
MA01445 2020011700 0030 0006 0025 0234 0191 0084 0025 9999         
MA01404 2020011800 0030 0155 0021 0027 0050 0093 0021 9999         
MA01421 2020011800 0030 0040 0000 0345 0030 0086 0000 9999         
MA01427 2020011800 0030 0052 0019 0058 0040 0072 0019 9999         
MA01428 2020011800 0030 0078 -027 0041 0069 0093 -027 9999         
MA01430 2020011800 0030 0081 -028 0041 0069 0093 -028 9999         
MA01440 2020011800 0030 0184 0008 0052 0045 0093 0008 9999         
MA01445 2020011800 0030 0045 -025 0013 0081 0094 -025 9999         
MA01404 2020011900 0030 0043 0011 0065 0030 0088 0009 9999         
MA01421 2020011900 0030 0108 -007 0177 0018 0073 -009 9999         
MA01427 2020011900 0030 0052 0013 0089 0040 0055 0008 9999         
MA01428 2020011900 0030 0135 -029 0096 0099 0069 -033 9999         
MA01430 2020011900 0030 0138 -028 0096 0099 0067 -032 9999         
MA01440 2020011900 0030 0023 -006 0029 0060 0096 -006 9999         
MA01445 2020011900 0030 0123 -031 0092 0075 0074 -035 9999         
MA01404 2020012000 0030 0002 0002 0033 0025 0100 0002 9999         
MA01421 2020012000 0030 0027 0012 0167 0016 0078 -008 9999         
MA01427 2020012000 0030 0003 0044 0059 0016 0055 0019 9999         
MA01428 2020012000 0030 0009 0007 0130 0060 0069 -030 9999         
MA01430 2020012000 0030 0006 0005 0130 0060 0070 -030 9999         
MA01440 2020012000 0030 0047 -005 0019 0024 0094 -006 9999         
MA01445 2020012000 0030 0025 0005 0140 0041 0070 -034 9999         
MA01404 2020012100 0030 0000 0071 0243 0017 0055 0005 9999         
MA01421 2020012100 0030 0000 0070 0305 0013 0052 0017 9999         
MA01427 2020012100 0030 0000 0068 0181 0019 0058 0043 9999         
MA01428 2020012100 0030 0000 0052 0266 0028 0058 0011 9999         
MA01430 2020012100 0030 0000 0049 0266 0028 0059 0011 9999         
MA01440 2020012100 0030 0000 0060 0233 0026 0058 -002 9999         
MA01445 2020012100 0030 0000 0053 0256 0011 0056 0009 9999         
MA01404 2020012200 0030 0000 0084 0126 0021 0064 0069 9999         
MA01421 2020012200 0030 0000 0081 0188 0015 0048 0076 9999         
MA01427 2020012200 0030 0000 0100 0114 0010 0038 0075 9999         
MA01428 2020012200 0030 0000 0062 0127 0023 0050 0060 9999         
MA01430 2020012200 0030 0000 0061 0127 0023 0050 0058 9999         
MA01440 2020012200 0030 0000 0078 0209 0011 0056 0058 9999         
MA01445 2020012200 0030 0000 0062 0140 0017 0050 0060 9999         
MA01404 2020012300 0030 0000 0058 0195 0014 0064 0036 9999         
MA01421 2020012300 0030 0000 0074 0354 0006 0040 0058 9999         
MA01427 2020012300 0030 0000 0087 0190 0013 0033 0083 9999         
MA01428 2020012300 0030 0000 0065 0136 0010 0038 0048 9999         
MA01430 2020012300 0030 0000 0062 0136 0010 0040 0046 9999         
MA01440 2020012300 0030 0000 0055 0208 0027 0060 0050 9999         
MA01445 2020012300 0030 0000 0067 0200 0018 0035 0049 9999         
MA01404 2020012400 0030 0075 0059 0159 0017 0087 0059 9999         
MA01421 2020012400 0030 0003 0065 0266 0006 0070 0057 9999         
MA01427 2020012400 0030 0009 0072 0182 0028 0073 0066 9999         
MA01428 2020012400 0030 0011 0044 0222 0034 0078 0040 9999         
MA01430 2020012400 0030 0011 0043 0222 0034 0078 0039 9999         
MA01440 2020012400 0030 0109 0052 0155 0019 0092 0050 9999         
MA01445 2020012400 0030 0005 0044 0226 0057 0077 0042 9999         
MA01404 2020012500 0030 0034 0063 0214 0024 0082 0063 9999         
MA01421 2020012500 0030 0001 0055 0265 0012 0063 0055 9999         
MA01427 2020012500 0030 0007 0063 0148 0017 0064 0063 9999         
MA01428 2020012500 0030 0003 0037 0277 0008 0065 0037 9999         
MA01430 2020012500 0030 0003 0036 0277 0008 0066 0036 9999         
MA01440 2020012500 0030 0158 0053 0207 0023 0091 0053 9999         
MA01445 2020012500 0030 0001 0037 0241 0010 0067 0037 9999         
MA01404 2020012600 0030 0026 0050 0236 0030 0085 0050 9999         
MA01421 2020012600 0030 0001 0053 0278 0023 0063 0051 9999         
MA01427 2020012600 0030 0006 0044 0191 0023 0077 0042 9999         
MA01428 2020012600 0030 0002 0028 0287 0097 0074 0028 9999         
MA01430 2020012600 0030 0002 0029 0287 0097 0073 0029 9999         
MA01440 2020012600 0030 0019 0045 0246 0026 0083 0043 9999         
MA01445 2020012600 0030 0000 0032 0295 0064 0069 0030 9999         
MA01404 2020012700 0030 0000 0065 0218 0090 0087 0051 9999         
MA01421 2020012700 0030 0001 0053 0299 0023 0072 0053 9999         
MA01427 2020012700 0030 0001 0056 0210 0088 0084 0047 9999         
MA01428 2020012700 0030 0000 0033 0232 0154 0080 0022 9999         
MA01430 2020012700 0030 0000 0034 0232 0154 0077 0022 9999         
MA01440 2020012700 0030 0000 0056 0218 0104 0086 0048 9999         
MA01445 2020012700 0030 0001 0031 0250 0167 0079 0031 9999         
MA01404 2020012800 0030 0000 0049 0236 0072 0078 0049 9999         
MA01421 2020012800 0030 0026 0041 0263 0080 0062 0040 9999         
MA01427 2020012800 0030 0015 0035 0233 0072 0084 0035 9999         
MA01428 2020012800 0030 0010 0008 0255 0237 0083 0008 9999         
MA01430 2020012800 0030 0006 0009 0255 0237 0080 0009 9999         
MA01440 2020012800 0030 0001 0040 0236 0072 0071 0039 9999         
MA01445 2020012800 0030 0027 0019 0264 0250 0068 0018 9999         
MA01404 2020012900 0030 0000 0044 0221 0031 0078 0044 9999         
MA01421 2020012900 0030 0008 0053 0208 0007 0046 0053 9999         
MA01427 2020012900 0030 0003 0062 0155 0012 0047 0044 9999         
MA01428 2020012900 0030 0002 0029 0015 0009 0054 0021 9999         
MA01430 2020012900 0030 0001 0027 0015 0009 0055 0024 9999         
MA01440 2020012900 0030 0000 0033 0214 0034 0069 0033 9999         
MA01445 2020012900 0030 0007 0030 0010 0008 0052 0030 9999         
MA01404 2020013000 0030 0000 0080 0219 0071 0086 0061 9999         
MA01421 2020013000 0030 0000 0080 0263 0026 0074 0052 9999         
MA01427 2020013000 0030 0001 0075 0204 0040 0085 0062 9999         
MA01428 2020013000 0030 0000 0058 0247 0105 0085 0029 9999         
MA01430 2020013000 0030 0000 0059 0247 0105 0082 0028 9999         
MA01440 2020013000 0030 0000 0070 0217 0072 0088 0053 9999         
MA01445 2020013000 0030 0000 0060 0260 0114 0082 0028 9999         
MA01404 2020013100 0030 0000 0090 0218 0035 0087 0083 9999         
MA01421 2020013100 0030 0000 0086 0243 0016 0071 0085 9999         
MA01427 2020013100 0030 0000 0086 0186 0027 0078 0079 9999         
MA01428 2020013100 0030 0000 0066 0217 0021 0078 0063 9999         
MA01430 2020013100 0030 0000 0066 0217 0021 0078 0063 9999         
MA01440 2020013100 0030 0000 0073 0201 0022 0095 0071 9999         
MA01445 2020013100 0030 0000 0067 0233 0020 0077 0064 9999         
MA01404 2020020100 0030 0002 0091 0227 0040 0088 0089 9999         
MA01421 2020020100 0030 0000 0088 0250 0023 0069 0082 9999         
MA01427 2020020100 0030 0002 0087 0216 0028 0083 0084 9999         
MA01428 2020020100 0030 0000 0064 0245 0037 0078 0056 9999         
MA01430 2020020100 0030 0000 0065 0245 0037 0077 0057 9999         
MA01440 2020020100 0030 0001 0089 0220 0040 0076 0073 9999         
MA01445 2020020100 0030 0001 0067 0259 0026 0074 0058 9999         
MA01404 2020020200 0030 0000 0103 0230 0064 0083 0099 9999         
MA01421 2020020200 0030 0000 0133 0273 0027 0049 0096 9999         
MA01427 2020020200 0030 0000 0095 0193 0036 0077 0090 9999         
MA01428 2020020200 0030 0000 0114 0286 0099 0053 0071 9999         
MA01430 2020020200 0030 0000 0117 0286 0099 0052 0071 9999         
MA01440 2020020200 0030 0000 0111 0228 0059 0074 0096 9999         
MA01445 2020020200 0030 0000 0115 0303 0070 0052 0072 9999         
MA01404 2020020300 0030 0000 0096 0227 0092 0074 0096 9999         
MA01421 2020020300 0030 0000 0123 0263 0107 0042 0123 9999         
MA01427 2020020300 0030 0000 0085 0208 0059 0078 0085 9999         
MA01428 2020020300 0030 0000 0085 0269 0332 0056 0085 9999         
MA01430 2020020300 0030 0000 0092 0269 0332 0050 0092 9999         
MA01440 2020020300 0030 0000 0092 0218 0087 0070 0092 9999         
MA01445 2020020300 0030 0000 0100 0273 0338 0045 0100 9999         
MA01404 2020020400 0030 0000 0000 0321 0052 0063 0000 9999         
MA01421 2020020400 0030 0001 -009 0318 0059 0058 -009 9999         
MA01427 2020020400 0030 0005 -014 0001 0044 0075 -014 9999         
MA01428 2020020400 0030 0001 -040 0343 0180 0072 -040 9999         
MA01430 2020020400 0030 0001 -038 0343 0180 0069 -038 9999         
MA01440 2020020400 0030 0000 -006 0322 0060 0055 -006 9999         
MA01445 2020020400 0030 0000 -032 0346 0189 0063 -032 9999         
MA01404 2020020500 0030 9999 9999 9999 9999 9999 9999 9999         
MA01421 2020020500 0030 9999 9999 9999 9999 9999 9999 9999         
MA01427 2020020500 0030 9999 9999 9999 9999 9999 9999 9999         
MA01428 2020020500 0030 9999 9999 9999 9999 9999 9999 9999         
MA01430 2020020500 0030 9999 9999 9999 9999 9999 9999 9999         
MA01440 2020020500 0030 9999 9999 9999 9999 9999 9999 9999         
MA01445 2020020500 0030 9999 9999 9999 9999 9999 9999 9999         
MA01404 2020020600 0030 0000 0024 0230 0025 0041 -002 9999         
MA01421 2020020600 0030 0000 0026 0258 0016 0031 -036 9999         
MA01427 2020020600 0030 0001 0037 0190 0018 0023 -022 9999         
MA01428 2020020600 0030 0000 0012 0294 0026 0024 -066 9999         
MA01430 2020020600 0030 0000 0011 0294 0026 0024 -066 9999         
MA01440 2020020600 0030 0000 0023 0235 0020 0047 -012 9999         
MA01445 2020020600 0030 0001 0011 0303 0019 0029 -064 9999         
MA01404 2020020700 0030 0000 0038 0115 0016 0051 0038 9999         
MA01421 2020020700 0030 0000 0038 0145 0010 0040 0038 9999         
MA01427 2020020700 0030 0000 0058 0184 0009 0034 0050 9999         
MA01428 2020020700 0030 0000 0026 0181 0009 0038 0021 9999         
MA01430 2020020700 0030 0000 0024 0181 0009 0039 0019 9999         
MA01440 2020020700 0030 0000 0034 0126 0003 0064 0034 9999         
MA01445 2020020700 0030 0000 0027 0191 0012 0039 0023 9999         
MA01404 2020020800 0030 0000 0048 0216 0027 0058 0048 9999         
MA01421 2020020800 0030 0000 0053 0324 0010 0032 0050 9999         
MA01427 2020020800 0030 0000 0054 0167 0020 0031 0054 9999         
MA01428 2020020800 0030 0000 0035 0265 0006 0028 0035 9999         
MA01430 2020020800 0030 0000 0034 0265 0006 0029 0034 9999         
MA01440 2020020800 0030 0000 0033 0216 0026 0065 0033 9999         
MA01445 2020020800 0030 0000 0039 0289 0010 0028 0036 9999         
MA01404 2020020900 0030 0000 0068 0222 0100 0092 0060 9999         
MA01421 2020020900 0030 0000 0065 0265 0024 0072 0059 9999         
MA01427 2020020900 0030 0000 0062 0206 0072 0085 0052 9999         
MA01428 2020020900 0030 0000 0043 0240 0166 0080 0037 9999         
MA01430 2020020900 0030 0000 0046 0240 0166 0076 0039 9999         
MA01440 2020020900 0030 0000 0066 0222 0109 0087 0045 9999         
MA01445 2020020900 0030 0000 0044 0254 0174 0078 0039 9999         
MA01404 2020021000 0030 0000 0082 0235 0079 0082 0073 9999         
MA01421 2020021000 0030 0000 0093 0255 0116 0057 0084 9999         
MA01427 2020021000 0030 0001 0068 0223 0091 0085 0064 9999         
MA01428 2020021000 0030 0000 0054 0253 0300 0075 0050 9999         
MA01430 2020021000 0030 0000 0061 0253 0300 0069 0057 9999         
MA01440 2020021000 0030 0000 0082 0242 0080 0069 0065 9999         
MA01445 2020021000 0030 0001 0076 0263 0334 0058 0059 9999         
MA01404 2020021100 0030 0000 0046 0323 0027 0029 0046 9999         
MA01421 2020021100 0030 0000 0040 0274 0018 0048 0040 9999         
MA01427 2020021100 0030 0002 0044 0054 0017 0035 0044 9999         
MA01428 2020021100 0030 0000 0014 0333 0060 0031 0014 9999         
MA01430 2020021100 0030 0000 0014 0333 0060 0030 0014 9999         
MA01440 2020021100 0030 0000 0031 0323 0034 0035 0031 9999         
MA01445 2020021100 0030 0000 0019 0331 0035 0040 0019 9999         
MA01404 2020021200 0030 0000 0052 0202 0022 0047 0052 9999         
MA01421 2020021200 0030 0000 0057 0318 0018 0032 0054 9999         
MA01427 2020021200 0030 0000 0057 0180 0027 0037 0053 9999         
MA01428 2020021200 0030 0000 0036 0254 0050 0035 0032 9999         
MA01430 2020021200 0030 0000 0036 0254 0050 0035 0031 9999         
MA01440 2020021200 0030 0000 0042 0195 0021 0057 0042 9999         
MA01445 2020021200 0030 0000 0036 0267 0035 0035 0032 9999         
MA01404 2020021300 0030 0001 0068 0238 0060 0089 0064 9999         
MA01421 2020021300 0030 0003 0059 0261 0044 0090 0059 9999         
MA01427 2020021300 0030 0002 0071 0246 0076 0085 0051 9999         
MA01428 2020021300 0030 0002 0034 0260 0245 0097 0034 9999         
MA01430 2020021300 0030 0001 0033 0260 0245 0096 0033 9999         
MA01440 2020021300 0030 0003 0060 0255 0049 0085 0050 9999         
MA01445 2020021300 0030 0003 0038 0259 0234 0095 0038 9999         
MA01404 2020021400 0030 0016 0053 0104 0022 0059 0053 9999         
MA01421 2020021400 0030 0037 0039 0171 0006 0054 0039 9999         
MA01427 2020021400 0030 0208 0048 0091 0031 0046 0048 9999         
MA01428 2020021400 0030 0029 0013 0100 0062 0058 0013 9999         
MA01430 2020021400 0030 0026 0013 0100 0062 0057 0013 9999         
MA01440 2020021400 0030 0027 0045 0162 0016 0055 0045 9999         
MA01445 2020021400 0030 0036 0013 0099 0043 0061 0013 9999         
MA01404 2020021500 0030 0000 0075 0239 0023 0044 0075 9999         
MA01421 2020021500 0030 0000 0088 0063 0005 0027 0054 9999         
MA01427 2020021500 0030 0000 0089 0194 0017 0029 0074 9999         
MA01428 2020021500 0030 0000 0068 0282 0011 0030 0037 9999         
MA01430 2020021500 0030 0000 0066 0282 0011 0030 0037 9999         
MA01440 2020021500 0030 0000 0067 0235 0027 0042 0063 9999         
MA01445 2020021500 0030 0000 0070 0250 0006 0028 0033 9999         
MA01404 2020021600 0030 0000 0073 0220 0035 0057 0073 9999         
MA01421 2020021600 0030 0000 0102 0334 0013 0026 0083 9999         
MA01427 2020021600 0030 0000 0089 0182 0030 0032 0088 9999         
MA01428 2020021600 0030 0000 0087 0237 0021 0025 0064 9999         
MA01430 2020021600 0030 0000 0085 0237 0021 0025 0062 9999         
MA01440 2020021600 0030 0000 0053 0217 0031 0080 0053 9999         
MA01445 2020021600 0030 0000 0087 0247 0018 0025 0068 9999         
MA01404 2020021700 0030 0000 0073 0222 0037 0084 0063 9999         
MA01421 2020021700 0030 0000 0072 0255 0019 0059 0072 9999         
MA01427 2020021700 0030 0000 0064 0188 0022 0068 0064 9999         
MA01428 2020021700 0030 0000 0058 0259 0047 0066 0058 9999         
MA01430 2020021700 0030 0000 0060 0259 0047 0065 0060 9999         
MA01440 2020021700 0030 0000 0065 0217 0030 0091 0061 9999         
MA01445 2020021700 0030 0000 0056 0270 0023 0064 0056 9999         
MA01404 2020021800 0030 0015 0063 0342 0009 0096 0063 9999         
MA01421 2020021800 0030 0000 0049 0264 0007 0084 0049 9999         
MA01427 2020021800 0030 0000 0061 0182 0010 0076 0061 9999         
MA01428 2020021800 0030 0000 0026 0275 0015 0088 0026 9999         
MA01430 2020021800 0030 0000 0025 0275 0015 0089 0025 9999         
MA01440 2020021800 0030 0001 0051 0355 0005 0094 0051 9999         
MA01445 2020021800 0030 0000 0027 0276 0011 0087 0027 9999         
MA01404 2020021900 0030 0000 0022 0353 0021 0077 0022 9999         
MA01421 2020021900 0030 0004 0006 0326 0027 0075 0006 9999         
MA01427 2020021900 0030 0006 0018 0043 0035 0063 0018 9999         
MA01428 2020021900 0030 0001 -021 0007 0064 0084 -021 9999         
MA01430 2020021900 0030 0001 -022 0007 0064 0084 -022 9999         
MA01440 2020021900 0030 0000 0017 0032 0015 0067 0017 9999         
MA01445 2020021900 0030 0001 -017 0005 0081 0079 -017 9999         
MA01404 2020022000 0030 0000 0054 0230 0033 0036 0039 9999         
MA01421 2020022000 0030 0000 0064 0281 0026 0034 0014 9999         
MA01427 2020022000 0030 0000 0057 0192 0027 0035 0035 9999         
MA01428 2020022000 0030 0004 0044 0271 0086 0033 -014 9999         
MA01430 2020022000 0030 0005 0044 0271 0086 0033 -015 9999         
MA01440 2020022000 0030 0012 0039 0231 0036 0057 0028 9999         
MA01445 2020022000 0030 0000 0047 0285 0055 0034 -013 9999         
MA01404 2020022100 0030 0000 0045 0150 0027 0051 0042 9999         
MA01421 2020022100 0030 0000 0029 0187 0025 0048 0023 9999         
MA01427 2020022100 0030 0000 0065 0107 0006 0034 0051 9999         
MA01428 2020022100 0030 0000 0029 0065 0016 0040 0015 9999         
MA01430 2020022100 0030 0000 0028 0065 0016 0041 0015 9999         
MA01440 2020022100 0030 0000 0053 0161 0014 0046 0047 9999         
MA01445 2020022100 0030 0000 0022 0080 0009 0043 0007 9999         
MA01404 2020022200 0030 0000 0078 0227 0049 0057 0057 9999         
MA01421 2020022200 0030 0000 0110 0272 0023 0028 0045 9999         
MA01427 2020022200 0030 0000 0088 0187 0035 0040 0069 9999         
MA01428 2020022200 0030 0000 0096 0267 0072 0027 0038 9999         
MA01430 2020022200 0030 0000 0096 0267 0072 0027 0037 9999         
MA01440 2020022200 0030 0000 0071 0226 0046 0057 0058 9999         
MA01445 2020022200 0030 0000 0097 0275 0045 0028 0033 9999         
MA01404 2020022300 0030 0000 0089 0224 0051 0067 0089 9999         
MA01421 2020022300 0030 0000 0132 0298 0015 0036 0122 9999         
MA01427 2020022300 0030 0000 0113 0185 0025 0044 0095 9999         
MA01428 2020022300 0030 0000 0119 0298 0051 0037 0105 9999         
MA01430 2020022300 0030 0000 0118 0298 0051 0038 0105 9999         
MA01440 2020022300 0030 0000 0087 0224 0041 0066 0087 9999         
MA01445 2020022300 0030 0000 0119 0311 0027 0037 0107 9999         
MA01404 2020022400 0030 0000 0078 0219 0058 0082 0078 9999         
MA01421 2020022400 0030 0000 0128 0319 0014 0035 0125 9999         
MA01427 2020022400 0030 0000 0110 0193 0043 0046 0101 9999         
MA01428 2020022400 0030 0000 0111 0245 0055 0033 0104 9999         
MA01430 2020022400 0030 0000 0109 0245 0055 0035 0105 9999         
MA01440 2020022400 0030 0000 0079 0218 0073 0071 0079 9999         
MA01445 2020022400 0030 0000 0112 0254 0071 0032 0105 9999         
MA01404 2020022500 0030 0000 0053 0233 0090 0080 0053 9999         
MA01421 2020022500 0030 0000 0059 0245 0289 0055 0059 9999         
MA01427 2020022500 0030 0000 0049 0210 0081 0080 0049 9999         
MA01428 2020022500 0030 0000 0027 0234 0268 0072 0027 9999         
MA01430 2020022500 0030 0000 0029 0234 0268 0068 0029 9999         
MA01440 2020022500 0030 0000 0049 0236 0045 0085 0049 9999         
MA01445 2020022500 0030 0000 0034 0245 0289 0062 0034 9999         
MA01404 2020022600 0030 0004 0004 0243 0031 0044 0004 9999         
MA01421 2020022600 0030 0004 -005 0273 0031 0034 -014 9999         
MA01427 2020022600 0030 0102 -016 0203 0023 0057 -019 9999         
MA01428 2020022600 0030 0001 -032 0292 0123 0042 -043 9999         
MA01430 2020022600 0030 0002 -031 0292 0123 0040 -042 9999         
MA01440 2020022600 0030 0020 0004 0272 0029 0036 0001 9999         
MA01445 2020022600 0030 0004 -027 0294 0102 0037 -037 9999         
MA01404 2020022700 0030 0061 0028 0309 0044 0038 0026 9999         
MA01421 2020022700 0030 0143 0022 0289 0047 0034 0020 9999         
MA01427 2020022700 0030 0110 0018 0244 0014 0053 0010 9999         
MA01428 2020022700 0030 0096 -006 0316 0161 0037 -015 9999         
MA01430 2020022700 0030 0081 -004 0316 0161 0034 -015 9999         
MA01440 2020022700 0030 0084 0017 0304 0055 0038 0017 9999         
MA01445 2020022700 0030 0142 0000 0314 0152 0034 -008 9999         
MA01404 2020022800 0030 9999 9999 9999 9999 9999 9999 9999         
MA01421 2020022800 0030 9999 9999 9999 9999 9999 9999 9999         
MA01427 2020022800 0030 9999 9999 9999 9999 9999 9999 9999         
MA01428 2020022800 0030 9999 9999 9999 9999 9999 9999 9999         
MA01430 2020022800 0030 9999 9999 9999 9999 9999 9999 9999         
MA01440 2020022800 0030 9999 9999 9999 9999 9999 9999 9999         
MA01445 2020022800 0030 9999 9999 9999 9999 9999 9999 9999         
