MA01429 2019113000 0030 0006 0031 0218 0035 0053 -003 9999         
MA01431 2019113000 0030 0002 0030 0218 0040 0051 0005 9999         
MA01432 2019113000 0030 0002 0025 0208 0041 0054 -008 9999         
MA01433 2019113000 0030 0002 0025 0208 0041 0054 -002 9999         
MA01429 2019120100 0030 0001 0051 0220 0112 0091 0037 9999         
MA01431 2019120100 0030 0001 0050 0213 0118 0091 0040 9999         
MA01432 2019120100 0030 0001 0043 0210 0102 0092 0036 9999         
MA01433 2019120100 0030 0001 0044 0210 0102 0091 0039 9999         
MA01429 2019120200 0030 0101 0004 0048 0032 0097 0037 9999         
MA01431 2019120200 0030 0089 0005 0061 0048 0096 0038 9999         
MA01432 2019120200 0030 0122 0002 0067 0041 0095 0036 9999         
MA01433 2019120200 0030 0108 0003 0067 0041 0095 0037 9999         
MA01429 2019120300 0030 0020 0003 0108 0062 0035 -007 9999         
MA01431 2019120300 0030 0016 0010 0103 0091 0030 -006 9999         
MA01432 2019120300 0030 0013 0009 0100 0075 0031 -011 9999         
MA01433 2019120300 0030 0014 0010 0100 0075 0031 -009 9999         
MA01429 2019120400 0030 0000 0034 0141 0050 0029 -024 9999         
MA01431 2019120400 0030 0000 0042 0152 0041 0022 -020 9999         
MA01432 2019120400 0030 0000 0039 0145 0041 0022 -027 9999         
MA01433 2019120400 0030 0000 0041 0145 0041 0021 -024 9999         
MA01429 2019120500 0030 0005 0042 0228 0025 0089 0026 9999         
MA01431 2019120500 0030 0010 0040 0231 0031 0090 0029 9999         
MA01432 2019120500 0030 0005 0034 0218 0026 0089 0022 9999         
MA01433 2019120500 0030 0007 0034 0218 0026 0089 0025 9999         
MA01429 2019120600 0030 0042 0028 0243 0105 0089 0042 9999         
MA01431 2019120600 0030 0037 0027 0237 0113 0089 0045 9999         
MA01432 2019120600 0030 0051 0020 0234 0096 0089 0043 9999         
MA01433 2019120600 0030 0053 0021 0234 0096 0088 0045 9999         
MA01429 2019120700 0030 0001 0035 0201 0011 0068 0011 9999         
MA01431 2019120700 0030 0001 0035 0231 0021 0066 0015 9999         
MA01432 2019120700 0030 0001 0031 0195 0010 0062 0008 9999         
MA01433 2019120700 0030 0001 0032 0195 0010 0062 0012 9999         
MA01429 2019120800 0030 0007 0031 0228 0069 0086 0042 9999         
MA01431 2019120800 0030 0008 0030 0222 0089 0086 0044 9999         
MA01432 2019120800 0030 0010 0026 0218 0064 0082 0041 9999         
MA01433 2019120800 0030 0010 0027 0218 0064 0082 0043 9999         
MA01429 2019120900 0030 0006 -015 0013 0078 0092 -009 9999         
MA01431 2019120900 0030 0008 -015 0018 0090 0091 -003 9999         
MA01432 2019120900 0030 0013 -021 0027 0069 0085 -011 9999         
MA01433 2019120900 0030 0012 -021 0027 0069 0086 -007 9999         
MA01429 2019121000 0030 0098 -041 0004 0071 0076 -019 9999         
MA01431 2019121000 0030 0115 -044 0015 0086 0078 -018 9999         
MA01432 2019121000 0030 0093 -043 0023 0069 0080 -022 9999         
MA01433 2019121000 0030 0102 -044 0023 0069 0079 -020 9999         
MA01429 2019121100 0030 0001 -009 0249 0031 0056 -035 9999         
MA01431 2019121100 0030 0001 -011 0246 0046 0065 -037 9999         
MA01432 2019121100 0030 0001 -019 0220 0032 0053 -037 9999         
MA01433 2019121100 0030 0001 -018 0220 0032 0058 -037 9999         
MA01429 2019121200 0030 0007 -021 0230 0094 0079 -029 9999         
MA01431 2019121200 0030 0008 -020 0222 0112 0079 -024 9999         
MA01432 2019121200 0030 0008 -034 0206 0057 0082 -031 9999         
MA01433 2019121200 0030 0009 -031 0206 0057 0081 -027 9999         
MA01429 2019121300 0030 0115 -004 0297 0064 0047 -014 9999         
MA01431 2019121300 0030 0113 -004 0303 0071 0044 -014 9999         
MA01432 2019121300 0030 0152 -011 0283 0041 0052 -022 9999         
MA01433 2019121300 0030 0140 -010 0283 0041 0049 -019 9999         
MA01429 2019121400 0030 0022 0074 0240 0042 0044 0021 9999         
MA01431 2019121400 0030 0025 0072 0231 0060 0045 0031 9999         
MA01432 2019121400 0030 0023 0065 0220 0043 0047 0017 9999         
MA01433 2019121400 0030 0025 0065 0220 0043 0047 0024 9999         
MA01429 2019121500 0030 0000 0070 0217 0062 0045 0029 9999         
MA01431 2019121500 0030 0000 0068 0215 0069 0045 0033 9999         
MA01432 2019121500 0030 0000 0061 0208 0066 0052 0028 9999         
MA01433 2019121500 0030 0000 0063 0208 0066 0049 0032 9999         
MA01429 2019121600 0030 0000 0083 0203 0078 0048 0042 9999         
MA01431 2019121600 0030 0000 0082 0201 0079 0048 0042 9999         
MA01432 2019121600 0030 0000 0079 0199 0080 0047 0040 9999         
MA01433 2019121600 0030 0000 0079 0199 0080 0047 0041 9999         
MA01429 2019121700 0030 0000 0068 0195 0019 0049 0050 9999         
MA01431 2019121700 0030 0000 0067 0179 0029 0045 0053 9999         
MA01432 2019121700 0030 0000 0062 0177 0027 0050 0043 9999         
MA01433 2019121700 0030 0000 0063 0177 0027 0046 0047 9999         
MA01429 2019121800 0030 0000 0058 0150 0033 0059 0044 9999         
MA01431 2019121800 0030 0000 0061 0160 0040 0054 0046 9999         
MA01432 2019121800 0030 0000 0054 0162 0028 0056 0039 9999         
MA01433 2019121800 0030 0000 0055 0162 0028 0055 0042 9999         
MA01429 2019121900 0030 0018 0032 0238 0046 0064 0012 9999         
MA01431 2019121900 0030 0018 0030 0216 0055 0065 0021 9999         
MA01432 2019121900 0030 0015 0020 0218 0050 0071 0008 9999         
MA01433 2019121900 0030 0016 0021 0218 0050 0070 0015 9999         
MA01429 2019122000 0030 0080 0053 0213 0084 0093 0055 9999         
MA01431 2019122000 0030 0085 0053 0206 0104 0092 0057 9999         
MA01432 2019122000 0030 0092 0044 0203 0069 0096 0055 9999         
MA01433 2019122000 0030 0091 0045 0203 0069 0095 0057 9999         
MA01429 2019122100 0030 0216 0043 0232 0079 0090 0049 9999         
MA01431 2019122100 0030 0206 0042 0231 0092 0093 0050 9999         
MA01432 2019122100 0030 0270 0034 0224 0062 0095 0048 9999         
MA01433 2019122100 0030 0255 0034 0224 0062 0095 0050 9999         
MA01429 2019122200 0030 0197 -004 0280 0084 0079 0031 9999         
MA01431 2019122200 0030 0224 -006 0282 0098 0081 0032 9999         
MA01432 2019122200 0030 0236 -016 0266 0059 0086 0027 9999         
MA01433 2019122200 0030 0245 -015 0266 0059 0085 0030 9999         
MA01429 2019122300 0030 0002 0016 0343 0053 0034 0002 9999         
MA01431 2019122300 0030 0002 0014 0339 0058 0033 0000 9999         
MA01432 2019122300 0030 0005 0007 0344 0045 0033 -001 9999         
MA01433 2019122300 0030 0004 0007 0344 0045 0033 -001 9999         
MA01429 2019122400 0030 0000 0029 0323 0059 0042 0007 9999         
MA01431 2019122400 0030 0000 0029 0331 0081 0039 0009 9999         
MA01432 2019122400 0030 0000 0019 0323 0049 0044 0004 9999         
MA01433 2019122400 0030 0000 0020 0323 0049 0042 0007 9999         
MA01429 2019122500 0030 0001 -004 0059 0072 0072 -006 9999         
MA01431 2019122500 0030 0000 -005 0067 0085 0072 -003 9999         
MA01432 2019122500 0030 0001 -008 0064 0082 0065 -008 9999         
MA01433 2019122500 0030 0001 -008 0064 0082 0065 -005 9999         
MA01429 2019122600 0030 9999 9999 9999 9999 9999 9999 9999         
MA01431 2019122600 0030 9999 9999 9999 9999 9999 9999 9999         
MA01432 2019122600 0030 9999 9999 9999 9999 9999 9999 9999         
MA01433 2019122600 0030 9999 9999 9999 9999 9999 9999 9999         
MA01429 2019122700 0030 0031 -055 0058 0090 0092 -009 9999         
MA01431 2019122700 0030 0034 -055 0062 0095 0086 -007 9999         
MA01432 2019122700 0030 0025 -060 0064 0098 0086 -014 9999         
MA01433 2019122700 0030 0026 -060 0064 0098 0085 -011 9999         
MA01429 2019122800 0030 0036 -082 0024 0110 0092 -043 9999         
MA01431 2019122800 0030 0027 -083 0034 0115 0090 -042 9999         
MA01432 2019122800 0030 0022 -083 0036 0116 0084 -046 9999         
MA01433 2019122800 0030 0023 -083 0036 0116 0084 -043 9999         
MA01429 2019122900 0030 0007 -068 0035 0078 0067 -050 9999         
MA01431 2019122900 0030 0008 -068 0044 0088 0055 -050 9999         
MA01432 2019122900 0030 0006 -071 0046 0093 0069 -050 9999         
MA01433 2019122900 0030 0006 -071 0046 0093 0064 -049 9999         
MA01429 2019123000 0030 0001 0013 0317 0023 0009 -050 9999         
MA01431 2019123000 0030 0002 0012 0307 0021 0009 -046 9999         
MA01432 2019123000 0030 0001 0006 0292 0025 0008 -053 9999         
MA01433 2019123000 0030 0001 0008 0292 0025 0009 -050 9999         
MA01429 2019123100 0030 0000 0029 0055 0040 0039 0010 9999         
MA01431 2019123100 0030 0000 0033 0061 0044 0038 0014 9999         
MA01432 2019123100 0030 0000 0028 0062 0044 0035 0005 9999         
MA01433 2019123100 0030 0000 0029 0062 0044 0035 0009 9999         
MA01429 2020010100 0030 0000 0037 0038 0050 0010 0017 9999         
MA01431 2020010100 0030 0000 0040 0047 0058 0011 0026 9999         
MA01432 2020010100 0030 0000 0036 0050 0052 0010 0007 9999         
MA01433 2020010100 0030 0000 0037 0050 0052 0010 0014 9999         
MA01429 2020010200 0030 0000 0061 0304 0028 0023 0011 9999         
MA01431 2020010200 0030 0000 0059 0301 0039 0026 0010 9999         
MA01432 2020010200 0030 0000 0054 0310 0030 0024 0009 9999         
MA01433 2020010200 0030 0000 0053 0310 0030 0025 0009 9999         
MA01429 2020010300 0030 0001 0012 0313 0048 0089 -003 9999         
MA01431 2020010300 0030 0001 0011 0314 0058 0090 0001 9999         
MA01432 2020010300 0030 0001 0008 0308 0046 0086 -003 9999         
MA01433 2020010300 0030 0001 0009 0308 0046 0086 -001 9999         
MA01429 2020010400 0030 0002 0003 0041 0092 0052 -007 9999         
MA01431 2020010400 0030 0003 0002 0047 0095 0051 -005 9999         
MA01432 2020010400 0030 0003 -002 0045 0097 0047 -012 9999         
MA01433 2020010400 0030 0003 -002 0045 0097 0047 -009 9999         
MA01429 2020010500 0030 0004 -060 0055 0100 0035 -050 9999         
MA01431 2020010500 0030 0000 -056 0057 0119 0033 -046 9999         
MA01432 2020010500 0030 0001 -056 0060 0117 0036 -049 9999         
MA01433 2020010500 0030 0000 -054 0060 0117 0034 -047 9999         
MA01429 2020010600 0030 0000 0033 0025 0027 0023 -033 9999         
MA01431 2020010600 0030 0000 0033 0035 0026 0025 -030 9999         
MA01432 2020010600 0030 0000 0030 0037 0022 0022 -036 9999         
MA01433 2020010600 0030 0000 0030 0037 0022 0022 -033 9999         
MA01429 2020010700 0030 0000 -017 0065 0070 0066 -018 9999         
MA01431 2020010700 0030 0000 -014 0073 0088 0060 -015 9999         
MA01432 2020010700 0030 0000 -018 0070 0088 0061 -021 9999         
MA01433 2020010700 0030 0000 -017 0070 0088 0060 -018 9999         
MA01429 2020010800 0030 0000 0040 0002 0038 0022 -009 9999         
MA01431 2020010800 0030 0000 0039 0005 0039 0021 -008 9999         
MA01432 2020010800 0030 0000 0035 0010 0034 0022 -013 9999         
MA01433 2020010800 0030 0000 0035 0010 0034 0021 -012 9999         
MA01429 2020010900 0030 0000 0034 0259 0021 0022 -014 9999         
MA01431 2020010900 0030 0000 0033 0246 0039 0021 -014 9999         
MA01432 2020010900 0030 0000 0025 0244 0032 0023 -017 9999         
MA01433 2020010900 0030 0000 0027 0244 0032 0022 -015 9999         
MA01429 2020011000 0030 0000 0002 0073 0035 0071 0000 9999         
MA01431 2020011000 0030 0000 0003 0072 0046 0068 0009 9999         
MA01432 2020011000 0030 0000 0001 0080 0044 0064 -008 9999         
MA01433 2020011000 0030 0000 0001 0080 0044 0064 -001 9999         
MA01429 2020011100 0030 0004 -022 0045 0045 0065 -011 9999         
MA01431 2020011100 0030 0003 -022 0041 0061 0068 -011 9999         
MA01432 2020011100 0030 0003 -023 0055 0054 0060 -014 9999         
MA01433 2020011100 0030 0003 -023 0055 0054 0062 -012 9999         
MA01429 2020011200 0030 0001 0010 0193 0016 0029 -033 9999         
MA01431 2020011200 0030 0001 0010 0221 0013 0028 -030 9999         
MA01432 2020011200 0030 0000 0007 0207 0014 0031 -036 9999         
MA01433 2020011200 0030 0001 0007 0207 0014 0029 -033 9999         
MA01429 2020011300 0030 0000 -006 0238 0031 0065 -017 9999         
MA01431 2020011300 0030 0000 -008 0225 0054 0065 -016 9999         
MA01432 2020011300 0030 0000 -013 0227 0041 0070 -018 9999         
MA01433 2020011300 0030 0000 -012 0227 0041 0068 -016 9999         
MA01429 2020011400 0030 0000 0001 0178 0016 0057 -010 9999         
MA01431 2020011400 0030 0000 0001 0166 0015 0055 -011 9999         
MA01432 2020011400 0030 0000 0001 0173 0014 0056 -014 9999         
MA01433 2020011400 0030 0000 0001 0173 0014 0057 -013 9999         
MA01429 2020011500 0030 0000 0007 0042 0021 0064 -008 9999         
MA01431 2020011500 0030 0000 0007 0049 0024 0061 -007 9999         
MA01432 2020011500 0030 0000 0007 0057 0025 0057 -011 9999         
MA01433 2020011500 0030 0000 0007 0057 0025 0057 -010 9999         
MA01429 2020011600 0030 0000 0035 0253 0024 0033 0007 9999         
MA01431 2020011600 0030 0000 0033 0253 0041 0035 0009 9999         
MA01432 2020011600 0030 0000 0030 0250 0028 0035 0000 9999         
MA01433 2020011600 0030 0000 0030 0250 0028 0036 0003 9999         
MA01429 2020011700 0030 0005 0001 0227 0087 0092 -005 9999         
MA01431 2020011700 0030 0004 -001 0223 0103 0093 -001 9999         
MA01432 2020011700 0030 0006 -011 0222 0082 0096 -007 9999         
MA01433 2020011700 0030 0005 -010 0222 0082 0095 -003 9999         
MA01429 2020011800 0030 0051 -023 0032 0057 0097 0012 9999         
MA01431 2020011800 0030 0063 -024 0035 0069 0096 0011 9999         
MA01432 2020011800 0030 0052 -028 0039 0061 0093 0009 9999         
MA01433 2020011800 0030 0057 -029 0039 0061 0093 0010 9999         
MA01429 2020011900 0030 0034 -055 0078 0089 0084 -018 9999         
MA01431 2020011900 0030 0036 -052 0082 0108 0078 -016 9999         
MA01432 2020011900 0030 0025 -054 0081 0109 0079 -019 9999         
MA01433 2020011900 0030 0028 -053 0081 0109 0078 -017 9999         
MA01429 2020012000 0030 0003 -010 0108 0056 0053 -027 9999         
MA01431 2020012000 0030 0002 -005 0115 0066 0049 -028 9999         
MA01432 2020012000 0030 0002 -007 0109 0058 0051 -028 9999         
MA01433 2020012000 0030 0002 -007 0109 0058 0049 -027 9999         
MA01429 2020012100 0030 0000 0040 0275 0024 0043 -016 9999         
MA01431 2020012100 0030 0000 0038 0270 0035 0044 -014 9999         
MA01432 2020012100 0030 0000 0033 0264 0027 0044 -021 9999         
MA01433 2020012100 0030 0000 0033 0264 0027 0043 -018 9999         
MA01429 2020012200 0030 0000 0037 0091 0035 0051 0005 9999         
MA01431 2020012200 0030 0000 0039 0097 0040 0049 0005 9999         
MA01432 2020012200 0030 0000 0037 0095 0039 0045 0002 9999         
MA01433 2020012200 0030 0000 0038 0095 0039 0045 0003 9999         
MA01429 2020012300 0030 0000 0053 0206 0015 0030 0001 9999         
MA01431 2020012300 0030 0000 0052 0186 0011 0035 0000 9999         
MA01432 2020012300 0030 0000 0047 0189 0015 0032 -004 9999         
MA01433 2020012300 0030 0000 0047 0189 0015 0034 -003 9999         
MA01429 2020012400 0030 0052 0016 0214 0063 0094 0004 9999         
MA01431 2020012400 0030 0063 0015 0218 0069 0095 0010 9999         
MA01432 2020012400 0030 0055 0008 0207 0064 0095 0002 9999         
MA01433 2020012400 0030 0059 0008 0207 0064 0095 0006 9999         
MA01429 2020012500 0030 0035 0008 0221 0025 0073 -003 9999         
MA01431 2020012500 0030 0035 0006 0213 0036 0079 0000 9999         
MA01432 2020012500 0030 0042 -001 0208 0026 0076 -005 9999         
MA01433 2020012500 0030 0044 -001 0208 0026 0078 -002 9999         
MA01429 2020012600 0030 0006 0005 0288 0064 0064 0000 9999         
MA01431 2020012600 0030 0001 0002 0286 0085 0066 0005 9999         
MA01432 2020012600 0030 0001 -008 0277 0060 0070 -001 9999         
MA01433 2020012600 0030 0001 -007 0277 0060 0069 0003 9999         
MA01429 2020012700 0030 0004 0002 0237 0165 0087 0018 9999         
MA01431 2020012700 0030 0005 0001 0229 0181 0087 0021 9999         
MA01432 2020012700 0030 0009 -005 0232 0145 0090 0018 9999         
MA01433 2020012700 0030 0008 -004 0232 0145 0089 0020 9999         
MA01429 2020012800 0030 0016 -002 0263 0141 0068 0028 9999         
MA01431 2020012800 0030 0018 -007 0257 0160 0077 0028 9999         
MA01432 2020012800 0030 0029 -018 0258 0110 0082 0025 9999         
MA01433 2020012800 0030 0028 -017 0258 0110 0081 0027 9999         
MA01429 2020012900 0030 0008 0018 0340 0041 0031 -007 9999         
MA01431 2020012900 0030 0011 0016 0334 0052 0031 -003 9999         
MA01432 2020012900 0030 0017 0009 0336 0035 0032 -010 9999         
MA01433 2020012900 0030 0018 0009 0336 0035 0032 -006 9999         
MA01429 2020013000 0030 0002 0034 0246 0104 0089 0011 9999         
MA01431 2020013000 0030 0002 0034 0245 0114 0088 0014 9999         
MA01432 2020013000 0030 0004 0024 0234 0091 0091 0011 9999         
MA01433 2020013000 0030 0003 0026 0234 0091 0090 0014 9999         
MA01429 2020013100 0030 0004 0040 0239 0021 0083 0035 9999         
MA01431 2020013100 0030 0005 0039 0230 0041 0081 0038 9999         
MA01432 2020013100 0030 0008 0030 0225 0036 0087 0036 9999         
MA01433 2020013100 0030 0008 0032 0225 0036 0085 0038 9999         
MA01429 2020020100 0030 0007 0052 0253 0033 0072 0046 9999         
MA01431 2020020100 0030 0009 0052 0255 0039 0066 0051 9999         
MA01432 2020020100 0030 0013 0041 0240 0045 0077 0047 9999         
MA01433 2020020100 0030 0013 0043 0240 0045 0073 0050 9999         
MA01429 2020020200 0030 0001 0066 0274 0097 0076 0038 9999         
MA01431 2020020200 0030 0001 0065 0275 0117 0075 0043 9999         
MA01432 2020020200 0030 0002 0051 0260 0089 0084 0035 9999         
MA01433 2020020200 0030 0002 0054 0260 0089 0082 0040 9999         
MA01429 2020020300 0030 0000 0066 0257 0217 0057 0046 9999         
MA01431 2020020300 0030 0000 0061 0252 0224 0060 0057 9999         
MA01432 2020020300 0030 0001 0056 0246 0144 0060 0040 9999         
MA01433 2020020300 0030 0001 0056 0246 0144 0060 0048 9999         
MA01429 2020020400 0030 0049 -055 0335 0109 0041 -028 9999         
MA01431 2020020400 0030 0059 -057 0338 0118 0041 -029 9999         
MA01432 2020020400 0030 0040 -065 0338 0081 0043 -030 9999         
MA01433 2020020400 0030 0046 -065 0338 0081 0043 -028 9999         
MA01429 2020020500 0030 0036 -080 0029 0129 0076 -053 9999         
MA01431 2020020500 0030 0042 -079 0036 0129 0075 -051 9999         
MA01432 2020020500 0030 0042 -082 0040 0135 0070 -054 9999         
MA01433 2020020500 0030 0041 -081 0040 0135 0070 -052 9999         
MA01429 2020020600 0030 0000 -004 0336 0041 0021 -051 9999         
MA01431 2020020600 0030 0000 -005 0331 0045 0022 -046 9999         
MA01432 2020020600 0030 0000 -008 0337 0039 0021 -059 9999         
MA01433 2020020600 0030 0000 -009 0337 0039 0022 -054 9999         
MA01429 2020020700 0030 0000 0017 0155 0004 0025 -019 9999         
MA01431 2020020700 0030 0000 0016 0177 0008 0025 -016 9999         
MA01432 2020020700 0030 0000 0013 0164 0008 0026 -023 9999         
MA01433 2020020700 0030 0000 0013 0164 0008 0026 -019 9999         
MA01429 2020020800 0030 0000 0022 0248 0027 0016 -014 9999         
MA01431 2020020800 0030 0000 0021 0239 0036 0016 -011 9999         
MA01432 2020020800 0030 0000 0014 0234 0033 0018 -014 9999         
MA01433 2020020800 0030 0000 0015 0234 0033 0017 -012 9999         
MA01429 2020020900 0030 0002 0021 0240 0176 0089 0006 9999         
MA01431 2020020900 0030 0002 0021 0236 0196 0087 0010 9999         
MA01432 2020020900 0030 0002 0018 0234 0168 0090 0006 9999         
MA01433 2020020900 0030 0002 0019 0234 0168 0089 0009 9999         
MA01429 2020021000 0030 0003 0046 0252 0225 0058 0066 9999         
MA01431 2020021000 0030 0004 0039 0247 0238 0063 0068 9999         
MA01432 2020021000 0030 0005 0035 0243 0169 0063 0059 9999         
MA01433 2020021000 0030 0005 0035 0243 0169 0064 0063 9999         
MA01429 2020021100 0030 0001 0003 0304 0043 0074 0011 9999         
MA01431 2020021100 0030 0001 0001 0315 0057 0067 0015 9999         
MA01432 2020021100 0030 0001 -006 0298 0035 0082 0006 9999         
MA01433 2020021100 0030 0001 -006 0298 0035 0080 0011 9999         
MA01429 2020021200 0030 0000 0021 0258 0046 0031 -001 9999         
MA01431 2020021200 0030 0000 0019 0255 0060 0032 0001 9999         
MA01432 2020021200 0030 0000 0014 0248 0048 0034 -006 9999         
MA01433 2020021200 0030 0000 0014 0248 0048 0033 -003 9999         
MA01429 2020021300 0030 0024 0015 0258 0136 0092 0024 9999         
MA01431 2020021300 0030 0025 0010 0259 0148 0096 0027 9999         
MA01432 2020021300 0030 0032 0004 0253 0107 0098 0021 9999         
MA01433 2020021300 0030 0033 0004 0253 0107 0097 0025 9999         
MA01429 2020021400 0030 0022 -002 0073 0056 0054 -014 9999         
MA01431 2020021400 0030 0020 0001 0074 0069 0052 -011 9999         
MA01432 2020021400 0030 0033 0000 0078 0064 0050 -019 9999         
MA01433 2020021400 0030 0030 0001 0078 0064 0050 -015 9999         
MA01429 2020021500 0030 0000 0039 0328 0022 0041 0006 9999         
MA01431 2020021500 0030 0000 0039 0316 0022 0040 0007 9999         
MA01432 2020021500 0030 0000 0036 0322 0022 0041 0002 9999         
MA01433 2020021500 0030 0000 0036 0322 0022 0040 0003 9999         
MA01429 2020021600 0030 0000 0068 0246 0036 0021 0009 9999         
MA01431 2020021600 0030 0000 0065 0239 0055 0022 0011 9999         
MA01432 2020021600 0030 0000 0060 0238 0045 0022 0007 9999         
MA01433 2020021600 0030 0000 0061 0238 0045 0022 0010 9999         
MA01429 2020021700 0030 0000 0036 0265 0028 0061 0007 9999         
MA01431 2020021700 0030 0000 0034 0250 0049 0062 0011 9999         
MA01432 2020021700 0030 0000 0029 0242 0038 0062 0005 9999         
MA01433 2020021700 0030 0000 0029 0242 0038 0063 0008 9999         
MA01429 2020021800 0030 0001 0012 0259 0040 0067 0007 9999         
MA01431 2020021800 0030 0001 0009 0256 0063 0070 0012 9999         
MA01432 2020021800 0030 0000 0002 0253 0046 0072 0003 9999         
MA01433 2020021800 0030 0001 0003 0253 0046 0071 0008 9999         
MA01429 2020021900 0030 0031 -037 0019 0073 0080 -017 9999         
MA01431 2020021900 0030 0038 -039 0029 0075 0081 -013 9999         
MA01432 2020021900 0030 0032 -041 0033 0078 0078 -019 9999         
MA01433 2020021900 0030 0034 -042 0033 0078 0078 -015 9999         
MA01429 2020022000 0030 0007 0017 0276 0066 0031 -016 9999         
MA01431 2020022000 0030 0007 0014 0271 0089 0030 -016 9999         
MA01432 2020022000 0030 0005 0009 0264 0065 0029 -019 9999         
MA01433 2020022000 0030 0006 0010 0264 0065 0029 -018 9999         
MA01429 2020022100 0030 0000 -004 0110 0048 0051 -011 9999         
MA01431 2020022100 0030 0000 0002 0101 0054 0044 -008 9999         
MA01432 2020022100 0030 0000 -002 0106 0047 0050 -016 9999         
MA01433 2020022100 0030 0000 0000 0106 0047 0047 -013 9999         
MA01429 2020022200 0030 0000 0074 0280 0079 0024 0018 9999         
MA01431 2020022200 0030 0000 0072 0275 0108 0024 0022 9999         
MA01432 2020022200 0030 0000 0058 0269 0087 0027 0015 9999         
MA01433 2020022200 0030 0000 0061 0269 0087 0026 0019 9999         
MA01429 2020022300 0030 0000 0103 0312 0051 0035 0034 9999         
MA01431 2020022300 0030 0000 0101 0311 0062 0035 0040 9999         
MA01432 2020022300 0030 0000 0091 0296 0057 0037 0027 9999         
MA01433 2020022300 0030 0000 0093 0296 0057 0036 0033 9999         
MA01429 2020022400 0030 0000 0081 0249 0090 0034 0030 9999         
MA01431 2020022400 0030 0000 0079 0241 0111 0034 0035 9999         
MA01432 2020022400 0030 0000 0066 0231 0078 0041 0029 9999         
MA01433 2020022400 0030 0000 0068 0231 0078 0039 0032 9999         
MA01429 2020022500 0030 0001 0018 0243 0154 0061 0034 9999         
MA01431 2020022500 0030 0001 0015 0236 0166 0062 0040 9999         
MA01432 2020022500 0030 0002 0003 0231 0096 0069 0032 9999         
MA01433 2020022500 0030 0002 0005 0231 0096 0066 0036 9999         
MA01429 2020022600 0030 0060 -055 0303 0064 0033 -049 9999         
MA01431 2020022600 0030 0056 -058 0305 0073 0033 -046 9999         
MA01432 2020022600 0030 0078 -067 0285 0044 0038 -056 9999         
MA01433 2020022600 0030 0074 -067 0285 0044 0036 -051 9999         
MA01429 2020022700 0030 0078 -011 0300 0098 0042 0017 9999         
MA01431 2020022700 0030 0077 -014 0305 0112 0040 0020 9999         
MA01432 2020022700 0030 0088 -023 0292 0074 0054 0014 9999         
MA01433 2020022700 0030 0087 -023 0292 0074 0049 0017 9999         
MA01429 2020022800 0030 0042 0009 0236 0052 0048 -039 9999         
MA01431 2020022800 0030 0042 0009 0231 0067 0045 -037 9999         
MA01432 2020022800 0030 0054 0001 0224 0056 0056 -044 9999         
MA01433 2020022800 0030 0053 0003 0224 0056 0053 -041 9999         
