MA01429 2019120100 0018 9999 0043 9999 9999 0084 0055              
MA01431 2019120100 0018 9999 0031 9999 9999 0099 0046              
MA01432 2019120100 0018 0000 0028 0199 0014 0100 0046              
MA01433 2019120100 0018 0000 0026 0194 0069 0100 0042              
MA01429 2019120200 0018 9999 0052 9999 9999 0100 0061              
MA01431 2019120200 0018 9999 0052 9999 9999 0097 0059              
MA01432 2019120200 0018 0172 0052 0237 0080 0085 0056              
MA01433 2019120200 0018 0037 0039 0255 0240 0100 0052              
MA01429 2019120300 0018 9999 -012 9999 9999 0084 0017              
MA01431 2019120300 0018 9999 -011 9999 9999 0060 0004              
MA01432 2019120300 0018 0357 0000 0080 0036 0032 0023              
MA01433 2019120300 0018 0526 0004 0078 0022 0060 0012              
MA01429 2019120400 0018 9999 0024 9999 9999 0042 0024              
MA01431 2019120400 0018 9999 0015 9999 9999 0081 0030              
MA01432 2019120400 0018 0000 0021 0095 0137 0095 0032              
MA01433 2019120400 0018 0000 0022 0113 0030 0045 0030              
MA01429 2019120500 0018 9999 0070 9999 9999 0070 0076              
MA01431 2019120500 0018 9999 0048 9999 9999 0086 0084              
MA01432 2019120500 0018 0013 0041 0171 0047 0081 0072              
MA01433 2019120500 0018 0013 0041 0177 0114 0094 0064              
MA01429 2019120600 0018 9999 0030 9999 9999 0090 0061              
MA01431 2019120600 0018 9999 0019 9999 9999 0100 0044              
MA01432 2019120600 0018 0156 0028 0236 0060 0094 0044              
MA01433 2019120600 0018 0000 0023 0218 0085 0100 0037              
MA01429 2019120700 0018 9999 0036 9999 9999 0085 0055              
MA01431 2019120700 0018 9999 0036 9999 9999 0100 0049              
MA01432 2019120700 0018 0045 0042 0252 0028 0100 0045              
MA01433 2019120700 0018 0035 0025 0224 0053 0086 0038              
MA01429 2019120800 0018 9999 0049 9999 9999 0077 0074              
MA01431 2019120800 0018 9999 0046 9999 9999 0086 0054              
MA01432 2019120800 0018 0011 0040 0225 0055 0079 0059              
MA01433 2019120800 0018 0022 0034 0205 0000 0087 0044              
MA01429 2019120900 0018 9999 0005 9999 9999 0069 0052              
MA01431 2019120900 0018 9999 0000 9999 9999 0089 0030              
MA01432 2019120900 0018 0078 -001 0253 0063 0080 0029              
MA01433 2019120900 0018 0066 -014 0237 0077 0091 0022              
MA01429 2019121000 0018 9999 -012 9999 9999 0100 0023              
MA01431 2019121000 0018 9999 -027 9999 9999 0094 0000              
MA01432 2019121000 0018 0180 -006 0061 0185 0073 0019              
MA01433 2019121000 0018 0148 -017 0051 0188 0100 0012              
MA01429 2019121100 0018 9999 0020 9999 9999 0028 0048              
MA01431 2019121100 0018 9999 0019 9999 9999 0043 0046              
MA01432 2019121100 0018 0040 0029 0048 0001 0035 0045              
MA01433 2019121100 0018 0033 0017 0178 0040 0029 0026              
MA01429 2019121200 0018 9999 -025 9999 9999 0085 0003              
MA01431 2019121200 0018 9999 -049 9999 9999 0089 0007              
MA01432 2019121200 0018 0054 -014 0245 0098 0085 0003              
MA01433 2019121200 0018 0057 -025 0234 0063 0100 0000              
MA01429 2019121300 0018 9999 0011 9999 9999 0081 0032              
MA01431 2019121300 0018 9999 -006 9999 9999 0088 0017              
MA01432 2019121300 0018 0355 0010 0274 0135 0100 0018              
MA01433 2019121300 0018 0221 -014 0270 0203 0100 0014              
MA01429 2019121400 0018 9999 0069 9999 9999 0063 0069              
MA01431 2019121400 0018 9999 0055 9999 9999 0098 0055              
MA01432 2019121400 0018 0000 0012 0291 0049 0092 0030              
MA01433 2019121400 0018 0000 -008 0265 0013 0081 0024              
MA01429 2019121500 0018 9999 0063 9999 9999 0056 0080              
MA01431 2019121500 0018 9999 0044 9999 9999 0072 0058              
MA01432 2019121500 0018 0000 0041 0222 0043 0088 0052              
MA01433 2019121500 0018 0000 0038 0201 0092 0087 0057              
MA01429 2019121600 0018 9999 0076 9999 9999 0056 0095              
MA01431 2019121600 0018 9999 0077 9999 9999 0083 0087              
MA01432 2019121600 0018 0000 0064 0180 0043 0096 0083              
MA01433 2019121600 0018 0000 0066 0187 0075 0066 0073              
MA01429 2019121700 0018 9999 0084 9999 9999 0030 0112              
MA01431 2019121700 0018 9999 0092 9999 9999 0047 0111              
MA01432 2019121700 0018 0000 0074 0138 0047 0042 0081              
MA01433 2019121700 0018 0000 0082 0161 0069 0040 0088              
MA01429 2019121800 0018 9999 0050 9999 9999 0086 0087              
MA01431 2019121800 0018 9999 0048 9999 9999 0100 0080              
MA01432 2019121800 0018 0000 0037 0096 0040 0096 0073              
MA01433 2019121800 0018 0000 0041 0113 0058 0074 0065              
MA01429 2019121900 0018 9999 0041 9999 9999 0079 0061              
MA01431 2019121900 0018 9999 0032 9999 9999 0096 0070              
MA01432 2019121900 0018 0012 0017 0160 0015 0100 0053              
MA01433 2019121900 0018 0018 0018 0173 0061 0083 0047              
MA01429 2019122000 0018 9999 0040 9999 9999 0062 0066              
MA01431 2019122000 0018 9999 0040 9999 9999 0083 0054              
MA01432 2019122000 0018 0007 0034 0212 0171 0085 0053              
MA01433 2019122000 0018 0019 0027 0204 0136 0088 0044              
MA01429 2019122100 0018 9999 0057 9999 9999 0065 0083              
MA01431 2019122100 0018 9999 0034 9999 9999 0084 0070              
MA01432 2019122100 0018 0283 0036 0238 0154 0077 0071              
MA01433 2019122100 0018 0151 0027 0234 0112 0087 0066              
MA01429 2019122200 0018 9999 0018 9999 9999 0091 0033              
MA01431 2019122200 0018 9999 0001 9999 9999 0099 0046              
MA01432 2019122200 0018 0508 0010 0271 0113 0096 0017              
MA01433 2019122200 0018 0249 0002 0268 0079 0100 0039              
MA01429 2019122300 0018 9999 0002 9999 9999 0065 0024              
MA01431 2019122300 0018 9999 -017 9999 9999 0088 0004              
MA01432 2019122300 0018 0004 -023 0301 0036 0089 0004              
MA01433 2019122300 0018 0020 -028 0274 0050 0091 -006              
MA01429 2019122400 0018 9999 0041 9999 9999 0044 0061              
MA01431 2019122400 0018 9999 0009 9999 9999 0076 0029              
MA01432 2019122400 0018 0000 0014 0279 0057 0069 0030              
MA01433 2019122400 0018 0000 0006 0248 0057 0100 0028              
MA01429 2019122500 0018 9999 0026 9999 9999 0037 0047              
MA01431 2019122500 0018 9999 -005 9999 9999 0050 0021              
MA01432 2019122500 0018 0000 0002 0334 0039 0051 0026              
MA01433 2019122500 0018 0000 -002 0336 0057 0049 0017              
MA01429 2019122600 0018 9999 0004 9999 9999 0044 0033              
MA01431 2019122600 0018 9999 0014 9999 9999 0043 0035              
MA01432 2019122600 0018 0000 0007 0205 0013 0043 0031              
MA01433 2019122600 0018 0000 0002 0260 0012 0041 0027              
MA01429 2019122700 0018 9999 0003 9999 9999 0080 0037              
MA01431 2019122700 0018 9999 -006 9999 9999 0088 0021              
MA01432 2019122700 0018 0000 -004 0029 0011 0092 0019              
MA01433 2019122700 0018 0001 -009 0028 0029 0083 0011              
MA01429 2019122800 0018 9999 -077 9999 9999 0093 -044              
MA01431 2019122800 0018 9999 -097 9999 9999 0096 -054              
MA01432 2019122800 0018 0049 -082 0055 0119 0091 -042              
MA01433 2019122800 0018 0022 -082 0048 0163 0095 -046              
MA01429 2019122900 0018 9999 -074 9999 9999 0096 -053              
MA01431 2019122900 0018 9999 -096 9999 9999 0094 -053              
MA01432 2019122900 0018 0027 -073 0058 0144 0090 -033              
MA01433 2019122900 0018 0016 -079 0046 0112 0085 -048              
MA01429 2019123000 0018 9999 -051 9999 9999 0097 -038              
MA01431 2019123000 0018 9999 -053 9999 9999 0089 -052              
MA01432 2019123000 0018 0000 -045 0070 0115 0086 -037              
MA01433 2019123000 0018 0007 -039 0069 0113 0086 -036              
MA01429 2019123100 0018 9999 0028 9999 9999 0007 0034              
MA01431 2019123100 0018 9999 0028 9999 9999 0040 0028              
MA01432 2019123100 0018 0000 0022 0032 0078 0060 0028              
MA01433 2019123100 0018 0000 0023 0026 0059 0058 0025              
MA01429 2020010100 0018 9999 0036 9999 9999 0039 0078              
MA01431 2020010100 0018 9999 0023 9999 9999 0051 0059              
MA01432 2020010100 0018 0000 0030 0058 0075 0042 0060              
MA01433 2020010100 0018 0000 0033 0052 0074 0043 0059              
MA01429 2020010200 0018 9999 0075 9999 9999 0013 0094              
MA01431 2020010200 0018 9999 0059 9999 9999 0025 0072              
MA01432 2020010200 0018 0000 0059 0335 0028 0028 0068              
MA01433 2020010200 0018 0000 0055 0339 0035 0019 0066              
MA01429 2020010300 0018 9999 0059 9999 9999 0028 0083              
MA01431 2020010300 0018 9999 0043 9999 9999 0058 0066              
MA01432 2020010300 0018 0000 0034 0288 0042 0052 0073              
MA01433 2020010300 0018 0000 0033 0241 0051 0050 0068              
MA01429 2020010400 0018 9999 0027 9999 9999 0048 0044              
MA01431 2020010400 0018 9999 0011 9999 9999 0075 0015              
MA01432 2020010400 0018 0008 0015 0041 0050 0057 0025              
MA01433 2020010400 0018 0008 0010 0030 0048 0047 0020              
MA01429 2020010500 0018 9999 -055 9999 9999 0072 0001              
MA01431 2020010500 0018 9999 -053 9999 9999 0060 -017              
MA01432 2020010500 0018 0042 -050 0073 0146 0074 -018              
MA01433 2020010500 0018 0015 -055 0061 0094 0063 -019              
MA01429 2020010600 0018 9999 -009 9999 9999 0017 -007              
MA01431 2020010600 0018 9999 -024 9999 9999 0026 -011              
MA01432 2020010600 0018 0000 -016 0063 0071 0034 0002              
MA01433 2020010600 0018 0000 -005 0055 0081 0025 0013              
MA01429 2020010700 0018 9999 0020 9999 9999 0023 0053              
MA01431 2020010700 0018 9999 0032 9999 9999 0028 0039              
MA01432 2020010700 0018 0000 0012 0098 0029 0049 0050              
MA01433 2020010700 0018 0000 0012 0122 0038 0040 0058              
MA01429 2020010800 0018 9999 0032 9999 9999 0041 0036              
MA01431 2020010800 0018 9999 0026 9999 9999 0049 0032              
MA01432 2020010800 0018 0000 0027 0068 0042 0048 0041              
MA01433 2020010800 0018 0000 0032 0064 0049 0042 0043              
MA01429 2020010900 0018 9999 0050 9999 9999 0023 0076              
MA01431 2020010900 0018 9999 0040 9999 9999 0032 0060              
MA01432 2020010900 0018 0000 0034 0278 0026 0031 0063              
MA01433 2020010900 0018 0000 0031 0222 0043 0023 0056              
MA01429 2020011000 0018 9999 0018 9999 9999 0060 0047              
MA01431 2020011000 0018 9999 0012 9999 9999 0069 0027              
MA01432 2020011000 0018 0000 0013 0308 0010 0061 0023              
MA01433 2020011000 0018 0000 0007 0282 0031 0054 0025              
MA01429 2020011100 0018 9999 -010 9999 9999 0100 0018              
MA01431 2020011100 0018 9999 -009 9999 9999 0100 0006              
MA01432 2020011100 0018 0005 -010 0082 0137 0100 0020              
MA01433 2020011100 0018 0001 -010 0083 0107 0100 0016              
MA01429 2020011200 0018 9999 0013 9999 9999 0057 0029              
MA01431 2020011200 0018 9999 0012 9999 9999 0053 0028              
MA01432 2020011200 0018 0003 0002 0056 0036 0028 0042              
MA01433 2020011200 0018 0000 0007 0057 0039 0030 0030              
MA01429 2020011300 0018 9999 0004 9999 9999 0059 0044              
MA01431 2020011300 0018 9999 -004 9999 9999 0082 0027              
MA01432 2020011300 0018 0000 -001 0235 0030 0082 0034              
MA01433 2020011300 0018 0000 -002 0201 0038 0066 0023              
MA01429 2020011400 0018 9999 0005 9999 9999 0059 0038              
MA01431 2020011400 0018 9999 -004 9999 9999 0071 0012              
MA01432 2020011400 0018 0000 -004 0256 0020 0066 0018              
MA01433 2020011400 0018 0000 -003 0225 0059 0058 0011              
MA01429 2020011500 0018 9999 0019 9999 9999 0061 0050              
MA01431 2020011500 0018 9999 0004 9999 9999 0072 0029              
MA01432 2020011500 0018 0000 0006 0281 0010 0080 0033              
MA01433 2020011500 0018 0000 0017 0243 0026 0058 0027              
MA01429 2020011600 0018 9999 0021 9999 9999 0049 0050              
MA01431 2020011600 0018 9999 0016 9999 9999 0055 0033              
MA01432 2020011600 0018 0000 0019 0350 0007 0061 0045              
MA01433 2020011600 0018 0000 0029 0020 0018 0051 0042              
MA01429 2020011700 0018 9999 0015 9999 9999 0048 0064              
MA01431 2020011700 0018 9999 0009 9999 9999 0080 0033              
MA01432 2020011700 0018 0000 0002 0292 0073 0090 0035              
MA01433 2020011700 0018 0000 -001 0262 0040 0098 0037              
MA01429 2020011800 0018 9999 -011 9999 9999 0100 0028              
MA01431 2020011800 0018 9999 -014 9999 9999 0100 0005              
MA01432 2020011800 0018 0062 -012 0288 0001 0100 0003              
MA01433 2020011800 0018 0021 -002 0293 0000 0100 -001              
MA01429 2020011900 0018 9999 -041 9999 9999 0100 0002              
MA01431 2020011900 0018 9999 -050 9999 9999 0100 -009              
MA01432 2020011900 0018 0271 -045 0087 0098 0094 -011              
MA01433 2020011900 0018 0102 -045 0086 0086 0081 -012              
MA01429 2020012000 0018 9999 -045 9999 9999 0076 -024              
MA01431 2020012000 0018 9999 -034 9999 9999 0079 -028              
MA01432 2020012000 0018 0055 -023 0092 0094 0072 -023              
MA01433 2020012000 0018 0040 -011 0115 0079 0049 0002              
MA01429 2020012100 0018 9999 0040 9999 9999 0025 0068              
MA01431 2020012100 0018 9999 0030 9999 9999 0027 0056              
MA01432 2020012100 0018 0000 0031 0162 0000 0036 0061              
MA01433 2020012100 0018 0000 0042 0171 0023 0035 0056              
MA01429 2020012200 0018 9999 0058 9999 9999 0038 0091              
MA01431 2020012200 0018 9999 0039 9999 9999 0050 0070              
MA01432 2020012200 0018 0000 0047 0331 0030 0045 0077              
MA01433 2020012200 0018 0000 0056 0261 0029 0039 0073              
MA01429 2020012300 0018 9999 0067 9999 9999 0028 0083              
MA01431 2020012300 0018 9999 0047 9999 9999 0047 0068              
MA01432 2020012300 0018 0000 0051 0158 0024 0038 0070              
MA01433 2020012300 0018 0000 0064 0185 0049 0020 0077              
MA01429 2020012400 0018 9999 0024 9999 9999 0072 0084              
MA01431 2020012400 0018 9999 0014 9999 9999 0083 0059              
MA01432 2020012400 0018 0004 0019 0192 0000 0070 0064              
MA01433 2020012400 0018 0006 0031 0180 0037 0062 0063              
MA01429 2020012500 0018 9999 0022 9999 9999 0073 0057              
MA01431 2020012500 0018 9999 0011 9999 9999 0087 0036              
MA01432 2020012500 0018 0030 0010 0186 0047 0086 0041              
MA01433 2020012500 0018 0025 0011 0192 0074 0087 0038              
MA01429 2020012600 0018 9999 -003 9999 9999 0087 0042              
MA01431 2020012600 0018 9999 -011 9999 9999 0096 0027              
MA01432 2020012600 0018 0004 -008 0264 0031 0090 0023              
MA01433 2020012600 0018 0000 -004 0256 0037 0091 0022              
MA01429 2020012700 0018 9999 0005 9999 9999 0083 0032              
MA01431 2020012700 0018 9999 0000 9999 9999 0094 0008              
MA01432 2020012700 0018 0005 0000 0246 0096 0095 0012              
MA01433 2020012700 0018 0004 0000 0239 0096 0094 0009              
MA01429 2020012800 0018 9999 0028 9999 9999 0091 0047              
MA01431 2020012800 0018 9999 0018 9999 9999 0085 0031              
MA01432 2020012800 0018 0010 0016 0241 0200 0097 0028              
MA01433 2020012800 0018 0007 0014 0237 0186 0100 0025              
MA01429 2020012900 0018 9999 0003 9999 9999 0069 0025              
MA01431 2020012900 0018 9999 -003 9999 9999 0084 0006              
MA01432 2020012900 0018 0006 -007 0265 0092 0091 0006              
MA01433 2020012900 0018 0004 -007 0257 0086 0091 0001              
MA01429 2020013000 0018 9999 0019 9999 9999 0047 0055              
MA01431 2020013000 0018 9999 0013 9999 9999 0058 0034              
MA01432 2020013000 0018 0001 0015 0229 0084 0059 0040              
MA01433 2020013000 0018 0001 0019 0226 0081 0050 0033              
MA01429 2020013100 0018 9999 0040 9999 9999 0090 0071              
MA01431 2020013100 0018 9999 0026 9999 9999 0100 0052              
MA01432 2020013100 0018 0006 0025 0218 0044 0100 0052              
MA01433 2020013100 0018 0002 0031 0223 0061 0100 0050              
MA01429 2020020100 0018 9999 0041 9999 9999 0094 0079              
MA01431 2020020100 0018 9999 0028 9999 9999 0100 0052              
MA01432 2020020100 0018 0003 0032 0237 0061 0100 0057              
MA01433 2020020100 0018 0001 0036 0236 0051 0100 0054              
MA01429 2020020200 0018 9999 0054 9999 9999 0078 0101              
MA01431 2020020200 0018 9999 0035 9999 9999 0084 0076              
MA01432 2020020200 0018 0014 0029 0238 0096 0093 0072              
MA01433 2020020200 0018 0008 0035 0233 0114 0082 0070              
MA01429 2020020300 0018 9999 0089 9999 9999 0054 0107              
MA01431 2020020300 0018 9999 0065 9999 9999 0065 0101              
MA01432 2020020300 0018 0001 0065 0309 0057 0062 0088              
MA01433 2020020300 0018 0000 0075 0298 0062 0060 0084              
MA01429 2020020400 0018 9999 -014 9999 9999 0053 0109              
MA01431 2020020400 0018 9999 -020 9999 9999 0046 0060              
MA01432 2020020400 0018 0012 -027 0346 0100 0054 0068              
MA01433 2020020400 0018 0009 -040 0344 0138 0064 0064              
MA01429 2020020500 0018 9999 -068 9999 9999 0090 -046              
MA01431 2020020500 0018 9999 -066 9999 9999 0095 -051              
MA01432 2020020500 0018 0109 -065 0015 0128 0097 -051              
MA01433 2020020500 0018 0033 -075 0014 0138 0100 -058              
MA01429 2020020600 0018 9999 -051 9999 9999 0016 -043              
MA01431 2020020600 0018 9999 -048 9999 9999 0033 -043              
MA01432 2020020600 0018 0003 -043 0042 0076 0036 -043              
MA01433 2020020600 0018 0005 -052 0044 0087 0022 -045              
MA01429 2020020700 0018 9999 0008 9999 9999 0039 0034              
MA01431 2020020700 0018 9999 0004 9999 9999 0050 0011              
MA01432 2020020700 0018 0000 0004 0347 0029 0046 0021              
MA01433 2020020700 0018 0000 0000 0322 0024 0046 0012              
MA01429 2020020800 0018 9999 0020 9999 9999 0017 0055              
MA01431 2020020800 0018 9999 0008 9999 9999 0029 0023              
MA01432 2020020800 0018 0000 0008 0272 0035 0025 0034              
MA01433 2020020800 0018 0000 0009 0242 0029 0008 0028              
MA01429 2020020900 0018 9999 0007 9999 9999 0091 0054              
MA01431 2020020900 0018 9999 -004 9999 9999 0097 0026              
MA01432 2020020900 0018 0000 -008 0222 0064 0100 0027              
MA01433 2020020900 0018 0000 -007 0219 0061 0100 0024              
MA01429 2020021000 0018 9999 0060 9999 9999 0077 0075              
MA01431 2020021000 0018 9999 0036 9999 9999 0093 0049              
MA01432 2020021000 0018 0002 0036 0238 0125 0094 0049              
MA01433 2020021000 0018 0001 0039 0233 0098 0097 0049              
MA01429 2020021100 0018 9999 0042 9999 9999 0057 0075              
MA01431 2020021100 0018 9999 0031 9999 9999 0069 0045              
MA01432 2020021100 0018 0001 0027 0242 0075 0090 0051              
MA01433 2020021100 0018 0000 0024 0238 0047 0089 0044              
MA01429 2020021200 0018 9999 0014 9999 9999 0100 0057              
MA01431 2020021200 0018 9999 0012 9999 9999 0097 0022              
MA01432 2020021200 0018 0000 0010 0181 0044 0064 0030              
MA01433 2020021200 0018 0000 0006 0181 0034 0067 0020              
MA01429 2020021300 0018 9999 0023 9999 9999 0081 0073              
MA01431 2020021300 0018 9999 0015 9999 9999 0084 0043              
MA01432 2020021300 0018 0000 0010 0231 0057 0100 0041              
MA01433 2020021300 0018 0000 0010 0227 0053 0096 0036              
MA01429 2020021400 0018 9999 0009 9999 9999 0032 0028              
MA01431 2020021400 0018 9999 -002 9999 9999 0050 0018              
MA01432 2020021400 0018 0017 0000 0038 0095 0038 0016              
MA01433 2020021400 0018 0009 -002 0039 0043 0029 0012              
MA01429 2020021500 0018 9999 0040 9999 9999 0030 0059              
MA01431 2020021500 0018 9999 0026 9999 9999 0042 0045              
MA01432 2020021500 0018 0000 0033 0340 0037 0034 0046              
MA01433 2020021500 0018 0000 0029 0348 0052 0025 0048              
MA01429 2020021600 0018 9999 0063 9999 9999 0021 0092              
MA01431 2020021600 0018 9999 0049 9999 9999 0040 0063              
MA01432 2020021600 0018 0000 0048 0208 0030 0046 0071              
MA01433 2020021600 0018 0000 0048 0207 0044 0024 0066              
MA01429 2020021700 0018 9999 0075 9999 9999 0026 0114              
MA01431 2020021700 0018 9999 0059 9999 9999 0046 0082              
MA01432 2020021700 0018 0000 0052 0220 0045 0042 0079              
MA01433 2020021700 0018 0000 0056 0218 0052 0032 0075              
MA01429 2020021800 0018 9999 0023 9999 9999 0092 0066              
MA01431 2020021800 0018 9999 0017 9999 9999 0100 0050              
MA01432 2020021800 0018 0000 0019 0115 0037 0091 0065              
MA01433 2020021800 0018 0000 0016 0117 0043 0094 0059              
MA01429 2020021900 0018 9999 -008 9999 9999 0091 0035              
MA01431 2020021900 0018 9999 -022 9999 9999 0100 0018              
MA01432 2020021900 0018 0005 -019 0311 0059 0100 0018              
MA01433 2020021900 0018 0007 -025 0297 0066 0100 0009              
MA01429 2020022000 0018 9999 -008 9999 9999 0053 0008              
MA01431 2020022000 0018 9999 -019 9999 9999 0050 -006              
MA01432 2020022000 0018 0005 -017 0068 0027 0053 0001              
MA01433 2020022000 0018 0002 -019 0083 0022 0044 -005              
MA01429 2020022100 0018 9999 0004 9999 9999 0066 0057              
MA01431 2020022100 0018 9999 -004 9999 9999 0076 0028              
MA01432 2020022100 0018 0000 -001 0070 0061 0074 0034              
MA01433 2020022100 0018 0000 0000 0077 0069 0066 0028              
MA01429 2020022200 0018 9999 0051 9999 9999 0039 0069              
MA01431 2020022200 0018 9999 0035 9999 9999 0058 0046              
MA01432 2020022200 0018 0000 0031 0312 0039 0068 0056              
MA01433 2020022200 0018 0000 0032 0281 0030 0056 0051              
MA01429 2020022300 0018 9999 0097 9999 9999 0038 0116              
MA01431 2020022300 0018 9999 0078 9999 9999 0053 0090              
MA01432 2020022300 0018 0000 0057 0264 0052 0069 0083              
MA01433 2020022300 0018 0000 0057 0250 0060 0067 0078              
MA01429 2020022400 0018 9999 0119 9999 9999 0037 0133              
MA01431 2020022400 0018 9999 0090 9999 9999 0058 0117              
MA01432 2020022400 0018 0000 0084 0214 0035 0060 0138              
MA01433 2020022400 0018 0000 0085 0211 0027 0052 0128              
MA01429 2020022500 0018 9999 0050 9999 9999 0050 0109              
MA01431 2020022500 0018 9999 0030 9999 9999 0066 0094              
MA01432 2020022500 0018 0000 0027 0221 0080 0069 0081              
MA01433 2020022500 0018 0000 0025 0220 0060 0065 0081              
MA01429 2020022600 0018 9999 -058 9999 9999 0078 0029              
MA01431 2020022600 0018 9999 -049 9999 9999 0090 0015              
MA01432 2020022600 0018 0050 -051 0268 0146 0099 0022              
MA01433 2020022600 0018 0024 -059 0265 0082 0100 0017              
MA01429 2020022700 0018 9999 -018 9999 9999 0063 -002              
MA01431 2020022700 0018 9999 -032 9999 9999 0086 -015              
MA01432 2020022700 0018 0070 -026 0227 0105 0085 -013              
MA01433 2020022700 0018 0004 -031 0225 0127 0087 -019              
MA01429 2020022800 0018 9999 -019 9999 9999 0022 0024              
MA01431 2020022800 0018 9999 -030 9999 9999 0035 0006              
MA01432 2020022800 0018 0072 -017 0045 0042 0040 0007              
MA01433 2020022800 0018 0090 -027 0046 0031 0028 0001              
MA01429 2020022900 0018 9999 0022 9999 9999 0052 0053              
MA01431 2020022900 0018 9999 0002 9999 9999 0065 0033              
MA01432 2020022900 0018 0000 0001 0213 0099 0070 0031              
MA01433 2020022900 0018 0000 -001 0216 0093 0067 0027              
