MA01404 20191201 1800 0000 0101 9999 9999 0066 0101 9999           
MA01421 20191201 1800 0000 0077 9999 9999 0094 0111 9999           
MA01427 20191201 1800 0000 0051 9999 9999 9999 0104 9999           
MA01428 20191201 1800 0000 0056 0045 0027 0068 0092 9999           
MA01430 20191201 1800 0000 0052 0112 0010 0063 0089 9999           
MA01440 20191201 1800 0000 0091 9999 9999 9999 0101 9999           
MA01445 20191201 1800 9999 0065 9999 9999 0068 0099 9999           
MA01404 20191202 1800 0112 0076 9999 9999 0099 0102 9999           
MA01421 20191202 1800 0000 0078 9999 9999 0100 0146 9999           
MA01427 20191202 1800 0000 0122 9999 9999 9999 0149 9999           
MA01428 20191202 1800 0000 0091 0112 0024 0078 0108 9999           
MA01430 20191202 1800 0000 0079 0337 0011 0091 0109 9999           
MA01440 20191202 1800 0174 0049 9999 9999 9999 0105 9999           
MA01445 20191202 1800 9999 0084 9999 9999 0091 0129 9999           
MA01404 20191203 1800 0000 0024 9999 9999 0075 0054 9999           
MA01421 20191203 1800 0000 0029 9999 9999 0088 0057 9999           
MA01427 20191203 1800 0000 0014 9999 9999 9999 0086 9999           
MA01428 20191203 1800 0000 -002 0090 0017 0089 0033 9999           
MA01430 20191203 1800 0000 -001 0022 0010 0095 0033 9999           
MA01440 20191203 1800 0000 0023 9999 9999 9999 0049 9999           
MA01445 20191203 1800 9999 0013 9999 9999 0076 0044 9999           
MA01404 20191204 1800 0000 0009 9999 9999 0086 0033 9999           
MA01421 20191204 1800 0000 0014 9999 9999 0100 0057 9999           
MA01427 20191204 1800 0000 0042 9999 9999 9999 0053 9999           
MA01428 20191204 1800 0000 -010 0045 0096 0100 0000 9999           
MA01430 20191204 1800 0000 -008 0315 0015 0100 0000 9999           
MA01440 20191204 1800 0000 0018 9999 9999 9999 0034 9999           
MA01445 20191204 1800 9999 0005 9999 9999 0098 0024 9999           
MA01404 20191205 1800 0000 0030 9999 9999 0092 0073 9999           
MA01421 20191205 1800 0000 0035 9999 9999 0099 0062 9999           
MA01427 20191205 1800 0000 0025 9999 9999 9999 0077 9999           
MA01428 20191205 1800 0000 0076 0225 0004 0032 0076 9999           
MA01430 20191205 1800 0000 0077 0067 0006 0047 0077 9999           
MA01440 20191205 1800 0000 0014 9999 9999 9999 0052 9999           
MA01445 20191205 1800 9999 0073 9999 9999 0038 0080 9999           
MA01404 20191206 1800 0002 0076 9999 9999 0099 0110 9999           
MA01421 20191206 1800 0000 0093 9999 9999 0059 0113 9999           
MA01427 20191206 1800 0000 0066 9999 9999 9999 0123 9999           
MA01428 20191206 1800 0000 0070 0180 0036 0076 0091 9999           
MA01430 20191206 1800 0000 0069 0270 0012 0075 0100 9999           
MA01440 20191206 1800 0000 0041 9999 9999 9999 0098 9999           
MA01445 20191206 1800 9999 0083 9999 9999 0068 0106 9999           
MA01404 20191207 1800 0000 0096 9999 9999 0068 0103 9999           
MA01421 20191207 1800 0000 0092 9999 9999 0081 0122 9999           
MA01427 20191207 1800 0000 0080 9999 9999 9999 0112 9999           
MA01428 20191207 1800 0000 0066 0247 0084 0073 0076 9999           
MA01430 20191207 1800 0000 0067 0157 0087 0072 0083 9999           
MA01440 20191207 1800 0000 0084 9999 9999 9999 0111 9999           
MA01445 20191207 1800 9999 0079 9999 9999 0072 0100 9999           
MA01404 20191208 1800 0000 0098 9999 9999 0076 0102 9999           
MA01421 20191208 1800 0000 0077 9999 9999 0100 0119 9999           
MA01427 20191208 1800 0000 0096 9999 9999 9999 0101 9999           
MA01428 20191208 1800 0000 0055 0112 0030 0092 0106 9999           
MA01430 20191208 1800 0000 0051 0112 0008 0098 0095 9999           
MA01440 20191208 1800 0000 0092 9999 9999 9999 0108 9999           
MA01445 20191208 1800 9999 0068 9999 9999 0077 0105 9999           
MA01404 20191209 1800 0000 0082 9999 9999 0068 0097 9999           
MA01421 20191209 1800 0000 0085 9999 9999 0076 0121 9999           
MA01427 20191209 1800 0026 0072 9999 9999 9999 0136 9999           
MA01428 20191209 1800 0014 0026 0225 0033 0096 0080 9999           
MA01430 20191209 1800 0014 0033 0157 0052 0093 0086 9999           
MA01440 20191209 1800 0000 0071 9999 9999 9999 0097 9999           
MA01445 20191209 1800 9999 0068 9999 9999 0070 0104 9999           
MA01404 20191210 1800 0000 0051 9999 9999 0080 0061 9999           
MA01421 20191210 1800 0010 0021 9999 9999 0100 0041 9999           
MA01427 20191210 1800 0036 0043 9999 9999 9999 0069 9999           
MA01428 20191210 1800 0052 0000 0180 0036 0100 0015 9999           
MA01430 20191210 1800 0016 0005 0000 0053 0100 0018 9999           
MA01440 20191210 1800 0000 0050 9999 9999 9999 0054 9999           
MA01445 20191210 1800 9999 0011 9999 9999 0100 0027 9999           
MA01404 20191211 1800 0000 -015 9999 9999 0046 0047 9999           
MA01421 20191211 1800 0000 -002 9999 9999 0095 0033 9999           
MA01427 20191211 1800 0000 -011 9999 9999 9999 0048 9999           
MA01428 20191211 1800 0000 0000 0000 0007 0078 0000 9999           
MA01430 20191211 1800 0000 0010 0090 0019 0067 0010 9999           
MA01440 20191211 1800 0000 -009 9999 9999 9999 0031 9999           
MA01445 20191211 1800 9999 -013 9999 9999 0089 0014 9999           
MA01404 20191212 1800 0000 0001 9999 9999 0093 0038 9999           
MA01421 20191212 1800 0000 0031 9999 9999 0085 0054 9999           
MA01427 20191212 1800 0000 0028 9999 9999 9999 0044 9999           
MA01428 20191212 1800 0000 0006 0247 0035 0088 0029 9999           
MA01430 20191212 1800 0000 0008 0202 0014 0087 0028 9999           
MA01440 20191212 1800 0000 -027 9999 9999 9999 0019 9999           
MA01445 20191212 1800 9999 0027 9999 9999 0073 0037 9999           
MA01404 20191213 1800 0194 0004 9999 9999 0099 0073 9999           
MA01421 20191213 1800 0062 0046 9999 9999 0079 0089 9999           
MA01427 20191213 1800 0128 0047 9999 9999 9999 0088 9999           
MA01428 20191213 1800 0038 0013 0225 0191 0090 0053 9999           
MA01430 20191213 1800 0032 0016 0135 0218 0088 0055 9999           
MA01440 20191213 1800 0012 -004 9999 9999 9999 0069 9999           
MA01445 20191213 1800 9999 0022 9999 9999 0087 0076 9999           
MA01404 20191214 1800 0000 0100 9999 9999 0072 0124 9999           
MA01421 20191214 1800 0000 0144 9999 9999 0030 0144 9999           
MA01427 20191214 1800 0000 0050 9999 9999 9999 0076 9999           
MA01428 20191214 1800 0000 0091 0225 0079 0051 0091 9999           
MA01430 20191214 1800 0000 0090 0135 0129 0053 0090 9999           
MA01440 20191214 1800 0000 0080 9999 9999 9999 0106 9999           
MA01445 20191214 1800 9999 0123 9999 9999 0032 0123 9999           
MA01404 20191215 1800 0000 0110 9999 9999 0071 0110 9999           
MA01421 20191215 1800 0000 0098 9999 9999 0072 0145 9999           
MA01427 20191215 1800 0000 0096 9999 9999 9999 0149 9999           
MA01428 20191215 1800 0000 0067 0045 0034 0076 0132 9999           
MA01430 20191215 1800 0000 0070 0202 0011 0072 0133 9999           
MA01440 20191215 1800 0000 0106 9999 9999 9999 0117 9999           
MA01445 20191215 1800 9999 0082 9999 9999 0070 0142 9999           
MA01404 20191216 1800 0000 0095 9999 9999 0080 0115 9999           
MA01421 20191216 1800 0000 0091 9999 9999 0100 0123 9999           
MA01427 20191216 1800 0000 0035 9999 9999 9999 0115 9999           
MA01428 20191216 1800 0000 0057 0045 0030 0097 0098 9999           
MA01430 20191216 1800 0000 0059 0090 0010 0097 0093 9999           
MA01440 20191216 1800 0000 0103 9999 9999 9999 0115 9999           
MA01445 20191216 1800 9999 0072 9999 9999 0100 0101 9999           
MA01404 20191217 1800 0000 0121 9999 9999 0064 0145 9999           
MA01421 20191217 1800 0000 0130 9999 9999 0050 0141 9999           
MA01427 20191217 1800 0000 0050 9999 9999 9999 0140 9999           
MA01428 20191217 1800 0000 0092 0315 0013 0065 0128 9999           
MA01430 20191217 1800 0000 0097 0112 0024 0059 0134 9999           
MA01440 20191217 1800 0000 0110 9999 9999 9999 0146 9999           
MA01445 20191217 1800 9999 0117 9999 9999 0047 0143 9999           
MA01404 20191218 1800 0000 0078 9999 9999 0099 0129 9999           
MA01421 20191218 1800 0000 0100 9999 9999 0079 0126 9999           
MA01427 20191218 1800 0000 0068 9999 9999 9999 0136 9999           
MA01428 20191218 1800 0000 0083 0022 0043 0070 0089 9999           
MA01430 20191218 1800 0000 0075 0315 0019 0082 0098 9999           
MA01440 20191218 1800 0000 0087 9999 9999 9999 0137 9999           
MA01445 20191218 1800 9999 0084 9999 9999 0077 0106 9999           
MA01404 20191219 1800 0002 0081 9999 9999 0084 0104 9999           
MA01421 20191219 1800 0000 0077 9999 9999 0085 0102 9999           
MA01427 20191219 1800 0000 0040 9999 9999 9999 0093 9999           
MA01428 20191219 1800 0000 0063 0045 0033 0074 0079 9999           
MA01430 20191219 1800 0000 0064 0112 0013 0072 0078 9999           
MA01440 20191219 1800 0000 0083 9999 9999 9999 0098 9999           
MA01445 20191219 1800 9999 0075 9999 9999 0062 0092 9999           
MA01404 20191220 1800 0000 0098 9999 9999 0075 0098 9999           
MA01421 20191220 1800 0000 0093 9999 9999 0066 0132 9999           
MA01427 20191220 1800 0000 0116 9999 9999 9999 0131 9999           
MA01428 20191220 1800 0000 0085 0202 0085 0062 0107 9999           
MA01430 20191220 1800 0000 0077 0315 0068 0066 0103 9999           
MA01440 20191220 1800 0046 0088 9999 9999 9999 0092 9999           
MA01445 20191220 1800 9999 0094 9999 9999 0056 0115 9999           
MA01404 20191221 1800 0000 0099 9999 9999 0054 0119 9999           
MA01421 20191221 1800 0008 0112 9999 9999 0057 0131 9999           
MA01427 20191221 1800 0000 0117 9999 9999 9999 0133 9999           
MA01428 20191221 1800 0008 0071 0225 0175 0068 0101 9999           
MA01430 20191221 1800 0000 0077 9999 9999 0059 0106 9999           
MA01440 20191221 1800 0000 0093 9999 9999 9999 0120 9999           
MA01445 20191221 1800 9999 0089 9999 9999 0062 0126 9999           
MA01404 20191222 1800 0000 0085 9999 9999 0074 0087 9999           
MA01421 20191222 1800 0000 0089 9999 9999 0068 0092 9999           
MA01427 20191222 1800 0000 0094 9999 9999 9999 0094 9999           
MA01428 20191222 1800 0000 0048 0225 0199 0087 0053 9999           
MA01430 20191222 1800 0000 0047 0157 0125 0091 0058 9999           
MA01440 20191222 1800 0000 0086 9999 9999 9999 0087 9999           
MA01445 20191222 1800 9999 0065 9999 9999 0075 0069 9999           
MA01404 20191223 1800 0000 0091 9999 9999 0029 0108 9999           
MA01421 20191223 1800 0000 0084 9999 9999 0042 0107 9999           
MA01427 20191223 1800 0000 0016 9999 9999 9999 0087 9999           
MA01428 20191223 1800 0000 0045 0225 0064 0059 0063 9999           
MA01430 20191223 1800 0000 0043 0135 0085 0062 0062 9999           
MA01440 20191223 1800 0000 0087 9999 9999 9999 0113 9999           
MA01445 20191223 1800 9999 0070 9999 9999 0036 0084 9999           
MA01404 20191224 1800 0000 0095 9999 9999 0057 0114 9999           
MA01421 20191224 1800 0000 0092 9999 9999 0029 0124 9999           
MA01427 20191224 1800 0000 0026 9999 9999 9999 0050 9999           
MA01428 20191224 1800 0000 0078 0225 0086 0024 0082 9999           
MA01430 20191224 1800 0000 0075 0135 0132 0023 0088 9999           
MA01440 20191224 1800 0000 0088 9999 9999 9999 0112 9999           
MA01445 20191224 1800 9999 0100 9999 9999 0025 0100 9999           
MA01404 20191225 1800 0000 0052 9999 9999 0078 0128 9999           
MA01421 20191225 1800 0000 0085 9999 9999 0050 0125 9999           
MA01427 20191225 1800 0000 0006 9999 9999 9999 0057 9999           
MA01428 20191225 1800 0000 0056 0247 0015 0043 0099 9999           
MA01430 20191225 1800 0000 0066 0112 0067 0037 0097 9999           
MA01440 20191225 1800 0000 0075 9999 9999 9999 0134 9999           
MA01445 20191225 1800 9999 0086 9999 9999 0026 0108 9999           
MA01404 20191226 1800 0000 0027 9999 9999 0082 0099 9999           
MA01421 20191226 1800 0000 0042 9999 9999 0100 0093 9999           
MA01427 20191226 1800 0000 0006 9999 9999 9999 0076 9999           
MA01428 20191226 1800 0000 0023 0292 0012 0092 0048 9999           
MA01430 20191226 1800 0000 0038 0157 0043 0061 0055 9999           
MA01440 20191226 1800 0000 0055 9999 9999 9999 0101 9999           
MA01445 20191226 1800 9999 0038 9999 9999 0072 0066 9999           
MA01404 20191227 1800 0000 0035 9999 9999 0084 0096 9999           
MA01421 20191227 1800 0000 0046 9999 9999 0083 0089 9999           
MA01427 20191227 1800 0000 -001 9999 9999 9999 0048 9999           
MA01428 20191227 1800 0000 0025 0270 0018 0087 0064 9999           
MA01430 20191227 1800 0000 0035 0135 0054 0066 0070 9999           
MA01440 20191227 1800 0000 0033 9999 9999 9999 0091 9999           
MA01445 20191227 1800 9999 0044 9999 9999 0052 0064 9999           
MA01404 20191228 1800 0000 0015 9999 9999 0068 0051 9999           
MA01421 20191228 1800 0000 0002 9999 9999 0068 0020 9999           
MA01427 20191228 1800 0000 0025 9999 9999 9999 0042 9999           
MA01428 20191228 1800 0000 -036 0045 0033 0084 -019 9999           
MA01430 20191228 1800 0000 -035 0000 0052 0084 -020 9999           
MA01440 20191228 1800 0000 0019 9999 9999 9999 0043 9999           
MA01445 20191228 1800 9999 -021 9999 9999 0073 -008 9999           
MA01404 20191229 1800 0000 0004 9999 9999 0083 0016 9999           
MA01421 20191229 1800 0000 -008 9999 9999 0085 0008 9999           
MA01427 20191229 1800 0000 0017 9999 9999 9999 0033 9999           
MA01428 20191229 1800 0000 -046 0045 0045 0099 -033 9999           
MA01430 20191229 1800 0000 -045 0000 0058 0099 -035 9999           
MA01440 20191229 1800 0000 0001 9999 9999 9999 0014 9999           
MA01445 20191229 1800 9999 -030 9999 9999 0090 -014 9999           
MA01404 20191230 1800 0000 0002 9999 9999 0085 0015 9999           
MA01421 20191230 1800 0000 0000 9999 9999 0100 0005 9999           
MA01427 20191230 1800 0000 0032 9999 9999 9999 0047 9999           
MA01428 20191230 1800 0000 -026 0315 0034 0100 -026 9999           
MA01430 20191230 1800 0000 -025 0000 9999 0100 -025 9999           
MA01440 20191230 1800 0000 -008 9999 9999 9999 0006 9999           
MA01445 20191230 1800 9999 -014 9999 9999 0100 -014 9999           
MA01404 20191231 1800 0000 0048 9999 9999 0038 0073 9999           
MA01421 20191231 1800 0000 0065 9999 9999 0020 0091 9999           
MA01427 20191231 1800 0000 -004 9999 9999 9999 0034 9999           
MA01428 20191231 1800 0000 0048 0045 0023 0020 0065 9999           
MA01430 20191231 1800 0000 0052 0090 0013 0021 0052 9999           
MA01440 20191231 1800 0000 0072 9999 9999 9999 0105 9999           
MA01445 20191231 1800 9999 0074 9999 9999 0028 0074 9999           
MA01404 20200101 1800 9999 9999 9999 9999 9999 9999 9999           
MA01421 20200101 1800 9999 9999 9999 9999 9999 9999 9999           
MA01427 20200101 1800 9999 9999 9999 9999 9999 9999 9999           
MA01428 20200101 1800 9999 9999 9999 9999 9999 9999 9999           
MA01430 20200101 1800 9999 9999 9999 9999 9999 9999 9999           
MA01440 20200101 1800 9999 9999 9999 9999 9999 9999 9999           
MA01445 20200101 1800 9999 9999 9999 9999 9999 9999 9999           
MA01404 20200102 1800 0000 0028 9999 9999 0057 0093 9999           
MA01421 20200102 1800 0000 0078 9999 9999 0039 0108 9999           
MA01427 20200102 1800 0000 -013 9999 9999 9999 0052 9999           
MA01428 20200102 1800 0000 0067 0045 0026 0023 0096 9999           
MA01430 20200102 1800 0000 0075 0090 0011 0019 0102 9999           
MA01440 20200102 1800 0000 0051 9999 9999 9999 0094 9999           
MA01445 20200102 1800 9999 0090 9999 9999 0020 0092 9999           
MA01404 20200103 1800 0000 0034 9999 9999 0080 0105 9999           
MA01421 20200103 1800 0000 0078 9999 9999 0051 0130 9999           
MA01427 20200103 1800 0000 -003 9999 9999 9999 0057 9999           
MA01428 20200103 1800 0000 0076 0270 0010 0030 0106 9999           
MA01430 20200103 1800 0000 0095 0135 0017 0024 0109 9999           
MA01440 20200103 1800 0000 0049 9999 9999 9999 0107 9999           
MA01445 20200103 1800 9999 0108 9999 9999 0020 0117 9999           
MA01404 20200104 1800 0000 0035 9999 9999 0070 0078 9999           
MA01421 20200104 1800 0000 0064 9999 9999 0072 0084 9999           
MA01427 20200104 1800 0000 0000 9999 9999 9999 0072 9999           
MA01428 20200104 1800 0000 0028 0315 0017 0072 0054 9999           
MA01430 20200104 1800 0000 0041 0202 0019 0044 0043 9999           
MA01440 20200104 1800 0000 0053 9999 9999 9999 0097 9999           
MA01445 20200104 1800 9999 0064 9999 9999 0035 0064 9999           
MA01404 20200105 1800 0000 0026 9999 9999 0061 0083 9999           
MA01421 20200105 1800 0000 0013 9999 9999 0075 0072 9999           
MA01427 20200105 1800 0000 0011 9999 9999 9999 0077 9999           
MA01428 20200105 1800 0000 -015 0045 0035 0066 0031 9999           
MA01430 20200105 1800 0000 -012 0337 0038 0064 0034 9999           
MA01440 20200105 1800 0000 0019 9999 9999 9999 0091 9999           
MA01445 20200105 1800 9999 -001 9999 9999 0060 0054 9999           
MA01404 20200106 1800 0000 -003 9999 9999 0083 0033 9999           
MA01421 20200106 1800 0000 -004 9999 9999 0086 0036 9999           
MA01427 20200106 1800 0000 -016 9999 9999 9999 0066 9999           
MA01428 20200106 1800 0000 -036 0045 0055 0084 0000 9999           
MA01430 20200106 1800 0000 -023 0067 0006 0029 -005 9999           
MA01440 20200106 1800 0000 0002 9999 9999 9999 0040 9999           
MA01445 20200106 1800 9999 0006 9999 9999 0015 0014 9999           
MA01404 20200107 1800 0000 0020 9999 9999 0069 0072 9999           
MA01421 20200107 1800 0000 0061 9999 9999 0053 0093 9999           
MA01427 20200107 1800 0000 0011 9999 9999 9999 0067 9999           
MA01428 20200107 1800 0000 0044 0045 0044 0044 0075 9999           
MA01430 20200107 1800 0000 0049 0000 0037 0040 0083 9999           
MA01440 20200107 1800 0000 0004 9999 9999 9999 0057 9999           
MA01445 20200107 1800 9999 0063 9999 9999 0037 0098 9999           
MA01404 20200108 1800 0000 0020 9999 9999 0059 0073 9999           
MA01421 20200108 1800 0000 0032 9999 9999 0069 0072 9999           
MA01427 20200108 1800 0000 -014 9999 9999 9999 0056 9999           
MA01428 20200108 1800 0000 0029 0045 0007 0041 0068 9999           
MA01430 20200108 1800 0000 0034 0180 0013 0042 0052 9999           
MA01440 20200108 1800 0000 0031 9999 9999 9999 0074 9999           
MA01445 20200108 1800 9999 0050 9999 9999 0036 0056 9999           
MA01404 20200109 1800 0000 0043 9999 9999 0050 0095 9999           
MA01421 20200109 1800 0000 0072 9999 9999 0039 0118 9999           
MA01427 20200109 1800 0000 -014 9999 9999 9999 0066 9999           
MA01428 20200109 1800 0000 0047 0292 0026 0037 0095 9999           
MA01430 20200109 1800 0000 0058 0157 0042 0030 0089 9999           
MA01440 20200109 1800 0000 0048 9999 9999 9999 0122 9999           
MA01445 20200109 1800 9999 0067 9999 9999 0035 0110 9999           
MA01404 20200110 1800 0000 0042 9999 9999 0070 0098 9999           
MA01421 20200110 1800 0000 0061 9999 9999 0053 0092 9999           
MA01427 20200110 1800 0000 -007 9999 9999 9999 0071 9999           
MA01428 20200110 1800 0000 0030 0292 0010 0076 0069 9999           
MA01430 20200110 1800 0000 0031 0157 0037 0076 0070 9999           
MA01440 20200110 1800 0000 0055 9999 9999 9999 0095 9999           
MA01445 20200110 1800 9999 0053 9999 9999 0055 0082 9999           
MA01404 20200111 1800 0000 0039 9999 9999 0080 0065 9999           
MA01421 20200111 1800 0000 0024 9999 9999 0100 0058 9999           
MA01427 20200111 1800 0000 0016 9999 9999 9999 0071 9999           
MA01428 20200111 1800 0000 0001 0045 0042 0100 0028 9999           
MA01430 20200111 1800 0000 0002 0315 0012 0100 0030 9999           
MA01440 20200111 1800 0000 0024 9999 9999 9999 0060 9999           
MA01445 20200111 1800 9999 0020 9999 9999 0089 0057 9999           
MA01404 20200112 1800 0000 0013 9999 9999 0074 0074 9999           
MA01421 20200112 1800 0000 0026 9999 9999 0099 0062 9999           
MA01427 20200112 1800 0000 0036 9999 9999 9999 0071 9999           
MA01428 20200112 1800 0000 -011 0045 0008 0099 0026 9999           
MA01430 20200112 1800 0000 -007 0090 0009 0069 0033 9999           
MA01440 20200112 1800 0000 0019 9999 9999 9999 0064 9999           
MA01445 20200112 1800 9999 0001 9999 9999 0100 0046 9999           
MA01404 20200113 1800 0000 0017 9999 9999 0079 0070 9999           
MA01421 20200113 1800 0000 0028 9999 9999 0093 0073 9999           
MA01427 20200113 1800 0000 -009 9999 9999 9999 0065 9999           
MA01428 20200113 1800 0000 0009 0337 0004 0087 0053 9999           
MA01430 20200113 1800 0000 0008 0112 0007 0080 0047 9999           
MA01440 20200113 1800 0000 0039 9999 9999 9999 0068 9999           
MA01445 20200113 1800 9999 0014 9999 9999 0075 0056 9999           
MA01404 20200114 1800 0000 0033 9999 9999 0075 0071 9999           
MA01421 20200114 1800 0000 0042 9999 9999 0078 0080 9999           
MA01427 20200114 1800 0000 -008 9999 9999 9999 0067 9999           
MA01428 20200114 1800 0000 0020 0180 0022 0066 0051 9999           
MA01430 20200114 1800 0000 0020 0157 0049 0065 0047 9999           
MA01440 20200114 1800 0000 0048 9999 9999 9999 0088 9999           
MA01445 20200114 1800 9999 0033 9999 9999 0062 0054 9999           
MA01404 20200115 1800 0000 0059 9999 9999 0063 0086 9999           
MA01421 20200115 1800 0000 0051 9999 9999 0071 0090 9999           
MA01427 20200115 1800 0000 -005 9999 9999 9999 0067 9999           
MA01428 20200115 1800 0000 0018 0270 0015 0083 0062 9999           
MA01430 20200115 1800 0000 0018 0157 0044 0081 0057 9999           
MA01440 20200115 1800 0000 0063 9999 9999 9999 0089 9999           
MA01445 20200115 1800 9999 0031 9999 9999 0075 0063 9999           
MA01404 20200116 1800 0000 0045 9999 9999 0067 0097 9999           
MA01421 20200116 1800 0000 0043 9999 9999 0099 0075 9999           
MA01427 20200116 1800 0000 0000 9999 9999 9999 0079 9999           
MA01428 20200116 1800 0000 0014 0045 0023 0089 0046 9999           
MA01430 20200116 1800 0000 0016 0090 0016 0088 0045 9999           
MA01440 20200116 1800 0000 0036 9999 9999 9999 0086 9999           
MA01445 20200116 1800 9999 0032 9999 9999 0080 0057 9999           
MA01404 20200117 1800 0000 0066 9999 9999 0070 0097 9999           
MA01421 20200117 1800 0000 0055 9999 9999 0079 0103 9999           
MA01427 20200117 1800 0000 0025 9999 9999 9999 0072 9999           
MA01428 20200117 1800 0000 0028 0225 0051 0086 0066 9999           
MA01430 20200117 1800 0000 0033 0135 0078 0084 0060 9999           
MA01440 20200117 1800 0000 0056 9999 9999 9999 0098 9999           
MA01445 20200117 1800 9999 0051 9999 9999 0067 0075 9999           
MA01404 20200118 1800 0010 0026 9999 9999 0099 0066 9999           
MA01421 20200118 1800 0024 0034 9999 9999 0100 0073 9999           
MA01427 20200118 1800 0016 0046 9999 9999 9999 0092 9999           
MA01428 20200118 1800 0006 0012 0045 0018 0100 0039 9999           
MA01430 20200118 1800 0004 0013 0022 0009 0100 0045 9999           
MA01440 20200118 1800 0000 0025 9999 9999 9999 0052 9999           
MA01445 20200118 1800 9999 0023 9999 9999 0100 0061 9999           
MA01404 20200119 1800 0032 0010 9999 9999 0099 0025 9999           
MA01421 20200119 1800 0002 0017 9999 9999 0100 0027 9999           
MA01427 20200119 1800 0000 0046 9999 9999 9999 0065 9999           
MA01428 20200119 1800 0062 -010 0022 0193 0100 -002 9999           
MA01430 20200119 1800 0010 -010 0000 9999 0100 0002 9999           
MA01440 20200119 1800 0004 0026 9999 9999 9999 0038 9999           
MA01445 20200119 1800 9999 0001 9999 9999 0100 0011 9999           
MA01404 20200120 1800 0000 0024 9999 9999 0077 0025 9999           
MA01421 20200120 1800 0002 0012 9999 9999 0098 0022 9999           
MA01427 20200120 1800 0000 0014 9999 9999 9999 0061 9999           
MA01428 20200120 1800 0000 -021 0000 9999 0100 -016 9999           
MA01430 20200120 1800 0000 -021 0000 9999 0100 -011 9999           
MA01440 20200120 1800 0004 0015 9999 9999 9999 0022 9999           
MA01445 20200120 1800 9999 -006 9999 9999 0090 0002 9999           
MA01404 20200121 1800 0000 0020 9999 9999 0088 0026 9999           
MA01421 20200121 1800 0002 0019 9999 9999 0100 0044 9999           
MA01427 20200121 1800 0000 0033 9999 9999 9999 0050 9999           
MA01428 20200121 1800 0000 -006 0045 0041 0100 -002 9999           
MA01430 20200121 1800 0000 -002 0112 0003 0100 0008 9999           
MA01440 20200121 1800 0000 0009 9999 9999 9999 0022 9999           
MA01445 20200121 1800 9999 0000 9999 9999 0100 0022 9999           
MA01404 20200122 1800 0000 0047 9999 9999 0078 0104 9999           
MA01421 20200122 1800 0000 0079 9999 9999 0050 0120 9999           
MA01427 20200122 1800 0000 0012 9999 9999 9999 0100 9999           
MA01428 20200122 1800 0000 0053 0315 0019 0068 0084 9999           
MA01430 20200122 1800 0000 0065 0090 0014 0041 0074 9999           
MA01440 20200122 1800 0000 0066 9999 9999 9999 0099 9999           
MA01445 20200122 1800 9999 0085 9999 9999 0032 0097 9999           
MA01404 20200123 1800 0000 0023 9999 9999 0092 0103 9999           
MA01421 20200123 1800 0000 0050 9999 9999 0074 0104 9999           
MA01427 20200123 1800 0000 0006 9999 9999 9999 0098 9999           
MA01428 20200123 1800 0000 0050 0045 0007 0057 0055 9999           
MA01430 20200123 1800 0000 0048 0135 0013 0053 0069 9999           
MA01440 20200123 1800 0000 0050 9999 9999 9999 0093 9999           
MA01445 20200123 1800 9999 0038 9999 9999 0078 0082 9999           
MA01404 20200124 1800 0000 0040 9999 9999 0096 0117 9999           
MA01421 20200124 1800 0000 0043 9999 9999 0100 0089 9999           
MA01427 20200124 1800 0000 0035 9999 9999 9999 0100 9999           
MA01428 20200124 1800 0000 0024 0202 0008 0100 0082 9999           
MA01430 20200124 1800 0000 0030 0157 0039 0091 0094 9999           
MA01440 20200124 1800 0000 0053 9999 9999 9999 0103 9999           
MA01445 20200124 1800 9999 0045 9999 9999 0079 0088 9999           
MA01404 20200125 1800 0018 0056 9999 9999 0099 0083 9999           
MA01421 20200125 1800 0000 0062 9999 9999 0100 0093 9999           
MA01427 20200125 1800 0000 0052 9999 9999 9999 0101 9999           
MA01428 20200125 1800 0000 0053 0045 0016 0069 0059 9999           
MA01430 20200125 1800 0000 0040 0090 0011 0095 0058 9999           
MA01440 20200125 1800 0008 0035 9999 9999 9999 0046 9999           
MA01445 20200125 1800 9999 0058 9999 9999 0077 0068 9999           
MA01404 20200126 1800 0000 0030 9999 9999 0099 0085 9999           
MA01421 20200126 1800 0000 0053 9999 9999 0100 0085 9999           
MA01427 20200126 1800 0000 0050 9999 9999 9999 0106 9999           
MA01428 20200126 1800 0000 0027 0247 0015 0100 0052 9999           
MA01430 20200126 1800 0000 0031 0157 0037 0089 0055 9999           
MA01440 20200126 1800 0002 0037 9999 9999 9999 0049 9999           
MA01445 20200126 1800 9999 0042 9999 9999 0083 0070 9999           
MA01404 20200127 1800 0004 0074 9999 9999 0078 0090 9999           
MA01421 20200127 1800 0000 0080 9999 9999 0060 0098 9999           
MA01427 20200127 1800 0000 0063 9999 9999 9999 0100 9999           
MA01428 20200127 1800 0000 0043 0247 0067 0076 0047 9999           
MA01430 20200127 1800 0000 0045 0157 0075 0073 0049 9999           
MA01440 20200127 1800 0000 0070 9999 9999 9999 0092 9999           
MA01445 20200127 1800 9999 0051 9999 9999 0070 0066 9999           
MA01404 20200128 1800 0000 0091 9999 9999 0076 0094 9999           
MA01421 20200128 1800 0002 0103 9999 9999 0061 0106 9999           
MA01427 20200128 1800 0000 0110 9999 9999 9999 0118 9999           
MA01428 20200128 1800 0000 0060 0225 0191 0079 0061 9999           
MA01430 20200128 1800 0000 0065 0112 0140 0073 0066 9999           
MA01440 20200128 1800 0000 0096 9999 9999 9999 0108 9999           
MA01445 20200128 1800 9999 0077 9999 9999 0069 0082 9999           
MA01404 20200129 1800 0000 0077 9999 9999 0062 0085 9999           
MA01421 20200129 1800 0000 0079 9999 9999 0056 0093 9999           
MA01427 20200129 1800 0000 0057 9999 9999 9999 0104 9999           
MA01428 20200129 1800 0000 0040 0180 0063 0069 0052 9999           
MA01430 20200129 1800 0000 0042 0135 0083 0065 0052 9999           
MA01440 20200129 1800 0000 0071 9999 9999 9999 0102 9999           
MA01445 20200129 1800 9999 0056 9999 9999 0061 0071 9999           
MA01404 20200130 1800 0000 0089 9999 9999 0063 0120 9999           
MA01421 20200130 1800 0000 0086 9999 9999 0040 0138 9999           
MA01427 20200130 1800 0000 0028 9999 9999 9999 0112 9999           
MA01428 20200130 1800 0000 0066 0180 0065 0036 0098 9999           
MA01430 20200130 1800 0000 0070 0157 0026 0029 0101 9999           
MA01440 20200130 1800 0000 0073 9999 9999 9999 0110 9999           
MA01445 20200130 1800 9999 0067 9999 9999 0033 0102 9999           
MA01404 20200131 1800 0000 0099 9999 9999 0080 0108 9999           
MA01421 20200131 1800 0000 0090 9999 9999 0091 0139 9999           
MA01427 20200131 1800 0000 0086 9999 9999 9999 0119 9999           
MA01428 20200131 1800 0000 0066 0225 0053 0093 0080 9999           
MA01430 20200131 1800 0000 0069 0157 0059 0091 0090 9999           
MA01440 20200131 1800 0000 0091 9999 9999 9999 0110 9999           
MA01445 20200131 1800 9999 0089 9999 9999 0073 0106 9999           
MA01404 20200201 1800 0010 0087 9999 9999 0098 0100 9999           
MA01421 20200201 1800 0000 0107 9999 9999 0077 0143 9999           
MA01427 20200201 1800 0002 0101 9999 9999 9999 0118 9999           
MA01428 20200201 1800 0000 0069 0202 0094 0089 0103 9999           
MA01430 20200201 1800 0000 0072 0202 0045 0086 0100 9999           
MA01440 20200201 1800 0008 0100 9999 9999 9999 0100 9999           
MA01445 20200201 1800 9999 0084 9999 9999 0083 0115 9999           
MA01404 20200202 1800 0000 0113 9999 9999 0064 0120 9999           
MA01421 20200202 1800 0000 0106 9999 9999 0075 0161 9999           
MA01427 20200202 1800 0000 0083 9999 9999 9999 0138 9999           
MA01428 20200202 1800 0000 0072 0270 0025 0078 0115 9999           
MA01430 20200202 1800 0000 0080 0157 0062 0065 0114 9999           
MA01440 20200202 1800 0000 0103 9999 9999 9999 0117 9999           
MA01445 20200202 1800 9999 0104 9999 9999 0051 0126 9999           
MA01404 20200203 1800 0000 0144 9999 9999 0053 0156 9999           
MA01421 20200203 1800 0000 0141 9999 9999 0057 0178 9999           
MA01427 20200203 1800 0000 0083 9999 9999 9999 0154 9999           
MA01428 20200203 1800 0000 0125 0225 0064 0048 0137 9999           
MA01430 20200203 1800 0000 0127 0135 0102 0047 0141 9999           
MA01440 20200203 1800 0000 0132 9999 9999 9999 0132 9999           
MA01445 20200203 1800 9999 0153 9999 9999 0041 0153 9999           
MA01404 20200204 1800 0000 0071 9999 9999 0030 0117 9999           
MA01421 20200204 1800 0004 0036 9999 9999 0071 0145 9999           
MA01427 20200204 1800 0022 0047 9999 9999 9999 0147 9999           
MA01428 20200204 1800 0000 0009 0292 0029 0069 0095 9999           
MA01430 20200204 1800 0016 0013 0225 0043 0065 0100 9999           
MA01440 20200204 1800 0000 0072 9999 9999 9999 0127 9999           
MA01445 20200204 1800 9999 0013 9999 9999 0076 0125 9999           
MA01404 20200205 1800 0000 0039 9999 9999 0049 0075 9999           
MA01421 20200205 1800 0002 0019 9999 9999 0069 0040 9999           
MA01427 20200205 1800 0006 0031 9999 9999 9999 0061 9999           
MA01428 20200205 1800 0000 -020 0180 0037 0081 0001 9999           
MA01430 20200205 1800 0002 -016 0292 0063 0074 0004 9999           
MA01440 20200205 1800 0000 0043 9999 9999 9999 0064 9999           
MA01445 20200205 1800 9999 -002 9999 9999 0070 0016 9999           
MA01404 20200206 1800 0000 0020 9999 9999 0020 0062 9999           
MA01421 20200206 1800 0000 0006 9999 9999 0040 0036 9999           
MA01427 20200206 1800 0000 0028 9999 9999 9999 0048 9999           
MA01428 20200206 1800 0000 -025 0045 0039 0036 -010 9999           
MA01430 20200206 1800 0000 -028 0000 0020 0047 -010 9999           
MA01440 20200206 1800 0000 0012 9999 9999 9999 0053 9999           
MA01445 20200206 1800 9999 0000 9999 9999 0019 0000 9999           
MA01404 20200207 1800 0000 0027 9999 9999 0043 0113 9999           
MA01421 20200207 1800 0000 0053 9999 9999 0032 0103 9999           
MA01427 20200207 1800 0000 -001 9999 9999 9999 0091 9999           
MA01428 20200207 1800 0000 0033 0270 0007 0031 0071 9999           
MA01430 20200207 1800 0000 0047 0157 0023 0022 0077 9999           
MA01440 20200207 1800 0000 0045 9999 9999 9999 0121 9999           
MA01445 20200207 1800 9999 0044 9999 9999 0030 0081 9999           
MA01404 20200208 1800 0000 0014 9999 9999 0070 0114 9999           
MA01421 20200208 1800 0000 0058 9999 9999 0048 0106 9999           
MA01427 20200208 1800 0000 0005 9999 9999 9999 0100 9999           
MA01428 20200208 1800 0000 0042 0180 0026 0023 0084 9999           
MA01430 20200208 1800 0000 0045 0135 0029 0019 0079 9999           
MA01440 20200208 1800 0000 0036 9999 9999 9999 0083 9999           
MA01445 20200208 1800 9999 0063 9999 9999 0015 0081 9999           
MA01404 20200209 1800 0000 0076 9999 9999 0070 0096 9999           
MA01421 20200209 1800 0000 0064 9999 9999 0066 0106 9999           
MA01427 20200209 1800 0000 0054 9999 9999 9999 0115 9999           
MA01428 20200209 1800 0000 0041 0180 0061 0068 0071 9999           
MA01430 20200209 1800 0000 0043 0202 0028 0063 0076 9999           
MA01440 20200209 1800 0000 0069 9999 9999 9999 0092 9999           
MA01445 20200209 1800 9999 0057 9999 9999 0057 0083 9999           
MA01404 20200210 1800 0000 0105 9999 9999 0075 0105 9999           
MA01421 20200210 1800 0002 0125 9999 9999 0061 0127 9999           
MA01427 20200210 1800 0000 0125 9999 9999 9999 0126 9999           
MA01428 20200210 1800 0000 0086 0247 0183 0073 0089 9999           
MA01430 20200210 1800 0000 0085 0157 0167 0075 0107 9999           
MA01440 20200210 1800 0000 0115 9999 9999 9999 0115 9999           
MA01445 20200210 1800 9999 0106 9999 9999 0063 0116 9999           
MA01404 20200211 1800 0000 0100 9999 9999 0066 0117 9999           
MA01421 20200211 1800 0000 0126 9999 9999 0040 0145 9999           
MA01427 20200211 1800 0000 0116 9999 9999 9999 0158 9999           
MA01428 20200211 1800 0000 0094 0180 0116 0046 0106 9999           
MA01430 20200211 1800 0000 0103 0157 0101 0039 0110 9999           
MA01440 20200211 1800 0000 0098 9999 9999 9999 0142 9999           
MA01445 20200211 1800 9999 0119 9999 9999 0033 0123 9999           
MA01404 20200212 1800 0000 0081 9999 9999 0061 0122 9999           
MA01421 20200212 1800 0000 0091 9999 9999 0042 0143 9999           
MA01427 20200212 1800 0000 0042 9999 9999 9999 0146 9999           
MA01428 20200212 1800 0000 0058 0225 0055 0052 0096 9999           
MA01430 20200212 1800 0000 0057 0112 0043 0048 0088 9999           
MA01440 20200212 1800 0000 0070 9999 9999 9999 0136 9999           
MA01445 20200212 1800 9999 0066 9999 9999 0047 0115 9999           
MA01404 20200213 1800 0000 0090 9999 9999 0069 0110 9999           
MA01421 20200213 1800 0000 0088 9999 9999 0050 0150 9999           
MA01427 20200213 1800 0000 0073 9999 9999 9999 0143 9999           
MA01428 20200213 1800 0000 0062 0180 0053 0050 0096 9999           
MA01430 20200213 1800 0000 0060 0202 0018 0051 0103 9999           
MA01440 20200213 1800 0000 0085 9999 9999 9999 0103 9999           
MA01445 20200213 1800 9999 0066 9999 9999 0052 0115 9999           
MA01404 20200214 1800 0000 0049 9999 9999 0060 0118 9999           
MA01421 20200214 1800 0000 0064 9999 9999 0053 0103 9999           
MA01427 20200214 1800 9999 9999 9999 9999 9999 0107 9999           
MA01428 20200214 1800 0000 0033 0090 0011 0056 0071 9999           
MA01430 20200214 1800 0000 0036 0180 0011 0053 0069 9999           
MA01440 20200214 1800 0000 0063 9999 9999 9999 0113 9999           
MA01445 20200214 1800 9999 0047 9999 9999 0050 0087 9999           
MA01404 20200215 1800 0000 0047 9999 9999 0063 0121 9999           
MA01421 20200215 1800 0000 0059 9999 9999 0077 0117 9999           
MA01427 20200215 1800 9999 9999 9999 9999 9999 9999 9999           
MA01428 20200215 1800 0000 0036 0022 0007 0066 0067 9999           
MA01430 20200215 1800 0000 0043 0180 0011 0040 0068 9999           
MA01440 20200215 1800 0000 0078 9999 9999 9999 0124 9999           
MA01445 20200215 1800 9999 0044 9999 9999 0065 0084 9999           
MA01404 20200216 1800 0000 0076 9999 9999 0043 0155 9999           
MA01421 20200216 1800 0000 0092 9999 9999 0053 0143 9999           
MA01427 20200216 1800 0000 0046 9999 9999 9999 0164 9999           
MA01428 20200216 1800 0000 0068 0247 0008 0047 0118 9999           
MA01430 20200216 1800 0000 0070 0270 0009 0043 0108 9999           
MA01440 20200216 1800 0000 0084 9999 9999 9999 0146 9999           
MA01445 20200216 1800 9999 0076 9999 9999 0051 0115 9999           
MA01404 20200217 1800 0000 0099 9999 9999 0054 0128 9999           
MA01421 20200217 1800 0000 0100 9999 9999 0056 0148 9999           
MA01427 20200217 1800 0000 0063 9999 9999 9999 0165 9999           
MA01428 20200217 1800 0000 0104 0157 0032 0029 0137 9999           
MA01430 20200217 1800 0000 0088 0067 0006 0035 0125 9999           
MA01440 20200217 1800 0000 0086 9999 9999 9999 0127 9999           
MA01445 20200217 1800 9999 0093 9999 9999 0047 0123 9999           
MA01404 20200218 1800 0000 0078 9999 9999 0095 0137 9999           
MA01421 20200218 1800 0000 0078 9999 9999 0100 0127 9999           
MA01427 20200218 1800 0000 0107 9999 9999 9999 0166 9999           
MA01428 20200218 1800 0000 0048 0045 0036 0100 0090 9999           
MA01430 20200218 1800 0000 0050 0000 0015 0100 0090 9999           
MA01440 20200218 1800 0000 0075 9999 9999 9999 0122 9999           
MA01445 20200218 1800 9999 0059 9999 9999 0100 0105 9999           
MA01404 20200219 1800 0036 0034 9999 9999 0099 0104 9999           
MA01421 20200219 1800 0012 0043 9999 9999 0081 0110 9999           
MA01427 20200219 1800 0004 0056 9999 9999 9999 0107 9999           
MA01428 20200219 1800 0010 0009 0157 0011 0087 0058 9999           
MA01430 20200219 1800 0010 0024 0157 0048 0074 0056 9999           
MA01440 20200219 1800 0000 0059 9999 9999 9999 0117 9999           
MA01445 20200219 1800 9999 0038 9999 9999 0067 0074 9999           
MA01404 20200220 1800 0000 0020 9999 9999 0058 0088 9999           
MA01421 20200220 1800 0000 0036 9999 9999 0055 0078 9999           
MA01427 20200220 1800 0000 0020 9999 9999 9999 0114 9999           
MA01428 20200220 1800 0000 0028 0022 0005 0015 0031 9999           
MA01430 20200220 1800 0000 0024 0157 0012 0015 0034 9999           
MA01440 20200220 1800 0000 0051 9999 9999 9999 0090 9999           
MA01445 20200220 1800 9999 0030 9999 9999 0040 0047 9999           
MA01404 20200221 1800 0000 0034 9999 9999 0066 0133 9999           
MA01421 20200221 1800 0000 0052 9999 9999 0070 0129 9999           
MA01427 20200221 1800 0000 0045 9999 9999 9999 0150 9999           
MA01428 20200221 1800 0000 0028 0045 0026 0076 0089 9999           
MA01430 20200221 1800 0000 0032 0135 0011 0075 0093 9999           
MA01440 20200221 1800 0000 0052 9999 9999 9999 0122 9999           
MA01445 20200221 1800 9999 0037 9999 9999 0071 0095 9999           
MA01404 20200222 1800 0000 0058 9999 9999 0069 0142 9999           
MA01421 20200222 1800 0000 0075 9999 9999 0067 0124 9999           
MA01427 20200222 1800 0000 0056 9999 9999 9999 0150 9999           
MA01428 20200222 1800 0000 0060 0270 0017 0053 0092 9999           
MA01430 20200222 1800 0000 0066 0157 0033 0041 0082 9999           
MA01440 20200222 1800 0000 0067 9999 9999 9999 0129 9999           
MA01445 20200222 1800 9999 0083 9999 9999 0035 0091 9999           
MA01404 20200223 1800 0000 0101 9999 9999 0057 0144 9999           
MA01421 20200223 1800 0000 0123 9999 9999 0036 0189 9999           
MA01427 20200223 1800 0000 0073 9999 9999 9999 0193 9999           
MA01428 20200223 1800 0000 0097 0225 0064 0037 0130 9999           
MA01430 20200223 1800 0000 0104 0135 0148 0034 0125 9999           
MA01440 20200223 1800 0000 0094 9999 9999 9999 0133 9999           
MA01445 20200223 1800 9999 0121 9999 9999 0031 0157 9999           
MA01404 20200224 1800 0000 0089 9999 9999 0075 0185 9999           
MA01421 20200224 1800 0000 0121 9999 9999 0061 0189 9999           
MA01427 20200224 1800 0000 0087 9999 9999 9999 0217 9999           
MA01428 20200224 1800 0000 0133 0202 0010 0031 0167 9999           
MA01430 20200224 1800 0000 0150 0135 0057 0019 0181 9999           
MA01440 20200224 1800 0000 0102 9999 9999 9999 0177 9999           
MA01445 20200224 1800 9999 0157 9999 9999 0017 0188 9999           
MA01404 20200225 1800 0000 0094 9999 9999 0058 0111 9999           
MA01421 20200225 1800 0000 0108 9999 9999 0042 0164 9999           
MA01427 20200225 1800 0000 0096 9999 9999 9999 0165 9999           
MA01428 20200225 1800 0000 0070 0180 0138 0051 0132 9999           
MA01430 20200225 1800 0000 0069 0247 0021 0054 0133 9999           
MA01440 20200225 1800 0000 0095 9999 9999 9999 0130 9999           
MA01445 20200225 1800 9999 0076 9999 9999 0051 0145 9999           
MA01404 20200226 1800 0010 0043 9999 9999 0057 0081 9999           
MA01421 20200226 1800 0004 0047 9999 9999 0060 0097 9999           
MA01427 20200226 1800 0010 0053 9999 9999 9999 0107 9999           
MA01428 20200226 1800 0000 0007 0247 0160 0072 0051 9999           
MA01430 20200226 1800 0000 0009 0157 0136 0068 0056 9999           
MA01440 20200226 1800 0060 0000 9999 9999 9999 0084 9999           
MA01445 20200226 1800 9999 0021 9999 9999 0067 0079 9999           
MA01404 20200227 1800 0000 0055 9999 9999 0053 0078 9999           
MA01421 20200227 1800 0000 0058 9999 9999 0048 0080 9999           
MA01427 20200227 1800 0000 0059 9999 9999 9999 0089 9999           
MA01428 20200227 1800 0000 0022 0180 0191 0054 0031 9999           
MA01430 20200227 1800 0000 0024 0135 0051 0055 0031 9999           
MA01440 20200227 1800 0004 0028 9999 9999 9999 0075 9999           
MA01445 20200227 1800 9999 0034 9999 9999 0054 0039 9999           
MA01404 20200228 1800 0000 0019 9999 9999 0041 0104 9999           
MA01421 20200228 1800 0000 0040 9999 9999 0032 0090 9999           
MA01427 20200228 1800 0000 0024 9999 9999 9999 0117 9999           
MA01428 20200228 1800 0000 0008 0180 0011 0027 0046 9999           
MA01430 20200228 1800 0000 0004 0225 0020 0020 0047 9999           
MA01440 20200228 1800 0000 0042 9999 9999 9999 0083 9999           
MA01445 20200228 1800 9999 0019 9999 9999 0038 0059 9999           
MA01404 20200229 1800 0000 0081 9999 9999 0061 0088 9999           
MA01421 20200229 1800 0000 0071 9999 9999 0051 0111 9999           
MA01427 20200229 1800 0000 0082 9999 9999 9999 0127 9999           
MA01428 20200229 1800 0000 0060 0225 0064 0038 0088 9999           
MA01430 20200229 1800 0000 0056 0045 0012 0041 0079 9999           
MA01440 20200229 1800 0000 0082 9999 9999 9999 0095 9999           
MA01445 20200229 1800 9999 0061 9999 9999 0046 0087 9999           
