MA01429 20191201 0600 9999 0032 9999 9999 0037 0029 9999           
MA01431 20191201 0600 9999 0023 9999 9999 0042 0019 9999           
MA01432 20191201 0600 0000 0022 0112 0052 0044 0018 9999           
MA01433 20191201 0600 0000 0016 0090 0034 0044 0013 9999           
MA01429 20191202 0600 9999 0054 9999 9999 0099 0040 9999           
MA01431 20191202 0600 9999 0050 9999 9999 0100 0032 9999           
MA01432 20191202 0600 0000 0048 0180 0108 0100 0020 9999           
MA01433 20191202 0600 0000 0043 0180 0077 0100 0019 9999           
MA01429 20191203 0600 9999 0015 9999 9999 0100 0011 9999           
MA01431 20191203 0600 9999 0008 9999 9999 0100 0007 9999           
MA01432 20191203 0600 0000 0020 0090 0029 0100 0020 9999           
MA01433 20191203 0600 0000 0026 0090 0025 0100 0017 9999           
MA01429 20191204 0600 9999 0030 9999 9999 0008 -011 9999           
MA01431 20191204 0600 9999 0032 9999 9999 0009 -038 9999           
MA01432 20191204 0600 0000 0045 0067 0096 0009 -005 9999           
MA01433 20191204 0600 0000 0036 0090 0145 0008 -001 9999           
MA01429 20191205 0600 9999 0071 9999 9999 0010 0028 9999           
MA01431 20191205 0600 9999 0065 9999 9999 0011 0061 9999           
MA01432 20191205 0600 0000 0073 0135 0024 0007 0043 9999           
MA01433 20191205 0600 0000 0066 0112 0019 0008 0061 9999           
MA01429 20191206 0600 9999 0047 9999 9999 0086 0047 9999           
MA01431 20191206 0600 9999 0041 9999 9999 0095 0041 9999           
MA01432 20191206 0600 0000 0036 0180 0037 0095 0036 9999           
MA01433 20191206 0600 0000 0031 0180 0027 0100 0031 9999           
MA01429 20191207 0600 9999 0025 9999 9999 0098 0025 9999           
MA01431 20191207 0600 9999 0020 9999 9999 0100 0019 9999           
MA01432 20191207 0600 0002 0020 0270 0036 0100 0018 9999           
MA01433 20191207 0600 0000 0013 0247 0042 0100 0011 9999           
MA01429 20191208 0600 9999 0025 9999 9999 0079 0024 9999           
MA01431 20191208 0600 9999 0014 9999 9999 0100 0012 9999           
MA01432 20191208 0600 0000 0019 0112 0023 0087 0017 9999           
MA01433 20191208 0600 0000 0006 0000 0004 0100 0005 9999           
MA01429 20191209 0600 9999 0024 9999 9999 0084 0017 9999           
MA01431 20191209 0600 9999 0016 9999 9999 0092 0011 9999           
MA01432 20191209 0600 0000 0017 0202 0067 0095 0012 9999           
MA01433 20191209 0600 0000 0007 0180 0057 0100 0002 9999           
MA01429 20191210 0600 9999 -013 9999 9999 0100 -013 9999           
MA01431 20191210 0600 9999 -015 9999 9999 0100 -018 9999           
MA01432 20191210 0600 0000 -012 0022 0154 0094 -015 9999           
MA01433 20191210 0600 0000 -021 0022 0055 0100 -022 9999           
MA01429 20191211 0600 9999 -059 9999 9999 0097 -061 9999           
MA01431 20191211 0600 9999 -051 9999 9999 0098 -054 9999           
MA01432 20191211 0600 0000 -034 0000 0085 0042 -041 9999           
MA01433 20191211 0600 0000 -013 0067 0118 0044 -052 9999           
MA01429 20191212 0600 9999 0006 9999 9999 0078 -002 9999           
MA01431 20191212 0600 9999 -031 9999 9999 0099 -046 9999           
MA01432 20191212 0600 0000 -016 0090 0008 0052 -034 9999           
MA01433 20191212 0600 0000 -018 0292 0022 0088 -042 9999           
MA01429 20191213 0600 9999 -022 9999 9999 0086 -041 9999           
MA01431 20191213 0600 9999 -028 9999 9999 0100 -050 9999           
MA01432 20191213 0600 0000 -033 0000 9999 0099 -054 9999           
MA01433 20191213 0600 0000 -038 0000 9999 0098 -059 9999           
MA01429 20191214 0600 9999 -011 9999 9999 0071 -041 9999           
MA01431 20191214 0600 9999 -035 9999 9999 0100 -047 9999           
MA01432 20191214 0600 0000 -037 0000 9999 0098 -047 9999           
MA01433 20191214 0600 0000 -037 0000 9999 0098 -052 9999           
MA01429 20191215 0600 9999 0079 9999 9999 0043 0065 9999           
MA01431 20191215 0600 9999 0054 9999 9999 0066 0026 9999           
MA01432 20191215 0600 0000 0054 0135 0034 0065 0025 9999           
MA01433 20191215 0600 0000 0048 0202 0043 0066 0019 9999           
MA01429 20191216 0600 9999 0080 9999 9999 0028 0055 9999           
MA01431 20191216 0600 9999 0081 9999 9999 0024 0024 9999           
MA01432 20191216 0600 0000 0059 0112 0071 0042 0026 9999           
MA01433 20191216 0600 0000 0073 0067 0024 0027 0024 9999           
MA01429 20191217 0600 9999 0071 9999 9999 0064 0069 9999           
MA01431 20191217 0600 9999 0061 9999 9999 0072 0061 9999           
MA01432 20191217 0600 0000 0047 0135 0114 0082 0047 9999           
MA01433 20191217 0600 0000 0045 0135 0140 0082 0045 9999           
MA01429 20191218 0600 9999 0063 9999 9999 0055 0063 9999           
MA01431 20191218 0600 9999 0055 9999 9999 0055 0054 9999           
MA01432 20191218 0600 0000 0061 0112 0013 0047 0052 9999           
MA01433 20191218 0600 0000 0067 0135 0018 0041 0050 9999           
MA01429 20191219 0600 9999 0053 9999 9999 0069 0041 9999           
MA01431 20191219 0600 9999 0051 9999 9999 0070 0045 9999           
MA01432 20191219 0600 0000 0047 0090 0034 0071 0047 9999           
MA01433 20191219 0600 0000 0045 0112 0069 0069 0041 9999           
MA01429 20191220 0600 9999 0032 9999 9999 0061 0025 9999           
MA01431 20191220 0600 9999 0012 9999 9999 0087 0004 9999           
MA01432 20191220 0600 0000 0009 0202 0056 0089 0005 9999           
MA01433 20191220 0600 0000 0002 0157 0026 0093 0000 9999           
MA01429 20191221 0600 9999 0061 9999 9999 0095 0051 9999           
MA01431 20191221 0600 9999 0059 9999 9999 0100 0051 9999           
MA01432 20191221 0600 0070 0052 0157 0123 0100 0036 9999           
MA01433 20191221 0600 0010 0049 0157 0162 0100 0020 9999           
MA01429 20191222 0600 9999 0041 9999 9999 0091 0038 9999           
MA01431 20191222 0600 9999 0031 9999 9999 0100 0028 9999           
MA01432 20191222 0600 0214 0026 0225 0122 0100 0026 9999           
MA01433 20191222 0600 0102 0022 0270 0187 0100 0014 9999           
MA01429 20191223 0600 9999 0015 9999 9999 0051 0004 9999           
MA01431 20191223 0600 9999 -010 9999 9999 0100 -010 9999           
MA01432 20191223 0600 0000 -005 0000 9999 0100 -005 9999           
MA01433 20191223 0600 0000 -021 0000 9999 0100 -021 9999           
MA01429 20191224 0600 9999 0012 9999 9999 0036 0006 9999           
MA01431 20191224 0600 9999 -001 9999 9999 0091 -011 9999           
MA01432 20191224 0600 0000 -007 0292 0042 0086 -015 9999           
MA01433 20191224 0600 0000 -015 0337 0026 0090 -033 9999           
MA01429 20191225 0600 9999 0035 9999 9999 0033 0034 9999           
MA01431 20191225 0600 9999 0023 9999 9999 0051 0000 9999           
MA01432 20191225 0600 0000 0016 0315 0123 0068 0005 9999           
MA01433 20191225 0600 0000 0019 0315 0145 0045 0002 9999           
MA01429 20191226 0600 9999 -004 9999 9999 0051 -004 9999           
MA01431 20191226 0600 9999 -006 9999 9999 0057 -006 9999           
MA01432 20191226 0600 0000 -003 0315 0011 0044 -003 9999           
MA01433 20191226 0600 0000 -013 0090 0108 0055 -013 9999           
MA01429 20191227 0600 9999 0003 9999 9999 0045 0003 9999           
MA01431 20191227 0600 9999 -014 9999 9999 0080 -018 9999           
MA01432 20191227 0600 0000 -018 0000 0026 0098 -018 9999           
MA01433 20191227 0600 0000 -016 0315 0052 0059 -025 9999           
MA01429 20191228 0600 9999 -046 9999 9999 0098 -046 9999           
MA01431 20191228 0600 9999 -054 9999 9999 0097 -054 9999           
MA01432 20191228 0600 0000 -049 0045 0115 0080 -049 9999           
MA01433 20191228 0600 0000 -053 0067 0143 0080 -053 9999           
MA01429 20191229 0600 9999 -077 9999 9999 0081 -087 9999           
MA01431 20191229 0600 9999 -081 9999 9999 0095 -087 9999           
MA01432 20191229 0600 0000 -078 0337 0091 0075 -079 9999           
MA01433 20191229 0600 0000 -077 0112 0089 0075 -083 9999           
MA01429 20191230 0600 9999 -044 9999 9999 0032 -089 9999           
MA01431 20191230 0600 9999 9999 9999 9999 9999 9999 9999           
MA01432 20191230 0600 0000 -039 0045 0105 0030 -082 9999           
MA01433 20191230 0600 0000 -034 0022 0036 0022 -091 9999           
MA01429 20191231 0600 9999 0001 9999 9999 0008 -059 9999           
MA01431 20191231 0600 9999 9999 9999 9999 9999 9999 9999           
MA01432 20191231 0600 0000 -024 0292 0013 0022 -058 9999           
MA01433 20191231 0600 0002 -015 0090 0010 0011 -065 9999           
MA01429 20200101 0600 9999 9999 9999 9999 9999 0026 9999           
MA01431 20200101 0600 9999 9999 9999 9999 9999 0014 9999           
MA01432 20200101 0600 9999 9999 9999 9999 9999 0022 9999           
MA01433 20200101 0600 9999 9999 9999 9999 9999 0013 9999           
MA01429 20200102 0600 9999 0029 9999 9999 0023 0027 9999           
MA01431 20200102 0600 9999 0017 9999 9999 0026 0007 9999           
MA01432 20200102 0600 0000 0033 0045 0125 0026 0024 9999           
MA01433 20200102 0600 0000 0029 0067 0096 0025 0017 9999           
MA01429 20200103 0600 9999 0051 9999 9999 0023 0051 9999           
MA01431 20200103 0600 9999 0048 9999 9999 0030 0048 9999           
MA01432 20200103 0600 0000 0053 0292 0029 0029 0052 9999           
MA01433 20200103 0600 0000 0048 0337 0043 0027 0048 9999           
MA01429 20200104 0600 9999 0010 9999 9999 0093 0010 9999           
MA01431 20200104 0600 9999 0004 9999 9999 0100 -011 9999           
MA01432 20200104 0600 0000 0003 0270 0354 0100 -015 9999           
MA01433 20200104 0600 0000 -001 0000 0285 0100 -005 9999           
MA01429 20200105 0600 9999 -011 9999 9999 0074 -011 9999           
MA01431 20200105 0600 9999 -013 9999 9999 0078 -014 9999           
MA01432 20200105 0600 0000 -007 0067 0137 0069 -007 9999           
MA01433 20200105 0600 0000 -012 0067 0116 0067 -012 9999           
MA01429 20200106 0600 9999 -052 9999 9999 0061 -066 9999           
MA01431 20200106 0600 9999 -064 9999 9999 0084 -068 9999           
MA01432 20200106 0600 0000 -042 0000 0157 0038 -061 9999           
MA01433 20200106 0600 0004 -029 0090 0181 0017 -066 9999           
MA01429 20200107 0600 9999 0019 9999 9999 0053 0008 9999           
MA01431 20200107 0600 9999 0013 9999 9999 0058 0011 9999           
MA01432 20200107 0600 0000 0024 0135 0010 0052 0014 9999           
MA01433 20200107 0600 0000 0020 0292 0009 0049 0018 9999           
MA01429 20200108 0600 9999 -023 9999 9999 0055 -029 9999           
MA01431 20200108 0600 9999 -024 9999 9999 0060 -029 9999           
MA01432 20200108 0600 0000 -017 0045 0118 0051 -021 9999           
MA01433 20200108 0600 0000 -028 0067 0101 0057 -035 9999           
MA01429 20200109 0600 9999 0024 9999 9999 0033 0023 9999           
MA01431 20200109 0600 9999 0019 9999 9999 0038 0002 9999           
MA01432 20200109 0600 0000 0032 0090 0006 0015 0024 9999           
MA01433 20200109 0600 0000 0034 0315 0006 0012 0025 9999           
MA01429 20200110 0600 9999 0044 9999 9999 0020 0037 9999           
MA01431 20200110 0600 9999 0014 9999 9999 0029 0014 9999           
MA01432 20200110 0600 0000 0021 0315 0013 0023 0020 9999           
MA01433 20200110 0600 0000 0024 0225 0024 0017 0015 9999           
MA01429 20200111 0600 9999 0012 9999 9999 0051 -015 9999           
MA01431 20200111 0600 9999 0007 9999 9999 0056 -018 9999           
MA01432 20200111 0600 0000 0017 0000 0027 0046 -013 9999           
MA01433 20200111 0600 0000 0040 0067 0011 0032 -023 9999           
MA01429 20200112 0600 9999 -031 9999 9999 0099 -031 9999           
MA01431 20200112 0600 9999 -028 9999 9999 0100 -028 9999           
MA01432 20200112 0600 0000 -018 0067 0044 0080 -019 9999           
MA01433 20200112 0600 0000 -028 0067 0061 0089 -030 9999           
MA01429 20200113 0600 9999 0015 9999 9999 0014 -004 9999           
MA01431 20200113 0600 9999 0004 9999 9999 0018 -016 9999           
MA01432 20200113 0600 0000 -004 0270 0016 0028 -009 9999           
MA01433 20200113 0600 0000 0005 0315 0008 0014 0000 9999           
MA01429 20200114 0600 9999 -019 9999 9999 0064 -021 9999           
MA01431 20200114 0600 9999 -034 9999 9999 0098 -034 9999           
MA01432 20200114 0600 0000 -032 0112 0056 0097 -032 9999           
MA01433 20200114 0600 0000 -038 0090 0051 0099 -038 9999           
MA01429 20200115 0600 9999 -023 9999 9999 0084 -023 9999           
MA01431 20200115 0600 9999 -029 9999 9999 0094 -030 9999           
MA01432 20200115 0600 0000 -024 0225 0007 0092 -027 9999           
MA01433 20200115 0600 0000 -026 0112 0022 0083 -035 9999           
MA01429 20200116 0600 9999 -013 9999 9999 0073 -014 9999           
MA01431 20200116 0600 9999 -018 9999 9999 0098 -018 9999           
MA01432 20200116 0600 0000 0013 0112 0031 0045 -006 9999           
MA01433 20200116 0600 0000 0037 0067 0005 0009 0003 9999           
MA01429 20200117 0600 9999 0063 9999 9999 0006 0042 9999           
MA01431 20200117 0600 9999 -012 9999 9999 0079 -012 9999           
MA01432 20200117 0600 0000 0023 0157 0010 0016 0014 9999           
MA01433 20200117 0600 0000 0033 0112 0021 0007 0033 9999           
MA01429 20200118 0600 9999 0009 9999 9999 0081 0003 9999           
MA01431 20200118 0600 9999 -006 9999 9999 0100 -010 9999           
MA01432 20200118 0600 0000 -008 0112 0056 0100 -010 9999           
MA01433 20200118 0600 0000 -012 0157 0014 0100 -018 9999           
MA01429 20200119 0600 9999 -023 9999 9999 0100 -023 9999           
MA01431 20200119 0600 9999 -027 9999 9999 0100 -027 9999           
MA01432 20200119 0600 0006 -024 0315 0034 0099 -024 9999           
MA01433 20200119 0600 0002 -029 0000 9999 0099 -029 9999           
MA01429 20200120 0600 9999 -059 9999 9999 0097 -059 9999           
MA01431 20200120 0600 9999 -057 9999 9999 0097 -057 9999           
MA01432 20200120 0600 0000 -057 0045 0103 0089 -057 9999           
MA01433 20200120 0600 0000 -064 0000 9999 0096 -064 9999           
MA01429 20200121 0600 9999 -016 9999 9999 0087 -050 9999           
MA01431 20200121 0600 9999 -037 9999 9999 0099 -046 9999           
MA01432 20200121 0600 0000 0009 0090 0036 0043 -033 9999           
MA01433 20200121 0600 0000 0033 0090 0071 0029 -034 9999           
MA01429 20200122 0600 9999 0039 9999 9999 0031 0036 9999           
MA01431 20200122 0600 9999 0023 9999 9999 0049 0006 9999           
MA01432 20200122 0600 0000 0023 0315 0025 0047 0023 9999           
MA01433 20200122 0600 0000 0018 0315 0042 0044 0018 9999           
MA01429 20200123 0600 9999 0015 9999 9999 0065 0008 9999           
MA01431 20200123 0600 9999 0063 9999 9999 0012 0044 9999           
MA01432 20200123 0600 0000 0058 0112 0016 0014 0043 9999           
MA01433 20200123 0600 0000 0060 0090 0013 0009 0056 9999           
MA01429 20200124 0600 9999 0042 9999 9999 0027 0042 9999           
MA01431 20200124 0600 9999 0051 9999 9999 0023 0047 9999           
MA01432 20200124 0600 0000 0041 0135 0061 0027 0035 9999           
MA01433 20200124 0600 0000 0040 0112 0064 0025 0038 9999           
MA01429 20200125 0600 9999 0019 9999 9999 0092 0010 9999           
MA01431 20200125 0600 9999 0014 9999 9999 0097 0000 9999           
MA01432 20200125 0600 0006 0006 0135 0070 0100 -004 9999           
MA01433 20200125 0600 0002 0004 0135 0056 0100 -005 9999           
MA01429 20200126 0600 9999 0007 9999 9999 0061 0007 9999           
MA01431 20200126 0600 9999 0000 9999 9999 0067 0000 9999           
MA01432 20200126 0600 0000 -005 0112 0063 0086 -005 9999           
MA01433 20200126 0600 0000 -011 0112 0066 0084 -011 9999           
MA01429 20200127 0600 9999 0009 9999 9999 0075 0001 9999           
MA01431 20200127 0600 9999 -015 9999 9999 0100 -015 9999           
MA01432 20200127 0600 0000 -016 0000 9999 0100 -016 9999           
MA01433 20200127 0600 0000 -021 0292 0094 0100 -021 9999           
MA01429 20200128 0600 9999 0004 9999 9999 0099 0004 9999           
MA01431 20200128 0600 9999 -001 9999 9999 0100 -012 9999           
MA01432 20200128 0600 0000 0000 0202 0107 0100 -007 9999           
MA01433 20200128 0600 0000 -005 0000 9999 0100 -014 9999           
MA01429 20200129 0600 9999 -005 9999 9999 0085 -005 9999           
MA01431 20200129 0600 9999 -014 9999 9999 0100 -014 9999           
MA01432 20200129 0600 0008 -014 0270 0059 0099 -014 9999           
MA01433 20200129 0600 0000 -020 0000 9999 0100 -020 9999           
MA01429 20200130 0600 9999 0019 9999 9999 0029 0001 9999           
MA01431 20200130 0600 9999 0008 9999 9999 0100 -021 9999           
MA01432 20200130 0600 0000 0011 0315 0055 0040 -015 9999           
MA01433 20200130 0600 0000 0009 0337 0081 0033 -026 9999           
MA01429 20200131 0600 9999 0032 9999 9999 0089 0022 9999           
MA01431 20200131 0600 9999 0015 9999 9999 0100 0002 9999           
MA01432 20200131 0600 0000 0018 0225 0045 0100 0001 9999           
MA01433 20200131 0600 0000 0010 0270 0045 0100 -002 9999           
MA01429 20200201 0600 9999 0030 9999 9999 0096 0030 9999           
MA01431 20200201 0600 9999 0024 9999 9999 0100 0024 9999           
MA01432 20200201 0600 0000 0024 0157 0012 0100 0024 9999           
MA01433 20200201 0600 0000 0018 0225 0014 0100 0018 9999           
MA01429 20200202 0600 9999 0045 9999 9999 0080 0036 9999           
MA01431 20200202 0600 9999 0031 9999 9999 0100 0030 9999           
MA01432 20200202 0600 0000 0030 0247 0009 0100 0029 9999           
MA01433 20200202 0600 0000 0022 0270 0025 0100 0022 9999           
MA01429 20200203 0600 9999 0073 9999 9999 0077 0065 9999           
MA01431 20200203 0600 9999 0045 9999 9999 0100 0027 9999           
MA01432 20200203 0600 0000 0045 0315 0020 0100 0030 9999           
MA01433 20200203 0600 0002 0040 0292 0061 0100 0024 9999           
MA01429 20200204 0600 9999 0056 9999 9999 0070 0056 9999           
MA01431 20200204 0600 9999 0045 9999 9999 0081 0045 9999           
MA01432 20200204 0600 0000 0048 0225 0106 0077 0048 9999           
MA01433 20200204 0600 0000 0036 0225 0081 0084 0036 9999           
MA01429 20200205 0600 9999 -053 9999 9999 0046 -054 9999           
MA01431 20200205 0600 9999 -063 9999 9999 0096 -066 9999           
MA01432 20200205 0600 0000 -058 0315 0102 0053 -058 9999           
MA01433 20200205 0600 0000 -067 0292 0051 0095 -069 9999           
MA01429 20200206 0600 9999 -085 9999 9999 0087 -088 9999           
MA01431 20200206 0600 9999 -090 9999 9999 0095 -093 9999           
MA01432 20200206 0600 0000 -087 0337 0154 0081 -090 9999           
MA01433 20200206 0600 0000 -096 0000 0099 0090 -099 9999           
MA01429 20200207 0600 9999 -006 9999 9999 0033 -045 9999           
MA01431 20200207 0600 9999 -022 9999 9999 0036 -048 9999           
MA01432 20200207 0600 0000 -016 0292 0019 0035 -043 9999           
MA01433 20200207 0600 0000 0010 0067 0036 0025 -041 9999           
MA01429 20200208 0600 9999 0015 9999 9999 0019 0006 9999           
MA01431 20200208 0600 9999 0002 9999 9999 0014 -003 9999           
MA01432 20200208 0600 0000 0002 0315 0018 0012 -002 9999           
MA01433 20200208 0600 0000 0002 0315 0063 0009 -011 9999           
MA01429 20200209 0600 9999 0021 9999 9999 0014 0018 9999           
MA01431 20200209 0600 9999 0009 9999 9999 0016 0005 9999           
MA01432 20200209 0600 0000 0012 0157 0027 0014 0007 9999           
MA01433 20200209 0600 0000 0007 0112 0024 0014 0000 9999           
MA01429 20200210 0600 9999 0014 9999 9999 0099 0006 9999           
MA01431 20200210 0600 9999 0009 9999 9999 0100 -002 9999           
MA01432 20200210 0600 0000 0009 0180 0076 0100 -007 9999           
MA01433 20200210 0600 0000 0004 0000 9999 0100 -014 9999           
MA01429 20200211 0600 9999 0040 9999 9999 0074 0038 9999           
MA01431 20200211 0600 9999 0028 9999 9999 0089 0026 9999           
MA01432 20200211 0600 0000 0033 0225 0128 0083 0028 9999           
MA01433 20200211 0600 0000 0020 0247 0087 0100 0019 9999           
MA01429 20200212 0600 9999 0029 9999 9999 0039 0021 9999           
MA01431 20200212 0600 9999 0002 9999 9999 0100 -001 9999           
MA01432 20200212 0600 0000 0011 0270 0033 0073 -001 9999           
MA01433 20200212 0600 0000 0004 0292 0068 0070 -007 9999           
MA01429 20200213 0600 9999 0020 9999 9999 0016 0013 9999           
MA01431 20200213 0600 9999 0005 9999 9999 0033 0000 9999           
MA01432 20200213 0600 0000 0007 0247 0030 0025 0001 9999           
MA01433 20200213 0600 0000 0000 0292 0065 0034 -006 9999           
MA01429 20200214 0600 9999 0013 9999 9999 0096 0013 9999           
MA01431 20200214 0600 9999 0008 9999 9999 0100 0008 9999           
MA01432 20200214 0600 0026 0007 0270 0093 0100 0007 9999           
MA01433 20200214 0600 0006 0003 0000 9999 0100 0003 9999           
MA01429 20200215 0600 9999 -001 9999 9999 0056 -004 9999           
MA01431 20200215 0600 9999 -001 9999 9999 0057 -010 9999           
MA01432 20200215 0600 0000 0010 0000 0068 0042 -003 9999           
MA01433 20200215 0600 0000 0006 0067 0170 0041 -012 9999           
MA01429 20200216 0600 9999 0033 9999 9999 0024 0022 9999           
MA01431 20200216 0600 9999 0032 9999 9999 0029 0003 9999           
MA01432 20200216 0600 0000 0025 0247 0014 0033 0010 9999           
MA01433 20200216 0600 0000 0037 0045 0032 0018 0013 9999           
MA01429 20200217 0600 9999 0087 9999 9999 0020 0082 9999           
MA01431 20200217 0600 9999 0067 9999 9999 0018 0059 9999           
MA01432 20200217 0600 0000 0072 0225 0012 0017 0059 9999           
MA01433 20200217 0600 0000 0066 0292 0017 0018 0060 9999           
MA01429 20200218 0600 9999 0040 9999 9999 0051 0040 9999           
MA01431 20200218 0600 9999 0013 9999 9999 0072 0013 9999           
MA01432 20200218 0600 0000 0020 0292 0026 0065 0019 9999           
MA01433 20200218 0600 0000 0027 0315 0028 0061 0011 9999           
MA01429 20200219 0600 9999 0013 9999 9999 0063 0011 9999           
MA01431 20200219 0600 9999 -005 9999 9999 0100 -005 9999           
MA01432 20200219 0600 0000 -004 0225 0014 0099 -004 9999           
MA01433 20200219 0600 0000 -010 9999 9999 0099 -011 9999           
MA01429 20200220 0600 9999 -042 9999 9999 0072 -042 9999           
MA01431 20200220 0600 9999 -044 9999 9999 0099 -044 9999           
MA01432 20200220 0600 0002 -052 0000 0064 0088 -052 9999           
MA01433 20200220 0600 0004 -051 0090 0209 0077 -051 9999           
MA01429 20200221 0600 9999 0022 9999 9999 0038 0011 9999           
MA01431 20200221 0600 9999 0004 9999 9999 0038 -002 9999           
MA01432 20200221 0600 0000 0002 0315 0043 0038 -003 9999           
MA01433 20200221 0600 0000 0001 0337 0051 0036 -005 9999           
MA01429 20200222 0600 9999 0023 9999 9999 0033 -017 9999           
MA01431 20200222 0600 9999 0022 9999 9999 0033 -004 9999           
MA01432 20200222 0600 0000 0028 0000 0066 0030 0005 9999           
MA01433 20200222 0600 0000 0028 0022 0052 0027 0008 9999           
MA01429 20200223 0600 9999 0091 9999 9999 0019 0056 9999           
MA01431 20200223 0600 9999 0042 9999 9999 0032 0035 9999           
MA01432 20200223 0600 0000 0043 0315 0032 0031 0031 9999           
MA01433 20200223 0600 0000 0044 0315 0040 0027 0035 9999           
MA01429 20200224 0600 9999 0114 9999 9999 0032 0104 9999           
MA01431 20200224 0600 9999 0092 9999 9999 0043 0038 9999           
MA01432 20200224 0600 0000 0060 0315 0025 0057 0033 9999           
MA01433 20200224 0600 0000 0091 0315 0066 0042 0035 9999           
MA01429 20200225 0600 9999 0097 9999 9999 0023 0095 9999           
MA01431 20200225 0600 9999 0064 9999 9999 0039 0061 9999           
MA01432 20200225 0600 0000 0070 0135 0033 0034 0058 9999           
MA01433 20200225 0600 0000 0069 0225 0025 0031 0048 9999           
MA01429 20200226 0600 9999 0013 9999 9999 0082 0013 9999           
MA01431 20200226 0600 9999 0011 9999 9999 0081 0010 9999           
MA01432 20200226 0600 0000 0010 0202 0098 0081 0006 9999           
MA01433 20200226 0600 0000 -006 0202 0054 0100 -006 9999           
MA01429 20200227 0600 9999 -056 9999 9999 0057 -066 9999           
MA01431 20200227 0600 9999 -077 9999 9999 0096 -077 9999           
MA01432 20200227 0600 0000 -076 0000 9999 0095 -076 9999           
MA01433 20200227 0600 0000 -081 0000 9999 0094 -081 9999           
MA01429 20200228 0600 9999 -019 9999 9999 0100 -025 9999           
MA01431 20200228 0600 9999 -026 9999 9999 0100 -032 9999           
MA01432 20200228 0600 0040 -018 0000 9999 0100 -032 9999           
MA01433 20200228 0600 0038 -024 0000 9999 0099 -042 9999           
MA01429 20200229 0600 9999 0021 9999 9999 0020 -027 9999           
MA01431 20200229 0600 9999 -006 9999 9999 0046 -035 9999           
MA01432 20200229 0600 0000 -010 0112 0041 0054 -021 9999           
MA01433 20200229 0600 0000 -010 0180 0023 0043 -026 9999           
