"MOLOC0023" "" "" -98 -98 -98 -98 -98 -98 -98 -98 -98 -98 -98 -98
"2019071203" "" "" -98 -98 -98 -98 -98 -98 -98 -98 -98 -98 -98 -98
"20190712" "" "" -98 -98 -98 -98 -98 -98 -98 -98 -98 -98 -98 -98
"58-" "Piem-A" "Toce" -98 -98 -98 -98 -98 -98 -98 -98 -98 -98 -98 -98
"Prec" "6h" "med" -98 -98 -98 -98 -98 -98 -98 -98 -98 -98 -98 -98
"Prec" "6h" "max" -98 -98 -98 -98 -98 -98 -98 -98 -98 -98 -98 -98
"Prec" "12h" "med" -98 -98 -98 -98 -98 -98 -98 -98 -98 -98 -98 -98
"Prec" "12h" "max" -98 -98 -98 -98 -98 -98 -98 -98 -98 -98 -98 -98
"Prec" "24h" "med" -98 -98 -98 -98 -98 -98 -98 -98 -98 -98 -98 -98
"Prec" "24h" "max" -98 -98 -98 -98 -98 -98 -98 -98 -98 -98 -98 -98
"Prec" "48h" "med" -98 -98 -98 -98 -98 -98 -98 -98 -98 -98 -98 -98
"Copertura" "nuv" "med" -98 -98 -98 -98 -98 -98 -98 -98 -98 -98 -98 -98
"Quota" "neve" "med" -98 -98 -98 -98 -98 -98 -98 -98 -98 -98 -98 -98
"Zero" "termico" "med" -98 -98 -98 -98 -98 -98 -98 -98 -98 -98 -98 -98
"Whiting" "med" "26" -98 -98 -98 -98 -98 -98 -98 -98 -98 -98 -98 -98
"CAPE" "med" "0" -98 -98 -98 -98 -98 -98 -98 -98 -98 -98 -98 -98
"Lifted" "index" "med" -98 -98 -98 -98 -98 -98 -98 -98 -98 -98 -98 -98
"Sweat" "index" "med" -98 -98 -98 -98 -98 -98 -98 -98 -98 -98 -98 -98
"Vento" "1500m" "int" -98 -98 -98 -98 -98 -98 -98 -98 -98 -98 -98 -98
"Vento" "1500m" "dir" -98 -98 -98 -98 -98 -98 -98 -98 -98 -98 -98 -98
"Vento" "3000m" "int" -98 -98 -98 -98 -98 -98 -98 -98 -98 -98 -98 -98
"Vento" "3000m" "dir" -98 -98 -98 -98 -98 -98 -98 -98 -98 -98 -98 -98
"59-" "Piem-B" "Dora" -98 -98 -98 -98 -98 -98 -98 -98 -98 -98 -98 -98
"Prec" "6h" "med" -98 -98 -98 -98 -98 -98 -98 -98 -98 -98 -98 -98
"Prec" "6h" "max" -98 -98 -98 -98 -98 -98 -98 -98 -98 -98 -98 -98
"Prec" "12h" "med" -98 -98 -98 -98 -98 -98 -98 -98 -98 -98 -98 -98
"Prec" "12h" "max" -98 -98 -98 -98 -98 -98 -98 -98 -98 -98 -98 -98
"Prec" "24h" "med" -98 -98 -98 -98 -98 -98 -98 -98 -98 -98 -98 -98
"Prec" "24h" "max" -98 -98 -98 -98 -98 -98 -98 -98 -98 -98 -98 -98
"Prec" "48h" "med" -98 -98 -98 -98 -98 -98 -98 -98 -98 -98 -98 -98
"Copertura" "nuv" "med" -98 -98 -98 -98 -98 -98 -98 -98 -98 -98 -98 -98
"Quota" "neve" "med" -98 -98 -98 -98 -98 -98 -98 -98 -98 -98 -98 -98
"Zero" "termico" "med" -98 -98 -98 -98 -98 -98 -98 -98 -98 -98 -98 -98
"Whiting" "med" "26" -98 -98 -98 -98 -98 -98 -98 -98 -98 -98 -98 -98
"CAPE" "med" "0" -98 -98 -98 -98 -98 -98 -98 -98 -98 -98 -98 -98
"Lifted" "index" "med" -98 -98 -98 -98 -98 -98 -98 -98 -98 -98 -98 -98
"Sweat" "index" "med" -98 -98 -98 -98 -98 -98 -98 -98 -98 -98 -98 -98
"Vento" "1500m" "int" -98 -98 -98 -98 -98 -98 -98 -98 -98 -98 -98 -98
"Vento" "1500m" "dir" -98 -98 -98 -98 -98 -98 -98 -98 -98 -98 -98 -98
"Vento" "3000m" "int" -98 -98 -98 -98 -98 -98 -98 -98 -98 -98 -98 -98
"Vento" "3000m" "dir" -98 -98 -98 -98 -98 -98 -98 -98 -98 -98 -98 -98
"60-" "Piem-C" "Orco" -98 -98 -98 -98 -98 -98 -98 -98 -98 -98 -98 -98
"Prec" "6h" "med" -98 -98 -98 -98 -98 -98 -98 -98 -98 -98 -98 -98
"Prec" "6h" "max" -98 -98 -98 -98 -98 -98 -98 -98 -98 -98 -98 -98
"Prec" "12h" "med" -98 -98 -98 -98 -98 -98 -98 -98 -98 -98 -98 -98
"Prec" "12h" "max" -98 -98 -98 -98 -98 -98 -98 -98 -98 -98 -98 -98
"Prec" "24h" "med" -98 -98 -98 -98 -98 -98 -98 -98 -98 -98 -98 -98
"Prec" "24h" "max" -98 -98 -98 -98 -98 -98 -98 -98 -98 -98 -98 -98
"Prec" "48h" "med" -98 -98 -98 -98 -98 -98 -98 -98 -98 -98 -98 -98
"Copertura" "nuv" "med" -98 -98 -98 -98 -98 -98 -98 -98 -98 -98 -98 -98
"Quota" "neve" "med" -98 -98 -98 -98 -98 -98 -98 -98 -98 -98 -98 -98
"Zero" "termico" "med" -98 -98 -98 -98 -98 -98 -98 -98 -98 -98 -98 -98
"Whiting" "med" "21" -98 -98 -98 -98 -98 -98 -98 -98 -98 -98 -98 -98
"CAPE" "med" "0" -98 -98 -98 -98 -98 -98 -98 -98 -98 -98 -98 -98
"Lifted" "index" "med" -98 -98 -98 -98 -98 -98 -98 -98 -98 -98 -98 -98
"Sweat" "index" "med" -98 -98 -98 -98 -98 -98 -98 -98 -98 -98 -98 -98
"Vento" "1500m" "int" -98 -98 -98 -98 -98 -98 -98 -98 -98 -98 -98 -98
"Vento" "1500m" "dir" -98 -98 -98 -98 -98 -98 -98 -98 -98 -98 -98 -98
"Vento" "3000m" "int" -98 -98 -98 -98 -98 -98 -98 -98 -98 -98 -98 -98
"Vento" "3000m" "dir" -98 -98 -98 -98 -98 -98 -98 -98 -98 -98 -98 -98
"61-" "Piem-D" "Alta" -98 -98 -98 -98 -98 -98 -98 -98 -98 -98 -98 -98
"Prec" "6h" "med" -98 -98 -98 -98 -98 -98 -98 -98 -98 -98 -98 -98
"Prec" "6h" "max" -98 -98 -98 -98 -98 -98 -98 -98 -98 -98 -98 -98
"Prec" "12h" "med" -98 -98 -98 -98 -98 -98 -98 -98 -98 -98 -98 -98
"Prec" "12h" "max" -98 -98 -98 -98 -98 -98 -98 -98 -98 -98 -98 -98
"Prec" "24h" "med" -98 -98 -98 -98 -98 -98 -98 -98 -98 -98 -98 -98
"Prec" "24h" "max" -98 -98 -98 -98 -98 -98 -98 -98 -98 -98 -98 -98
"Prec" "48h" "med" -98 -98 -98 -98 -98 -98 -98 -98 -98 -98 -98 -98
"Copertura" "nuv" "med" -98 -98 -98 -98 -98 -98 -98 -98 -98 -98 -98 -98
"Quota" "neve" "med" -98 -98 -98 -98 -98 -98 -98 -98 -98 -98 -98 -98
"Zero" "termico" "med" -98 -98 -98 -98 -98 -98 -98 -98 -98 -98 -98 -98
"Whiting" "med" "17" -98 -98 -98 -98 -98 -98 -98 -98 -98 -98 -98 -98
"CAPE" "med" "0" -98 -98 -98 -98 -98 -98 -98 -98 -98 -98 -98 -98
"Lifted" "index" "med" -98 -98 -98 -98 -98 -98 -98 -98 -98 -98 -98 -98
"Sweat" "index" "med" -98 -98 -98 -98 -98 -98 -98 -98 -98 -98 -98 -98
"Vento" "1500m" "int" -98 -98 -98 -98 -98 -98 -98 -98 -98 -98 -98 -98
"Vento" "1500m" "dir" -98 -98 -98 -98 -98 -98 -98 -98 -98 -98 -98 -98
"Vento" "3000m" "int" -98 -98 -98 -98 -98 -98 -98 -98 -98 -98 -98 -98
"Vento" "3000m" "dir" -98 -98 -98 -98 -98 -98 -98 -98 -98 -98 -98 -98
"62-" "Piem-E" "Varaita" -98 -98 -98 -98 -98 -98 -98 -98 -98 -98 -98 -98
"Prec" "6h" "med" -98 -98 -98 -98 -98 -98 -98 -98 -98 -98 -98 -98
"Prec" "6h" "max" -98 -98 -98 -98 -98 -98 -98 -98 -98 -98 -98 -98
"Prec" "12h" "med" -98 -98 -98 -98 -98 -98 -98 -98 -98 -98 -98 -98
"Prec" "12h" "max" -98 -98 -98 -98 -98 -98 -98 -98 -98 -98 -98 -98
"Prec" "24h" "med" -98 -98 -98 -98 -98 -98 -98 -98 -98 -98 -98 -98
"Prec" "24h" "max" -98 -98 -98 -98 -98 -98 -98 -98 -98 -98 -98 -98
"Prec" "48h" "med" -98 -98 -98 -98 -98 -98 -98 -98 -98 -98 -98 -98
"Copertura" "nuv" "med" -98 -98 -98 -98 -98 -98 -98 -98 -98 -98 -98 -98
"Quota" "neve" "med" -98 -98 -98 -98 -98 -98 -98 -98 -98 -98 -98 -98
"Zero" "termico" "med" -98 -98 -98 -98 -98 -98 -98 -98 -98 -98 -98 -98
"Whiting" "med" "19" -98 -98 -98 -98 -98 -98 -98 -98 -98 -98 -98 -98
"CAPE" "med" "0" -98 -98 -98 -98 -98 -98 -98 -98 -98 -98 -98 -98
"Lifted" "index" "med" -98 -98 -98 -98 -98 -98 -98 -98 -98 -98 -98 -98
"Sweat" "index" "med" -98 -98 -98 -98 -98 -98 -98 -98 -98 -98 -98 -98
"Vento" "1500m" "int" -98 -98 -98 -98 -98 -98 -98 -98 -98 -98 -98 -98
"Vento" "1500m" "dir" -98 -98 -98 -98 -98 -98 -98 -98 -98 -98 -98 -98
"Vento" "3000m" "int" -98 -98 -98 -98 -98 -98 -98 -98 -98 -98 -98 -98
"Vento" "3000m" "dir" -98 -98 -98 -98 -98 -98 -98 -98 -98 -98 -98 -98
"63-" "Piem-F" "Alto" -98 -98 -98 -98 -98 -98 -98 -98 -98 -98 -98 -98
"Prec" "6h" "med" -98 -98 -98 -98 -98 -98 -98 -98 -98 -98 -98 -98
"Prec" "6h" "max" -98 -98 -98 -98 -98 -98 -98 -98 -98 -98 -98 -98
"Prec" "12h" "med" -98 -98 -98 -98 -98 -98 -98 -98 -98 -98 -98 -98
"Prec" "12h" "max" -98 -98 -98 -98 -98 -98 -98 -98 -98 -98 -98 -98
"Prec" "24h" "med" -98 -98 -98 -98 -98 -98 -98 -98 -98 -98 -98 -98
"Prec" "24h" "max" -98 -98 -98 -98 -98 -98 -98 -98 -98 -98 -98 -98
"Prec" "48h" "med" -98 -98 -98 -98 -98 -98 -98 -98 -98 -98 -98 -98
"Copertura" "nuv" "med" -98 -98 -98 -98 -98 -98 -98 -98 -98 -98 -98 -98
"Quota" "neve" "med" -98 -98 -98 -98 -98 -98 -98 -98 -98 -98 -98 -98
"Zero" "termico" "med" -98 -98 -98 -98 -98 -98 -98 -98 -98 -98 -98 -98
"Whiting" "med" "26" -98 -98 -98 -98 -98 -98 -98 -98 -98 -98 -98 -98
"CAPE" "med" "22" -98 -98 -98 -98 -98 -98 -98 -98 -98 -98 -98 -98
"Lifted" "index" "med" -98 -98 -98 -98 -98 -98 -98 -98 -98 -98 -98 -98
"Sweat" "index" "med" -98 -98 -98 -98 -98 -98 -98 -98 -98 -98 -98 -98
"Vento" "1500m" "int" -98 -98 -98 -98 -98 -98 -98 -98 -98 -98 -98 -98
"Vento" "1500m" "dir" -98 -98 -98 -98 -98 -98 -98 -98 -98 -98 -98 -98
"Vento" "3000m" "int" -98 -98 -98 -98 -98 -98 -98 -98 -98 -98 -98 -98
"Vento" "3000m" "dir" -98 -98 -98 -98 -98 -98 -98 -98 -98 -98 -98 -98
"64-" "Piem-G" "Belbo" -98 -98 -98 -98 -98 -98 -98 -98 -98 -98 -98 -98
"Prec" "6h" "med" -98 -98 -98 -98 -98 -98 -98 -98 -98 -98 -98 -98
"Prec" "6h" "max" -98 -98 -98 -98 -98 -98 -98 -98 -98 -98 -98 -98
"Prec" "12h" "med" -98 -98 -98 -98 -98 -98 -98 -98 -98 -98 -98 -98
"Prec" "12h" "max" -98 -98 -98 -98 -98 -98 -98 -98 -98 -98 -98 -98
"Prec" "24h" "med" -98 -98 -98 -98 -98 -98 -98 -98 -98 -98 -98 -98
"Prec" "24h" "max" -98 -98 -98 -98 -98 -98 -98 -98 -98 -98 -98 -98
"Prec" "48h" "med" -98 -98 -98 -98 -98 -98 -98 -98 -98 -98 -98 -98
"Copertura" "nuv" "med" -98 -98 -98 -98 -98 -98 -98 -98 -98 -98 -98 -98
"Quota" "neve" "med" -98 -98 -98 -98 -98 -98 -98 -98 -98 -98 -98 -98
"Zero" "termico" "med" -98 -98 -98 -98 -98 -98 -98 -98 -98 -98 -98 -98
"Whiting" "med" "29" -98 -98 -98 -98 -98 -98 -98 -98 -98 -98 -98 -98
"CAPE" "med" "154" -98 -98 -98 -98 -98 -98 -98 -98 -98 -98 -98 -98
"Lifted" "index" "med" -98 -98 -98 -98 -98 -98 -98 -98 -98 -98 -98 -98
"Sweat" "index" "med" -98 -98 -98 -98 -98 -98 -98 -98 -98 -98 -98 -98
"Vento" "1500m" "int" -98 -98 -98 -98 -98 -98 -98 -98 -98 -98 -98 -98
"Vento" "1500m" "dir" -98 -98 -98 -98 -98 -98 -98 -98 -98 -98 -98 -98
"Vento" "3000m" "int" -98 -98 -98 -98 -98 -98 -98 -98 -98 -98 -98 -98
"Vento" "3000m" "dir" -98 -98 -98 -98 -98 -98 -98 -98 -98 -98 -98 -98
"65-" "Piem-H" "Scrivia" -98 -98 -98 -98 -98 -98 -98 -98 -98 -98 -98 -98
"Prec" "6h" "med" -98 -98 -98 -98 -98 -98 -98 -98 -98 -98 -98 -98
"Prec" "6h" "max" -98 -98 -98 -98 -98 -98 -98 -98 -98 -98 -98 -98
"Prec" "12h" "med" -98 -98 -98 -98 -98 -98 -98 -98 -98 -98 -98 -98
"Prec" "12h" "max" -98 -98 -98 -98 -98 -98 -98 -98 -98 -98 -98 -98
"Prec" "24h" "med" -98 -98 -98 -98 -98 -98 -98 -98 -98 -98 -98 -98
"Prec" "24h" "max" -98 -98 -98 -98 -98 -98 -98 -98 -98 -98 -98 -98
"Prec" "48h" "med" -98 -98 -98 -98 -98 -98 -98 -98 -98 -98 -98 -98
"Copertura" "nuv" "med" -98 -98 -98 -98 -98 -98 -98 -98 -98 -98 -98 -98
"Quota" "neve" "med" -98 -98 -98 -98 -98 -98 -98 -98 -98 -98 -98 -98
"Zero" "termico" "med" -98 -98 -98 -98 -98 -98 -98 -98 -98 -98 -98 -98
"Whiting" "med" "31" -98 -98 -98 -98 -98 -98 -98 -98 -98 -98 -98 -98
"CAPE" "med" "259" -98 -98 -98 -98 -98 -98 -98 -98 -98 -98 -98 -98
"Lifted" "index" "med" -98 -98 -98 -98 -98 -98 -98 -98 -98 -98 -98 -98
"Sweat" "index" "med" -98 -98 -98 -98 -98 -98 -98 -98 -98 -98 -98 -98
"Vento" "1500m" "int" -98 -98 -98 -98 -98 -98 -98 -98 -98 -98 -98 -98
"Vento" "1500m" "dir" -98 -98 -98 -98 -98 -98 -98 -98 -98 -98 -98 -98
"Vento" "3000m" "int" -98 -98 -98 -98 -98 -98 -98 -98 -98 -98 -98 -98
"Vento" "3000m" "dir" -98 -98 -98 -98 -98 -98 -98 -98 -98 -98 -98 -98
"66-" "Piem-I" "Pianura" -98 -98 -98 -98 -98 -98 -98 -98 -98 -98 -98 -98
"Prec" "6h" "med" -98 -98 -98 -98 -98 -98 -98 -98 -98 -98 -98 -98
"Prec" "6h" "max" -98 -98 -98 -98 -98 -98 -98 -98 -98 -98 -98 -98
"Prec" "12h" "med" -98 -98 -98 -98 -98 -98 -98 -98 -98 -98 -98 -98
"Prec" "12h" "max" -98 -98 -98 -98 -98 -98 -98 -98 -98 -98 -98 -98
"Prec" "24h" "med" -98 -98 -98 -98 -98 -98 -98 -98 -98 -98 -98 -98
"Prec" "24h" "max" -98 -98 -98 -98 -98 -98 -98 -98 -98 -98 -98 -98
"Prec" "48h" "med" -98 -98 -98 -98 -98 -98 -98 -98 -98 -98 -98 -98
"Copertura" "nuv" "med" -98 -98 -98 -98 -98 -98 -98 -98 -98 -98 -98 -98
"Quota" "neve" "med" -98 -98 -98 -98 -98 -98 -98 -98 -98 -98 -98 -98
"Zero" "termico" "med" -98 -98 -98 -98 -98 -98 -98 -98 -98 -98 -98 -98
"Whiting" "med" "29" -98 -98 -98 -98 -98 -98 -98 -98 -98 -98 -98 -98
"CAPE" "med" "3" -98 -98 -98 -98 -98 -98 -98 -98 -98 -98 -98 -98
"Lifted" "index" "med" -98 -98 -98 -98 -98 -98 -98 -98 -98 -98 -98 -98
"Sweat" "index" "med" -98 -98 -98 -98 -98 -98 -98 -98 -98 -98 -98 -98
"Vento" "1500m" "int" -98 -98 -98 -98 -98 -98 -98 -98 -98 -98 -98 -98
"Vento" "1500m" "dir" -98 -98 -98 -98 -98 -98 -98 -98 -98 -98 -98 -98
"Vento" "3000m" "int" -98 -98 -98 -98 -98 -98 -98 -98 -98 -98 -98 -98
"Vento" "3000m" "dir" -98 -98 -98 -98 -98 -98 -98 -98 -98 -98 -98 -98
"67-" "Piem-L" "Pianura" -98 -98 -98 -98 -98 -98 -98 -98 -98 -98 -98 -98
"Prec" "6h" "med" -98 -98 -98 -98 -98 -98 -98 -98 -98 -98 -98 -98
"Prec" "6h" "max" -98 -98 -98 -98 -98 -98 -98 -98 -98 -98 -98 -98
"Prec" "12h" "med" -98 -98 -98 -98 -98 -98 -98 -98 -98 -98 -98 -98
"Prec" "12h" "max" -98 -98 -98 -98 -98 -98 -98 -98 -98 -98 -98 -98
"Prec" "24h" "med" -98 -98 -98 -98 -98 -98 -98 -98 -98 -98 -98 -98
"Prec" "24h" "max" -98 -98 -98 -98 -98 -98 -98 -98 -98 -98 -98 -98
"Prec" "48h" "med" -98 -98 -98 -98 -98 -98 -98 -98 -98 -98 -98 -98
"Copertura" "nuv" "med" -98 -98 -98 -98 -98 -98 -98 -98 -98 -98 -98 -98
"Quota" "neve" "med" -98 -98 -98 -98 -98 -98 -98 -98 -98 -98 -98 -98
"Zero" "termico" "med" -98 -98 -98 -98 -98 -98 -98 -98 -98 -98 -98 -98
"Whiting" "med" "27" -98 -98 -98 -98 -98 -98 -98 -98 -98 -98 -98 -98
"CAPE" "med" "0" -98 -98 -98 -98 -98 -98 -98 -98 -98 -98 -98 -98
"Lifted" "index" "med" -98 -98 -98 -98 -98 -98 -98 -98 -98 -98 -98 -98
"Sweat" "index" "med" -98 -98 -98 -98 -98 -98 -98 -98 -98 -98 -98 -98
"Vento" "1500m" "int" -98 -98 -98 -98 -98 -98 -98 -98 -98 -98 -98 -98
"Vento" "1500m" "dir" -98 -98 -98 -98 -98 -98 -98 -98 -98 -98 -98 -98
"Vento" "3000m" "int" -98 -98 -98 -98 -98 -98 -98 -98 -98 -98 -98 -98
"Vento" "3000m" "dir" -98 -98 -98 -98 -98 -98 -98 -98 -98 -98 -98 -98
"68-" "Piem-M" "Pianura" -98 -98 -98 -98 -98 -98 -98 -98 -98 -98 -98 -98
"Prec" "6h" "med" -98 -98 -98 -98 -98 -98 -98 -98 -98 -98 -98 -98
"Prec" "6h" "max" -98 -98 -98 -98 -98 -98 -98 -98 -98 -98 -98 -98
"Prec" "12h" "med" -98 -98 -98 -98 -98 -98 -98 -98 -98 -98 -98 -98
"Prec" "12h" "max" -98 -98 -98 -98 -98 -98 -98 -98 -98 -98 -98 -98
"Prec" "24h" "med" -98 -98 -98 -98 -98 -98 -98 -98 -98 -98 -98 -98
"Prec" "24h" "max" -98 -98 -98 -98 -98 -98 -98 -98 -98 -98 -98 -98
"Prec" "48h" "med" -98 -98 -98 -98 -98 -98 -98 -98 -98 -98 -98 -98
"Copertura" "nuv" "med" -98 -98 -98 -98 -98 -98 -98 -98 -98 -98 -98 -98
"Quota" "neve" "med" -98 -98 -98 -98 -98 -98 -98 -98 -98 -98 -98 -98
"Zero" "termico" "med" -98 -98 -98 -98 -98 -98 -98 -98 -98 -98 -98 -98
"Whiting" "med" "22" -98 -98 -98 -98 -98 -98 -98 -98 -98 -98 -98 -98
"CAPE" "med" "0" -98 -98 -98 -98 -98 -98 -98 -98 -98 -98 -98 -98
"Lifted" "index" "med" -98 -98 -98 -98 -98 -98 -98 -98 -98 -98 -98 -98
"Sweat" "index" "med" -98 -98 -98 -98 -98 -98 -98 -98 -98 -98 -98 -98
"Vento" "1500m" "int" -98 -98 -98 -98 -98 -98 -98 -98 -98 -98 -98 -98
"Vento" "1500m" "dir" -98 -98 -98 -98 -98 -98 -98 -98 -98 -98 -98 -98
"Vento" "3000m" "int" -98 -98 -98 -98 -98 -98 -98 -98 -98 -98 -98 -98
"Vento" "3000m" "dir" -98 -98 -98 -98 -98 -98 -98 -98 -98 -98 -98 -98
"69-" "Piem-T" "Ticino" -98 -98 -98 -98 -98 -98 -98 -98 -98 -98 -98 -98
"Prec" "6h" "med" -98 -98 -98 -98 -98 -98 -98 -98 -98 -98 -98 -98
"Prec" "6h" "max" -98 -98 -98 -98 -98 -98 -98 -98 -98 -98 -98 -98
"Prec" "12h" "med" -98 -98 -98 -98 -98 -98 -98 -98 -98 -98 -98 -98
"Prec" "12h" "max" -98 -98 -98 -98 -98 -98 -98 -98 -98 -98 -98 -98
"Prec" "24h" "med" -98 -98 -98 -98 -98 -98 -98 -98 -98 -98 -98 -98
"Prec" "24h" "max" -98 -98 -98 -98 -98 -98 -98 -98 -98 -98 -98 -98
"Prec" "48h" "med" -98 -98 -98 -98 -98 -98 -98 -98 -98 -98 -98 -98
"Copertura" "nuv" "med" -98 -98 -98 -98 -98 -98 -98 -98 -98 -98 -98 -98
"Quota" "neve" "med" -98 -98 -98 -98 -98 -98 -98 -98 -98 -98 -98 -98
"Zero" "termico" "med" -98 -98 -98 -98 -98 -98 -98 -98 -98 -98 -98 -98
"Whiting" "med" "26" -98 -98 -98 -98 -98 -98 -98 -98 -98 -98 -98 -98
"CAPE" "med" "1" -98 -98 -98 -98 -98 -98 -98 -98 -98 -98 -98 -98
"Lifted" "index" "med" -98 -98 -98 -98 -98 -98 -98 -98 -98 -98 -98 -98
"Sweat" "index" "med" -98 -98 -98 -98 -98 -98 -98 -98 -98 -98 -98 -98
"Vento" "1500m" "int" -98 -98 -98 -98 -98 -98 -98 -98 -98 -98 -98 -98
"Vento" "1500m" "dir" -98 -98 -98 -98 -98 -98 -98 -98 -98 -98 -98 -98
"Vento" "3000m" "int" -98 -98 -98 -98 -98 -98 -98 -98 -98 -98 -98 -98
"Vento" "3000m" "dir" -98 -98 -98 -98 -98 -98 -98 -98 -98 -98 -98 -98
"70-" "Piem-V" "Dora" -98 -98 -98 -98 -98 -98 -98 -98 -98 -98 -98 -98
"Prec" "6h" "med" -98 -98 -98 -98 -98 -98 -98 -98 -98 -98 -98 -98
"Prec" "6h" "max" -98 -98 -98 -98 -98 -98 -98 -98 -98 -98 -98 -98
"Prec" "12h" "med" -98 -98 -98 -98 -98 -98 -98 -98 -98 -98 -98 -98
"Prec" "12h" "max" -98 -98 -98 -98 -98 -98 -98 -98 -98 -98 -98 -98
"Prec" "24h" "med" -98 -98 -98 -98 -98 -98 -98 -98 -98 -98 -98 -98
"Prec" "24h" "max" -98 -98 -98 -98 -98 -98 -98 -98 -98 -98 -98 -98
"Prec" "48h" "med" -98 -98 -98 -98 -98 -98 -98 -98 -98 -98 -98 -98
"Copertura" "nuv" "med" -98 -98 -98 -98 -98 -98 -98 -98 -98 -98 -98 -98
"Quota" "neve" "med" -98 -98 -98 -98 -98 -98 -98 -98 -98 -98 -98 -98
"Zero" "termico" "med" -98 -98 -98 -98 -98 -98 -98 -98 -98 -98 -98 -98
"Whiting" "med" "25" -98 -98 -98 -98 -98 -98 -98 -98 -98 -98 -98 -98
"CAPE" "med" "2" -98 -98 -98 -98 -98 -98 -98 -98 -98 -98 -98 -98
"Lifted" "index" "med" -98 -98 -98 -98 -98 -98 -98 -98 -98 -98 -98 -98
"Sweat" "index" "med" -98 -98 -98 -98 -98 -98 -98 -98 -98 -98 -98 -98
"Vento" "1500m" "int" -98 -98 -98 -98 -98 -98 -98 -98 -98 -98 -98 -98
"Vento" "1500m" "dir" -98 -98 -98 -98 -98 -98 -98 -98 -98 -98 -98 -98
"Vento" "3000m" "int" -98 -98 -98 -98 -98 -98 -98 -98 -98 -98 -98 -98
"Vento" "3000m" "dir" -98 -98 -98 -98 -98 -98 -98 -98 -98 -98 -98 -98
