0.001     -8.5476     -6.0745    -12.9804     -3.9645
0.002     -3.7737     -2.5367     -5.9860     -1.4833
0.003     -2.1824     -1.3575     -3.6550     -0.6562
0.004     -1.3868     -0.7679     -2.4900     -0.2427
0.005     -0.9094     -0.4141     -1.7909      0.0054
0.006     -0.5911     -0.1782     -1.3249      0.1708
0.007     -0.3638     -0.0098     -0.9923      0.2890
0.008     -0.1933      0.1166     -0.7429      0.3776
0.009     -0.0607      0.2148     -0.5489      0.4465
0.010      0.0454      0.2935     -0.3937      0.5016
0.011      0.1322      0.3578     -0.2668      0.5465
0.012      0.2045      0.4114     -0.1610      0.5840
0.013      0.2657      0.4567     -0.0715      0.6157
0.014      0.3182      0.4956      0.0066      0.6389
0.015      0.3637      0.5293      0.0732      0.6601
0.016      0.4034      0.5588      0.1353      0.6775
0.017      0.4385      0.5848      0.1940      0.6849
0.018      0.4697      0.6079      0.2454      0.6907
0.019      0.4977      0.6286      0.2934      0.6990
0.020      0.5228      0.6472      0.3395      0.7075
0.021      0.5455      0.6641      0.3844      0.7133
0.022      0.5662      0.6794      0.4245      0.7122
0.023      0.5662      0.6849      0.4355      0.6962
0.024      0.5658      0.6847      0.4380      0.6833
0.025      0.5653      0.6844      0.4407      0.6820
0.026      0.5649      0.6841      0.4414      0.6806
0.027      0.5645      0.6838      0.4401      0.6818
0.028      0.5640      0.6836      0.4376      0.6828
0.029      0.5636      0.6833      0.4378      0.6826
0.030      0.5631      0.6830      0.4373      0.6829
0.031      0.5627      0.6827      0.4358      0.6828
0.032      0.5622      0.6824      0.4353      0.6823
0.033      0.5618      0.6821      0.4349      0.6818
0.034      0.5614      0.6819      0.4344      0.6814
0.035      0.5609      0.6816      0.4339      0.6809
0.036      0.5605      0.6813      0.4334      0.6805
0.037      0.5600      0.6810      0.4330      0.6800
0.038      0.5596      0.6807      0.4325      0.6795
0.039      0.5591      0.6804      0.4320      0.6791
0.040      0.5587      0.6801      0.4316      0.6786
0.041      0.5582      0.6799      0.4313      0.6782
0.042      0.5578      0.6796      0.4310      0.6778
0.043      0.5573      0.6793      0.4307      0.6774
0.044      0.5569      0.6790      0.4305      0.6771
0.045      0.5564      0.6787      0.4302      0.6768
0.046      0.5559      0.6784      0.4299      0.6764
0.047      0.5555      0.6781      0.4296      0.6761
0.048      0.5550      0.6778      0.4294      0.6758
0.049      0.5546      0.6775      0.4290      0.6754
0.050      0.5541      0.6772      0.4285      0.6751
0.051      0.5536      0.6770      0.4281      0.6748
0.052      0.5532      0.6767      0.4277      0.6743
0.053      0.5527      0.6764      0.4272      0.6737
0.054      0.5523      0.6761      0.4268      0.6732
0.055      0.5518      0.6758      0.4263      0.6727
0.056      0.5513      0.6755      0.4259      0.6721
0.057      0.5509      0.6752      0.4254      0.6716
0.058      0.5504      0.6749      0.4250      0.6710
0.059      0.5499      0.6746      0.4245      0.6705
0.060      0.5494      0.6743      0.4241      0.6699
0.061      0.5490      0.6740      0.4234      0.6694
0.062      0.5485      0.6737      0.4228      0.6688
0.063      0.5480      0.6734      0.4222      0.6683
0.064      0.5476      0.6731      0.4216      0.6677
0.065      0.5471      0.6728      0.4211      0.6672
0.066      0.5466      0.6725      0.4204      0.6666
0.067      0.5461      0.6722      0.4197      0.6661
0.068      0.5456      0.6719      0.4190      0.6655
0.069      0.5452      0.6716      0.4183      0.6650
0.070      0.5447      0.6713      0.4177      0.6646
0.071      0.5442      0.6709      0.4170      0.6642
0.072      0.5437      0.6706      0.4164      0.6638
0.073      0.5432      0.6703      0.4160      0.6635
0.074      0.5428      0.6700      0.4156      0.6632
0.075      0.5423      0.6697      0.4153      0.6628
0.076      0.5418      0.6694      0.4149      0.6625
0.077      0.5413      0.6691      0.4146      0.6621
0.078      0.5408      0.6688      0.4142      0.6618
0.079      0.5403      0.6685      0.4139      0.6615
0.080      0.5398      0.6682      0.4135      0.6612
0.081      0.5393      0.6678      0.4132      0.6609
0.082      0.5388      0.6675      0.4128      0.6605
0.083      0.5383      0.6672      0.4125      0.6602
0.084      0.5379      0.6669      0.4118      0.6599
0.085      0.5374      0.6666      0.4111      0.6595
0.086      0.5369      0.6663      0.4104      0.6592
0.087      0.5364      0.6660      0.4096      0.6587
0.088      0.5359      0.6656      0.4089      0.6582
0.089      0.5354      0.6653      0.4082      0.6577
0.090      0.5349      0.6650      0.4076      0.6572
0.091      0.5344      0.6647      0.4071      0.6567
0.092      0.5339      0.6644      0.4067      0.6562
0.093      0.5333      0.6640      0.4062      0.6558
0.094      0.5328      0.6637      0.4057      0.6553
0.095      0.5323      0.6634      0.4053      0.6548
0.096      0.5318      0.6631      0.4048      0.6543
0.097      0.5313      0.6627      0.4043      0.6538
0.098      0.5308      0.6624      0.4039      0.6533
0.099      0.5303      0.6621      0.4034      0.6528
0.100      0.5298      0.6618      0.4029      0.6523
0.101      0.5293      0.6614      0.4023      0.6518
0.102      0.5287      0.6611      0.4017      0.6513
0.103      0.5282      0.6608      0.4010      0.6508
0.104      0.5277      0.6605      0.4004      0.6502
0.105      0.5272      0.6601      0.3998      0.6499
0.106      0.5267      0.6598      0.3991      0.6495
0.107      0.5262      0.6595      0.3985      0.6491
0.108      0.5256      0.6591      0.3978      0.6487
0.109      0.5251      0.6588      0.3972      0.6483
0.110      0.5246      0.6585      0.3966      0.6478
0.111      0.5241      0.6581      0.3959      0.6474
0.112      0.5235      0.6578      0.3953      0.6470
0.113      0.5230      0.6575      0.3946      0.6466
0.114      0.5225      0.6571      0.3940      0.6461
0.115      0.5219      0.6568      0.3933      0.6457
0.116      0.5214      0.6564      0.3927      0.6452
0.117      0.5209      0.6561      0.3923      0.6446
0.118      0.5203      0.6558      0.3918      0.6441
0.119      0.5198      0.6554      0.3911      0.6435
0.120      0.5193      0.6551      0.3904      0.6430
0.121      0.5187      0.6547      0.3896      0.6424
0.122      0.5182      0.6544      0.3890      0.6418
0.123      0.5177      0.6541      0.3882      0.6413
0.124      0.5171      0.6537      0.3875      0.6407
0.125      0.5166      0.6534      0.3867      0.6401
0.126      0.5160      0.6530      0.3861      0.6396
0.127      0.5155      0.6527      0.3854      0.6390
0.128      0.5149      0.6523      0.3847      0.6384
0.129      0.5144      0.6520      0.3840      0.6379
0.130      0.5138      0.6516      0.3834      0.6373
0.131      0.5133      0.6513      0.3827      0.6367
0.132      0.5127      0.6509      0.3820      0.6361
0.133      0.5122      0.6506      0.3816      0.6354
0.134      0.5116      0.6502      0.3812      0.6347
0.135      0.5111      0.6499      0.3809      0.6342
0.136      0.5105      0.6495      0.3805      0.6337
0.137      0.5100      0.6492      0.3799      0.6332
0.138      0.5094      0.6488      0.3792      0.6327
0.139      0.5088      0.6484      0.3785      0.6321
0.140      0.5083      0.6481      0.3778      0.6315
0.141      0.5077      0.6477      0.3773      0.6309
0.142      0.5072      0.6474      0.3768      0.6304
0.143      0.5066      0.6470      0.3760      0.6300
0.144      0.5060      0.6466      0.3752      0.6293
0.145      0.5055      0.6463      0.3744      0.6286
0.146      0.5049      0.6459      0.3736      0.6279
0.147      0.5043      0.6456      0.3729      0.6274
0.148      0.5037      0.6452      0.3721      0.6268
0.149      0.5032      0.6448      0.3713      0.6263
0.150      0.5026      0.6445      0.3705      0.6259
0.151      0.5020      0.6441      0.3697      0.6255
0.152      0.5014      0.6437      0.3689      0.6251
0.153      0.5009      0.6434      0.3681      0.6247
0.154      0.5003      0.6430      0.3674      0.6242
0.155      0.4997      0.6426      0.3666      0.6238
0.156      0.4991      0.6422      0.3659      0.6234
0.157      0.4985      0.6419      0.3653      0.6230
0.158      0.4979      0.6415      0.3646      0.6225
0.159      0.4974      0.6411      0.3640      0.6221
0.160      0.4968      0.6408      0.3634      0.6216
0.161      0.4962      0.6404      0.3627      0.6209
0.162      0.4956      0.6400      0.3621      0.6202
0.163      0.4950      0.6396      0.3614      0.6197
0.164      0.4944      0.6392      0.3608      0.6191
0.165      0.4938      0.6389      0.3601      0.6186
0.166      0.4932      0.6385      0.3595      0.6180
0.167      0.4926      0.6381      0.3588      0.6175
0.168      0.4920      0.6377      0.3583      0.6170
0.169      0.4914      0.6373      0.3579      0.6164
0.170      0.4908      0.6370      0.3575      0.6157
0.171      0.4902      0.6366      0.3571      0.6150
0.172      0.4896      0.6362      0.3566      0.6144
0.173      0.4890      0.6358      0.3562      0.6137
0.174      0.4884      0.6354      0.3558      0.6131
0.175      0.4878      0.6350      0.3554      0.6124
0.176      0.4871      0.6346      0.3549      0.6117
0.177      0.4865      0.6342      0.3541      0.6110
0.178      0.4859      0.6339      0.3533      0.6104
0.179      0.4853      0.6335      0.3525      0.6098
0.180      0.4847      0.6331      0.3517      0.6097
0.181      0.4841      0.6327      0.3510      0.6096
0.182      0.4834      0.6323      0.3501      0.6092
0.183      0.4828      0.6319      0.3491      0.6087
0.184      0.4822      0.6315      0.3481      0.6081
0.185      0.4816      0.6311      0.3471      0.6075
0.186      0.4809      0.6307      0.3465      0.6070
0.187      0.4803      0.6303      0.3459      0.6064
0.188      0.4797      0.6299      0.3453      0.6058
0.189      0.4791      0.6295      0.3445      0.6053
0.190      0.4784      0.6291      0.3439      0.6047
0.191      0.4778      0.6287      0.3433      0.6041
0.192      0.4771      0.6283      0.3427      0.6035
0.193      0.4765      0.6279      0.3422      0.6029
0.194      0.4759      0.6275      0.3416      0.6021
0.195      0.4752      0.6271      0.3407      0.6013
0.196      0.4746      0.6266      0.3402      0.6005
0.197      0.4739      0.6262      0.3396      0.5997
0.198      0.4733      0.6258      0.3391      0.5990
0.199      0.4726      0.6254      0.3383      0.5985
0.200      0.4720      0.6250      0.3375      0.5980
0.201      0.4713      0.6246      0.3367      0.5977
0.202      0.4707      0.6242      0.3359      0.5974
0.203      0.4700      0.6238      0.3350      0.5970
0.204      0.4694      0.6233      0.3342      0.5965
0.205      0.4687      0.6229      0.3334      0.5959
0.206      0.4681      0.6225      0.3326      0.5953
0.207      0.4674      0.6221      0.3318      0.5947
0.208      0.4667      0.6217      0.3310      0.5941
0.209      0.4661      0.6212      0.3301      0.5935
0.210      0.4654      0.6208      0.3293      0.5930
0.211      0.4648      0.6204      0.3286      0.5924
0.212      0.4641      0.6200      0.3279      0.5919
0.213      0.4634      0.6195      0.3270      0.5914
0.214      0.4627      0.6191      0.3263      0.5909
0.215      0.4621      0.6187      0.3254      0.5904
0.216      0.4614      0.6182      0.3246      0.5898
0.217      0.4607      0.6178      0.3238      0.5893
0.218      0.4600      0.6174      0.3230      0.5888
0.219      0.4593      0.6170      0.3221      0.5883
0.220      0.4587      0.6165      0.3213      0.5876
0.221      0.4580      0.6161      0.3205      0.5870
0.222      0.4573      0.6156      0.3196      0.5863
0.223      0.4566      0.6152      0.3188      0.5857
0.224      0.4559      0.6148      0.3181      0.5850
0.225      0.4552      0.6143      0.3175      0.5842
0.226      0.4545      0.6139      0.3167      0.5834
0.227      0.4538      0.6134      0.3157      0.5827
0.228      0.4531      0.6130      0.3147      0.5822
0.229      0.4524      0.6126      0.3137      0.5818
0.230      0.4517      0.6121      0.3129      0.5812
0.231      0.4510      0.6117      0.3120      0.5805
0.232      0.4503      0.6112      0.3112      0.5800
0.233      0.4496      0.6108      0.3103      0.5796
0.234      0.4489      0.6103      0.3091      0.5790
0.235      0.4482      0.6099      0.3080      0.5783
0.236      0.4475      0.6094      0.3071      0.5776
0.237      0.4468      0.6090      0.3063      0.5770
0.238      0.4461      0.6085      0.3058      0.5765
0.239      0.4454      0.6080      0.3051      0.5759
0.240      0.4446      0.6076      0.3043      0.5754
0.241      0.4439      0.6071      0.3034      0.5748
0.242      0.4432      0.6067      0.3025      0.5743
0.243      0.4425      0.6062      0.3016      0.5737
0.244      0.4417      0.6057      0.3009      0.5732
0.245      0.4410      0.6053      0.3002      0.5726
0.246      0.4403      0.6048      0.2995      0.5720
0.247      0.4395      0.6043      0.2988      0.5715
0.248      0.4388      0.6039      0.2981      0.5709
0.249      0.4381      0.6034      0.2972      0.5704
0.250      0.4373      0.6029      0.2964      0.5698
0.251      0.4366      0.6025      0.2954      0.5691
0.252      0.4359      0.6020      0.2945      0.5684
0.253      0.4351      0.6015      0.2935      0.5676
0.254      0.4344      0.6010      0.2925      0.5670
0.255      0.4336      0.6006      0.2914      0.5664
0.256      0.4329      0.6001      0.2904      0.5658
0.257      0.4321      0.5996      0.2894      0.5652
0.258      0.4314      0.5991      0.2883      0.5646
0.259      0.4306      0.5987      0.2873      0.5640
0.260      0.4298      0.5982      0.2863      0.5633
0.261      0.4291      0.5977      0.2854      0.5627
0.262      0.4283      0.5972      0.2844      0.5621
0.263      0.4275      0.5967      0.2835      0.5615
0.264      0.4268      0.5962      0.2826      0.5609
0.265      0.4260      0.5957      0.2816      0.5603
0.266      0.4252      0.5952      0.2807      0.5597
0.267      0.4245      0.5948      0.2798      0.5592
0.268      0.4237      0.5943      0.2788      0.5587
0.269      0.4229      0.5938      0.2779      0.5582
0.270      0.4221      0.5933      0.2769      0.5577
0.271      0.4214      0.5928      0.2760      0.5571
0.272      0.4206      0.5923      0.2750      0.5561
0.273      0.4198      0.5918      0.2741      0.5554
0.274      0.4190      0.5913      0.2731      0.5549
0.275      0.4182      0.5908      0.2722      0.5545
0.276      0.4174      0.5903      0.2712      0.5538
0.277      0.4166      0.5898      0.2702      0.5532
0.278      0.4158      0.5893      0.2693      0.5526
0.279      0.4150      0.5887      0.2683      0.5520
0.280      0.4142      0.5882      0.2673      0.5515
0.281      0.4134      0.5877      0.2663      0.5509
0.282      0.4126      0.5872      0.2654      0.5503
0.283      0.4118      0.5867      0.2644      0.5498
0.284      0.4110      0.5862      0.2633      0.5492
0.285      0.4102      0.5857      0.2623      0.5486
0.286      0.4094      0.5851      0.2614      0.5481
0.287      0.4085      0.5846      0.2604      0.5475
0.288      0.4077      0.5841      0.2594      0.5469
0.289      0.4069      0.5836      0.2584      0.5463
0.290      0.4061      0.5831      0.2574      0.5457
0.291      0.4053      0.5825      0.2564      0.5452
0.292      0.4044      0.5820      0.2552      0.5446
0.293      0.4036      0.5815      0.2539      0.5440
0.294      0.4028      0.5809      0.2527      0.5434
0.295      0.4019      0.5804      0.2515      0.5428
0.296      0.4011      0.5799      0.2502      0.5421
0.297      0.4003      0.5793      0.2492      0.5413
0.298      0.3994      0.5788      0.2482      0.5404
0.299      0.3986      0.5783      0.2473      0.5395
0.300      0.3977      0.5777      0.2463      0.5386
0.301      0.3969      0.5772      0.2453      0.5378
0.302      0.3960      0.5766      0.2443      0.5371
0.303      0.3952      0.5761      0.2433      0.5362
0.304      0.3943      0.5756      0.2424      0.5353
0.305      0.3934      0.5750      0.2415      0.5347
0.306      0.3926      0.5745      0.2406      0.5342
0.307      0.3917      0.5739      0.2397      0.5336
0.308      0.3908      0.5734      0.2387      0.5330
0.309      0.3900      0.5728      0.2374      0.5325
0.310      0.3891      0.5723      0.2362      0.5319
0.311      0.3882      0.5717      0.2351      0.5313
0.312      0.3873      0.5711      0.2342      0.5306
0.313      0.3865      0.5706      0.2332      0.5298
0.314      0.3856      0.5700      0.2323      0.5287
0.315      0.3847      0.5695      0.2313      0.5283
0.316      0.3838      0.5689      0.2303      0.5278
0.317      0.3829      0.5683      0.2293      0.5270
0.318      0.3820      0.5678      0.2282      0.5261
0.319      0.3811      0.5672      0.2271      0.5251
0.320      0.3802      0.5666      0.2260      0.5242
0.321      0.3793      0.5660      0.2249      0.5233
0.322      0.3784      0.5655      0.2234      0.5228
0.323      0.3775      0.5649      0.2225      0.5222
0.324      0.3766      0.5643      0.2216      0.5220
0.325      0.3757      0.5637      0.2205      0.5211
0.326      0.3748      0.5631      0.2194      0.5202
0.327      0.3739      0.5626      0.2183      0.5191
0.328      0.3730      0.5620      0.2172      0.5180
0.329      0.3720      0.5614      0.2161      0.5169
0.330      0.3711      0.5608      0.2149      0.5164
0.331      0.3702      0.5602      0.2136      0.5158
0.332      0.3692      0.5596      0.2121      0.5153
0.333      0.3683      0.5590      0.2106      0.5148
0.334      0.3674      0.5584      0.2092      0.5143
0.335      0.3664      0.5578      0.2077      0.5137
0.336      0.3655      0.5572      0.2062      0.5132
0.337      0.3645      0.5566      0.2049      0.5127
0.338      0.3636      0.5560      0.2038      0.5122
0.339      0.3627      0.5554      0.2030      0.5116
0.340      0.3617      0.5548      0.2021      0.5111
0.341      0.3607      0.5542      0.2012      0.5105
0.342      0.3598      0.5536      0.2003      0.5097
0.343      0.3588      0.5530      0.1989      0.5090
0.344      0.3579      0.5524      0.1976      0.5083
0.345      0.3569      0.5518      0.1966      0.5074
0.346      0.3559      0.5511      0.1956      0.5064
0.347      0.3549      0.5505      0.1946      0.5056
0.348      0.3540      0.5499      0.1936      0.5050
0.349      0.3530      0.5493      0.1927      0.5044
0.350      0.3520      0.5486      0.1917      0.5038
0.351      0.3510      0.5480      0.1905      0.5031
0.352      0.3500      0.5474      0.1893      0.5023
0.353      0.3490      0.5468      0.1883      0.5016
0.354      0.3480      0.5461      0.1874      0.5008
0.355      0.3470      0.5455      0.1865      0.5001
0.356      0.3460      0.5448      0.1856      0.4992
0.357      0.3450      0.5442      0.1847      0.4983
0.358      0.3440      0.5436      0.1835      0.4977
0.359      0.3430      0.5429      0.1823      0.4970
0.360      0.3420      0.5423      0.1810      0.4961
0.361      0.3410      0.5416      0.1798      0.4952
0.362      0.3400      0.5410      0.1787      0.4942
0.363      0.3389      0.5403      0.1774      0.4933
0.364      0.3379      0.5397      0.1760      0.4923
0.365      0.3369      0.5390      0.1749      0.4914
0.366      0.3358      0.5384      0.1738      0.4904
0.367      0.3348      0.5377      0.1724      0.4895
0.368      0.3338      0.5370      0.1709      0.4885
0.369      0.3327      0.5364      0.1696      0.4875
0.370      0.3317      0.5357      0.1682      0.4868
0.371      0.3306      0.5350      0.1663      0.4861
0.372      0.3296      0.5344      0.1645      0.4855
0.373      0.3285      0.5337      0.1632      0.4848
0.374      0.3275      0.5330      0.1619      0.4842
0.375      0.3264      0.5324      0.1606      0.4835
0.376      0.3253      0.5317      0.1593      0.4829
0.377      0.3243      0.5310      0.1580      0.4822
0.378      0.3232      0.5303      0.1567      0.4815
0.379      0.3221      0.5296      0.1554      0.4809
0.380      0.3210      0.5289      0.1541      0.4802
0.381      0.3199      0.5282      0.1528      0.4795
0.382      0.3189      0.5276      0.1515      0.4785
0.383      0.3178      0.5269      0.1501      0.4775
0.384      0.3167      0.5262      0.1488      0.4765
0.385      0.3156      0.5255      0.1475      0.4755
0.386      0.3145      0.5248      0.1461      0.4745
0.387      0.3134      0.5241      0.1448      0.4735
0.388      0.3123      0.5234      0.1434      0.4726
0.389      0.3111      0.5226      0.1421      0.4719
0.390      0.3100      0.5219      0.1407      0.4712
0.391      0.3089      0.5212      0.1394      0.4707
0.392      0.3078      0.5205      0.1380      0.4702
0.393      0.3067      0.5198      0.1366      0.4695
0.394      0.3055      0.5191      0.1353      0.4686
0.395      0.3044      0.5184      0.1339      0.4677
0.396      0.3033      0.5176      0.1325      0.4670
0.397      0.3021      0.5169      0.1309      0.4663
0.398      0.3010      0.5162      0.1295      0.4655
0.399      0.2998      0.5154      0.1283      0.4648
0.400      0.2987      0.5147      0.1269      0.4639
0.401      0.2975      0.5140      0.1255      0.4631
0.402      0.2963      0.5132      0.1241      0.4622
0.403      0.2952      0.5125      0.1227      0.4613
0.404      0.2940      0.5117      0.1213      0.4604
0.405      0.2928      0.5110      0.1199      0.4596
0.406      0.2917      0.5102      0.1184      0.4587
0.407      0.2905      0.5095      0.1170      0.4578
0.408      0.2893      0.5087      0.1155      0.4569
0.409      0.2881      0.5080      0.1144      0.4559
0.410      0.2869      0.5072      0.1132      0.4550
0.411      0.2857      0.5065      0.1115      0.4541
0.412      0.2845      0.5057      0.1097      0.4532
0.413      0.2833      0.5049      0.1082      0.4522
0.414      0.2821      0.5042      0.1063      0.4513
0.415      0.2809      0.5034      0.1043      0.4504
0.416      0.2797      0.5026      0.1024      0.4494
0.417      0.2784      0.5018      0.1005      0.4485
0.418      0.2772      0.5011      0.0985      0.4478
0.419      0.2760      0.5003      0.0966      0.4473
0.420      0.2748      0.4995      0.0951      0.4468
0.421      0.2735      0.4987      0.0937      0.4462
0.422      0.2723      0.4979      0.0922      0.4452
0.423      0.2710      0.4971      0.0908      0.4442
0.424      0.2698      0.4963      0.0893      0.4432
0.425      0.2685      0.4955      0.0879      0.4426
0.426      0.2673      0.4947      0.0864      0.4420
0.427      0.2660      0.4939      0.0850      0.4414
0.428      0.2647      0.4931      0.0835      0.4404
0.429      0.2635      0.4923      0.0820      0.4394
0.430      0.2622      0.4915      0.0805      0.4383
0.431      0.2609      0.4907      0.0790      0.4372
0.432      0.2596      0.4899      0.0775      0.4361
0.433      0.2583      0.4890      0.0760      0.4350
0.434      0.2570      0.4882      0.0745      0.4340
0.435      0.2557      0.4874      0.0730      0.4329
0.436      0.2544      0.4865      0.0715      0.4318
0.437      0.2531      0.4857      0.0700      0.4308
0.438      0.2518      0.4849      0.0685      0.4300
0.439      0.2505      0.4840      0.0669      0.4292
0.440      0.2491      0.4832      0.0652      0.4283
0.441      0.2478      0.4823      0.0631      0.4276
0.442      0.2465      0.4815      0.0610      0.4269
0.443      0.2451      0.4806      0.0590      0.4262
0.444      0.2438      0.4798      0.0569      0.4252
0.445      0.2425      0.4789      0.0548      0.4241
0.446      0.2411      0.4781      0.0526      0.4233
0.447      0.2397      0.4772      0.0505      0.4224
0.448      0.2384      0.4763      0.0484      0.4215
0.449      0.2370      0.4755      0.0463      0.4207
0.450      0.2356      0.4746      0.0446      0.4198
0.451      0.2343      0.4737      0.0430      0.4189
0.452      0.2329      0.4728      0.0414      0.4181
0.453      0.2315      0.4720      0.0398      0.4174
0.454      0.2301      0.4711      0.0377      0.4165
0.455      0.2287      0.4702      0.0356      0.4154
0.456      0.2273      0.4693      0.0335      0.4145
0.457      0.2259      0.4684      0.0314      0.4137
0.458      0.2245      0.4675      0.0292      0.4128
0.459      0.2231      0.4666      0.0271      0.4119
0.460      0.2216      0.4657      0.0249      0.4110
0.461      0.2202      0.4648      0.0231      0.4101
0.462      0.2188      0.4639      0.0213      0.4092
0.463      0.2173      0.4629      0.0196      0.4083
0.464      0.2159      0.4620      0.0172      0.4076
0.465      0.2144      0.4611      0.0148      0.4066
0.466      0.2130      0.4602      0.0123      0.4055
0.467      0.2115      0.4592      0.0099      0.4046
0.468      0.2100      0.4583      0.0075      0.4037
0.469      0.2086      0.4574      0.0053      0.4027
0.470      0.2071      0.4564      0.0030      0.4018
0.471      0.2056      0.4555      0.0008      0.4009
0.472      0.2041      0.4545     -0.0015      0.3999
0.473      0.2026      0.4536     -0.0037      0.3990
0.474      0.2011      0.4526     -0.0060      0.3980
0.475      0.1996      0.4517     -0.0082      0.3967
0.476      0.1981      0.4507     -0.0105      0.3953
0.477      0.1966      0.4498     -0.0126      0.3940
0.478      0.1951      0.4488     -0.0141      0.3932
0.479      0.1935      0.4478     -0.0156      0.3917
0.480      0.1920      0.4468     -0.0172      0.3902
0.481      0.1905      0.4459     -0.0187      0.3887
0.482      0.1889      0.4449     -0.0203      0.3872
0.483      0.1874      0.4439     -0.0225      0.3857
0.484      0.1858      0.4429     -0.0249      0.3842
0.485      0.1842      0.4419     -0.0274      0.3828
0.486      0.1827      0.4409     -0.0298      0.3814
0.487      0.1811      0.4399     -0.0323      0.3799
0.488      0.1795      0.4389     -0.0347      0.3785
0.489      0.1779      0.4379     -0.0372      0.3771
0.490      0.1763      0.4369     -0.0397      0.3758
0.491      0.1747      0.4358     -0.0422      0.3753
0.492      0.1731      0.4348     -0.0447      0.3748
0.493      0.1715      0.4338     -0.0472      0.3743
0.494      0.1699      0.4327     -0.0497      0.3738
0.495      0.1682      0.4317     -0.0523      0.3727
0.496      0.1666      0.4307     -0.0548      0.3716
0.497      0.1650      0.4296     -0.0574      0.3705
0.498      0.1633      0.4286     -0.0599      0.3694
0.499      0.1617      0.4275     -0.0625      0.3683
0.500      0.1600      0.4265     -0.0651      0.3672
0.501      0.1583      0.4254     -0.0672      0.3660
0.502      0.1567      0.4243     -0.0694      0.3649
0.503      0.1550      0.4233     -0.0715      0.3638
0.504      0.1533      0.4222     -0.0737      0.3627
0.505      0.1516      0.4211     -0.0759      0.3615
0.506      0.1499      0.4200     -0.0781      0.3604
0.507      0.1482      0.4190     -0.0803      0.3592
0.508      0.1465      0.4179     -0.0825      0.3581
0.509      0.1447      0.4168     -0.0847      0.3569
0.510      0.1430      0.4157     -0.0869      0.3557
0.511      0.1413      0.4146     -0.0891      0.3546
0.512      0.1395      0.4135     -0.0914      0.3534
0.513      0.1378      0.4123     -0.0936      0.3522
0.514      0.1360      0.4112     -0.0959      0.3511
0.515      0.1343      0.4101     -0.0981      0.3499
0.516      0.1325      0.4090     -0.1004      0.3487
0.517      0.1307      0.4078     -0.1027      0.3475
0.518      0.1289      0.4067     -0.1050      0.3460
0.519      0.1271      0.4056     -0.1073      0.3445
0.520      0.1253      0.4044     -0.1098      0.3429
0.521      0.1235      0.4033     -0.1127      0.3416
0.522      0.1217      0.4021     -0.1156      0.3404
0.523      0.1199      0.4009     -0.1178      0.3393
0.524      0.1181      0.3998     -0.1196      0.3381
0.525      0.1162      0.3986     -0.1221      0.3369
0.526      0.1144      0.3974     -0.1249      0.3357
0.527      0.1125      0.3963     -0.1276      0.3343
0.528      0.1106      0.3951     -0.1304      0.3333
0.529      0.1088      0.3939     -0.1327      0.3321
0.530      0.1069      0.3927     -0.1349      0.3309
0.531      0.1050      0.3915     -0.1371      0.3297
0.532      0.1031      0.3903     -0.1393      0.3285
0.533      0.1012      0.3891     -0.1415      0.3275
0.534      0.0993      0.3878     -0.1438      0.3262
0.535      0.0974      0.3866     -0.1460      0.3248
0.536      0.0954      0.3854     -0.1484      0.3236
0.537      0.0935      0.3842     -0.1513      0.3223
0.538      0.0916      0.3829     -0.1542      0.3211
0.539      0.0896      0.3817     -0.1568      0.3198
0.540      0.0877      0.3804     -0.1591      0.3185
0.541      0.0857      0.3792     -0.1615      0.3172
0.542      0.0837      0.3779     -0.1640      0.3159
0.543      0.0817      0.3767     -0.1672      0.3146
0.544      0.0797      0.3754     -0.1704      0.3132
0.545      0.0777      0.3741     -0.1737      0.3119
0.546      0.0757      0.3728     -0.1769      0.3105
0.547      0.0737      0.3715     -0.1802      0.3092
0.548      0.0716      0.3702     -0.1835      0.3077
0.549      0.0696      0.3690     -0.1867      0.3060
0.550      0.0676      0.3676     -0.1900      0.3043
0.551      0.0655      0.3663     -0.1933      0.3030
0.552      0.0634      0.3650     -0.1964      0.3019
0.553      0.0614      0.3637     -0.1995      0.3009
0.554      0.0593      0.3624     -0.2027      0.2995
0.555      0.0572      0.3610     -0.2058      0.2981
0.556      0.0551      0.3597     -0.2089      0.2968
0.557      0.0529      0.3584     -0.2121      0.2958
0.558      0.0508      0.3570     -0.2153      0.2948
0.559      0.0487      0.3556     -0.2185      0.2935
0.560      0.0465      0.3543     -0.2217      0.2920
0.561      0.0444      0.3529     -0.2250      0.2905
0.562      0.0422      0.3515     -0.2282      0.2893
0.563      0.0401      0.3501     -0.2315      0.2882
0.564      0.0379      0.3488     -0.2348      0.2870
0.565      0.0357      0.3474     -0.2377      0.2858
0.566      0.0335      0.3460     -0.2404      0.2846
0.567      0.0313      0.3446     -0.2431      0.2834
0.568      0.0290      0.3431     -0.2457      0.2822
0.569      0.0268      0.3417     -0.2484      0.2810
0.570      0.0246      0.3403     -0.2511      0.2798
0.571      0.0223      0.3389     -0.2538      0.2785
0.572      0.0200      0.3374     -0.2566      0.2768
0.573      0.0178      0.3360     -0.2593      0.2752
0.574      0.0155      0.3345     -0.2621      0.2735
0.575      0.0132      0.3330     -0.2648      0.2719
0.576      0.0109      0.3316     -0.2676      0.2704
0.577      0.0085      0.3301     -0.2704      0.2692
0.578      0.0062      0.3286     -0.2734      0.2680
0.579      0.0039      0.3271     -0.2768      0.2665
0.580      0.0015      0.3256     -0.2801      0.2646
0.581     -0.0008      0.3241     -0.2835      0.2628
0.582     -0.0032      0.3226     -0.2869      0.2609
0.583     -0.0056      0.3211     -0.2903      0.2590
0.584     -0.0080      0.3196     -0.2939      0.2571
0.585     -0.0104      0.3180     -0.2977      0.2555
0.586     -0.0128      0.3165     -0.3015      0.2539
0.587     -0.0153      0.3149     -0.3054      0.2524
0.588     -0.0177      0.3134     -0.3092      0.2509
0.589     -0.0202      0.3118     -0.3131      0.2499
0.590     -0.0226      0.3103     -0.3170      0.2489
0.591     -0.0251      0.3087     -0.3209      0.2480
0.592     -0.0276      0.3071     -0.3244      0.2470
0.593     -0.0301      0.3055     -0.3278      0.2460
0.594     -0.0326      0.3039     -0.3319      0.2450
0.595     -0.0352      0.3023     -0.3361      0.2440
0.596     -0.0377      0.3007     -0.3402      0.2430
0.597     -0.0403      0.2990     -0.3443      0.2420
0.598     -0.0428      0.2974     -0.3485      0.2410
0.599     -0.0454      0.2958     -0.3527      0.2400
0.600     -0.0480      0.2941     -0.3569      0.2390
0.601     -0.0506      0.2925     -0.3612      0.2380
0.602     -0.0532      0.2908     -0.3654      0.2368
0.603     -0.0559      0.2891     -0.3696      0.2355
0.604     -0.0585      0.2874     -0.3738      0.2341
0.605     -0.0612      0.2857     -0.3780      0.2325
0.606     -0.0638      0.2840     -0.3822      0.2308
0.607     -0.0665      0.2823     -0.3865      0.2290
0.608     -0.0692      0.2806     -0.3908      0.2271
0.609     -0.0719      0.2789     -0.3944      0.2251
0.610     -0.0747      0.2771     -0.3979      0.2232
0.611     -0.0774      0.2754     -0.4015      0.2212
0.612     -0.0802      0.2737     -0.4051      0.2192
0.613     -0.0829      0.2719     -0.4087      0.2172
0.614     -0.0857      0.2701     -0.4123      0.2152
0.615     -0.0885      0.2683     -0.4160      0.2132
0.616     -0.0913      0.2665     -0.4197      0.2111
0.617     -0.0942      0.2647     -0.4234      0.2087
0.618     -0.0970      0.2629     -0.4271      0.2064
0.619     -0.0999      0.2611     -0.4308      0.2042
0.620     -0.1027      0.2593     -0.4346      0.2030
0.621     -0.1056      0.2574     -0.4383      0.2009
0.622     -0.1085      0.2556     -0.4423      0.1988
0.623     -0.1114      0.2537     -0.4463      0.1969
0.624     -0.1144      0.2519     -0.4501      0.1954
0.625     -0.1173      0.2500     -0.4537      0.1939
0.626     -0.1203      0.2481     -0.4575      0.1923
0.627     -0.1233      0.2462     -0.4614      0.1908
0.628     -0.1263      0.2443     -0.4653      0.1892
0.629     -0.1293      0.2424     -0.4692      0.1876
0.630     -0.1323      0.2405     -0.4734      0.1860
0.631     -0.1354      0.2385     -0.4778      0.1845
0.632     -0.1384      0.2366     -0.4823      0.1829
0.633     -0.1415      0.2346     -0.4869      0.1812
0.634     -0.1446      0.2326     -0.4914      0.1796
0.635     -0.1477      0.2307     -0.4960      0.1779
0.636     -0.1509      0.2287     -0.5006      0.1759
0.637     -0.1540      0.2267     -0.5052      0.1739
0.638     -0.1572      0.2247     -0.5099      0.1719
0.639     -0.1604      0.2226     -0.5146      0.1699
0.640     -0.1636      0.2206     -0.5193      0.1679
0.641     -0.1668      0.2185     -0.5240      0.1658
0.642     -0.1700      0.2165     -0.5288      0.1638
0.643     -0.1733      0.2144     -0.5336      0.1617
0.644     -0.1765      0.2123     -0.5384      0.1597
0.645     -0.1798      0.2102     -0.5432      0.1576
0.646     -0.1831      0.2081     -0.5481      0.1555
0.647     -0.1865      0.2060     -0.5530      0.1534
0.648     -0.1898      0.2039     -0.5579      0.1513
0.649     -0.1932      0.2017     -0.5629      0.1492
0.650     -0.1966      0.1996     -0.5678      0.1471
0.651     -0.2000      0.1974     -0.5728      0.1454
0.652     -0.2034      0.1952     -0.5779      0.1429
0.653     -0.2068      0.1930     -0.5829      0.1405
0.654     -0.2103      0.1908     -0.5880      0.1384
0.655     -0.2138      0.1886     -0.5932      0.1362
0.656     -0.2173      0.1864     -0.5983      0.1340
0.657     -0.2208      0.1841     -0.6035      0.1322
0.658     -0.2244      0.1819     -0.6087      0.1304
0.659     -0.2279      0.1796     -0.6140      0.1286
0.660     -0.2315      0.1773     -0.6191      0.1267
0.661     -0.2351      0.1750     -0.6240      0.1249
0.662     -0.2388      0.1727     -0.6290      0.1230
0.663     -0.2424      0.1704     -0.6340      0.1211
0.664     -0.2461      0.1681     -0.6390      0.1192
0.665     -0.2498      0.1657     -0.6441      0.1168
0.666     -0.2535      0.1633     -0.6491      0.1144
0.667     -0.2572      0.1610     -0.6543      0.1119
0.668     -0.2610      0.1586     -0.6594      0.1095
0.669     -0.2648      0.1562     -0.6646      0.1074
0.670     -0.2686      0.1537     -0.6698      0.1055
0.671     -0.2724      0.1513     -0.6751      0.1036
0.672     -0.2763      0.1489     -0.6803      0.1017
0.673     -0.2802      0.1464     -0.6860      0.0997
0.674     -0.2841      0.1439     -0.6914      0.0978
0.675     -0.2880      0.1414     -0.6966      0.0955
0.676     -0.2920      0.1389     -0.7018      0.0930
0.677     -0.2959      0.1364     -0.7072      0.0905
0.678     -0.2999      0.1338     -0.7127      0.0880
0.679     -0.3040      0.1313     -0.7182      0.0855
0.680     -0.3080      0.1287     -0.7237      0.0830
0.681     -0.3121      0.1261     -0.7293      0.0804
0.682     -0.3162      0.1235     -0.7347      0.0778
0.683     -0.3203      0.1208     -0.7401      0.0752
0.684     -0.3245      0.1182     -0.7456      0.0726
0.685     -0.3286      0.1155     -0.7516      0.0700
0.686     -0.3328      0.1129     -0.7576      0.0673
0.687     -0.3371      0.1102     -0.7635      0.0647
0.688     -0.3413      0.1075     -0.7694      0.0620
0.689     -0.3456      0.1047     -0.7752      0.0593
0.690     -0.3499      0.1020     -0.7811      0.0566
0.691     -0.3543      0.0992     -0.7871      0.0539
0.692     -0.3586      0.0964     -0.7931      0.0511
0.693     -0.3630      0.0936     -0.7991      0.0484
0.694     -0.3675      0.0908     -0.8051      0.0456
0.695     -0.3719      0.0880     -0.8113      0.0428
0.696     -0.3764      0.0851     -0.8174      0.0400
0.697     -0.3809      0.0823     -0.8237      0.0371
0.698     -0.3855      0.0794     -0.8305      0.0343
0.699     -0.3901      0.0765     -0.8367      0.0317
0.700     -0.3947      0.0735     -0.8428      0.0292
0.701     -0.3993      0.0706     -0.8491      0.0267
0.702     -0.4040      0.0676     -0.8553      0.0242
0.703     -0.4087      0.0646     -0.8616      0.0213
0.704     -0.4134      0.0616     -0.8680      0.0181
0.705     -0.4182      0.0586     -0.8745      0.0149
0.706     -0.4230      0.0555     -0.8811      0.0116
0.707     -0.4278      0.0524     -0.8877      0.0084
0.708     -0.4327      0.0494     -0.8944      0.0051
0.709     -0.4376      0.0462     -0.9011      0.0018
0.710     -0.4425      0.0431     -0.9078     -0.0015
0.711     -0.4474      0.0399     -0.9146     -0.0047
0.712     -0.4524      0.0368     -0.9215     -0.0078
0.713     -0.4575      0.0336     -0.9283     -0.0110
0.714     -0.4625      0.0303     -0.9353     -0.0141
0.715     -0.4676      0.0271     -0.9423     -0.0173
0.716     -0.4728      0.0238     -0.9493     -0.0206
0.717     -0.4780      0.0205     -0.9564     -0.0238
0.718     -0.4832      0.0172     -0.9635     -0.0267
0.719     -0.4884      0.0139     -0.9707     -0.0295
0.720     -0.4937      0.0105     -0.9780     -0.0323
0.721     -0.4990      0.0071     -0.9852     -0.0354
0.722     -0.5044      0.0037     -0.9926     -0.0390
0.723     -0.5098      0.0003     -1.0000     -0.0427
0.724     -0.5152     -0.0032     -1.0074     -0.0464
0.725     -0.5207     -0.0067     -1.0149     -0.0502
0.726     -0.5262     -0.0102     -1.0225     -0.0539
0.727     -0.5318     -0.0137     -1.0301     -0.0577
0.728     -0.5374     -0.0173     -1.0382     -0.0611
0.729     -0.5431     -0.0209     -1.0464     -0.0643
0.730     -0.5487     -0.0245     -1.0539     -0.0675
0.731     -0.5545     -0.0282     -1.0619     -0.0707
0.732     -0.5602     -0.0318     -1.0704     -0.0739
0.733     -0.5661     -0.0355     -1.0789     -0.0772
0.734     -0.5719     -0.0393     -1.0875     -0.0805
0.735     -0.5778     -0.0430     -1.0962     -0.0838
0.736     -0.5838     -0.0468     -1.1049     -0.0872
0.737     -0.5897     -0.0506     -1.1137     -0.0906
0.738     -0.5958     -0.0544     -1.1225     -0.0940
0.739     -0.6019     -0.0583     -1.1315     -0.0974
0.740     -0.6080     -0.0622     -1.1405     -0.1009
0.741     -0.6142     -0.0661     -1.1495     -0.1043
0.742     -0.6204     -0.0701     -1.1587     -0.1079
0.743     -0.6267     -0.0741     -1.1679     -0.1114
0.744     -0.6330     -0.0781     -1.1772     -0.1150
0.745     -0.6394     -0.0822     -1.1865     -0.1185
0.746     -0.6458     -0.0863     -1.1959     -0.1222
0.747     -0.6523     -0.0904     -1.2054     -0.1258
0.748     -0.6588     -0.0945     -1.2150     -0.1295
0.749     -0.6654     -0.0987     -1.2247     -0.1332
0.750     -0.6720     -0.1029     -1.2344     -0.1369
0.751     -0.6787     -0.1072     -1.2442     -0.1407
0.752     -0.6854     -0.1115     -1.2541     -0.1447
0.753     -0.6922     -0.1158     -1.2641     -0.1489
0.754     -0.6991     -0.1202     -1.2741     -0.1532
0.755     -0.7060     -0.1245     -1.2843     -0.1575
0.756     -0.7129     -0.1290     -1.2945     -0.1618
0.757     -0.7199     -0.1334     -1.3044     -0.1662
0.758     -0.7270     -0.1379     -1.3141     -0.1706
0.759     -0.7341     -0.1425     -1.3238     -0.1751
0.760     -0.7413     -0.1471     -1.3337     -0.1796
0.761     -0.7486     -0.1517     -1.3443     -0.1841
0.762     -0.7559     -0.1563     -1.3550     -0.1887
0.763     -0.7633     -0.1610     -1.3658     -0.1933
0.764     -0.7707     -0.1658     -1.3769     -0.1980
0.765     -0.7782     -0.1705     -1.3882     -0.2027
0.766     -0.7858     -0.1753     -1.3995     -0.2074
0.767     -0.7934     -0.1802     -1.4109     -0.2122
0.768     -0.8011     -0.1851     -1.4224     -0.2170
0.769     -0.8089     -0.1900     -1.4341     -0.2218
0.770     -0.8167     -0.1950     -1.4458     -0.2267
0.771     -0.8246     -0.2000     -1.4576     -0.2316
0.772     -0.8326     -0.2051     -1.4696     -0.2366
0.773     -0.8406     -0.2102     -1.4814     -0.2416
0.774     -0.8487     -0.2154     -1.4933     -0.2467
0.775     -0.8569     -0.2206     -1.5052     -0.2518
0.776     -0.8651     -0.2258     -1.5173     -0.2570
0.777     -0.8735     -0.2311     -1.5295     -0.2622
0.778     -0.8819     -0.2365     -1.5415     -0.2674
0.779     -0.8904     -0.2419     -1.5536     -0.2727
0.780     -0.8989     -0.2473     -1.5659     -0.2781
0.781     -0.9075     -0.2528     -1.5782     -0.2835
0.782     -0.9163     -0.2584     -1.5906     -0.2889
0.783     -0.9251     -0.2640     -1.6032     -0.2944
0.784     -0.9339     -0.2696     -1.6159     -0.3000
0.785     -0.9429     -0.2753     -1.6287     -0.3056
0.786     -0.9519     -0.2811     -1.6416     -0.3112
0.787     -0.9611     -0.2869     -1.6547     -0.3169
0.788     -0.9703     -0.2927     -1.6681     -0.3227
0.789     -0.9796     -0.2986     -1.6817     -0.3285
0.790     -0.9890     -0.3046     -1.6954     -0.3344
0.791     -0.9984     -0.3107     -1.7093     -0.3403
0.792     -1.0080     -0.3167     -1.7233     -0.3463
0.793     -1.0177     -0.3229     -1.7374     -0.3523
0.794     -1.0274     -0.3291     -1.7516     -0.3584
0.795     -1.0373     -0.3354     -1.7660     -0.3646
0.796     -1.0472     -0.3417     -1.7805     -0.3708
0.797     -1.0573     -0.3481     -1.7952     -0.3771
0.798     -1.0674     -0.3545     -1.8100     -0.3834
0.799     -1.0777     -0.3611     -1.8250     -0.3898
0.800     -1.0880     -0.3676     -1.8401     -0.3963
0.801     -1.0985     -0.3743     -1.8553     -0.4028
0.802     -1.1090     -0.3810     -1.8702     -0.4094
0.803     -1.1197     -0.3878     -1.8852     -0.4161
0.804     -1.1304     -0.3947     -1.9003     -0.4228
0.805     -1.1413     -0.4016     -1.9156     -0.4296
0.806     -1.1523     -0.4086     -1.9311     -0.4365
0.807     -1.1634     -0.4157     -1.9467     -0.4434
0.808     -1.1747     -0.4228     -1.9625     -0.4505
0.809     -1.1860     -0.4300     -1.9786     -0.4576
0.810     -1.1975     -0.4373     -1.9946     -0.4647
0.811     -1.2091     -0.4447     -2.0109     -0.4720
0.812     -1.2208     -0.4521     -2.0273     -0.4793
0.813     -1.2326     -0.4597     -2.0440     -0.4867
0.814     -1.2446     -0.4673     -2.0608     -0.4942
0.815     -1.2566     -0.4750     -2.0778     -0.5017
0.816     -1.2689     -0.4827     -2.0949     -0.5093
0.817     -1.2812     -0.4906     -2.1123     -0.5170
0.818     -1.2937     -0.4985     -2.1299     -0.5242
0.819     -1.3063     -0.5066     -2.1476     -0.5314
0.820     -1.3191     -0.5147     -2.1659     -0.5393
0.821     -1.3320     -0.5229     -2.1843     -0.5474
0.822     -1.3451     -0.5312     -2.2030     -0.5556
0.823     -1.3583     -0.5396     -2.2218     -0.5639
0.824     -1.3716     -0.5481     -2.2409     -0.5722
0.825     -1.3851     -0.5567     -2.2605     -0.5807
0.826     -1.3988     -0.5654     -2.2803     -0.5892
0.827     -1.4126     -0.5742     -2.3004     -0.5979
0.828     -1.4266     -0.5831     -2.3208     -0.6063
0.829     -1.4407     -0.5921     -2.3413     -0.6145
0.830     -1.4551     -0.6012     -2.3621     -0.6229
0.831     -1.4695     -0.6104     -2.3819     -0.6313
0.832     -1.4842     -0.6197     -2.4018     -0.6398
0.833     -1.4990     -0.6292     -2.4228     -0.6485
0.834     -1.5140     -0.6387     -2.4442     -0.6576
0.835     -1.5292     -0.6484     -2.4659     -0.6673
0.836     -1.5446     -0.6582     -2.4878     -0.6771
0.837     -1.5601     -0.6681     -2.5101     -0.6870
0.838     -1.5759     -0.6781     -2.5326     -0.6970
0.839     -1.5919     -0.6883     -2.5553     -0.7072
0.840     -1.6080     -0.6985     -2.5784     -0.7169
0.841     -1.6244     -0.7089     -2.6017     -0.7266
0.842     -1.6409     -0.7195     -2.6254     -0.7364
0.843     -1.6577     -0.7301     -2.6493     -0.7463
0.844     -1.6747     -0.7410     -2.6736     -0.7563
0.845     -1.6919     -0.7519     -2.6976     -0.7665
0.846     -1.7093     -0.7630     -2.7220     -0.7766
0.847     -1.7270     -0.7742     -2.7466     -0.7870
0.848     -1.7448     -0.7856     -2.7716     -0.7978
0.849     -1.7630     -0.7971     -2.7969     -0.8085
0.850     -1.7813     -0.8088     -2.8226     -0.8194
0.851     -1.7999     -0.8207     -2.8486     -0.8304
0.852     -1.8188     -0.8327     -2.8749     -0.8415
0.853     -1.8379     -0.8448     -2.9016     -0.8528
0.854     -1.8573     -0.8572     -2.9287     -0.8643
0.855     -1.8770     -0.8697     -2.9562     -0.8759
0.856     -1.8969     -0.8824     -2.9840     -0.8877
0.857     -1.9171     -0.8952     -3.0124     -0.8996
0.858     -1.9376     -0.9082     -3.0428     -0.9117
0.859     -1.9584     -0.9215     -3.0736     -0.9240
0.860     -1.9794     -0.9349     -3.1029     -0.9365
0.861     -2.0008     -0.9485     -3.1327     -0.9491
0.862     -2.0225     -0.9623     -3.1629     -0.9619
0.863     -2.0445     -0.9763     -3.1935     -0.9749
0.864     -2.0668     -0.9905     -3.2245     -0.9881
0.865     -2.0895     -1.0049     -3.2560     -1.0015
0.866     -2.1125     -1.0195     -3.2880     -1.0151
0.867     -2.1358     -1.0344     -3.3205     -1.0289
0.868     -2.1595     -1.0495     -3.3535     -1.0429
0.869     -2.1836     -1.0648     -3.3869     -1.0571
0.870     -2.2080     -1.0803     -3.4209     -1.0716
0.871     -2.2328     -1.0961     -3.4554     -1.0862
0.872     -2.2580     -1.1121     -3.4905     -1.1011
0.873     -2.2836     -1.1284     -3.5261     -1.1163
0.874     -2.3096     -1.1450     -3.5622     -1.1316
0.875     -2.3360     -1.1618     -3.5990     -1.1472
0.876     -2.3628     -1.1788     -3.6363     -1.1631
0.877     -2.3901     -1.1962     -3.6743     -1.1792
0.878     -2.4178     -1.2138     -3.7128     -1.1956
0.879     -2.4460     -1.2318     -3.7528     -1.2123
0.880     -2.4747     -1.2500     -3.7939     -1.2292
0.881     -2.5038     -1.2685     -3.8358     -1.2464
0.882     -2.5334     -1.2874     -3.8783     -1.2639
0.883     -2.5636     -1.3066     -3.9216     -1.2817
0.884     -2.5942     -1.3261     -3.9656     -1.2998
0.885     -2.6254     -1.3459     -4.0104     -1.3183
0.886     -2.6571     -1.3661     -4.0559     -1.3370
0.887     -2.6894     -1.3866     -4.1023     -1.3561
0.888     -2.7223     -1.4076     -4.1495     -1.3756
0.889     -2.7557     -1.4289     -4.1975     -1.3953
0.890     -2.7898     -1.4505     -4.2465     -1.4155
0.891     -2.8245     -1.4726     -4.2963     -1.4360
0.892     -2.8599     -1.4951     -4.3470     -1.4569
0.893     -2.8959     -1.5180     -4.3987     -1.4781
0.894     -2.9325     -1.5413     -4.4514     -1.4998
0.895     -2.9699     -1.5651     -4.5050     -1.5219
0.896     -3.0080     -1.5894     -4.5598     -1.5444
0.897     -3.0468     -1.6141     -4.6155     -1.5674
0.898     -3.0864     -1.6393     -4.6724     -1.5908
0.899     -3.1268     -1.6650     -4.7304     -1.6147
0.900     -3.1680     -1.6912     -4.7895     -1.6390
0.901     -3.2100     -1.7179     -4.8498     -1.6638
0.902     -3.2529     -1.7452     -4.9114     -1.6892
0.903     -3.2967     -1.7730     -4.9742     -1.7150
0.904     -3.3413     -1.8015     -5.0384     -1.7415
0.905     -3.3869     -1.8305     -5.1039     -1.7684
0.906     -3.4335     -1.8601     -5.1708     -1.7959
0.907     -3.4811     -1.8904     -5.2391     -1.8241
0.908     -3.5297     -1.9214     -5.3089     -1.8528
0.909     -3.5794     -1.9530     -5.3803     -1.8822
0.910     -3.6302     -1.9853     -5.4532     -1.9120
0.911     -3.6822     -2.0183     -5.5278     -1.9420
0.912     -3.7353     -2.0521     -5.6040     -1.9727
0.913     -3.7896     -2.0867     -5.6820     -2.0041
0.914     -3.8452     -2.1221     -5.7619     -2.0362
0.915     -3.9021     -2.1583     -5.8436     -2.0691
0.916     -3.9604     -2.1954     -5.9273     -2.1027
0.917     -4.0200     -2.2333     -6.0129     -2.1372
0.918     -4.0812     -2.2722     -6.1007     -2.1725
0.919     -4.1438     -2.3121     -6.1906     -2.2086
0.920     -4.2080     -2.3529     -6.2828     -2.2457
0.921     -4.2738     -2.3948     -6.3773     -2.2837
0.922     -4.3413     -2.4378     -6.4743     -2.3227
0.923     -4.4106     -2.4819     -6.5737     -2.3627
0.924     -4.4817     -2.5271     -6.6758     -2.4038
0.925     -4.5547     -2.5735     -6.7806     -2.4459
0.926     -4.6296     -2.6212     -6.8882     -2.4892
0.927     -4.7066     -2.6702     -6.9988     -2.5337
0.928     -4.7858     -2.7206     -7.1124     -2.5794
0.929     -4.8672     -2.7724     -7.2293     -2.6264
0.930     -4.9509     -2.8256     -7.3495     -2.6747
0.931     -5.0370     -2.8804     -7.4731     -2.7244
0.932     -5.1256     -2.9369     -7.6004     -2.7750
0.933     -5.2170     -2.9950     -7.7316     -2.8270
0.934     -5.3110     -3.0548     -7.8660     -2.8819
0.935     -5.4080     -3.1165     -8.0045     -2.9386
0.936     -5.5080     -3.1802     -8.1473     -2.9965
0.937     -5.6112     -3.2458     -8.2946     -3.0561
0.938     -5.7177     -3.3136     -8.4467     -3.1176
0.939     -5.8277     -3.3836     -8.6038     -3.1811
0.940     -5.9413     -3.4559     -8.7660     -3.2467
0.941     -6.0589     -3.5307     -8.9338     -3.3146
0.942     -6.1804     -3.6080     -9.1074     -3.3848
0.943     -6.3062     -3.6881     -9.2871     -3.4575
0.944     -6.4366     -3.7710     -9.4732     -3.5328
0.945     -6.5716     -3.8570     -9.6661     -3.6108
0.946     -6.7117     -3.9461     -9.8661     -3.6916
0.947     -6.8571     -4.0386    -10.0736     -3.7756
0.948     -7.0080     -4.1346    -10.2892     -3.8628
0.949     -7.1649     -4.2344    -10.5131     -3.9533
0.950     -7.3280     -4.3382    -10.7461     -4.0476
0.951     -7.4978     -4.4463    -10.9886     -4.1456
0.952     -7.6747     -4.5588    -11.2411     -4.2478
0.953     -7.8591     -4.6762    -11.5044     -4.3543
0.954     -8.0515     -4.7986    -11.7792     -4.4654
0.955     -8.2524     -4.9265    -12.0661     -4.5814
0.956     -8.4626     -5.0602    -12.3671     -4.7028
0.957     -8.6824     -5.2001    -12.6829     -4.8298
0.958     -8.9128     -5.3466    -13.0137     -4.9628
0.959     -9.1544     -5.5004    -13.3607     -5.1023
0.960     -9.4080     -5.6618    -13.7250     -5.2488
0.961     -9.6747     -5.8315    -14.1079     -5.4028
0.962     -9.9554     -6.0101    -14.5111     -5.5649
0.963    -10.2513     -6.1983    -14.9360     -5.7358
0.964    -10.5636     -6.3971    -15.3845     -5.9161
0.965    -10.8937     -6.6071    -15.8587     -6.1068
0.966    -11.2433     -6.8296    -16.3607     -6.3087
0.967    -11.6141     -7.0655    -16.8932     -6.5228
0.968    -12.0080     -7.3162    -17.4590     -6.7503
0.969    -12.4274     -7.5830    -18.0612     -6.9925
0.970    -12.8747     -7.8677    -18.7036     -7.2508
0.971    -13.3529     -8.1719    -19.3904     -7.5270
0.972    -13.8652     -8.4979    -20.1261     -7.8228
0.973    -14.4154     -8.8481    -20.9164     -8.1406
0.974    -15.0080     -9.2251    -21.7674     -8.4829
0.975    -15.6480     -9.6324    -22.6866     -8.8525
0.976    -16.3414    -10.0736    -23.6823     -9.2528
0.977    -17.0950    -10.5531    -24.7647     -9.6881
0.978    -17.9172    -11.0762    -25.9454    -10.1629
0.979    -18.8176    -11.6492    -27.2386    -10.6829
0.980    -19.8080    -12.2794    -28.6610    -11.2549
0.981    -20.9028    -12.9761    -30.2334    -11.8872
0.982    -22.1192    -13.7501    -31.9802    -12.5896
0.983    -23.4787    -14.6151    -33.9327    -13.3748
0.984    -25.0080    -15.5883    -36.1317    -14.2580
0.985    -26.7415    -16.6912    -38.6277    -15.2590
0.986    -28.7224    -17.9518    -41.4802    -16.4031
0.987    -31.0081    -19.4061    -44.7646    -17.7230
0.988    -33.6747    -21.1030    -48.5935    -19.2629
0.989    -36.8262    -23.1084    -53.1185    -21.0830
0.990    -40.6082    -25.5149    -58.5492    -23.2671
0.991    -45.2304    -28.4561    -65.1862    -25.9364
0.992    -51.0081    -32.1324    -73.4822    -29.2731
0.993    -58.4365    -36.8594    -84.1488    -33.5627
0.994    -68.3419    -43.1622    -98.3713    -39.2836
0.995    -82.2085    -51.9861   -118.2865    -47.2911
0.996   -103.0103    -65.2221   -148.1778    -59.3059
0.997   -137.6778    -87.2802   -197.9919    -79.3255
0.998   -207.0127   -131.4001   -297.6144   -119.3615
0.999   -415.0525   -263.7671   -596.5462   -239.5137
