0.001    -28.2005    -26.7101    -37.0061    -19.9638
0.002    -13.5971    -12.8541    -18.0002     -9.4828
0.003     -8.7294     -8.2355    -11.6649     -5.9893
0.004     -6.2955     -5.9262     -8.4973     -4.2435
0.005     -4.8351     -4.5406     -6.5967     -3.1960
0.006     -3.8616     -3.6168     -5.3296     -2.4977
0.007     -3.1662     -2.9570     -4.4246     -1.9984
0.008     -2.6446     -2.4622     -3.7458     -1.6229
0.009     -2.2390     -2.0773     -3.2179     -1.3309
0.010     -1.9145     -1.7694     -2.7955     -1.0979
0.011     -1.6489     -1.5174     -2.4499     -0.9074
0.012     -1.4277     -1.3075     -2.1620     -0.7486
0.013     -1.2405     -1.1299     -1.9183     -0.6142
0.014     -1.0800     -0.9776     -1.7095     -0.4990
0.015     -0.9409     -0.8456     -1.5275     -0.3992
0.016     -0.8192     -0.7302     -1.3681     -0.3119
0.017     -0.7118     -0.6283     -1.2275     -0.2348
0.018     -0.6164     -0.5377     -1.1026     -0.1663
0.019     -0.5310     -0.4567     -0.9907     -0.1050
0.020     -0.4541     -0.3838     -0.8901     -0.0498
0.021     -0.3846     -0.3178     -0.7994      0.0001
0.022     -0.3214     -0.2578     -0.7174      0.0454
0.023     -0.2636     -0.2030     -0.6424      0.0869
0.024     -0.2107     -0.1528     -0.5738      0.1248
0.025     -0.1620     -0.1067     -0.5106      0.1598
0.026     -0.1171     -0.0640     -0.4523      0.1920
0.027     -0.0755     -0.0245     -0.3983      0.2219
0.028     -0.0369      0.0121     -0.3479      0.2496
0.029     -0.0009      0.0462     -0.3009      0.2754
0.030      0.0327      0.0781     -0.2570      0.2995
0.031      0.0641      0.1079     -0.2159      0.3221
0.032      0.0935      0.1358     -0.1774      0.3432
0.033      0.1212      0.1621     -0.1412      0.3630
0.034      0.1472      0.1868     -0.1072      0.3817
0.035      0.1717      0.2101     -0.0751      0.3993
0.036      0.1949      0.2320     -0.0448      0.4161
0.037      0.2168      0.2529     -0.0161      0.4320
0.038      0.2376      0.2726      0.0110      0.4470
0.039      0.2573      0.2913      0.0367      0.4613
0.040      0.2761      0.3090      0.0609      0.4749
0.041      0.2939      0.3259      0.0839      0.4878
0.042      0.3108      0.3420      0.1058      0.5001
0.043      0.3270      0.3574      0.1267      0.5119
0.044      0.3424      0.3720      0.1467      0.5231
0.045      0.3572      0.3860      0.1658      0.5338
0.046      0.3713      0.3994      0.1840      0.5440
0.047      0.3848      0.4122      0.2016      0.5538
0.048      0.3977      0.4245      0.2186      0.5632
0.049      0.4102      0.4363      0.2349      0.5722
0.050      0.4221      0.4476      0.2523      0.5808
0.051      0.4335      0.4585      0.2697      0.5891
0.052      0.4446      0.4689      0.2841      0.5971
0.053      0.4551      0.4790      0.2978      0.6037
0.054      0.4654      0.4886      0.3111      0.6098
0.055      0.4752      0.4980      0.3264      0.6168
0.056      0.4847      0.5070      0.3425      0.6212
0.057      0.4938      0.5156      0.3574      0.6266
0.058      0.5027      0.5240      0.3718      0.6305
0.059      0.5112      0.5321      0.3861      0.6350
0.060      0.5194      0.5400      0.4007      0.6367
0.061      0.5274      0.5475      0.4147      0.6383
0.062      0.5351      0.5549      0.4291      0.6411
0.063      0.5426      0.5620      0.4417      0.6430
0.064      0.5499      0.5688      0.4569      0.6474
0.065      0.5569      0.5755      0.4667      0.6480
0.066      0.5566      0.5819      0.4666      0.6442
0.067      0.5562      0.5830      0.4705      0.6402
0.068      0.5558      0.5826      0.4717      0.6395
0.069      0.5554      0.5822      0.4677      0.6401
0.070      0.5551      0.5818      0.4679      0.6416
0.071      0.5547      0.5814      0.4656      0.6438
0.072      0.5543      0.5809      0.4642      0.6446
0.073      0.5539      0.5805      0.4627      0.6472
0.074      0.5535      0.5801      0.4609      0.6497
0.075      0.5531      0.5797      0.4602      0.6498
0.076      0.5528      0.5792      0.4589      0.6498
0.077      0.5524      0.5788      0.4585      0.6495
0.078      0.5520      0.5784      0.4581      0.6492
0.079      0.5516      0.5779      0.4576      0.6492
0.080      0.5512      0.5775      0.4571      0.6488
0.081      0.5508      0.5771      0.4566      0.6484
0.082      0.5504      0.5766      0.4563      0.6480
0.083      0.5500      0.5762      0.4558      0.6476
0.084      0.5496      0.5758      0.4552      0.6473
0.085      0.5492      0.5753      0.4547      0.6470
0.086      0.5488      0.5749      0.4543      0.6466
0.087      0.5484      0.5745      0.4538      0.6463
0.088      0.5480      0.5740      0.4533      0.6460
0.089      0.5476      0.5736      0.4529      0.6457
0.090      0.5472      0.5732      0.4524      0.6454
0.091      0.5468      0.5727      0.4519      0.6450
0.092      0.5464      0.5723      0.4516      0.6447
0.093      0.5460      0.5718      0.4512      0.6444
0.094      0.5456      0.5714      0.4509      0.6441
0.095      0.5452      0.5709      0.4505      0.6437
0.096      0.5448      0.5705      0.4502      0.6434
0.097      0.5444      0.5700      0.4496      0.6431
0.098      0.5440      0.5696      0.4491      0.6427
0.099      0.5436      0.5691      0.4486      0.6424
0.100      0.5432      0.5687      0.4480      0.6421
0.101      0.5428      0.5682      0.4476      0.6418
0.102      0.5424      0.5678      0.4472      0.6414
0.103      0.5420      0.5673      0.4468      0.6411
0.104      0.5416      0.5669      0.4464      0.6408
0.105      0.5412      0.5664      0.4460      0.6404
0.106      0.5407      0.5660      0.4456      0.6401
0.107      0.5403      0.5655      0.4452      0.6398
0.108      0.5399      0.5651      0.4449      0.6394
0.109      0.5395      0.5646      0.4444      0.6391
0.110      0.5391      0.5641      0.4440      0.6387
0.111      0.5387      0.5637      0.4435      0.6384
0.112      0.5382      0.5632      0.4430      0.6381
0.113      0.5378      0.5628      0.4425      0.6377
0.114      0.5374      0.5623      0.4420      0.6374
0.115      0.5370      0.5618      0.4415      0.6370
0.116      0.5366      0.5614      0.4410      0.6366
0.117      0.5361      0.5609      0.4406      0.6362
0.118      0.5357      0.5604      0.4401      0.6358
0.119      0.5353      0.5599      0.4395      0.6354
0.120      0.5349      0.5595      0.4390      0.6349
0.121      0.5344      0.5590      0.4385      0.6345
0.122      0.5340      0.5585      0.4380      0.6341
0.123      0.5336      0.5581      0.4375      0.6338
0.124      0.5331      0.5576      0.4370      0.6335
0.125      0.5327      0.5571      0.4365      0.6333
0.126      0.5323      0.5566      0.4360      0.6329
0.127      0.5318      0.5562      0.4355      0.6325
0.128      0.5314      0.5557      0.4350      0.6322
0.129      0.5310      0.5552      0.4345      0.6318
0.130      0.5305      0.5547      0.4340      0.6314
0.131      0.5301      0.5542      0.4336      0.6310
0.132      0.5297      0.5537      0.4333      0.6306
0.133      0.5292      0.5533      0.4329      0.6302
0.134      0.5288      0.5528      0.4325      0.6298
0.135      0.5283      0.5523      0.4321      0.6294
0.136      0.5279      0.5518      0.4317      0.6291
0.137      0.5275      0.5513      0.4314      0.6287
0.138      0.5270      0.5508      0.4310      0.6284
0.139      0.5266      0.5503      0.4306      0.6280
0.140      0.5261      0.5498      0.4302      0.6277
0.141      0.5257      0.5493      0.4298      0.6273
0.142      0.5252      0.5488      0.4294      0.6270
0.143      0.5248      0.5483      0.4288      0.6266
0.144      0.5243      0.5478      0.4282      0.6261
0.145      0.5239      0.5473      0.4275      0.6256
0.146      0.5234      0.5468      0.4269      0.6251
0.147      0.5230      0.5463      0.4263      0.6246
0.148      0.5225      0.5458      0.4258      0.6242
0.149      0.5221      0.5453      0.4254      0.6238
0.150      0.5216      0.5448      0.4250      0.6234
0.151      0.5211      0.5443      0.4245      0.6229
0.152      0.5207      0.5438      0.4238      0.6225
0.153      0.5202      0.5433      0.4232      0.6221
0.154      0.5198      0.5428      0.4226      0.6217
0.155      0.5193      0.5423      0.4220      0.6213
0.156      0.5188      0.5418      0.4213      0.6209
0.157      0.5184      0.5413      0.4207      0.6205
0.158      0.5179      0.5408      0.4201      0.6200
0.159      0.5174      0.5402      0.4195      0.6196
0.160      0.5170      0.5397      0.4188      0.6192
0.161      0.5165      0.5392      0.4182      0.6188
0.162      0.5160      0.5387      0.4176      0.6184
0.163      0.5156      0.5382      0.4169      0.6179
0.164      0.5151      0.5376      0.4163      0.6175
0.165      0.5146      0.5371      0.4157      0.6171
0.166      0.5141      0.5366      0.4153      0.6167
0.167      0.5137      0.5361      0.4149      0.6163
0.168      0.5132      0.5355      0.4145      0.6160
0.169      0.5127      0.5350      0.4141      0.6157
0.170      0.5122      0.5345      0.4137      0.6154
0.171      0.5117      0.5340      0.4131      0.6148
0.172      0.5113      0.5334      0.4124      0.6143
0.173      0.5108      0.5329      0.4116      0.6137
0.174      0.5103      0.5324      0.4109      0.6132
0.175      0.5098      0.5318      0.4102      0.6128
0.176      0.5093      0.5313      0.4095      0.6124
0.177      0.5088      0.5307      0.4090      0.6119
0.178      0.5084      0.5302      0.4085      0.6115
0.179      0.5079      0.5297      0.4080      0.6110
0.180      0.5074      0.5291      0.4076      0.6106
0.181      0.5069      0.5286      0.4072      0.6102
0.182      0.5064      0.5280      0.4066      0.6097
0.183      0.5059      0.5275      0.4059      0.6093
0.184      0.5054      0.5269      0.4054      0.6088
0.185      0.5049      0.5264      0.4049      0.6084
0.186      0.5044      0.5258      0.4044      0.6079
0.187      0.5039      0.5253      0.4039      0.6075
0.188      0.5034      0.5247      0.4034      0.6070
0.189      0.5029      0.5242      0.4028      0.6066
0.190      0.5024      0.5236      0.4023      0.6061
0.191      0.5019      0.5231      0.4018      0.6057
0.192      0.5014      0.5225      0.4014      0.6052
0.193      0.5009      0.5220      0.4011      0.6048
0.194      0.5004      0.5214      0.4006      0.6044
0.195      0.4999      0.5208      0.4001      0.6039
0.196      0.4993      0.5203      0.3996      0.6035
0.197      0.4988      0.5197      0.3991      0.6031
0.198      0.4983      0.5191      0.3986      0.6026
0.199      0.4978      0.5186      0.3981      0.6022
0.200      0.4973      0.5180      0.3976      0.6018
0.201      0.4968      0.5174      0.3970      0.6013
0.202      0.4963      0.5169      0.3964      0.6009
0.203      0.4957      0.5163      0.3958      0.6005
0.204      0.4952      0.5157      0.3951      0.6000
0.205      0.4947      0.5151      0.3945      0.5997
0.206      0.4942      0.5145      0.3939      0.5992
0.207      0.4936      0.5140      0.3934      0.5987
0.208      0.4931      0.5134      0.3929      0.5982
0.209      0.4926      0.5128      0.3924      0.5978
0.210      0.4921      0.5122      0.3917      0.5974
0.211      0.4915      0.5116      0.3911      0.5969
0.212      0.4910      0.5110      0.3904      0.5965
0.213      0.4905      0.5105      0.3898      0.5960
0.214      0.4899      0.5099      0.3891      0.5955
0.215      0.4894      0.5093      0.3885      0.5949
0.216      0.4889      0.5087      0.3878      0.5943
0.217      0.4883      0.5081      0.3872      0.5937
0.218      0.4878      0.5075      0.3865      0.5931
0.219      0.4872      0.5069      0.3858      0.5927
0.220      0.4867      0.5063      0.3852      0.5923
0.221      0.4861      0.5057      0.3845      0.5920
0.222      0.4856      0.5051      0.3838      0.5916
0.223      0.4851      0.5045      0.3832      0.5910
0.224      0.4845      0.5039      0.3825      0.5904
0.225      0.4840      0.5033      0.3819      0.5898
0.226      0.4834      0.5027      0.3812      0.5894
0.227      0.4829      0.5021      0.3805      0.5889
0.228      0.4823      0.5014      0.3799      0.5884
0.229      0.4817      0.5008      0.3792      0.5879
0.230      0.4812      0.5002      0.3786      0.5875
0.231      0.4806      0.4996      0.3779      0.5870
0.232      0.4801      0.4990      0.3772      0.5865
0.233      0.4795      0.4984      0.3766      0.5860
0.234      0.4789      0.4977      0.3759      0.5855
0.235      0.4784      0.4971      0.3752      0.5851
0.236      0.4778      0.4965      0.3746      0.5846
0.237      0.4772      0.4959      0.3739      0.5841
0.238      0.4767      0.4952      0.3732      0.5836
0.239      0.4761      0.4946      0.3726      0.5830
0.240      0.4755      0.4940      0.3719      0.5824
0.241      0.4750      0.4933      0.3711      0.5818
0.242      0.4744      0.4927      0.3702      0.5812
0.243      0.4738      0.4921      0.3694      0.5806
0.244      0.4732      0.4914      0.3687      0.5800
0.245      0.4727      0.4908      0.3681      0.5795
0.246      0.4721      0.4902      0.3673      0.5790
0.247      0.4715      0.4895      0.3666      0.5785
0.248      0.4709      0.4889      0.3658      0.5779
0.249      0.4703      0.4882      0.3651      0.5774
0.250      0.4697      0.4876      0.3644      0.5769
0.251      0.4691      0.4869      0.3637      0.5765
0.252      0.4686      0.4863      0.3630      0.5760
0.253      0.4680      0.4856      0.3623      0.5754
0.254      0.4674      0.4850      0.3617      0.5749
0.255      0.4668      0.4843      0.3611      0.5745
0.256      0.4662      0.4836      0.3603      0.5742
0.257      0.4656      0.4830      0.3595      0.5738
0.258      0.4650      0.4823      0.3587      0.5733
0.259      0.4644      0.4817      0.3579      0.5727
0.260      0.4638      0.4810      0.3571      0.5720
0.261      0.4632      0.4803      0.3563      0.5714
0.262      0.4626      0.4797      0.3556      0.5707
0.263      0.4620      0.4790      0.3549      0.5701
0.264      0.4614      0.4783      0.3541      0.5694
0.265      0.4607      0.4776      0.3534      0.5688
0.266      0.4601      0.4770      0.3526      0.5683
0.267      0.4595      0.4763      0.3519      0.5677
0.268      0.4589      0.4756      0.3511      0.5672
0.269      0.4583      0.4749      0.3504      0.5666
0.270      0.4577      0.4742      0.3496      0.5661
0.271      0.4570      0.4736      0.3489      0.5655
0.272      0.4564      0.4729      0.3481      0.5649
0.273      0.4558      0.4722      0.3474      0.5644
0.274      0.4552      0.4715      0.3466      0.5638
0.275      0.4545      0.4708      0.3458      0.5632
0.276      0.4539      0.4701      0.3450      0.5626
0.277      0.4533      0.4694      0.3443      0.5619
0.278      0.4526      0.4687      0.3435      0.5614
0.279      0.4520      0.4680      0.3427      0.5609
0.280      0.4514      0.4673      0.3419      0.5604
0.281      0.4507      0.4666      0.3411      0.5598
0.282      0.4501      0.4659      0.3404      0.5593
0.283      0.4494      0.4652      0.3396      0.5587
0.284      0.4488      0.4645      0.3388      0.5581
0.285      0.4482      0.4637      0.3380      0.5576
0.286      0.4475      0.4630      0.3372      0.5573
0.287      0.4469      0.4623      0.3364      0.5568
0.288      0.4462      0.4616      0.3356      0.5562
0.289      0.4456      0.4609      0.3348      0.5557
0.290      0.4449      0.4602      0.3340      0.5552
0.291      0.4442      0.4594      0.3331      0.5547
0.292      0.4436      0.4587      0.3323      0.5542
0.293      0.4429      0.4580      0.3315      0.5537
0.294      0.4423      0.4572      0.3307      0.5531
0.295      0.4416      0.4565      0.3299      0.5525
0.296      0.4409      0.4558      0.3291      0.5520
0.297      0.4403      0.4550      0.3282      0.5515
0.298      0.4396      0.4543      0.3274      0.5509
0.299      0.4389      0.4536      0.3266      0.5504
0.300      0.4383      0.4528      0.3258      0.5499
0.301      0.4376      0.4521      0.3250      0.5493
0.302      0.4369      0.4513      0.3242      0.5488
0.303      0.4362      0.4506      0.3234      0.5482
0.304      0.4355      0.4498      0.3226      0.5477
0.305      0.4349      0.4491      0.3218      0.5471
0.306      0.4342      0.4483      0.3210      0.5466
0.307      0.4335      0.4475      0.3202      0.5460
0.308      0.4328      0.4468      0.3194      0.5455
0.309      0.4321      0.4460      0.3186      0.5448
0.310      0.4314      0.4453      0.3178      0.5444
0.311      0.4307      0.4445      0.3170      0.5438
0.312      0.4300      0.4437      0.3162      0.5432
0.313      0.4293      0.4429      0.3153      0.5427
0.314      0.4286      0.4422      0.3145      0.5421
0.315      0.4279      0.4414      0.3136      0.5416
0.316      0.4272      0.4406      0.3128      0.5410
0.317      0.4265      0.4398      0.3120      0.5404
0.318      0.4258      0.4390      0.3112      0.5398
0.319      0.4251      0.4383      0.3104      0.5393
0.320      0.4244      0.4375      0.3095      0.5387
0.321      0.4236      0.4367      0.3087      0.5381
0.322      0.4229      0.4359      0.3079      0.5376
0.323      0.4222      0.4351      0.3070      0.5370
0.324      0.4215      0.4343      0.3062      0.5365
0.325      0.4208      0.4335      0.3053      0.5360
0.326      0.4200      0.4327      0.3045      0.5354
0.327      0.4193      0.4319      0.3036      0.5349
0.328      0.4186      0.4311      0.3028      0.5344
0.329      0.4178      0.4303      0.3019      0.5338
0.330      0.4171      0.4295      0.3010      0.5333
0.331      0.4164      0.4286      0.3002      0.5328
0.332      0.4156      0.4278      0.2993      0.5322
0.333      0.4149      0.4270      0.2984      0.5317
0.334      0.4141      0.4262      0.2976      0.5310
0.335      0.4134      0.4254      0.2967      0.5303
0.336      0.4126      0.4245      0.2958      0.5296
0.337      0.4119      0.4237      0.2948      0.5289
0.338      0.4111      0.4229      0.2937      0.5281
0.339      0.4104      0.4220      0.2927      0.5275
0.340      0.4096      0.4212      0.2917      0.5269
0.341      0.4089      0.4204      0.2906      0.5262
0.342      0.4081      0.4195      0.2896      0.5254
0.343      0.4073      0.4187      0.2887      0.5247
0.344      0.4066      0.4178      0.2878      0.5240
0.345      0.4058      0.4170      0.2868      0.5233
0.346      0.4050      0.4161      0.2859      0.5227
0.347      0.4043      0.4153      0.2850      0.5221
0.348      0.4035      0.4144      0.2840      0.5215
0.349      0.4027      0.4136      0.2831      0.5209
0.350      0.4019      0.4127      0.2821      0.5203
0.351      0.4011      0.4118      0.2812      0.5196
0.352      0.4003      0.4110      0.2802      0.5188
0.353      0.3996      0.4101      0.2792      0.5179
0.354      0.3988      0.4092      0.2782      0.5170
0.355      0.3980      0.4083      0.2773      0.5161
0.356      0.3972      0.4075      0.2763      0.5154
0.357      0.3964      0.4066      0.2753      0.5147
0.358      0.3956      0.4057      0.2744      0.5139
0.359      0.3948      0.4048      0.2735      0.5132
0.360      0.3940      0.4039      0.2725      0.5124
0.361      0.3932      0.4030      0.2715      0.5119
0.362      0.3924      0.4021      0.2705      0.5114
0.363      0.3915      0.4012      0.2696      0.5109
0.364      0.3907      0.4003      0.2687      0.5104
0.365      0.3899      0.3994      0.2678      0.5099
0.366      0.3891      0.3985      0.2668      0.5094
0.367      0.3883      0.3976      0.2658      0.5089
0.368      0.3874      0.3967      0.2648      0.5083
0.369      0.3866      0.3958      0.2638      0.5078
0.370      0.3858      0.3949      0.2628      0.5073
0.371      0.3849      0.3939      0.2617      0.5068
0.372      0.3841      0.3930      0.2607      0.5063
0.373      0.3833      0.3921      0.2597      0.5055
0.374      0.3824      0.3912      0.2586      0.5048
0.375      0.3816      0.3902      0.2576      0.5041
0.376      0.3807      0.3893      0.2566      0.5034
0.377      0.3799      0.3884      0.2555      0.5027
0.378      0.3790      0.3874      0.2545      0.5020
0.379      0.3782      0.3865      0.2534      0.5012
0.380      0.3773      0.3855      0.2523      0.5005
0.381      0.3764      0.3846      0.2513      0.4998
0.382      0.3756      0.3836      0.2502      0.4991
0.383      0.3747      0.3827      0.2492      0.4984
0.384      0.3738      0.3817      0.2481      0.4981
0.385      0.3730      0.3807      0.2471      0.4974
0.386      0.3721      0.3798      0.2460      0.4967
0.387      0.3712      0.3788      0.2449      0.4960
0.388      0.3703      0.3778      0.2439      0.4953
0.389      0.3695      0.3768      0.2428      0.4945
0.390      0.3686      0.3759      0.2417      0.4937
0.391      0.3677      0.3749      0.2406      0.4929
0.392      0.3668      0.3739      0.2396      0.4922
0.393      0.3659      0.3729      0.2384      0.4914
0.394      0.3650      0.3719      0.2372      0.4906
0.395      0.3641      0.3709      0.2361      0.4898
0.396      0.3632      0.3699      0.2348      0.4890
0.397      0.3623      0.3689      0.2336      0.4882
0.398      0.3614      0.3679      0.2324      0.4874
0.399      0.3604      0.3669      0.2311      0.4865
0.400      0.3595      0.3659      0.2299      0.4857
0.401      0.3586      0.3649      0.2286      0.4849
0.402      0.3577      0.3639      0.2274      0.4840
0.403      0.3568      0.3628      0.2261      0.4832
0.404      0.3558      0.3618      0.2250      0.4824
0.405      0.3549      0.3608      0.2240      0.4816
0.406      0.3540      0.3598      0.2230      0.4808
0.407      0.3530      0.3587      0.2221      0.4800
0.408      0.3521      0.3577      0.2209      0.4792
0.409      0.3511      0.3566      0.2199      0.4784
0.410      0.3502      0.3556      0.2187      0.4776
0.411      0.3492      0.3545      0.2174      0.4768
0.412      0.3483      0.3535      0.2160      0.4760
0.413      0.3473      0.3524      0.2147      0.4752
0.414      0.3464      0.3514      0.2136      0.4744
0.415      0.3454      0.3503      0.2126      0.4736
0.416      0.3444      0.3492      0.2113      0.4728
0.417      0.3435      0.3482      0.2101      0.4720
0.418      0.3425      0.3471      0.2088      0.4711
0.419      0.3415      0.3460      0.2075      0.4707
0.420      0.3405      0.3449      0.2063      0.4703
0.421      0.3395      0.3438      0.2050      0.4699
0.422      0.3386      0.3427      0.2038      0.4694
0.423      0.3376      0.3416      0.2024      0.4689
0.424      0.3366      0.3405      0.2013      0.4680
0.425      0.3356      0.3394      0.2002      0.4670
0.426      0.3346      0.3383      0.1989      0.4660
0.427      0.3336      0.3372      0.1977      0.4651
0.428      0.3326      0.3361      0.1965      0.4641
0.429      0.3315      0.3350      0.1952      0.4631
0.430      0.3305      0.3339      0.1936      0.4621
0.431      0.3295      0.3327      0.1922      0.4612
0.432      0.3285      0.3316      0.1910      0.4602
0.433      0.3275      0.3305      0.1897      0.4592
0.434      0.3264      0.3293      0.1885      0.4582
0.435      0.3254      0.3282      0.1873      0.4572
0.436      0.3244      0.3271      0.1859      0.4562
0.437      0.3233      0.3259      0.1844      0.4552
0.438      0.3223      0.3248      0.1831      0.4542
0.439      0.3212      0.3236      0.1818      0.4534
0.440      0.3202      0.3224      0.1803      0.4529
0.441      0.3191      0.3213      0.1789      0.4523
0.442      0.3181      0.3201      0.1775      0.4518
0.443      0.3170      0.3189      0.1760      0.4513
0.444      0.3159      0.3177      0.1746      0.4507
0.445      0.3149      0.3166      0.1731      0.4502
0.446      0.3138      0.3154      0.1717      0.4497
0.447      0.3127      0.3142      0.1702      0.4490
0.448      0.3116      0.3130      0.1687      0.4482
0.449      0.3105      0.3118      0.1673      0.4476
0.450      0.3094      0.3106      0.1659      0.4470
0.451      0.3083      0.3094      0.1645      0.4464
0.452      0.3072      0.3082      0.1630      0.4459
0.453      0.3061      0.3069      0.1618      0.4453
0.454      0.3050      0.3057      0.1605      0.4447
0.455      0.3039      0.3045      0.1591      0.4441
0.456      0.3028      0.3033      0.1577      0.4436
0.457      0.3017      0.3020      0.1563      0.4430
0.458      0.3006      0.3008      0.1549      0.4424
0.459      0.2994      0.2995      0.1535      0.4418
0.460      0.2983      0.2983      0.1521      0.4412
0.461      0.2972      0.2970      0.1507      0.4406
0.462      0.2960      0.2958      0.1493      0.4400
0.463      0.2949      0.2945      0.1479      0.4394
0.464      0.2937      0.2933      0.1464      0.4388
0.465      0.2926      0.2920      0.1450      0.4382
0.466      0.2914      0.2907      0.1436      0.4375
0.467      0.2903      0.2894      0.1421      0.4366
0.468      0.2891      0.2881      0.1407      0.4358
0.469      0.2879      0.2868      0.1392      0.4349
0.470      0.2868      0.2855      0.1378      0.4340
0.471      0.2856      0.2842      0.1363      0.4331
0.472      0.2844      0.2829      0.1346      0.4322
0.473      0.2832      0.2816      0.1329      0.4313
0.474      0.2820      0.2803      0.1312      0.4305
0.475      0.2808      0.2790      0.1295      0.4296
0.476      0.2796      0.2777      0.1278      0.4287
0.477      0.2784      0.2763      0.1265      0.4278
0.478      0.2772      0.2750      0.1252      0.4268
0.479      0.2760      0.2736      0.1239      0.4259
0.480      0.2748      0.2723      0.1226      0.4250
0.481      0.2735      0.2709      0.1213      0.4241
0.482      0.2723      0.2696      0.1199      0.4232
0.483      0.2711      0.2682      0.1183      0.4223
0.484      0.2698      0.2669      0.1168      0.4213
0.485      0.2686      0.2655      0.1152      0.4202
0.486      0.2673      0.2641      0.1137      0.4192
0.487      0.2661      0.2627      0.1121      0.4181
0.488      0.2648      0.2613      0.1106      0.4170
0.489      0.2636      0.2599      0.1090      0.4159
0.490      0.2623      0.2585      0.1074      0.4148
0.491      0.2610      0.2571      0.1059      0.4139
0.492      0.2597      0.2557      0.1043      0.4132
0.493      0.2585      0.2543      0.1027      0.4125
0.494      0.2572      0.2529      0.1011      0.4118
0.495      0.2559      0.2514      0.0995      0.4109
0.496      0.2546      0.2500      0.0979      0.4099
0.497      0.2533      0.2486      0.0962      0.4089
0.498      0.2520      0.2471      0.0946      0.4080
0.499      0.2506      0.2457      0.0930      0.4071
0.500      0.2493      0.2442      0.0913      0.4062
0.501      0.2480      0.2428      0.0897      0.4054
0.502      0.2467      0.2413      0.0881      0.4045
0.503      0.2453      0.2398      0.0864      0.4036
0.504      0.2440      0.2383      0.0847      0.4027
0.505      0.2426      0.2368      0.0831      0.4019
0.506      0.2413      0.2353      0.0814      0.4013
0.507      0.2399      0.2338      0.0797      0.4007
0.508      0.2386      0.2323      0.0780      0.4000
0.509      0.2372      0.2308      0.0763      0.3993
0.510      0.2358      0.2293      0.0746      0.3982
0.511      0.2344      0.2278      0.0727      0.3971
0.512      0.2331      0.2263      0.0712      0.3960
0.513      0.2317      0.2247      0.0695      0.3949
0.514      0.2303      0.2232      0.0677      0.3938
0.515      0.2289      0.2216      0.0660      0.3928
0.516      0.2275      0.2201      0.0639      0.3919
0.517      0.2260      0.2185      0.0618      0.3910
0.518      0.2246      0.2170      0.0598      0.3900
0.519      0.2232      0.2154      0.0582      0.3891
0.520      0.2218      0.2138      0.0565      0.3881
0.521      0.2203      0.2122      0.0547      0.3872
0.522      0.2189      0.2106      0.0530      0.3863
0.523      0.2174      0.2090      0.0513      0.3853
0.524      0.2160      0.2074      0.0496      0.3843
0.525      0.2145      0.2058      0.0478      0.3834
0.526      0.2131      0.2042      0.0458      0.3824
0.527      0.2116      0.2025      0.0437      0.3812
0.528      0.2101      0.2009      0.0417      0.3799
0.529      0.2086      0.1993      0.0396      0.3786
0.530      0.2071      0.1976      0.0375      0.3776
0.531      0.2056      0.1960      0.0354      0.3767
0.532      0.2041      0.1943      0.0332      0.3758
0.533      0.2026      0.1926      0.0311      0.3748
0.534      0.2011      0.1909      0.0291      0.3737
0.535      0.1996      0.1893      0.0274      0.3728
0.536      0.1980      0.1876      0.0257      0.3719
0.537      0.1965      0.1859      0.0240      0.3710
0.538      0.1949      0.1842      0.0219      0.3701
0.539      0.1934      0.1825      0.0197      0.3691
0.540      0.1918      0.1807      0.0175      0.3679
0.541      0.1903      0.1790      0.0153      0.3666
0.542      0.1887      0.1773      0.0131      0.3654
0.543      0.1871      0.1755      0.0111      0.3642
0.544      0.1855      0.1738      0.0093      0.3629
0.545      0.1839      0.1720      0.0074      0.3617
0.546      0.1823      0.1702      0.0055      0.3604
0.547      0.1807      0.1685      0.0036      0.3591
0.548      0.1791      0.1667      0.0012      0.3579
0.549      0.1775      0.1649     -0.0007      0.3566
0.550      0.1759      0.1631     -0.0025      0.3553
0.551      0.1742      0.1613     -0.0044      0.3540
0.552      0.1726      0.1595     -0.0063      0.3528
0.553      0.1709      0.1577     -0.0081      0.3517
0.554      0.1693      0.1558     -0.0100      0.3507
0.555      0.1676      0.1540     -0.0119      0.3496
0.556      0.1659      0.1521     -0.0143      0.3485
0.557      0.1642      0.1503     -0.0167      0.3475
0.558      0.1626      0.1484     -0.0191      0.3464
0.559      0.1609      0.1465     -0.0216      0.3453
0.560      0.1592      0.1447     -0.0240      0.3442
0.561      0.1574      0.1428     -0.0265      0.3431
0.562      0.1557      0.1409     -0.0290      0.3420
0.563      0.1540      0.1390     -0.0314      0.3407
0.564      0.1523      0.1370     -0.0340      0.3393
0.565      0.1505      0.1351     -0.0366      0.3380
0.566      0.1488      0.1332     -0.0393      0.3369
0.567      0.1470      0.1312     -0.0420      0.3356
0.568      0.1452      0.1293     -0.0446      0.3343
0.569      0.1435      0.1273     -0.0473      0.3330
0.570      0.1417      0.1254     -0.0500      0.3317
0.571      0.1399      0.1234     -0.0522      0.3304
0.572      0.1381      0.1214     -0.0543      0.3291
0.573      0.1363      0.1194     -0.0567      0.3277
0.574      0.1345      0.1174     -0.0588      0.3264
0.575      0.1326      0.1154     -0.0610      0.3251
0.576      0.1308      0.1134     -0.0632      0.3237
0.577      0.1290      0.1113     -0.0654      0.3224
0.578      0.1271      0.1093     -0.0676      0.3210
0.579      0.1252      0.1072     -0.0698      0.3197
0.580      0.1234      0.1052     -0.0721      0.3183
0.581      0.1215      0.1031     -0.0748      0.3169
0.582      0.1196      0.1010     -0.0775      0.3155
0.583      0.1177      0.0989     -0.0801      0.3141
0.584      0.1158      0.0968     -0.0824      0.3128
0.585      0.1139      0.0947     -0.0847      0.3113
0.586      0.1120      0.0926     -0.0874      0.3097
0.587      0.1100      0.0904     -0.0901      0.3084
0.588      0.1081      0.0883     -0.0926      0.3071
0.589      0.1061      0.0861     -0.0949      0.3057
0.590      0.1042      0.0840     -0.0972      0.3042
0.591      0.1022      0.0818     -0.0998      0.3028
0.592      0.1002      0.0796     -0.1026      0.3013
0.593      0.0982      0.0774     -0.1054      0.3000
0.594      0.0962      0.0752     -0.1081      0.2987
0.595      0.0942      0.0730     -0.1110      0.2974
0.596      0.0922      0.0707     -0.1138      0.2961
0.597      0.0902      0.0685     -0.1166      0.2947
0.598      0.0881      0.0662     -0.1194      0.2932
0.599      0.0861      0.0640     -0.1223      0.2917
0.600      0.0840      0.0617     -0.1250      0.2902
0.601      0.0819      0.0594     -0.1276      0.2887
0.602      0.0799      0.0571     -0.1302      0.2872
0.603      0.0778      0.0548     -0.1328      0.2857
0.604      0.0757      0.0525     -0.1355      0.2844
0.605      0.0735      0.0501     -0.1381      0.2832
0.606      0.0714      0.0478     -0.1408      0.2819
0.607      0.0693      0.0454     -0.1435      0.2806
0.608      0.0671      0.0431     -0.1462      0.2793
0.609      0.0650      0.0407     -0.1489      0.2780
0.610      0.0628      0.0383     -0.1516      0.2767
0.611      0.0606      0.0359     -0.1544      0.2753
0.612      0.0584      0.0335     -0.1571      0.2740
0.613      0.0562      0.0310     -0.1599      0.2727
0.614      0.0540      0.0286     -0.1627      0.2714
0.615      0.0518      0.0261     -0.1655      0.2700
0.616      0.0496      0.0237     -0.1684      0.2687
0.617      0.0473      0.0212     -0.1714      0.2673
0.618      0.0451      0.0187     -0.1744      0.2660
0.619      0.0428      0.0162     -0.1775      0.2646
0.620      0.0405      0.0137     -0.1806      0.2627
0.621      0.0382      0.0111     -0.1837      0.2611
0.622      0.0359      0.0086     -0.1868      0.2597
0.623      0.0336      0.0060     -0.1899      0.2583
0.624      0.0313      0.0034     -0.1930      0.2570
0.625      0.0289      0.0009     -0.1962      0.2556
0.626      0.0265     -0.0017     -0.1994      0.2541
0.627      0.0242     -0.0044     -0.2026      0.2527
0.628      0.0218     -0.0070     -0.2058      0.2511
0.629      0.0194     -0.0096     -0.2090      0.2493
0.630      0.0170     -0.0123     -0.2124      0.2476
0.631      0.0146     -0.0150     -0.2155      0.2459
0.632      0.0121     -0.0177     -0.2188      0.2441
0.633      0.0097     -0.0204     -0.2221      0.2424
0.634      0.0072     -0.0231     -0.2254      0.2406
0.635      0.0048     -0.0258     -0.2287      0.2388
0.636      0.0023     -0.0286     -0.2321      0.2370
0.637     -0.0002     -0.0313     -0.2355      0.2352
0.638     -0.0028     -0.0341     -0.2388      0.2334
0.639     -0.0053     -0.0369     -0.2423      0.2318
0.640     -0.0078     -0.0397     -0.2457      0.2302
0.641     -0.0104     -0.0425     -0.2491      0.2287
0.642     -0.0130     -0.0454     -0.2526      0.2271
0.643     -0.0155     -0.0482     -0.2561      0.2255
0.644     -0.0181     -0.0511     -0.2596      0.2239
0.645     -0.0208     -0.0540     -0.2631      0.2221
0.646     -0.0234     -0.0569     -0.2666      0.2201
0.647     -0.0260     -0.0598     -0.2702      0.2181
0.648     -0.0287     -0.0627     -0.2738      0.2161
0.649     -0.0314     -0.0657     -0.2774      0.2142
0.650     -0.0341     -0.0687     -0.2810      0.2127
0.651     -0.0368     -0.0717     -0.2847      0.2111
0.652     -0.0395     -0.0747     -0.2883      0.2095
0.653     -0.0422     -0.0777     -0.2920      0.2079
0.654     -0.0450     -0.0807     -0.2957      0.2063
0.655     -0.0478     -0.0838     -0.2995      0.2047
0.656     -0.0505     -0.0869     -0.3032      0.2031
0.657     -0.0533     -0.0900     -0.3070      0.2015
0.658     -0.0562     -0.0931     -0.3108      0.1999
0.659     -0.0590     -0.0962     -0.3145      0.1982
0.660     -0.0619     -0.0993     -0.3182      0.1966
0.661     -0.0647     -0.1025     -0.3219      0.1949
0.662     -0.0676     -0.1057     -0.3257      0.1932
0.663     -0.0705     -0.1089     -0.3295      0.1910
0.664     -0.0734     -0.1121     -0.3333      0.1888
0.665     -0.0764     -0.1154     -0.3371      0.1865
0.666     -0.0793     -0.1186     -0.3410      0.1843
0.667     -0.0823     -0.1219     -0.3449      0.1825
0.668     -0.0853     -0.1252     -0.3488      0.1807
0.669     -0.0883     -0.1285     -0.3527      0.1788
0.670     -0.0913     -0.1319     -0.3566      0.1766
0.671     -0.0944     -0.1352     -0.3606      0.1747
0.672     -0.0974     -0.1386     -0.3646      0.1729
0.673     -0.1005     -0.1420     -0.3686      0.1710
0.674     -0.1036     -0.1455     -0.3725      0.1691
0.675     -0.1067     -0.1489     -0.3765      0.1673
0.676     -0.1099     -0.1524     -0.3805      0.1654
0.677     -0.1130     -0.1559     -0.3846      0.1634
0.678     -0.1162     -0.1594     -0.3886      0.1615
0.679     -0.1194     -0.1629     -0.3927      0.1593
0.680     -0.1226     -0.1665     -0.3968      0.1569
0.681     -0.1259     -0.1700     -0.4009      0.1546
0.682     -0.1291     -0.1736     -0.4051      0.1522
0.683     -0.1324     -0.1772     -0.4093      0.1495
0.684     -0.1357     -0.1809     -0.4135      0.1469
0.685     -0.1390     -0.1846     -0.4181      0.1442
0.686     -0.1424     -0.1883     -0.4228      0.1416
0.687     -0.1457     -0.1920     -0.4275      0.1394
0.688     -0.1491     -0.1957     -0.4320      0.1374
0.689     -0.1525     -0.1995     -0.4364      0.1350
0.690     -0.1560     -0.2033     -0.4409      0.1325
0.691     -0.1594     -0.2071     -0.4457      0.1300
0.692     -0.1629     -0.2109     -0.4506      0.1275
0.693     -0.1664     -0.2148     -0.4556      0.1249
0.694     -0.1699     -0.2186     -0.4605      0.1223
0.695     -0.1734     -0.2226     -0.4655      0.1197
0.696     -0.1770     -0.2265     -0.4705      0.1171
0.697     -0.1806     -0.2305     -0.4756      0.1145
0.698     -0.1842     -0.2344     -0.4806      0.1123
0.699     -0.1878     -0.2385     -0.4858      0.1100
0.700     -0.1915     -0.2425     -0.4909      0.1073
0.701     -0.1952     -0.2466     -0.4961      0.1045
0.702     -0.1989     -0.2507     -0.5013      0.1018
0.703     -0.2026     -0.2548     -0.5066      0.0994
0.704     -0.2064     -0.2589     -0.5119      0.0972
0.705     -0.2102     -0.2631     -0.5172      0.0948
0.706     -0.2140     -0.2673     -0.5226      0.0921
0.707     -0.2178     -0.2716     -0.5280      0.0892
0.708     -0.2217     -0.2758     -0.5334      0.0864
0.709     -0.2256     -0.2801     -0.5389      0.0835
0.710     -0.2295     -0.2845     -0.5443      0.0807
0.711     -0.2335     -0.2888     -0.5496      0.0781
0.712     -0.2374     -0.2932     -0.5549      0.0756
0.713     -0.2414     -0.2976     -0.5603      0.0729
0.714     -0.2455     -0.3021     -0.5657      0.0702
0.715     -0.2495     -0.3065     -0.5712      0.0675
0.716     -0.2536     -0.3111     -0.5767      0.0647
0.717     -0.2577     -0.3156     -0.5823      0.0620
0.718     -0.2619     -0.3202     -0.5878      0.0592
0.719     -0.2660     -0.3248     -0.5935      0.0564
0.720     -0.2702     -0.3294     -0.5991      0.0536
0.721     -0.2745     -0.3341     -0.6048      0.0508
0.722     -0.2787     -0.3388     -0.6106      0.0479
0.723     -0.2830     -0.3435     -0.6163      0.0450
0.724     -0.2873     -0.3483     -0.6222      0.0421
0.725     -0.2917     -0.3531     -0.6280      0.0392
0.726     -0.2961     -0.3580     -0.6339      0.0363
0.727     -0.3005     -0.3628     -0.6399      0.0333
0.728     -0.3050     -0.3678     -0.6459      0.0303
0.729     -0.3094     -0.3727     -0.6519      0.0272
0.730     -0.3140     -0.3777     -0.6580      0.0242
0.731     -0.3185     -0.3827     -0.6641      0.0212
0.732     -0.3231     -0.3878     -0.6703      0.0182
0.733     -0.3277     -0.3929     -0.6765      0.0151
0.734     -0.3324     -0.3980     -0.6828      0.0120
0.735     -0.3371     -0.4032     -0.6891      0.0088
0.736     -0.3418     -0.4084     -0.6955      0.0056
0.737     -0.3466     -0.4137     -0.7019      0.0025
0.738     -0.3514     -0.4190     -0.7084     -0.0008
0.739     -0.3562     -0.4243     -0.7149     -0.0040
0.740     -0.3611     -0.4297     -0.7215     -0.0073
0.741     -0.3660     -0.4351     -0.7280     -0.0106
0.742     -0.3709     -0.4406     -0.7345     -0.0140
0.743     -0.3759     -0.4461     -0.7410     -0.0172
0.744     -0.3809     -0.4516     -0.7476     -0.0206
0.745     -0.3860     -0.4572     -0.7543     -0.0240
0.746     -0.3911     -0.4629     -0.7610     -0.0274
0.747     -0.3962     -0.4685     -0.7677     -0.0308
0.748     -0.4014     -0.4743     -0.7745     -0.0343
0.749     -0.4067     -0.4800     -0.7813     -0.0378
0.750     -0.4119     -0.4859     -0.7882     -0.0413
0.751     -0.4172     -0.4917     -0.7952     -0.0449
0.752     -0.4226     -0.4976     -0.8022     -0.0485
0.753     -0.4280     -0.5036     -0.8093     -0.0521
0.754     -0.4334     -0.5096     -0.8164     -0.0558
0.755     -0.4389     -0.5157     -0.8236     -0.0594
0.756     -0.4444     -0.5218     -0.8308     -0.0631
0.757     -0.4500     -0.5279     -0.8382     -0.0669
0.758     -0.4556     -0.5341     -0.8456     -0.0706
0.759     -0.4613     -0.5404     -0.8534     -0.0744
0.760     -0.4670     -0.5467     -0.8612     -0.0783
0.761     -0.4728     -0.5531     -0.8691     -0.0821
0.762     -0.4786     -0.5595     -0.8770     -0.0860
0.763     -0.4845     -0.5660     -0.8850     -0.0900
0.764     -0.4904     -0.5725     -0.8931     -0.0939
0.765     -0.4963     -0.5791     -0.9013     -0.0979
0.766     -0.5024     -0.5857     -0.9095     -0.1019
0.767     -0.5084     -0.5924     -0.9178     -0.1060
0.768     -0.5145     -0.5991     -0.9262     -0.1101
0.769     -0.5207     -0.6060     -0.9346     -0.1142
0.770     -0.5269     -0.6128     -0.9431     -0.1184
0.771     -0.5332     -0.6198     -0.9517     -0.1226
0.772     -0.5395     -0.6268     -0.9604     -0.1269
0.773     -0.5459     -0.6338     -0.9691     -0.1311
0.774     -0.5524     -0.6409     -0.9779     -0.1355
0.775     -0.5589     -0.6481     -0.9868     -0.1398
0.776     -0.5654     -0.6553     -0.9958     -0.1442
0.777     -0.5720     -0.6627     -1.0048     -0.1486
0.778     -0.5787     -0.6700     -1.0140     -0.1531
0.779     -0.5855     -0.6775     -1.0232     -0.1576
0.780     -0.5923     -0.6850     -1.0325     -0.1622
0.781     -0.5991     -0.6925     -1.0419     -0.1668
0.782     -0.6061     -0.7002     -1.0514     -0.1714
0.783     -0.6130     -0.7079     -1.0609     -0.1761
0.784     -0.6201     -0.7157     -1.0704     -0.1808
0.785     -0.6272     -0.7236     -1.0799     -0.1856
0.786     -0.6344     -0.7315     -1.0896     -0.1904
0.787     -0.6417     -0.7395     -1.0994     -0.1953
0.788     -0.6490     -0.7476     -1.1093     -0.2003
0.789     -0.6564     -0.7557     -1.1192     -0.2054
0.790     -0.6638     -0.7640     -1.1293     -0.2101
0.791     -0.6714     -0.7723     -1.1394     -0.2152
0.792     -0.6790     -0.7807     -1.1496     -0.2203
0.793     -0.6866     -0.7892     -1.1600     -0.2255
0.794     -0.6944     -0.7977     -1.1704     -0.2314
0.795     -0.7022     -0.8064     -1.1810     -0.2364
0.796     -0.7101     -0.8151     -1.1921     -0.2414
0.797     -0.7181     -0.8239     -1.2034     -0.2465
0.798     -0.7262     -0.8328     -1.2148     -0.2519
0.799     -0.7343     -0.8418     -1.2262     -0.2574
0.800     -0.7425     -0.8509     -1.2370     -0.2629
0.801     -0.7509     -0.8601     -1.2477     -0.2685
0.802     -0.7592     -0.8693     -1.2585     -0.2741
0.803     -0.7677     -0.8787     -1.2694     -0.2797
0.804     -0.7763     -0.8881     -1.2807     -0.2847
0.805     -0.7849     -0.8977     -1.2924     -0.2899
0.806     -0.7937     -0.9073     -1.3042     -0.2951
0.807     -0.8025     -0.9171     -1.3160     -0.3003
0.808     -0.8114     -0.9269     -1.3281     -0.3059
0.809     -0.8204     -0.9369     -1.3402     -0.3117
0.810     -0.8296     -0.9470     -1.3525     -0.3175
0.811     -0.8388     -0.9571     -1.3649     -0.3233
0.812     -0.8481     -0.9674     -1.3771     -0.3293
0.813     -0.8575     -0.9778     -1.3891     -0.3353
0.814     -0.8670     -0.9883     -1.4013     -0.3413
0.815     -0.8766     -0.9989     -1.4141     -0.3474
0.816     -0.8863     -1.0096     -1.4275     -0.3536
0.817     -0.8961     -1.0205     -1.4412     -0.3600
0.818     -0.9060     -1.0314     -1.4549     -0.3666
0.819     -0.9161     -1.0425     -1.4689     -0.3732
0.820     -0.9262     -1.0537     -1.4827     -0.3799
0.821     -0.9365     -1.0650     -1.4965     -0.3867
0.822     -0.9469     -1.0765     -1.5105     -0.3935
0.823     -0.9574     -1.0881     -1.5244     -0.4005
0.824     -0.9680     -1.0998     -1.5382     -0.4075
0.825     -0.9787     -1.1116     -1.5521     -0.4146
0.826     -0.9896     -1.1236     -1.5663     -0.4217
0.827     -1.0005     -1.1358     -1.5805     -0.4290
0.828     -1.0117     -1.1480     -1.5950     -0.4363
0.829     -1.0229     -1.1604     -1.6096     -0.4437
0.830     -1.0343     -1.1730     -1.6246     -0.4512
0.831     -1.0458     -1.1857     -1.6409     -0.4588
0.832     -1.0574     -1.1986     -1.6574     -0.4665
0.833     -1.0692     -1.2116     -1.6740     -0.4743
0.834     -1.0811     -1.2247     -1.6909     -0.4822
0.835     -1.0932     -1.2381     -1.7076     -0.4901
0.836     -1.1054     -1.2516     -1.7241     -0.4982
0.837     -1.1178     -1.2652     -1.7407     -0.5064
0.838     -1.1303     -1.2790     -1.7576     -0.5146
0.839     -1.1430     -1.2930     -1.7747     -0.5230
0.840     -1.1558     -1.3072     -1.7919     -0.5315
0.841     -1.1688     -1.3215     -1.8094     -0.5400
0.842     -1.1820     -1.3361     -1.8272     -0.5487
0.843     -1.1953     -1.3508     -1.8451     -0.5575
0.844     -1.2088     -1.3657     -1.8633     -0.5664
0.845     -1.2225     -1.3808     -1.8817     -0.5755
0.846     -1.2363     -1.3961     -1.9004     -0.5846
0.847     -1.2504     -1.4116     -1.9193     -0.5939
0.848     -1.2646     -1.4273     -1.9384     -0.6033
0.849     -1.2790     -1.4432     -1.9578     -0.6128
0.850     -1.2936     -1.4593     -1.9775     -0.6224
0.851     -1.3084     -1.4756     -1.9974     -0.6322
0.852     -1.3234     -1.4922     -2.0176     -0.6421
0.853     -1.3386     -1.5090     -2.0381     -0.6521
0.854     -1.3540     -1.5260     -2.0588     -0.6623
0.855     -1.3696     -1.5432     -2.0799     -0.6726
0.856     -1.3854     -1.5607     -2.1012     -0.6830
0.857     -1.4015     -1.5784     -2.1230     -0.6936
0.858     -1.4178     -1.5964     -2.1447     -0.7044
0.859     -1.4343     -1.6146     -2.1670     -0.7160
0.860     -1.4510     -1.6331     -2.1895     -0.7279
0.861     -1.4680     -1.6519     -2.2124     -0.7399
0.862     -1.4853     -1.6709     -2.2357     -0.7521
0.863     -1.5027     -1.6902     -2.2592     -0.7645
0.864     -1.5205     -1.7098     -2.2831     -0.7770
0.865     -1.5385     -1.7297     -2.3071     -0.7891
0.866     -1.5568     -1.7499     -2.3309     -0.8005
0.867     -1.5753     -1.7704     -2.3551     -0.8113
0.868     -1.5942     -1.7912     -2.3797     -0.8223
0.869     -1.6133     -1.8123     -2.4047     -0.8335
0.870     -1.6327     -1.8337     -2.4304     -0.8462
0.871     -1.6524     -1.8555     -2.4568     -0.8593
0.872     -1.6724     -1.8776     -2.4839     -0.8725
0.873     -1.6928     -1.9000     -2.5114     -0.8859
0.874     -1.7134     -1.9228     -2.5394     -0.8995
0.875     -1.7344     -1.9460     -2.5678     -0.9134
0.876     -1.7557     -1.9696     -2.5967     -0.9265
0.877     -1.7774     -1.9935     -2.6260     -0.9387
0.878     -1.7995     -2.0178     -2.6558     -0.9512
0.879     -1.8219     -2.0426     -2.6861     -0.9638
0.880     -1.8446     -2.0677     -2.7169     -0.9767
0.881     -1.8678     -2.0933     -2.7483     -0.9897
0.882     -1.8913     -2.1193     -2.7801     -1.0030
0.883     -1.9153     -2.1457     -2.8125     -1.0166
0.884     -1.9396     -2.1726     -2.8455     -1.0305
0.885     -1.9644     -2.2000     -2.8790     -1.0467
0.886     -1.9896     -2.2278     -2.9132     -1.0633
0.887     -2.0153     -2.2561     -2.9479     -1.0801
0.888     -2.0414     -2.2850     -2.9832     -1.0973
0.889     -2.0680     -2.3143     -3.0192     -1.1147
0.890     -2.0951     -2.3442     -3.0559     -1.1325
0.891     -2.1227     -2.3747     -3.0932     -1.1506
0.892     -2.1508     -2.4057     -3.1312     -1.1690
0.893     -2.1794     -2.4373     -3.1699     -1.1878
0.894     -2.2085     -2.4695     -3.2093     -1.2069
0.895     -2.2382     -2.5023     -3.2495     -1.2264
0.896     -2.2685     -2.5357     -3.2899     -1.2463
0.897     -2.2994     -2.5698     -3.3310     -1.2666
0.898     -2.3308     -2.6045     -3.3732     -1.2872
0.899     -2.3629     -2.6400     -3.4168     -1.3083
0.900     -2.3957     -2.6761     -3.4614     -1.3298
0.901     -2.4291     -2.7130     -3.5068     -1.3517
0.902     -2.4631     -2.7506     -3.5528     -1.3741
0.903     -2.4979     -2.7890     -3.5996     -1.3969
0.904     -2.5334     -2.8282     -3.6475     -1.4202
0.905     -2.5697     -2.8682     -3.6963     -1.4440
0.906     -2.6067     -2.9091     -3.7461     -1.4683
0.907     -2.6445     -2.9509     -3.7971     -1.4931
0.908     -2.6832     -2.9935     -3.8491     -1.5185
0.909     -2.7227     -3.0371     -3.9023     -1.5444
0.910     -2.7630     -3.0817     -3.9567     -1.5709
0.911     -2.8043     -3.1273     -4.0123     -1.5980
0.912     -2.8465     -3.1739     -4.0692     -1.6257
0.913     -2.8897     -3.2216     -4.1273     -1.6540
0.914     -2.9339     -3.2703     -4.1868     -1.6830
0.915     -2.9791     -3.3203     -4.2478     -1.7127
0.916     -3.0254     -3.3714     -4.3101     -1.7431
0.917     -3.0728     -3.4238     -4.3740     -1.7742
0.918     -3.1214     -3.4774     -4.4394     -1.8061
0.919     -3.1712     -3.5324     -4.5065     -1.8388
0.920     -3.2222     -3.5887     -4.5752     -1.8723
0.921     -3.2745     -3.6465     -4.6457     -1.9066
0.922     -3.3282     -3.7057     -4.7179     -1.9418
0.923     -3.3832     -3.7665     -4.7921     -1.9780
0.924     -3.4397     -3.8288     -4.8682     -2.0150
0.925     -3.4977     -3.8929     -4.9463     -2.0531
0.926     -3.5573     -3.9587     -5.0266     -2.0922
0.927     -3.6185     -4.0262     -5.1090     -2.1324
0.928     -3.6814     -4.0957     -5.1937     -2.1737
0.929     -3.7461     -4.1671     -5.2808     -2.2161
0.930     -3.8126     -4.2406     -5.3704     -2.2598
0.931     -3.8811     -4.3161     -5.4626     -2.3047
0.932     -3.9515     -4.3939     -5.5575     -2.3510
0.933     -4.0241     -4.4740     -5.6553     -2.3986
0.934     -4.0989     -4.5566     -5.7560     -2.4476
0.935     -4.1759     -4.6417     -5.8598     -2.4982
0.936     -4.2554     -4.7294     -5.9668     -2.5504
0.937     -4.3374     -4.8200     -6.0776     -2.6037
0.938     -4.4221     -4.9134     -6.1934     -2.6584
0.939     -4.5095     -5.0100     -6.3131     -2.7148
0.940     -4.5998     -5.1097     -6.4367     -2.7732
0.941     -4.6932     -5.2128     -6.5646     -2.8332
0.942     -4.7898     -5.3195     -6.6968     -2.8950
0.943     -4.8898     -5.4299     -6.8337     -2.9590
0.944     -4.9934     -5.5443     -6.9755     -3.0253
0.945     -5.1008     -5.6628     -7.1225     -3.0961
0.946     -5.2121     -5.7857     -7.2737     -3.1687
0.947     -5.3276     -5.9132     -7.4300     -3.2433
0.948     -5.4476     -6.0457     -7.5924     -3.3208
0.949     -5.5723     -6.1833     -7.7611     -3.4014
0.950     -5.7019     -6.3265     -7.9365     -3.4851
0.951     -5.8369     -6.4755     -8.1191     -3.5723
0.952     -5.9774     -6.6307     -8.3093     -3.6631
0.953     -6.1240     -6.7925     -8.5077     -3.7578
0.954     -6.2769     -6.9613     -8.7146     -3.8566
0.955     -6.4366     -7.1377     -8.9307     -3.9574
0.956     -6.6036     -7.3220     -9.1567     -4.0629
0.957     -6.7783     -7.5150     -9.3931     -4.1733
0.958     -6.9614     -7.7171     -9.6409     -4.2890
0.959     -7.1534     -7.9291     -9.9007     -4.4103
0.960     -7.3550     -8.1517    -10.1735     -4.5376
0.961     -7.5670     -8.3857    -10.4603     -4.6724
0.962     -7.7901     -8.6320    -10.7622     -4.8152
0.963     -8.0252     -8.8916    -11.0803     -4.9657
0.964     -8.2734     -9.1657    -11.4163     -5.1246
0.965     -8.5358     -9.4554    -11.7713     -5.2925
0.966     -8.8137     -9.7621    -12.1473     -5.4703
0.967     -9.1083    -10.0875    -12.5460     -5.6589
0.968     -9.4214    -10.4332    -12.9697     -5.8593
0.969     -9.7547    -10.8012    -13.4207     -6.0726
0.970    -10.1102    -11.1937    -13.9017     -6.3001
0.971    -10.4903    -11.6133    -14.4160     -6.5434
0.972    -10.8975    -12.0628    -14.9670     -6.8040
0.973    -11.3348    -12.5457    -15.5588     -7.0839
0.974    -11.8057    -13.0657    -16.1961     -7.3853
0.975    -12.3144    -13.6273    -16.8844     -7.7108
0.976    -12.8654    -14.2357    -17.6301     -8.0635
0.977    -13.4644    -14.8970    -18.4405     -8.4468
0.978    -14.1178    -15.6184    -19.3247     -8.8671
0.979    -14.8334    -16.4085    -20.2931     -9.3280
0.980    -15.6206    -17.2776    -21.3583     -9.8349
0.981    -16.4907    -18.2383    -22.5357    -10.3953
0.982    -17.4574    -19.3057    -23.8439    -11.0178
0.983    -18.5380    -20.4986    -25.3060    -11.7137
0.984    -19.7534    -21.8406    -26.9507    -12.4965
0.985    -21.1311    -23.3617    -28.8149    -13.3837
0.986    -22.7056    -25.0999    -30.9454    -14.3978
0.987    -24.5221    -27.1058    -33.4037    -15.5674
0.988    -26.6413    -29.4457    -36.2713    -16.9322
0.989    -29.1462    -32.2110    -39.6609    -18.5454
0.990    -32.1520    -35.5297    -43.7283    -20.4813
0.991    -35.8254    -39.5860    -48.6991    -22.8470
0.992    -40.4177    -44.6559    -54.9131    -25.8047
0.993    -46.3213    -51.1741    -62.9018    -29.6061
0.994    -54.1938    -59.8662    -73.5552    -34.6762
0.995    -65.2154    -72.0337    -88.4693    -41.7737
0.996    -81.7459    -90.2873   -110.8368    -52.4190
0.997   -109.3002   -120.7067   -148.1241    -70.1675
0.998   -164.4025   -181.5438   -222.6883   -105.6563
0.999   -329.7344   -364.0824   -446.4093   -212.1329
