0.001    -28.2005    -22.7603    -36.5517    -19.9138
0.002    -13.5971    -10.8807    -17.7696     -9.4563
0.003     -8.7294     -6.9208    -11.5088     -5.9704
0.004     -6.2955     -4.9409     -8.3776     -4.2275
0.005     -4.8351     -3.7529     -6.4989     -3.1817
0.006     -3.8616     -2.9609     -5.2465     -2.4846
0.007     -3.1662     -2.3952     -4.3518     -1.9866
0.008     -2.6446     -1.9710     -3.6809     -1.6131
0.009     -2.2390     -1.6410     -3.1590     -1.3226
0.010     -1.9145     -1.3770     -2.7415     -1.0902
0.011     -1.6489     -1.1610     -2.3999     -0.9001
0.012     -1.4277     -0.9810     -2.1153     -0.7416
0.013     -1.2405     -0.8287     -1.8744     -0.6076
0.014     -1.0800     -0.6981     -1.6682     -0.4927
0.015     -0.9409     -0.5850     -1.4899     -0.3931
0.016     -0.8192     -0.4860     -1.3339     -0.3059
0.017     -0.7118     -0.3987     -1.1963     -0.2290
0.018     -0.6164     -0.3210     -1.0739     -0.1607
0.019     -0.5310     -0.2515     -0.9645     -0.0995
0.020     -0.4541     -0.1890     -0.8656     -0.0445
0.021     -0.3846     -0.1324     -0.7762      0.0053
0.022     -0.3214     -0.0810     -0.6949      0.0506
0.023     -0.2636     -0.0341     -0.6206      0.0919
0.024     -0.2107      0.0090     -0.5526      0.1298
0.025     -0.1620      0.0486     -0.4900      0.1647
0.026     -0.1171      0.0851     -0.4322      0.1966
0.027     -0.0755      0.1190     -0.3787      0.2261
0.028     -0.0369      0.1504     -0.3290      0.2543
0.029     -0.0009      0.1797     -0.2827      0.2801
0.030      0.0327      0.2070     -0.2396      0.3041
0.031      0.0641      0.2325     -0.1992      0.3266
0.032      0.0935      0.2565     -0.1613      0.3477
0.033      0.1212      0.2790     -0.1259      0.3675
0.034      0.1472      0.3001     -0.0926      0.3861
0.035      0.1717      0.3201     -0.0612      0.4035
0.036      0.1949      0.3390     -0.0316      0.4200
0.037      0.2168      0.3568     -0.0036      0.4356
0.038      0.2376      0.3737      0.0230      0.4503
0.039      0.2573      0.3897      0.0482      0.4643
0.040      0.2761      0.4050      0.0721      0.4776
0.041      0.2939      0.4195      0.0949      0.4903
0.042      0.3108      0.4332      0.1166      0.5023
0.043      0.3270      0.4464      0.1372      0.5138
0.044      0.3424      0.4590      0.1570      0.5248
0.045      0.3572      0.4710      0.1758      0.5352
0.046      0.3713      0.4824      0.1938      0.5457
0.047      0.3848      0.4934      0.2111      0.5556
0.048      0.3977      0.5040      0.2277      0.5652
0.049      0.4102      0.5141      0.2435      0.5736
0.050      0.4221      0.5238      0.2636      0.5822
0.051      0.4335      0.5331      0.2781      0.5905
0.052      0.4446      0.5420      0.2921      0.5973
0.053      0.4551      0.5507      0.3056      0.6048
0.054      0.4654      0.5590      0.3201      0.6121
0.055      0.4752      0.5670      0.3335      0.6173
0.056      0.4847      0.5747      0.3470      0.6214
0.057      0.4938      0.5821      0.3612      0.6281
0.058      0.5027      0.5893      0.3750      0.6328
0.059      0.5112      0.5962      0.3873      0.6365
0.060      0.5194      0.6030      0.4020      0.6398
0.061      0.5274      0.6094      0.4125      0.6418
0.062      0.5351      0.6157      0.4267      0.6451
0.063      0.5426      0.6218      0.4394      0.6469
0.064      0.5499      0.6277      0.4513      0.6498
0.065      0.5569      0.6287      0.4606      0.6547
0.066      0.5566      0.6283      0.4581      0.6537
0.067      0.5562      0.6279      0.4587      0.6545
0.068      0.5558      0.6275      0.4575      0.6541
0.069      0.5554      0.6271      0.4566      0.6542
0.070      0.5551      0.6266      0.4573      0.6574
0.071      0.5547      0.6262      0.4558      0.6576
0.072      0.5543      0.6258      0.4527      0.6584
0.073      0.5539      0.6254      0.4509      0.6581
0.074      0.5535      0.6250      0.4499      0.6594
0.075      0.5531      0.6245      0.4490      0.6601
0.076      0.5528      0.6241      0.4479      0.6596
0.077      0.5524      0.6237      0.4461      0.6601
0.078      0.5520      0.6233      0.4456      0.6597
0.079      0.5516      0.6228      0.4451      0.6594
0.080      0.5512      0.6224      0.4446      0.6590
0.081      0.5508      0.6220      0.4441      0.6586
0.082      0.5504      0.6216      0.4437      0.6582
0.083      0.5500      0.6211      0.4434      0.6582
0.084      0.5496      0.6207      0.4430      0.6577
0.085      0.5492      0.6203      0.4426      0.6573
0.086      0.5488      0.6198      0.4422      0.6569
0.087      0.5484      0.6194      0.4418      0.6565
0.088      0.5480      0.6190      0.4414      0.6561
0.089      0.5476      0.6185      0.4411      0.6556
0.090      0.5472      0.6181      0.4407      0.6552
0.091      0.5468      0.6177      0.4403      0.6548
0.092      0.5464      0.6172      0.4399      0.6544
0.093      0.5460      0.6168      0.4394      0.6540
0.094      0.5456      0.6163      0.4388      0.6536
0.095      0.5452      0.6159      0.4383      0.6532
0.096      0.5448      0.6155      0.4377      0.6528
0.097      0.5444      0.6150      0.4371      0.6524
0.098      0.5440      0.6146      0.4366      0.6520
0.099      0.5436      0.6141      0.4360      0.6516
0.100      0.5432      0.6137      0.4356      0.6512
0.101      0.5428      0.6132      0.4352      0.6508
0.102      0.5424      0.6128      0.4349      0.6504
0.103      0.5420      0.6123      0.4346      0.6500
0.104      0.5416      0.6119      0.4342      0.6496
0.105      0.5412      0.6114      0.4337      0.6492
0.106      0.5407      0.6110      0.4331      0.6488
0.107      0.5403      0.6105      0.4326      0.6484
0.108      0.5399      0.6101      0.4320      0.6479
0.109      0.5395      0.6096      0.4315      0.6475
0.110      0.5391      0.6092      0.4312      0.6470
0.111      0.5387      0.6087      0.4308      0.6466
0.112      0.5382      0.6082      0.4304      0.6462
0.113      0.5378      0.6078      0.4300      0.6459
0.114      0.5374      0.6073      0.4296      0.6456
0.115      0.5370      0.6069      0.4292      0.6452
0.116      0.5366      0.6064      0.4288      0.6448
0.117      0.5361      0.6059      0.4284      0.6444
0.118      0.5357      0.6055      0.4280      0.6440
0.119      0.5353      0.6050      0.4276      0.6436
0.120      0.5349      0.6045      0.4271      0.6431
0.121      0.5344      0.6041      0.4266      0.6427
0.122      0.5340      0.6036      0.4262      0.6423
0.123      0.5336      0.6031      0.4259      0.6419
0.124      0.5331      0.6027      0.4256      0.6415
0.125      0.5327      0.6022      0.4253      0.6411
0.126      0.5323      0.6017      0.4249      0.6406
0.127      0.5318      0.6013      0.4245      0.6402
0.128      0.5314      0.6008      0.4241      0.6398
0.129      0.5310      0.6003      0.4237      0.6394
0.130      0.5305      0.5998      0.4233      0.6390
0.131      0.5301      0.5993      0.4227      0.6385
0.132      0.5297      0.5989      0.4221      0.6381
0.133      0.5292      0.5984      0.4215      0.6377
0.134      0.5288      0.5979      0.4208      0.6373
0.135      0.5283      0.5974      0.4202      0.6368
0.136      0.5279      0.5969      0.4196      0.6364
0.137      0.5275      0.5965      0.4189      0.6360
0.138      0.5270      0.5960      0.4183      0.6355
0.139      0.5266      0.5955      0.4179      0.6351
0.140      0.5261      0.5950      0.4175      0.6347
0.141      0.5257      0.5945      0.4171      0.6342
0.142      0.5252      0.5940      0.4167      0.6338
0.143      0.5248      0.5935      0.4162      0.6334
0.144      0.5243      0.5930      0.4158      0.6329
0.145      0.5239      0.5925      0.4154      0.6325
0.146      0.5234      0.5920      0.4150      0.6321
0.147      0.5230      0.5915      0.4144      0.6316
0.148      0.5225      0.5910      0.4138      0.6312
0.149      0.5221      0.5905      0.4131      0.6307
0.150      0.5216      0.5900      0.4125      0.6304
0.151      0.5211      0.5895      0.4118      0.6300
0.152      0.5207      0.5890      0.4112      0.6297
0.153      0.5202      0.5885      0.4106      0.6293
0.154      0.5198      0.5880      0.4099      0.6289
0.155      0.5193      0.5875      0.4093      0.6286
0.156      0.5188      0.5870      0.4086      0.6282
0.157      0.5184      0.5865      0.4080      0.6279
0.158      0.5179      0.5860      0.4073      0.6275
0.159      0.5174      0.5855      0.4067      0.6271
0.160      0.5170      0.5850      0.4063      0.6268
0.161      0.5165      0.5845      0.4058      0.6264
0.162      0.5160      0.5840      0.4053      0.6262
0.163      0.5156      0.5834      0.4049      0.6259
0.164      0.5151      0.5829      0.4044      0.6256
0.165      0.5146      0.5824      0.4039      0.6253
0.166      0.5141      0.5819      0.4034      0.6250
0.167      0.5137      0.5814      0.4030      0.6244
0.168      0.5132      0.5808      0.4025      0.6238
0.169      0.5127      0.5803      0.4020      0.6234
0.170      0.5122      0.5798      0.4015      0.6231
0.171      0.5117      0.5793      0.4011      0.6227
0.172      0.5113      0.5787      0.4006      0.6223
0.173      0.5108      0.5782      0.4001      0.6219
0.174      0.5103      0.5777      0.3996      0.6216
0.175      0.5098      0.5772      0.3991      0.6211
0.176      0.5093      0.5766      0.3987      0.6207
0.177      0.5088      0.5761      0.3982      0.6203
0.178      0.5084      0.5756      0.3977      0.6200
0.179      0.5079      0.5750      0.3972      0.6196
0.180      0.5074      0.5745      0.3967      0.6193
0.181      0.5069      0.5739      0.3962      0.6189
0.182      0.5064      0.5734      0.3957      0.6185
0.183      0.5059      0.5729      0.3952      0.6181
0.184      0.5054      0.5723      0.3947      0.6177
0.185      0.5049      0.5718      0.3943      0.6173
0.186      0.5044      0.5712      0.3938      0.6169
0.187      0.5039      0.5707      0.3933      0.6166
0.188      0.5034      0.5701      0.3928      0.6161
0.189      0.5029      0.5696      0.3923      0.6156
0.190      0.5024      0.5690      0.3918      0.6151
0.191      0.5019      0.5685      0.3913      0.6146
0.192      0.5014      0.5679      0.3908      0.6141
0.193      0.5009      0.5674      0.3903      0.6137
0.194      0.5004      0.5668      0.3898      0.6134
0.195      0.4999      0.5663      0.3892      0.6131
0.196      0.4993      0.5657      0.3887      0.6129
0.197      0.4988      0.5651      0.3882      0.6126
0.198      0.4983      0.5646      0.3877      0.6122
0.199      0.4978      0.5640      0.3872      0.6118
0.200      0.4973      0.5635      0.3866      0.6114
0.201      0.4968      0.5629      0.3860      0.6110
0.202      0.4963      0.5623      0.3853      0.6106
0.203      0.4957      0.5618      0.3847      0.6102
0.204      0.4952      0.5612      0.3840      0.6098
0.205      0.4947      0.5606      0.3833      0.6094
0.206      0.4942      0.5600      0.3827      0.6090
0.207      0.4936      0.5595      0.3822      0.6085
0.208      0.4931      0.5589      0.3815      0.6080
0.209      0.4926      0.5583      0.3809      0.6074
0.210      0.4921      0.5577      0.3802      0.6069
0.211      0.4915      0.5572      0.3795      0.6064
0.212      0.4910      0.5566      0.3788      0.6058
0.213      0.4905      0.5560      0.3781      0.6053
0.214      0.4899      0.5554      0.3774      0.6048
0.215      0.4894      0.5548      0.3767      0.6043
0.216      0.4889      0.5542      0.3760      0.6039
0.217      0.4883      0.5536      0.3753      0.6035
0.218      0.4878      0.5531      0.3746      0.6031
0.219      0.4872      0.5525      0.3739      0.6027
0.220      0.4867      0.5519      0.3732      0.6023
0.221      0.4861      0.5513      0.3727      0.6019
0.222      0.4856      0.5507      0.3722      0.6015
0.223      0.4851      0.5501      0.3717      0.6011
0.224      0.4845      0.5495      0.3711      0.6007
0.225      0.4840      0.5489      0.3706      0.6003
0.226      0.4834      0.5483      0.3701      0.5999
0.227      0.4829      0.5477      0.3696      0.5995
0.228      0.4823      0.5471      0.3690      0.5991
0.229      0.4817      0.5465      0.3685      0.5987
0.230      0.4812      0.5459      0.3680      0.5983
0.231      0.4806      0.5452      0.3674      0.5976
0.232      0.4801      0.5446      0.3669      0.5972
0.233      0.4795      0.5440      0.3664      0.5968
0.234      0.4789      0.5434      0.3658      0.5962
0.235      0.4784      0.5428      0.3653      0.5955
0.236      0.4778      0.5422      0.3647      0.5948
0.237      0.4772      0.5415      0.3641      0.5941
0.238      0.4767      0.5409      0.3634      0.5934
0.239      0.4761      0.5403      0.3629      0.5928
0.240      0.4755      0.5397      0.3623      0.5923
0.241      0.4750      0.5390      0.3618      0.5919
0.242      0.4744      0.5384      0.3613      0.5914
0.243      0.4738      0.5378      0.3607      0.5910
0.244      0.4732      0.5372      0.3602      0.5906
0.245      0.4727      0.5365      0.3594      0.5901
0.246      0.4721      0.5359      0.3586      0.5897
0.247      0.4715      0.5353      0.3577      0.5892
0.248      0.4709      0.5346      0.3568      0.5888
0.249      0.4703      0.5340      0.3559      0.5883
0.250      0.4697      0.5333      0.3550      0.5879
0.251      0.4691      0.5327      0.3541      0.5874
0.252      0.4686      0.5320      0.3532      0.5869
0.253      0.4680      0.5314      0.3524      0.5865
0.254      0.4674      0.5307      0.3517      0.5860
0.255      0.4668      0.5301      0.3508      0.5856
0.256      0.4662      0.5294      0.3501      0.5851
0.257      0.4656      0.5288      0.3494      0.5846
0.258      0.4650      0.5281      0.3489      0.5842
0.259      0.4644      0.5275      0.3483      0.5837
0.260      0.4638      0.5268      0.3475      0.5833
0.261      0.4632      0.5262      0.3469      0.5828
0.262      0.4626      0.5255      0.3462      0.5823
0.263      0.4620      0.5248      0.3456      0.5819
0.264      0.4614      0.5242      0.3450      0.5814
0.265      0.4607      0.5235      0.3443      0.5809
0.266      0.4601      0.5228      0.3436      0.5804
0.267      0.4595      0.5222      0.3428      0.5800
0.268      0.4589      0.5215      0.3421      0.5795
0.269      0.4583      0.5208      0.3413      0.5790
0.270      0.4577      0.5201      0.3407      0.5785
0.271      0.4570      0.5194      0.3401      0.5781
0.272      0.4564      0.5188      0.3393      0.5776
0.273      0.4558      0.5181      0.3386      0.5771
0.274      0.4552      0.5174      0.3379      0.5766
0.275      0.4545      0.5167      0.3372      0.5761
0.276      0.4539      0.5160      0.3365      0.5756
0.277      0.4533      0.5153      0.3357      0.5752
0.278      0.4526      0.5146      0.3349      0.5747
0.279      0.4520      0.5139      0.3341      0.5742
0.280      0.4514      0.5132      0.3333      0.5737
0.281      0.4507      0.5125      0.3325      0.5732
0.282      0.4501      0.5118      0.3318      0.5727
0.283      0.4494      0.5111      0.3310      0.5722
0.284      0.4488      0.5104      0.3302      0.5717
0.285      0.4482      0.5097      0.3294      0.5712
0.286      0.4475      0.5090      0.3286      0.5707
0.287      0.4469      0.5083      0.3278      0.5702
0.288      0.4462      0.5076      0.3270      0.5697
0.289      0.4456      0.5069      0.3262      0.5692
0.290      0.4449      0.5062      0.3254      0.5687
0.291      0.4442      0.5055      0.3245      0.5682
0.292      0.4436      0.5047      0.3237      0.5677
0.293      0.4429      0.5040      0.3229      0.5672
0.294      0.4423      0.5033      0.3221      0.5666
0.295      0.4416      0.5026      0.3213      0.5657
0.296      0.4409      0.5018      0.3205      0.5649
0.297      0.4403      0.5011      0.3196      0.5644
0.298      0.4396      0.5004      0.3188      0.5639
0.299      0.4389      0.4996      0.3180      0.5633
0.300      0.4383      0.4989      0.3172      0.5627
0.301      0.4376      0.4982      0.3163      0.5621
0.302      0.4369      0.4974      0.3155      0.5616
0.303      0.4362      0.4967      0.3147      0.5611
0.304      0.4355      0.4959      0.3138      0.5606
0.305      0.4349      0.4952      0.3130      0.5601
0.306      0.4342      0.4944      0.3121      0.5596
0.307      0.4335      0.4937      0.3113      0.5591
0.308      0.4328      0.4929      0.3105      0.5586
0.309      0.4321      0.4922      0.3097      0.5581
0.310      0.4314      0.4914      0.3089      0.5575
0.311      0.4307      0.4907      0.3082      0.5570
0.312      0.4300      0.4899      0.3074      0.5565
0.313      0.4293      0.4891      0.3066      0.5559
0.314      0.4286      0.4884      0.3058      0.5554
0.315      0.4279      0.4876      0.3050      0.5546
0.316      0.4272      0.4868      0.3043      0.5539
0.317      0.4265      0.4860      0.3035      0.5531
0.318      0.4258      0.4853      0.3027      0.5524
0.319      0.4251      0.4845      0.3019      0.5519
0.320      0.4244      0.4837      0.3011      0.5514
0.321      0.4236      0.4829      0.3003      0.5509
0.322      0.4229      0.4821      0.2995      0.5504
0.323      0.4222      0.4814      0.2987      0.5499
0.324      0.4215      0.4806      0.2979      0.5494
0.325      0.4208      0.4798      0.2971      0.5488
0.326      0.4200      0.4790      0.2963      0.5483
0.327      0.4193      0.4782      0.2955      0.5478
0.328      0.4186      0.4774      0.2946      0.5473
0.329      0.4178      0.4766      0.2938      0.5468
0.330      0.4171      0.4758      0.2930      0.5463
0.331      0.4164      0.4750      0.2922      0.5457
0.332      0.4156      0.4742      0.2914      0.5452
0.333      0.4149      0.4733      0.2905      0.5447
0.334      0.4141      0.4725      0.2897      0.5440
0.335      0.4134      0.4717      0.2889      0.5434
0.336      0.4126      0.4709      0.2880      0.5427
0.337      0.4119      0.4701      0.2872      0.5421
0.338      0.4111      0.4693      0.2864      0.5414
0.339      0.4104      0.4684      0.2855      0.5407
0.340      0.4096      0.4676      0.2847      0.5401
0.341      0.4089      0.4668      0.2838      0.5394
0.342      0.4081      0.4659      0.2830      0.5387
0.343      0.4073      0.4651      0.2821      0.5380
0.344      0.4066      0.4643      0.2813      0.5374
0.345      0.4058      0.4634      0.2804      0.5367
0.346      0.4050      0.4626      0.2796      0.5360
0.347      0.4043      0.4617      0.2787      0.5353
0.348      0.4035      0.4609      0.2778      0.5347
0.349      0.4027      0.4600      0.2770      0.5344
0.350      0.4019      0.4592      0.2761      0.5340
0.351      0.4011      0.4583      0.2752      0.5336
0.352      0.4003      0.4575      0.2744      0.5333
0.353      0.3996      0.4566      0.2735      0.5329
0.354      0.3988      0.4557      0.2726      0.5323
0.355      0.3980      0.4549      0.2717      0.5317
0.356      0.3972      0.4540      0.2708      0.5311
0.357      0.3964      0.4531      0.2699      0.5304
0.358      0.3956      0.4522      0.2690      0.5299
0.359      0.3948      0.4514      0.2681      0.5292
0.360      0.3940      0.4505      0.2670      0.5286
0.361      0.3932      0.4496      0.2661      0.5280
0.362      0.3924      0.4487      0.2653      0.5273
0.363      0.3915      0.4478      0.2644      0.5267
0.364      0.3907      0.4469      0.2635      0.5261
0.365      0.3899      0.4460      0.2626      0.5254
0.366      0.3891      0.4451      0.2615      0.5248
0.367      0.3883      0.4442      0.2604      0.5242
0.368      0.3874      0.4433      0.2593      0.5235
0.369      0.3866      0.4424      0.2585      0.5229
0.370      0.3858      0.4415      0.2577      0.5222
0.371      0.3849      0.4406      0.2569      0.5216
0.372      0.3841      0.4397      0.2561      0.5210
0.373      0.3833      0.4388      0.2553      0.5203
0.374      0.3824      0.4378      0.2544      0.5196
0.375      0.3816      0.4369      0.2534      0.5190
0.376      0.3807      0.4360      0.2525      0.5183
0.377      0.3799      0.4351      0.2515      0.5177
0.378      0.3790      0.4341      0.2506      0.5170
0.379      0.3782      0.4332      0.2496      0.5164
0.380      0.3773      0.4323      0.2486      0.5157
0.381      0.3764      0.4313      0.2474      0.5150
0.382      0.3756      0.4304      0.2461      0.5144
0.383      0.3747      0.4294      0.2448      0.5137
0.384      0.3738      0.4285      0.2436      0.5130
0.385      0.3730      0.4275      0.2423      0.5123
0.386      0.3721      0.4266      0.2413      0.5117
0.387      0.3712      0.4256      0.2403      0.5110
0.388      0.3703      0.4246      0.2394      0.5103
0.389      0.3695      0.4237      0.2384      0.5096
0.390      0.3686      0.4227      0.2375      0.5089
0.391      0.3677      0.4217      0.2365      0.5082
0.392      0.3668      0.4207      0.2356      0.5076
0.393      0.3659      0.4198      0.2346      0.5069
0.394      0.3650      0.4188      0.2336      0.5062
0.395      0.3641      0.4178      0.2326      0.5055
0.396      0.3632      0.4168      0.2314      0.5050
0.397      0.3623      0.4158      0.2302      0.5045
0.398      0.3614      0.4148      0.2290      0.5040
0.399      0.3604      0.4138      0.2277      0.5035
0.400      0.3595      0.4128      0.2265      0.5028
0.401      0.3586      0.4118      0.2253      0.5021
0.402      0.3577      0.4108      0.2241      0.5014
0.403      0.3568      0.4098      0.2228      0.5007
0.404      0.3558      0.4088      0.2216      0.5000
0.405      0.3549      0.4078      0.2204      0.4992
0.406      0.3540      0.4067      0.2192      0.4985
0.407      0.3530      0.4057      0.2182      0.4978
0.408      0.3521      0.4047      0.2173      0.4971
0.409      0.3511      0.4036      0.2164      0.4963
0.410      0.3502      0.4026      0.2153      0.4954
0.411      0.3492      0.4016      0.2140      0.4946
0.412      0.3483      0.4005      0.2128      0.4938
0.413      0.3473      0.3995      0.2117      0.4932
0.414      0.3464      0.3984      0.2107      0.4926
0.415      0.3454      0.3974      0.2096      0.4919
0.416      0.3444      0.3963      0.2086      0.4912
0.417      0.3435      0.3952      0.2075      0.4904
0.418      0.3425      0.3942      0.2064      0.4896
0.419      0.3415      0.3931      0.2053      0.4887
0.420      0.3405      0.3920      0.2043      0.4881
0.421      0.3395      0.3910      0.2032      0.4873
0.422      0.3386      0.3899      0.2023      0.4863
0.423      0.3376      0.3888      0.2015      0.4853
0.424      0.3366      0.3877      0.2007      0.4844
0.425      0.3356      0.3866      0.1995      0.4834
0.426      0.3346      0.3855      0.1983      0.4827
0.427      0.3336      0.3844      0.1970      0.4819
0.428      0.3326      0.3833      0.1958      0.4811
0.429      0.3315      0.3822      0.1945      0.4803
0.430      0.3305      0.3811      0.1933      0.4795
0.431      0.3295      0.3800      0.1920      0.4787
0.432      0.3285      0.3789      0.1907      0.4779
0.433      0.3275      0.3778      0.1894      0.4772
0.434      0.3264      0.3766      0.1881      0.4764
0.435      0.3254      0.3755      0.1868      0.4756
0.436      0.3244      0.3744      0.1855      0.4749
0.437      0.3233      0.3732      0.1842      0.4743
0.438      0.3223      0.3721      0.1829      0.4737
0.439      0.3212      0.3709      0.1816      0.4731
0.440      0.3202      0.3698      0.1802      0.4724
0.441      0.3191      0.3686      0.1788      0.4715
0.442      0.3181      0.3675      0.1774      0.4705
0.443      0.3170      0.3663      0.1760      0.4696
0.444      0.3159      0.3651      0.1746      0.4686
0.445      0.3149      0.3640      0.1732      0.4677
0.446      0.3138      0.3628      0.1717      0.4670
0.447      0.3127      0.3616      0.1702      0.4662
0.448      0.3116      0.3604      0.1689      0.4655
0.449      0.3105      0.3592      0.1677      0.4647
0.450      0.3094      0.3580      0.1664      0.4639
0.451      0.3083      0.3568      0.1650      0.4632
0.452      0.3072      0.3556      0.1636      0.4624
0.453      0.3061      0.3544      0.1622      0.4616
0.454      0.3050      0.3532      0.1608      0.4608
0.455      0.3039      0.3520      0.1594      0.4599
0.456      0.3028      0.3508      0.1580      0.4590
0.457      0.3017      0.3496      0.1565      0.4582
0.458      0.3006      0.3483      0.1553      0.4573
0.459      0.2994      0.3471      0.1541      0.4564
0.460      0.2983      0.3459      0.1528      0.4556
0.461      0.2972      0.3446      0.1516      0.4547
0.462      0.2960      0.3434      0.1500      0.4538
0.463      0.2949      0.3421      0.1484      0.4529
0.464      0.2937      0.3409      0.1467      0.4520
0.465      0.2926      0.3396      0.1450      0.4512
0.466      0.2914      0.3383      0.1435      0.4503
0.467      0.2903      0.3371      0.1420      0.4494
0.468      0.2891      0.3358      0.1405      0.4485
0.469      0.2879      0.3345      0.1389      0.4476
0.470      0.2868      0.3332      0.1373      0.4467
0.471      0.2856      0.3319      0.1357      0.4458
0.472      0.2844      0.3307      0.1341      0.4448
0.473      0.2832      0.3294      0.1327      0.4439
0.474      0.2820      0.3280      0.1315      0.4430
0.475      0.2808      0.3267      0.1300      0.4421
0.476      0.2796      0.3254      0.1284      0.4411
0.477      0.2784      0.3241      0.1269      0.4402
0.478      0.2772      0.3228      0.1254      0.4393
0.479      0.2760      0.3215      0.1240      0.4383
0.480      0.2748      0.3201      0.1226      0.4374
0.481      0.2735      0.3188      0.1212      0.4365
0.482      0.2723      0.3174      0.1198      0.4355
0.483      0.2711      0.3161      0.1184      0.4346
0.484      0.2698      0.3147      0.1170      0.4336
0.485      0.2686      0.3134      0.1153      0.4326
0.486      0.2673      0.3120      0.1137      0.4317
0.487      0.2661      0.3106      0.1122      0.4307
0.488      0.2648      0.3093      0.1108      0.4297
0.489      0.2636      0.3079      0.1092      0.4288
0.490      0.2623      0.3065      0.1076      0.4278
0.491      0.2610      0.3051      0.1062      0.4268
0.492      0.2597      0.3037      0.1048      0.4258
0.493      0.2585      0.3023      0.1034      0.4248
0.494      0.2572      0.3009      0.1018      0.4238
0.495      0.2559      0.2995      0.1004      0.4228
0.496      0.2546      0.2980      0.0988      0.4218
0.497      0.2533      0.2966      0.0971      0.4208
0.498      0.2520      0.2952      0.0955      0.4198
0.499      0.2506      0.2938      0.0938      0.4188
0.500      0.2493      0.2923      0.0922      0.4178
0.501      0.2480      0.2909      0.0905      0.4168
0.502      0.2467      0.2894      0.0888      0.4157
0.503      0.2453      0.2879      0.0871      0.4147
0.504      0.2440      0.2865      0.0854      0.4137
0.505      0.2426      0.2850      0.0837      0.4126
0.506      0.2413      0.2835      0.0821      0.4116
0.507      0.2399      0.2820      0.0804      0.4105
0.508      0.2386      0.2806      0.0786      0.4095
0.509      0.2372      0.2791      0.0769      0.4084
0.510      0.2358      0.2776      0.0752      0.4074
0.511      0.2344      0.2760      0.0734      0.4063
0.512      0.2331      0.2745      0.0717      0.4052
0.513      0.2317      0.2730      0.0697      0.4042
0.514      0.2303      0.2715      0.0677      0.4031
0.515      0.2289      0.2699      0.0658      0.4020
0.516      0.2275      0.2684      0.0638      0.4009
0.517      0.2260      0.2669      0.0621      0.3998
0.518      0.2246      0.2653      0.0607      0.3987
0.519      0.2232      0.2637      0.0593      0.3976
0.520      0.2218      0.2622      0.0575      0.3965
0.521      0.2203      0.2606      0.0556      0.3954
0.522      0.2189      0.2590      0.0538      0.3943
0.523      0.2174      0.2574      0.0520      0.3931
0.524      0.2160      0.2559      0.0502      0.3917
0.525      0.2145      0.2543      0.0481      0.3906
0.526      0.2131      0.2526      0.0461      0.3895
0.527      0.2116      0.2510      0.0441      0.3884
0.528      0.2101      0.2494      0.0420      0.3874
0.529      0.2086      0.2478      0.0400      0.3863
0.530      0.2071      0.2462      0.0379      0.3849
0.531      0.2056      0.2445      0.0358      0.3836
0.532      0.2041      0.2429      0.0338      0.3825
0.533      0.2026      0.2412      0.0317      0.3813
0.534      0.2011      0.2396      0.0296      0.3801
0.535      0.1996      0.2379      0.0275      0.3789
0.536      0.1980      0.2362      0.0255      0.3777
0.537      0.1965      0.2345      0.0239      0.3765
0.538      0.1949      0.2328      0.0223      0.3753
0.539      0.1934      0.2311      0.0206      0.3741
0.540      0.1918      0.2294      0.0185      0.3729
0.541      0.1903      0.2277      0.0165      0.3717
0.542      0.1887      0.2260      0.0144      0.3704
0.543      0.1871      0.2243      0.0124      0.3692
0.544      0.1855      0.2225      0.0104      0.3680
0.545      0.1839      0.2208      0.0082      0.3667
0.546      0.1823      0.2190      0.0060      0.3656
0.547      0.1807      0.2173      0.0039      0.3644
0.548      0.1791      0.2155      0.0018      0.3633
0.549      0.1775      0.2137     -0.0003      0.3621
0.550      0.1759      0.2120     -0.0025      0.3610
0.551      0.1742      0.2102     -0.0046      0.3598
0.552      0.1726      0.2084     -0.0068      0.3586
0.553      0.1709      0.2066     -0.0090      0.3573
0.554      0.1693      0.2048     -0.0111      0.3560
0.555      0.1676      0.2029     -0.0133      0.3547
0.556      0.1659      0.2011     -0.0155      0.3534
0.557      0.1642      0.1993     -0.0177      0.3521
0.558      0.1626      0.1974     -0.0200      0.3508
0.559      0.1609      0.1956     -0.0223      0.3495
0.560      0.1592      0.1937     -0.0246      0.3482
0.561      0.1574      0.1918     -0.0269      0.3469
0.562      0.1557      0.1900     -0.0293      0.3456
0.563      0.1540      0.1881     -0.0315      0.3442
0.564      0.1523      0.1862     -0.0337      0.3429
0.565      0.1505      0.1843     -0.0359      0.3415
0.566      0.1488      0.1823     -0.0381      0.3402
0.567      0.1470      0.1804     -0.0404      0.3388
0.568      0.1452      0.1785     -0.0427      0.3377
0.569      0.1435      0.1765     -0.0451      0.3366
0.570      0.1417      0.1746     -0.0474      0.3354
0.571      0.1399      0.1726     -0.0498      0.3343
0.572      0.1381      0.1707     -0.0522      0.3331
0.573      0.1363      0.1687     -0.0543      0.3320
0.574      0.1345      0.1667     -0.0567      0.3308
0.575      0.1326      0.1647     -0.0591      0.3297
0.576      0.1308      0.1627     -0.0615      0.3285
0.577      0.1290      0.1607     -0.0639      0.3273
0.578      0.1271      0.1587     -0.0664      0.3261
0.579      0.1252      0.1566     -0.0687      0.3250
0.580      0.1234      0.1546     -0.0710      0.3238
0.581      0.1215      0.1525     -0.0733      0.3226
0.582      0.1196      0.1505     -0.0756      0.3213
0.583      0.1177      0.1484     -0.0780      0.3200
0.584      0.1158      0.1463     -0.0803      0.3186
0.585      0.1139      0.1442     -0.0827      0.3173
0.586      0.1120      0.1421     -0.0851      0.3158
0.587      0.1100      0.1400     -0.0875      0.3139
0.588      0.1081      0.1379     -0.0900      0.3120
0.589      0.1061      0.1357     -0.0925      0.3100
0.590      0.1042      0.1336     -0.0950      0.3087
0.591      0.1022      0.1314     -0.0975      0.3075
0.592      0.1002      0.1293     -0.1000      0.3063
0.593      0.0982      0.1271     -0.1026      0.3051
0.594      0.0962      0.1249     -0.1051      0.3038
0.595      0.0942      0.1227     -0.1077      0.3026
0.596      0.0922      0.1205     -0.1102      0.3014
0.597      0.0902      0.1183     -0.1128      0.3001
0.598      0.0881      0.1160     -0.1154      0.2989
0.599      0.0861      0.1138     -0.1180      0.2976
0.600      0.0840      0.1115     -0.1207      0.2962
0.601      0.0819      0.1093     -0.1233      0.2948
0.602      0.0799      0.1070     -0.1259      0.2933
0.603      0.0778      0.1047     -0.1286      0.2916
0.604      0.0757      0.1024     -0.1313      0.2898
0.605      0.0735      0.1001     -0.1340      0.2880
0.606      0.0714      0.0978     -0.1367      0.2862
0.607      0.0693      0.0954     -0.1394      0.2844
0.608      0.0671      0.0931     -0.1421      0.2826
0.609      0.0650      0.0907     -0.1449      0.2807
0.610      0.0628      0.0884     -0.1476      0.2789
0.611      0.0606      0.0860     -0.1504      0.2770
0.612      0.0584      0.0836     -0.1532      0.2754
0.613      0.0562      0.0812     -0.1560      0.2743
0.614      0.0540      0.0788     -0.1588      0.2732
0.615      0.0518      0.0763     -0.1617      0.2722
0.616      0.0496      0.0739     -0.1645      0.2710
0.617      0.0473      0.0714     -0.1674      0.2692
0.618      0.0451      0.0689     -0.1703      0.2674
0.619      0.0428      0.0665     -0.1732      0.2660
0.620      0.0405      0.0640     -0.1761      0.2646
0.621      0.0382      0.0615     -0.1790      0.2633
0.622      0.0359      0.0589     -0.1819      0.2619
0.623      0.0336      0.0564     -0.1849      0.2605
0.624      0.0313      0.0538     -0.1880      0.2590
0.625      0.0289      0.0513     -0.1911      0.2574
0.626      0.0265      0.0487     -0.1943      0.2557
0.627      0.0242      0.0461     -0.1975      0.2540
0.628      0.0218      0.0435     -0.2007      0.2523
0.629      0.0194      0.0409     -0.2039      0.2507
0.630      0.0170      0.0383     -0.2071      0.2490
0.631      0.0146      0.0356     -0.2104      0.2473
0.632      0.0121      0.0329     -0.2136      0.2456
0.633      0.0097      0.0303     -0.2169      0.2438
0.634      0.0072      0.0276     -0.2202      0.2419
0.635      0.0048      0.0249     -0.2236      0.2400
0.636      0.0023      0.0221     -0.2269      0.2380
0.637     -0.0002      0.0194     -0.2303      0.2360
0.638     -0.0028      0.0167     -0.2336      0.2340
0.639     -0.0053      0.0139     -0.2372      0.2320
0.640     -0.0078      0.0111     -0.2409      0.2300
0.641     -0.0104      0.0083     -0.2445      0.2280
0.642     -0.0130      0.0055     -0.2482      0.2259
0.643     -0.0155      0.0027     -0.2519      0.2239
0.644     -0.0181     -0.0002     -0.2556      0.2219
0.645     -0.0208     -0.0030     -0.2593      0.2205
0.646     -0.0234     -0.0059     -0.2631      0.2192
0.647     -0.0260     -0.0088     -0.2668      0.2172
0.648     -0.0287     -0.0117     -0.2701      0.2152
0.649     -0.0314     -0.0146     -0.2731      0.2133
0.650     -0.0341     -0.0176     -0.2762      0.2113
0.651     -0.0368     -0.0205     -0.2793      0.2092
0.652     -0.0395     -0.0235     -0.2830      0.2072
0.653     -0.0422     -0.0265     -0.2866      0.2052
0.654     -0.0450     -0.0295     -0.2904      0.2031
0.655     -0.0478     -0.0326     -0.2941      0.2011
0.656     -0.0505     -0.0356     -0.2978      0.1990
0.657     -0.0533     -0.0387     -0.3016      0.1969
0.658     -0.0562     -0.0417     -0.3053      0.1948
0.659     -0.0590     -0.0448     -0.3092      0.1927
0.660     -0.0619     -0.0480     -0.3130      0.1906
0.661     -0.0647     -0.0511     -0.3168      0.1885
0.662     -0.0676     -0.0543     -0.3206      0.1864
0.663     -0.0705     -0.0574     -0.3243      0.1844
0.664     -0.0734     -0.0606     -0.3280      0.1824
0.665     -0.0764     -0.0638     -0.3317      0.1803
0.666     -0.0793     -0.0671     -0.3355      0.1783
0.667     -0.0823     -0.0703     -0.3393      0.1762
0.668     -0.0853     -0.0736     -0.3431      0.1742
0.669     -0.0883     -0.0769     -0.3467      0.1721
0.670     -0.0913     -0.0802     -0.3501      0.1700
0.671     -0.0944     -0.0835     -0.3535      0.1679
0.672     -0.0974     -0.0869     -0.3577      0.1658
0.673     -0.1005     -0.0902     -0.3620      0.1636
0.674     -0.1036     -0.0936     -0.3663      0.1615
0.675     -0.1067     -0.0970     -0.3704      0.1593
0.676     -0.1099     -0.1005     -0.3744      0.1569
0.677     -0.1130     -0.1039     -0.3784      0.1548
0.678     -0.1162     -0.1074     -0.3826      0.1528
0.679     -0.1194     -0.1109     -0.3870      0.1506
0.680     -0.1226     -0.1144     -0.3914      0.1484
0.681     -0.1259     -0.1180     -0.3959      0.1461
0.682     -0.1291     -0.1215     -0.4003      0.1436
0.683     -0.1324     -0.1251     -0.4048      0.1411
0.684     -0.1357     -0.1287     -0.4094      0.1385
0.685     -0.1390     -0.1324     -0.4139      0.1359
0.686     -0.1424     -0.1360     -0.4185      0.1333
0.687     -0.1457     -0.1397     -0.4231      0.1307
0.688     -0.1491     -0.1434     -0.4278      0.1281
0.689     -0.1525     -0.1471     -0.4324      0.1254
0.690     -0.1560     -0.1509     -0.4372      0.1227
0.691     -0.1594     -0.1546     -0.4419      0.1200
0.692     -0.1629     -0.1584     -0.4467      0.1173
0.693     -0.1664     -0.1623     -0.4514      0.1147
0.694     -0.1699     -0.1661     -0.4563      0.1122
0.695     -0.1734     -0.1700     -0.4611      0.1098
0.696     -0.1770     -0.1739     -0.4660      0.1074
0.697     -0.1806     -0.1778     -0.4710      0.1049
0.698     -0.1842     -0.1818     -0.4759      0.1024
0.699     -0.1878     -0.1857     -0.4809      0.0999
0.700     -0.1915     -0.1897     -0.4858      0.0974
0.701     -0.1952     -0.1938     -0.4907      0.0949
0.702     -0.1989     -0.1978     -0.4956      0.0924
0.703     -0.2026     -0.2019     -0.5005      0.0898
0.704     -0.2064     -0.2060     -0.5054      0.0872
0.705     -0.2102     -0.2102     -0.5104      0.0846
0.706     -0.2140     -0.2143     -0.5154      0.0820
0.707     -0.2178     -0.2185     -0.5208      0.0794
0.708     -0.2217     -0.2228     -0.5262      0.0767
0.709     -0.2256     -0.2270     -0.5313      0.0741
0.710     -0.2295     -0.2313     -0.5365      0.0714
0.711     -0.2335     -0.2356     -0.5417      0.0687
0.712     -0.2374     -0.2400     -0.5469      0.0659
0.713     -0.2414     -0.2443     -0.5522      0.0632
0.714     -0.2455     -0.2487     -0.5570      0.0604
0.715     -0.2495     -0.2532     -0.5622      0.0576
0.716     -0.2536     -0.2576     -0.5675      0.0548
0.717     -0.2577     -0.2621     -0.5730      0.0516
0.718     -0.2619     -0.2667     -0.5784      0.0490
0.719     -0.2660     -0.2712     -0.5839      0.0463
0.720     -0.2702     -0.2758     -0.5894      0.0434
0.721     -0.2745     -0.2805     -0.5950      0.0405
0.722     -0.2787     -0.2851     -0.6006      0.0376
0.723     -0.2830     -0.2898     -0.6063      0.0347
0.724     -0.2873     -0.2945     -0.6119      0.0317
0.725     -0.2917     -0.2993     -0.6177      0.0287
0.726     -0.2961     -0.3041     -0.6232      0.0257
0.727     -0.3005     -0.3089     -0.6286      0.0227
0.728     -0.3050     -0.3138     -0.6339      0.0196
0.729     -0.3094     -0.3187     -0.6394      0.0165
0.730     -0.3140     -0.3236     -0.6448      0.0134
0.731     -0.3185     -0.3286     -0.6503      0.0103
0.732     -0.3231     -0.3336     -0.6559      0.0072
0.733     -0.3277     -0.3387     -0.6615      0.0040
0.734     -0.3324     -0.3438     -0.6671      0.0008
0.735     -0.3371     -0.3489     -0.6728     -0.0025
0.736     -0.3418     -0.3541     -0.6785     -0.0057
0.737     -0.3466     -0.3593     -0.6843     -0.0089
0.738     -0.3514     -0.3645     -0.6901     -0.0122
0.739     -0.3562     -0.3698     -0.6959     -0.0155
0.740     -0.3611     -0.3751     -0.7018     -0.0189
0.741     -0.3660     -0.3805     -0.7077     -0.0222
0.742     -0.3709     -0.3859     -0.7137     -0.0256
0.743     -0.3759     -0.3914     -0.7198     -0.0290
0.744     -0.3809     -0.3969     -0.7261     -0.0325
0.745     -0.3860     -0.4024     -0.7329     -0.0360
0.746     -0.3911     -0.4080     -0.7398     -0.0395
0.747     -0.3962     -0.4136     -0.7468     -0.0430
0.748     -0.4014     -0.4193     -0.7538     -0.0465
0.749     -0.4067     -0.4250     -0.7608     -0.0501
0.750     -0.4119     -0.4308     -0.7680     -0.0537
0.751     -0.4172     -0.4366     -0.7751     -0.0574
0.752     -0.4226     -0.4424     -0.7824     -0.0611
0.753     -0.4280     -0.4483     -0.7897     -0.0649
0.754     -0.4334     -0.4543     -0.7970     -0.0687
0.755     -0.4389     -0.4603     -0.8044     -0.0724
0.756     -0.4444     -0.4663     -0.8119     -0.0762
0.757     -0.4500     -0.4724     -0.8194     -0.0800
0.758     -0.4556     -0.4786     -0.8270     -0.0838
0.759     -0.4613     -0.4848     -0.8347     -0.0876
0.760     -0.4670     -0.4910     -0.8424     -0.0915
0.761     -0.4728     -0.4973     -0.8502     -0.0955
0.762     -0.4786     -0.5037     -0.8576     -0.0995
0.763     -0.4845     -0.5101     -0.8650     -0.1035
0.764     -0.4904     -0.5166     -0.8724     -0.1076
0.765     -0.4963     -0.5231     -0.8800     -0.1116
0.766     -0.5024     -0.5297     -0.8876     -0.1161
0.767     -0.5084     -0.5363     -0.8952     -0.1207
0.768     -0.5145     -0.5430     -0.9030     -0.1254
0.769     -0.5207     -0.5497     -0.9108     -0.1296
0.770     -0.5269     -0.5565     -0.9187     -0.1335
0.771     -0.5332     -0.5634     -0.9266     -0.1374
0.772     -0.5395     -0.5703     -0.9346     -0.1414
0.773     -0.5459     -0.5773     -0.9427     -0.1456
0.774     -0.5524     -0.5843     -0.9508     -0.1501
0.775     -0.5589     -0.5915     -0.9590     -0.1545
0.776     -0.5654     -0.5986     -0.9673     -0.1590
0.777     -0.5720     -0.6059     -0.9757     -0.1636
0.778     -0.5787     -0.6132     -0.9844     -0.1681
0.779     -0.5855     -0.6205     -0.9934     -0.1728
0.780     -0.5923     -0.6280     -1.0025     -0.1774
0.781     -0.5991     -0.6355     -1.0116     -0.1821
0.782     -0.6061     -0.6430     -1.0208     -0.1869
0.783     -0.6130     -0.6507     -1.0301     -0.1917
0.784     -0.6201     -0.6584     -1.0395     -0.1965
0.785     -0.6272     -0.6662     -1.0490     -0.2014
0.786     -0.6344     -0.6740     -1.0582     -0.2063
0.787     -0.6417     -0.6820     -1.0674     -0.2113
0.788     -0.6490     -0.6900     -1.0768     -0.2163
0.789     -0.6564     -0.6981     -1.0865     -0.2214
0.790     -0.6638     -0.7062     -1.0968     -0.2265
0.791     -0.6714     -0.7145     -1.1073     -0.2317
0.792     -0.6790     -0.7228     -1.1179     -0.2369
0.793     -0.6866     -0.7312     -1.1281     -0.2422
0.794     -0.6944     -0.7397     -1.1384     -0.2475
0.795     -0.7022     -0.7482     -1.1488     -0.2529
0.796     -0.7101     -0.7569     -1.1593     -0.2583
0.797     -0.7181     -0.7656     -1.1693     -0.2637
0.798     -0.7262     -0.7744     -1.1795     -0.2693
0.799     -0.7343     -0.7833     -1.1897     -0.2749
0.800     -0.7425     -0.7923     -1.2009     -0.2805
0.801     -0.7509     -0.8014     -1.2122     -0.2862
0.802     -0.7592     -0.8106     -1.2237     -0.2920
0.803     -0.7677     -0.8198     -1.2353     -0.2978
0.804     -0.7763     -0.8292     -1.2470     -0.3036
0.805     -0.7849     -0.8387     -1.2589     -0.3096
0.806     -0.7937     -0.8482     -1.2706     -0.3156
0.807     -0.8025     -0.8579     -1.2823     -0.3216
0.808     -0.8114     -0.8676     -1.2942     -0.3277
0.809     -0.8204     -0.8775     -1.3060     -0.3339
0.810     -0.8296     -0.8875     -1.3174     -0.3400
0.811     -0.8388     -0.8975     -1.3289     -0.3458
0.812     -0.8481     -0.9077     -1.3408     -0.3517
0.813     -0.8575     -0.9180     -1.3536     -0.3578
0.814     -0.8670     -0.9284     -1.3664     -0.3639
0.815     -0.8766     -0.9389     -1.3787     -0.3701
0.816     -0.8863     -0.9495     -1.3913     -0.3768
0.817     -0.8961     -0.9602     -1.4039     -0.3838
0.818     -0.9060     -0.9711     -1.4167     -0.3908
0.819     -0.9161     -0.9821     -1.4296     -0.3976
0.820     -0.9262     -0.9932     -1.4427     -0.4043
0.821     -0.9365     -1.0044     -1.4559     -0.4111
0.822     -0.9469     -1.0157     -1.4697     -0.4180
0.823     -0.9574     -1.0272     -1.4834     -0.4251
0.824     -0.9680     -1.0388     -1.4979     -0.4320
0.825     -0.9787     -1.0506     -1.5125     -0.4395
0.826     -0.9896     -1.0624     -1.5273     -0.4468
0.827     -1.0005     -1.0744     -1.5423     -0.4544
0.828     -1.0117     -1.0866     -1.5575     -0.4620
0.829     -1.0229     -1.0989     -1.5728     -0.4696
0.830     -1.0343     -1.1113     -1.5883     -0.4774
0.831     -1.0458     -1.1239     -1.6040     -0.4852
0.832     -1.0574     -1.1366     -1.6199     -0.4931
0.833     -1.0692     -1.1495     -1.6359     -0.5011
0.834     -1.0811     -1.1626     -1.6520     -0.5093
0.835     -1.0932     -1.1758     -1.6684     -0.5175
0.836     -1.1054     -1.1891     -1.6850     -0.5258
0.837     -1.1178     -1.2026     -1.7018     -0.5342
0.838     -1.1303     -1.2163     -1.7188     -0.5427
0.839     -1.1430     -1.2302     -1.7356     -0.5513
0.840     -1.1558     -1.2442     -1.7527     -0.5601
0.841     -1.1688     -1.2584     -1.7701     -0.5689
0.842     -1.1820     -1.2728     -1.7879     -0.5779
0.843     -1.1953     -1.2874     -1.8060     -0.5869
0.844     -1.2088     -1.3022     -1.8243     -0.5961
0.845     -1.2225     -1.3171     -1.8424     -0.6054
0.846     -1.2363     -1.3323     -1.8606     -0.6146
0.847     -1.2504     -1.3476     -1.8791     -0.6239
0.848     -1.2646     -1.3632     -1.8978     -0.6333
0.849     -1.2790     -1.3789     -1.9168     -0.6428
0.850     -1.2936     -1.3949     -1.9361     -0.6524
0.851     -1.3084     -1.4110     -1.9558     -0.6623
0.852     -1.3234     -1.4274     -1.9758     -0.6727
0.853     -1.3386     -1.4441     -1.9960     -0.6833
0.854     -1.3540     -1.4609     -2.0165     -0.6940
0.855     -1.3696     -1.4780     -2.0373     -0.7049
0.856     -1.3854     -1.4953     -2.0584     -0.7159
0.857     -1.4015     -1.5129     -2.0798     -0.7271
0.858     -1.4178     -1.5307     -2.1014     -0.7382
0.859     -1.4343     -1.5487     -2.1234     -0.7495
0.860     -1.4510     -1.5670     -2.1457     -0.7609
0.861     -1.4680     -1.5856     -2.1683     -0.7724
0.862     -1.4853     -1.6045     -2.1913     -0.7841
0.863     -1.5027     -1.6236     -2.2146     -0.7960
0.864     -1.5205     -1.6430     -2.2382     -0.8069
0.865     -1.5385     -1.6627     -2.2622     -0.8178
0.866     -1.5568     -1.6827     -2.2863     -0.8293
0.867     -1.5753     -1.7030     -2.3107     -0.8428
0.868     -1.5942     -1.7235     -2.3356     -0.8567
0.869     -1.6133     -1.7445     -2.3608     -0.8707
0.870     -1.6327     -1.7657     -2.3864     -0.8844
0.871     -1.6524     -1.7872     -2.4123     -0.8978
0.872     -1.6724     -1.8091     -2.4387     -0.9115
0.873     -1.6928     -1.8314     -2.4652     -0.9253
0.874     -1.7134     -1.8540     -2.4920     -0.9393
0.875     -1.7344     -1.8769     -2.5186     -0.9540
0.876     -1.7557     -1.9002     -2.5450     -0.9690
0.877     -1.7774     -1.9240     -2.5726     -0.9834
0.878     -1.7995     -1.9480     -2.6019     -0.9979
0.879     -1.8219     -1.9725     -2.6319     -1.0131
0.880     -1.8446     -1.9974     -2.6616     -1.0286
0.881     -1.8678     -2.0228     -2.6915     -1.0443
0.882     -1.8913     -2.0485     -2.7225     -1.0604
0.883     -1.9153     -2.0747     -2.7540     -1.0766
0.884     -1.9396     -2.1013     -2.7861     -1.0932
0.885     -1.9644     -2.1284     -2.8188     -1.1101
0.886     -1.9896     -2.1560     -2.8527     -1.1272
0.887     -2.0153     -2.1841     -2.8872     -1.1447
0.888     -2.0414     -2.2126     -2.9223     -1.1625
0.889     -2.0680     -2.2417     -2.9580     -1.1805
0.890     -2.0951     -2.2713     -2.9944     -1.1990
0.891     -2.1227     -2.3015     -3.0315     -1.2181
0.892     -2.1508     -2.3322     -3.0693     -1.2380
0.893     -2.1794     -2.3635     -3.1071     -1.2583
0.894     -2.2085     -2.3954     -3.1455     -1.2790
0.895     -2.2382     -2.4278     -3.1847     -1.3001
0.896     -2.2685     -2.4609     -3.2246     -1.3215
0.897     -2.2994     -2.4947     -3.2653     -1.3434
0.898     -2.3308     -2.5291     -3.3068     -1.3657
0.899     -2.3629     -2.5642     -3.3491     -1.3885
0.900     -2.3957     -2.6000     -3.3922     -1.4114
0.901     -2.4291     -2.6365     -3.4362     -1.4332
0.902     -2.4631     -2.6738     -3.4812     -1.4555
0.903     -2.4979     -2.7118     -3.5270     -1.4782
0.904     -2.5334     -2.7506     -3.5738     -1.5015
0.905     -2.5697     -2.7903     -3.6216     -1.5252
0.906     -2.6067     -2.8308     -3.6704     -1.5494
0.907     -2.6445     -2.8721     -3.7203     -1.5741
0.908     -2.6832     -2.9144     -3.7712     -1.5999
0.909     -2.7227     -2.9576     -3.8233     -1.6275
0.910     -2.7630     -3.0017     -3.8765     -1.6542
0.911     -2.8043     -3.0468     -3.9309     -1.6814
0.912     -2.8465     -3.0930     -3.9866     -1.7101
0.913     -2.8897     -3.1402     -4.0434     -1.7395
0.914     -2.9339     -3.1886     -4.1012     -1.7695
0.915     -2.9791     -3.2380     -4.1603     -1.8003
0.916     -3.0254     -3.2886     -4.2209     -1.8320
0.917     -3.0728     -3.3405     -4.2829     -1.8650
0.918     -3.1214     -3.3936     -4.3465     -1.8988
0.919     -3.1712     -3.4481     -4.4116     -1.9334
0.920     -3.2222     -3.5038     -4.4783     -1.9689
0.921     -3.2745     -3.5611     -4.5468     -2.0053
0.922     -3.3282     -3.6197     -4.6170     -2.0426
0.923     -3.3832     -3.6799     -4.6890     -2.0809
0.924     -3.4397     -3.7417     -4.7629     -2.1201
0.925     -3.4977     -3.8051     -4.8387     -2.1605
0.926     -3.5573     -3.8703     -4.9167     -2.2019
0.927     -3.6185     -3.9372     -4.9967     -2.2445
0.928     -3.6814     -4.0060     -5.0790     -2.2882
0.929     -3.7461     -4.0767     -5.1636     -2.3332
0.930     -3.8126     -4.1495     -5.2506     -2.3794
0.931     -3.8811     -4.2243     -5.3406     -2.4271
0.932     -3.9515     -4.3014     -5.4334     -2.4761
0.933     -4.0241     -4.3807     -5.5288     -2.5265
0.934     -4.0989     -4.4625     -5.6272     -2.5785
0.935     -4.1759     -4.5468     -5.7286     -2.6321
0.936     -4.2554     -4.6337     -5.8332     -2.6862
0.937     -4.3374     -4.7233     -5.9411     -2.7418
0.938     -4.4221     -4.8159     -6.0525     -2.8007
0.939     -4.5095     -4.9115     -6.1675     -2.8619
0.940     -4.5998     -5.0103     -6.2864     -2.9251
0.941     -4.6932     -5.1124     -6.4093     -2.9901
0.942     -4.7898     -5.2180     -6.5364     -3.0564
0.943     -4.8898     -5.3274     -6.6680     -3.1266
0.944     -4.9934     -5.4407     -6.8043     -3.1997
0.945     -5.1008     -5.5580     -6.9455     -3.2752
0.946     -5.2121     -5.6798     -7.0920     -3.3527
0.947     -5.3276     -5.8061     -7.2440     -3.4330
0.948     -5.4476     -5.9373     -7.4019     -3.5164
0.949     -5.5723     -6.0736     -7.5659     -3.6031
0.950     -5.7019     -6.2154     -7.7365     -3.6933
0.951     -5.8369     -6.3630     -7.9141     -3.7871
0.952     -5.9774     -6.5167     -8.0990     -3.8849
0.953     -6.1240     -6.6769     -8.2919     -3.9868
0.954     -6.2769     -6.8442     -8.4931     -4.0931
0.955     -6.4366     -7.0188     -8.7033     -4.2042
0.956     -6.6036     -7.2014     -8.9230     -4.3203
0.957     -6.7783     -7.3925     -9.1529     -4.4418
0.958     -6.9614     -7.5927     -9.3938     -4.5692
0.959     -7.1534     -7.8026     -9.6464     -4.7027
0.960     -7.3550     -8.0231     -9.9117     -4.8406
0.961     -7.5670     -8.2548    -10.1906     -4.9854
0.962     -7.7901     -8.4988    -10.4842     -5.1378
0.963     -8.0252     -8.7559    -10.7935     -5.2984
0.964     -8.2734     -9.0274    -11.1202     -5.4680
0.965     -8.5358     -9.3143    -11.4654     -5.6472
0.966     -8.8137     -9.6181    -11.8310     -5.8399
0.967     -9.1083     -9.9404    -12.2188     -6.0445
0.968     -9.4214    -10.2827    -12.6307     -6.2620
0.969     -9.7547    -10.6472    -13.0693     -6.4934
0.970    -10.1102    -11.0359    -13.5370     -6.7403
0.971    -10.4903    -11.4515    -14.0371     -7.0043
0.972    -10.8975    -11.8967    -14.5729     -7.2871
0.973    -11.3348    -12.3750    -15.1483     -7.5908
0.974    -11.8057    -12.8900    -15.7680     -7.9178
0.975    -12.3144    -13.4462    -16.4373     -8.2711
0.976    -12.8654    -14.0488    -17.1624     -8.6538
0.977    -13.4644    -14.7037    -17.9505     -9.0679
0.978    -14.1178    -15.4182    -18.8103     -9.5169
0.979    -14.8334    -16.2007    -19.7519    -10.0066
0.980    -15.6206    -17.0616    -20.7878    -10.5454
0.981    -16.4907    -18.0130    -21.9326    -11.1408
0.982    -17.4574    -19.0702    -23.2047    -11.8022
0.983    -18.5380    -20.2516    -24.6264    -12.5418
0.984    -19.7534    -21.5808    -26.2257    -13.3701
0.985    -21.1311    -23.0873    -28.0385    -14.3162
0.986    -22.7056    -24.8090    -30.1102    -15.3938
0.987    -24.5221    -26.7953    -32.5005    -16.6368
0.988    -26.6413    -29.1130    -35.2890    -18.0870
0.989    -29.1462    -31.8517    -38.5850    -19.8013
0.990    -32.1520    -35.1389    -42.5478    -21.8524
0.991    -35.8254    -39.1557    -47.3932    -24.3535
0.992    -40.4177    -44.1773    -53.4505    -27.4916
0.993    -46.3213    -50.6329    -61.2269    -31.5404
0.994    -54.1938    -59.2413    -71.5877    -36.9398
0.995    -65.2154    -71.2932    -86.0939    -44.4835
0.996    -81.7459    -89.3714   -107.8516    -55.7967
0.997   -109.3002   -119.4980   -144.1157    -74.6529
0.998   -164.4025   -179.7581   -216.6441   -112.3666
0.999   -329.7344   -360.5526   -434.3824   -225.5128
