0.001     -8.5476    -10.5012    -13.7663     -3.4686
0.002     -3.7737     -4.7501     -6.3801     -1.2368
0.003     -2.1824     -2.8330     -3.9181     -0.4921
0.004     -1.3868     -1.8745     -2.6870     -0.1198
0.005     -0.9094     -1.2994     -1.9495      0.1036
0.006     -0.5911     -0.9160     -1.4581      0.2525
0.007     -0.3638     -0.6421     -1.1072      0.3586
0.008     -0.1933     -0.4367     -0.8440      0.4377
0.009     -0.0607     -0.2770     -0.6392      0.4992
0.010      0.0454     -0.1492     -0.4755      0.5484
0.011      0.1322     -0.0446     -0.3415      0.5887
0.012      0.2045      0.0425     -0.2298      0.6223
0.013      0.2657      0.1163     -0.1353      0.6507
0.014      0.3182      0.1795     -0.0540      0.6750
0.015      0.3637      0.2342      0.0165      0.6945
0.016      0.4034      0.2822      0.0782      0.7088
0.017      0.4385      0.3244      0.1371      0.7166
0.018      0.4697      0.3620      0.1919      0.7294
0.019      0.4977      0.3957      0.2481      0.7298
0.020      0.5228      0.4259      0.3074      0.7268
0.021      0.5455      0.4533      0.3618      0.7234
0.022      0.5662      0.4782      0.4112      0.7192
0.023      0.5662      0.5009      0.4313      0.6959
0.024      0.5658      0.5039      0.4488      0.6847
0.025      0.5653      0.5034      0.4511      0.6787
0.026      0.5649      0.5029      0.4553      0.6782
0.027      0.5645      0.5025      0.4561      0.6779
0.028      0.5640      0.5020      0.4559      0.6819
0.029      0.5636      0.5015      0.4557      0.6814
0.030      0.5631      0.5011      0.4545      0.6813
0.031      0.5627      0.5006      0.4538      0.6803
0.032      0.5622      0.5001      0.4534      0.6798
0.033      0.5618      0.4997      0.4531      0.6792
0.034      0.5614      0.4992      0.4527      0.6787
0.035      0.5609      0.4987      0.4524      0.6783
0.036      0.5605      0.4982      0.4520      0.6778
0.037      0.5600      0.4978      0.4516      0.6773
0.038      0.5596      0.4973      0.4513      0.6768
0.039      0.5591      0.4968      0.4509      0.6763
0.040      0.5587      0.4963      0.4504      0.6758
0.041      0.5582      0.4958      0.4498      0.6753
0.042      0.5578      0.4954      0.4491      0.6748
0.043      0.5573      0.4949      0.4485      0.6742
0.044      0.5569      0.4944      0.4478      0.6737
0.045      0.5564      0.4939      0.4471      0.6731
0.046      0.5559      0.4934      0.4465      0.6725
0.047      0.5555      0.4929      0.4458      0.6719
0.048      0.5550      0.4925      0.4453      0.6713
0.049      0.5546      0.4920      0.4449      0.6707
0.050      0.5541      0.4915      0.4446      0.6701
0.051      0.5536      0.4910      0.4443      0.6695
0.052      0.5532      0.4905      0.4440      0.6688
0.053      0.5527      0.4900      0.4436      0.6682
0.054      0.5523      0.4895      0.4433      0.6680
0.055      0.5518      0.4890      0.4430      0.6678
0.056      0.5513      0.4885      0.4426      0.6675
0.057      0.5509      0.4880      0.4422      0.6673
0.058      0.5504      0.4875      0.4414      0.6669
0.059      0.5499      0.4870      0.4407      0.6664
0.060      0.5494      0.4865      0.4400      0.6659
0.061      0.5490      0.4860      0.4393      0.6653
0.062      0.5485      0.4855      0.4387      0.6648
0.063      0.5480      0.4850      0.4379      0.6643
0.064      0.5476      0.4845      0.4371      0.6638
0.065      0.5471      0.4840      0.4364      0.6633
0.066      0.5466      0.4835      0.4357      0.6629
0.067      0.5461      0.4830      0.4349      0.6623
0.068      0.5456      0.4825      0.4343      0.6617
0.069      0.5452      0.4820      0.4339      0.6612
0.070      0.5447      0.4815      0.4335      0.6607
0.071      0.5442      0.4810      0.4331      0.6602
0.072      0.5437      0.4805      0.4327      0.6597
0.073      0.5432      0.4800      0.4323      0.6591
0.074      0.5428      0.4794      0.4319      0.6586
0.075      0.5423      0.4789      0.4315      0.6581
0.076      0.5418      0.4784      0.4311      0.6576
0.077      0.5413      0.4779      0.4307      0.6571
0.078      0.5408      0.4774      0.4302      0.6567
0.079      0.5403      0.4769      0.4296      0.6563
0.080      0.5398      0.4763      0.4288      0.6560
0.081      0.5393      0.4758      0.4281      0.6557
0.082      0.5388      0.4753      0.4275      0.6553
0.083      0.5383      0.4748      0.4268      0.6550
0.084      0.5379      0.4742      0.4262      0.6547
0.085      0.5374      0.4737      0.4255      0.6543
0.086      0.5369      0.4732      0.4248      0.6540
0.087      0.5364      0.4727      0.4242      0.6537
0.088      0.5359      0.4721      0.4235      0.6533
0.089      0.5354      0.4716      0.4229      0.6530
0.090      0.5349      0.4711      0.4222      0.6525
0.091      0.5344      0.4705      0.4217      0.6519
0.092      0.5339      0.4700      0.4213      0.6513
0.093      0.5333      0.4695      0.4209      0.6511
0.094      0.5328      0.4689      0.4203      0.6509
0.095      0.5323      0.4684      0.4196      0.6507
0.096      0.5318      0.4679      0.4191      0.6502
0.097      0.5313      0.4673      0.4186      0.6498
0.098      0.5308      0.4668      0.4180      0.6496
0.099      0.5303      0.4662      0.4175      0.6494
0.100      0.5298      0.4657      0.4170      0.6491
0.101      0.5293      0.4651      0.4164      0.6489
0.102      0.5287      0.4646      0.4157      0.6486
0.103      0.5282      0.4640      0.4151      0.6482
0.104      0.5277      0.4635      0.4144      0.6479
0.105      0.5272      0.4629      0.4138      0.6475
0.106      0.5267      0.4624      0.4130      0.6470
0.107      0.5262      0.4618      0.4123      0.6465
0.108      0.5256      0.4613      0.4118      0.6460
0.109      0.5251      0.4607      0.4110      0.6454
0.110      0.5246      0.4602      0.4101      0.6452
0.111      0.5241      0.4596      0.4092      0.6448
0.112      0.5235      0.4591      0.4084      0.6443
0.113      0.5230      0.4585      0.4076      0.6438
0.114      0.5225      0.4579      0.4068      0.6433
0.115      0.5219      0.4574      0.4060      0.6428
0.116      0.5214      0.4568      0.4052      0.6423
0.117      0.5209      0.4562      0.4045      0.6418
0.118      0.5203      0.4557      0.4037      0.6413
0.119      0.5198      0.4551      0.4032      0.6408
0.120      0.5193      0.4545      0.4026      0.6402
0.121      0.5187      0.4540      0.4020      0.6397
0.122      0.5182      0.4534      0.4012      0.6392
0.123      0.5177      0.4528      0.4006      0.6387
0.124      0.5171      0.4523      0.4000      0.6382
0.125      0.5166      0.4517      0.3994      0.6377
0.126      0.5160      0.4511      0.3989      0.6371
0.127      0.5155      0.4505      0.3983      0.6366
0.128      0.5149      0.4499      0.3977      0.6361
0.129      0.5144      0.4494      0.3971      0.6356
0.130      0.5138      0.4488      0.3965      0.6351
0.131      0.5133      0.4482      0.3960      0.6345
0.132      0.5127      0.4476      0.3954      0.6340
0.133      0.5122      0.4470      0.3948      0.6335
0.134      0.5116      0.4464      0.3941      0.6329
0.135      0.5111      0.4459      0.3934      0.6324
0.136      0.5105      0.4453      0.3927      0.6319
0.137      0.5100      0.4447      0.3919      0.6314
0.138      0.5094      0.4441      0.3912      0.6308
0.139      0.5088      0.4435      0.3905      0.6303
0.140      0.5083      0.4429      0.3898      0.6297
0.141      0.5077      0.4423      0.3891      0.6292
0.142      0.5072      0.4417      0.3884      0.6287
0.143      0.5066      0.4411      0.3877      0.6281
0.144      0.5060      0.4405      0.3870      0.6276
0.145      0.5055      0.4399      0.3861      0.6270
0.146      0.5049      0.4393      0.3852      0.6265
0.147      0.5043      0.4387      0.3846      0.6260
0.148      0.5037      0.4381      0.3841      0.6255
0.149      0.5032      0.4375      0.3833      0.6250
0.150      0.5026      0.4369      0.3827      0.6247
0.151      0.5020      0.4362      0.3822      0.6248
0.152      0.5014      0.4356      0.3816      0.6250
0.153      0.5009      0.4350      0.3810      0.6245
0.154      0.5003      0.4344      0.3801      0.6239
0.155      0.4997      0.4338      0.3793      0.6233
0.156      0.4991      0.4332      0.3787      0.6227
0.157      0.4985      0.4325      0.3781      0.6221
0.158      0.4979      0.4319      0.3775      0.6215
0.159      0.4974      0.4313      0.3769      0.6209
0.160      0.4968      0.4307      0.3763      0.6203
0.161      0.4962      0.4300      0.3755      0.6197
0.162      0.4956      0.4294      0.3747      0.6193
0.163      0.4950      0.4288      0.3738      0.6189
0.164      0.4944      0.4282      0.3728      0.6185
0.165      0.4938      0.4275      0.3721      0.6181
0.166      0.4932      0.4269      0.3710      0.6177
0.167      0.4926      0.4263      0.3700      0.6173
0.168      0.4920      0.4256      0.3692      0.6169
0.169      0.4914      0.4250      0.3684      0.6165
0.170      0.4908      0.4243      0.3677      0.6161
0.171      0.4902      0.4237      0.3669      0.6157
0.172      0.4896      0.4231      0.3661      0.6153
0.173      0.4890      0.4224      0.3654      0.6147
0.174      0.4884      0.4218      0.3649      0.6145
0.175      0.4878      0.4211      0.3644      0.6141
0.176      0.4871      0.4205      0.3636      0.6137
0.177      0.4865      0.4198      0.3626      0.6133
0.178      0.4859      0.4192      0.3615      0.6129
0.179      0.4853      0.4185      0.3607      0.6125
0.180      0.4847      0.4179      0.3601      0.6121
0.181      0.4841      0.4172      0.3594      0.6116
0.182      0.4834      0.4165      0.3587      0.6112
0.183      0.4828      0.4159      0.3583      0.6108
0.184      0.4822      0.4152      0.3578      0.6104
0.185      0.4816      0.4146      0.3568      0.6100
0.186      0.4809      0.4139      0.3559      0.6096
0.187      0.4803      0.4132      0.3552      0.6092
0.188      0.4797      0.4126      0.3545      0.6087
0.189      0.4791      0.4119      0.3538      0.6084
0.190      0.4784      0.4112      0.3531      0.6079
0.191      0.4778      0.4105      0.3523      0.6075
0.192      0.4771      0.4099      0.3512      0.6071
0.193      0.4765      0.4092      0.3501      0.6066
0.194      0.4759      0.4085      0.3490      0.6062
0.195      0.4752      0.4078      0.3480      0.6058
0.196      0.4746      0.4072      0.3472      0.6054
0.197      0.4739      0.4065      0.3462      0.6049
0.198      0.4733      0.4058      0.3451      0.6045
0.199      0.4726      0.4051      0.3441      0.6041
0.200      0.4720      0.4044      0.3430      0.6036
0.201      0.4713      0.4037      0.3423      0.6032
0.202      0.4707      0.4030      0.3415      0.6026
0.203      0.4700      0.4023      0.3403      0.6019
0.204      0.4694      0.4016      0.3392      0.6012
0.205      0.4687      0.4009      0.3380      0.6005
0.206      0.4681      0.4002      0.3369      0.5998
0.207      0.4674      0.3995      0.3357      0.5991
0.208      0.4667      0.3988      0.3345      0.5984
0.209      0.4661      0.3981      0.3334      0.5977
0.210      0.4654      0.3974      0.3322      0.5970
0.211      0.4648      0.3967      0.3310      0.5963
0.212      0.4641      0.3960      0.3299      0.5959
0.213      0.4634      0.3953      0.3290      0.5957
0.214      0.4627      0.3946      0.3282      0.5954
0.215      0.4621      0.3939      0.3275      0.5951
0.216      0.4614      0.3932      0.3267      0.5946
0.217      0.4607      0.3924      0.3259      0.5940
0.218      0.4600      0.3917      0.3251      0.5936
0.219      0.4593      0.3910      0.3243      0.5932
0.220      0.4587      0.3903      0.3235      0.5929
0.221      0.4580      0.3895      0.3227      0.5924
0.222      0.4573      0.3888      0.3221      0.5918
0.223      0.4566      0.3881      0.3216      0.5912
0.224      0.4559      0.3874      0.3210      0.5906
0.225      0.4552      0.3866      0.3204      0.5901
0.226      0.4545      0.3859      0.3196      0.5898
0.227      0.4538      0.3851      0.3184      0.5895
0.228      0.4531      0.3844      0.3171      0.5892
0.229      0.4524      0.3837      0.3162      0.5889
0.230      0.4517      0.3829      0.3154      0.5886
0.231      0.4510      0.3822      0.3146      0.5883
0.232      0.4503      0.3814      0.3138      0.5880
0.233      0.4496      0.3807      0.3130      0.5877
0.234      0.4489      0.3799      0.3121      0.5874
0.235      0.4482      0.3792      0.3113      0.5871
0.236      0.4475      0.3784      0.3105      0.5867
0.237      0.4468      0.3777      0.3097      0.5862
0.238      0.4461      0.3769      0.3088      0.5856
0.239      0.4454      0.3761      0.3080      0.5850
0.240      0.4446      0.3754      0.3072      0.5844
0.241      0.4439      0.3746      0.3065      0.5838
0.242      0.4432      0.3739      0.3059      0.5832
0.243      0.4425      0.3731      0.3053      0.5827
0.244      0.4417      0.3723      0.3047      0.5821
0.245      0.4410      0.3715      0.3037      0.5815
0.246      0.4403      0.3708      0.3026      0.5809
0.247      0.4395      0.3700      0.3015      0.5803
0.248      0.4388      0.3692      0.3004      0.5796
0.249      0.4381      0.3684      0.2995      0.5790
0.250      0.4373      0.3676      0.2987      0.5784
0.251      0.4366      0.3669      0.2978      0.5779
0.252      0.4359      0.3661      0.2969      0.5775
0.253      0.4351      0.3653      0.2961      0.5771
0.254      0.4344      0.3645      0.2952      0.5767
0.255      0.4336      0.3637      0.2943      0.5762
0.256      0.4329      0.3629      0.2934      0.5758
0.257      0.4321      0.3621      0.2926      0.5754
0.258      0.4314      0.3613      0.2917      0.5750
0.259      0.4306      0.3605      0.2908      0.5745
0.260      0.4298      0.3597      0.2899      0.5741
0.261      0.4291      0.3589      0.2890      0.5737
0.262      0.4283      0.3581      0.2882      0.5732
0.263      0.4275      0.3573      0.2873      0.5728
0.264      0.4268      0.3565      0.2864      0.5724
0.265      0.4260      0.3556      0.2852      0.5719
0.266      0.4252      0.3548      0.2840      0.5715
0.267      0.4245      0.3540      0.2827      0.5711
0.268      0.4237      0.3532      0.2815      0.5706
0.269      0.4229      0.3524      0.2802      0.5702
0.270      0.4221      0.3515      0.2790      0.5697
0.271      0.4214      0.3507      0.2777      0.5693
0.272      0.4206      0.3499      0.2765      0.5689
0.273      0.4198      0.3490      0.2752      0.5684
0.274      0.4190      0.3482      0.2739      0.5680
0.275      0.4182      0.3474      0.2726      0.5675
0.276      0.4174      0.3465      0.2714      0.5671
0.277      0.4166      0.3457      0.2701      0.5666
0.278      0.4158      0.3448      0.2688      0.5660
0.279      0.4150      0.3440      0.2675      0.5654
0.280      0.4142      0.3431      0.2662      0.5648
0.281      0.4134      0.3423      0.2649      0.5642
0.282      0.4126      0.3414      0.2636      0.5636
0.283      0.4118      0.3406      0.2623      0.5630
0.284      0.4110      0.3397      0.2610      0.5624
0.285      0.4102      0.3389      0.2597      0.5618
0.286      0.4094      0.3380      0.2584      0.5612
0.287      0.4085      0.3371      0.2571      0.5606
0.288      0.4077      0.3363      0.2561      0.5600
0.289      0.4069      0.3354      0.2552      0.5595
0.290      0.4061      0.3345      0.2542      0.5590
0.291      0.4053      0.3336      0.2533      0.5585
0.292      0.4044      0.3328      0.2524      0.5580
0.293      0.4036      0.3319      0.2514      0.5575
0.294      0.4028      0.3310      0.2505      0.5570
0.295      0.4019      0.3301      0.2495      0.5566
0.296      0.4011      0.3292      0.2486      0.5560
0.297      0.4003      0.3283      0.2476      0.5553
0.298      0.3994      0.3274      0.2467      0.5547
0.299      0.3986      0.3265      0.2457      0.5540
0.300      0.3977      0.3256      0.2447      0.5533
0.301      0.3969      0.3247      0.2438      0.5527
0.302      0.3960      0.3238      0.2428      0.5520
0.303      0.3952      0.3229      0.2418      0.5514
0.304      0.3943      0.3220      0.2409      0.5508
0.305      0.3934      0.3211      0.2399      0.5504
0.306      0.3926      0.3202      0.2389      0.5499
0.307      0.3917      0.3193      0.2379      0.5494
0.308      0.3908      0.3183      0.2370      0.5486
0.309      0.3900      0.3174      0.2360      0.5478
0.310      0.3891      0.3165      0.2347      0.5469
0.311      0.3882      0.3156      0.2332      0.5461
0.312      0.3873      0.3146      0.2318      0.5452
0.313      0.3865      0.3137      0.2304      0.5445
0.314      0.3856      0.3128      0.2290      0.5438
0.315      0.3847      0.3118      0.2276      0.5431
0.316      0.3838      0.3109      0.2265      0.5424
0.317      0.3829      0.3099      0.2254      0.5419
0.318      0.3820      0.3090      0.2243      0.5413
0.319      0.3811      0.3080      0.2232      0.5407
0.320      0.3802      0.3071      0.2221      0.5401
0.321      0.3793      0.3061      0.2210      0.5395
0.322      0.3784      0.3052      0.2199      0.5389
0.323      0.3775      0.3042      0.2188      0.5383
0.324      0.3766      0.3033      0.2177      0.5377
0.325      0.3757      0.3023      0.2164      0.5371
0.326      0.3748      0.3013      0.2149      0.5365
0.327      0.3739      0.3003      0.2134      0.5359
0.328      0.3730      0.2994      0.2119      0.5353
0.329      0.3720      0.2984      0.2104      0.5347
0.330      0.3711      0.2974      0.2089      0.5341
0.331      0.3702      0.2964      0.2074      0.5335
0.332      0.3692      0.2954      0.2059      0.5329
0.333      0.3683      0.2944      0.2044      0.5323
0.334      0.3674      0.2935      0.2029      0.5317
0.335      0.3664      0.2925      0.2013      0.5311
0.336      0.3655      0.2915      0.1997      0.5304
0.337      0.3645      0.2905      0.1981      0.5298
0.338      0.3636      0.2895      0.1965      0.5292
0.339      0.3627      0.2884      0.1949      0.5286
0.340      0.3617      0.2874      0.1933      0.5280
0.341      0.3607      0.2864      0.1916      0.5273
0.342      0.3598      0.2854      0.1903      0.5267
0.343      0.3588      0.2844      0.1890      0.5261
0.344      0.3579      0.2834      0.1875      0.5254
0.345      0.3569      0.2823      0.1860      0.5248
0.346      0.3559      0.2813      0.1844      0.5242
0.347      0.3549      0.2803      0.1828      0.5235
0.348      0.3540      0.2792      0.1812      0.5229
0.349      0.3530      0.2782      0.1797      0.5223
0.350      0.3520      0.2771      0.1781      0.5216
0.351      0.3510      0.2761      0.1765      0.5210
0.352      0.3500      0.2751      0.1749      0.5203
0.353      0.3490      0.2740      0.1733      0.5197
0.354      0.3480      0.2729      0.1717      0.5190
0.355      0.3470      0.2719      0.1701      0.5184
0.356      0.3460      0.2708      0.1685      0.5177
0.357      0.3450      0.2698      0.1668      0.5171
0.358      0.3440      0.2687      0.1655      0.5164
0.359      0.3430      0.2676      0.1644      0.5157
0.360      0.3420      0.2665      0.1631      0.5151
0.361      0.3410      0.2655      0.1613      0.5144
0.362      0.3400      0.2644      0.1595      0.5139
0.363      0.3389      0.2633      0.1578      0.5135
0.364      0.3379      0.2622      0.1560      0.5130
0.365      0.3369      0.2611      0.1542      0.5126
0.366      0.3358      0.2600      0.1524      0.5122
0.367      0.3348      0.2589      0.1506      0.5118
0.368      0.3338      0.2578      0.1488      0.5113
0.369      0.3327      0.2567      0.1470      0.5109
0.370      0.3317      0.2556      0.1453      0.5105
0.371      0.3306      0.2545      0.1436      0.5100
0.372      0.3296      0.2534      0.1420      0.5096
0.373      0.3285      0.2523      0.1406      0.5092
0.374      0.3275      0.2511      0.1392      0.5087
0.375      0.3264      0.2500      0.1378      0.5082
0.376      0.3253      0.2489      0.1364      0.5072
0.377      0.3243      0.2477      0.1349      0.5061
0.378      0.3232      0.2466      0.1335      0.5051
0.379      0.3221      0.2455      0.1321      0.5042
0.380      0.3210      0.2443      0.1306      0.5035
0.381      0.3199      0.2432      0.1288      0.5028
0.382      0.3189      0.2420      0.1271      0.5020
0.383      0.3178      0.2408      0.1253      0.5013
0.384      0.3167      0.2397      0.1235      0.5006
0.385      0.3156      0.2385      0.1216      0.4999
0.386      0.3145      0.2374      0.1198      0.4991
0.387      0.3134      0.2362      0.1180      0.4984
0.388      0.3123      0.2350      0.1165      0.4977
0.389      0.3111      0.2338      0.1150      0.4969
0.390      0.3100      0.2326      0.1136      0.4962
0.391      0.3089      0.2315      0.1121      0.4954
0.392      0.3078      0.2303      0.1107      0.4947
0.393      0.3067      0.2291      0.1092      0.4940
0.394      0.3055      0.2279      0.1077      0.4932
0.395      0.3044      0.2267      0.1062      0.4925
0.396      0.3033      0.2255      0.1048      0.4917
0.397      0.3021      0.2242      0.1033      0.4909
0.398      0.3010      0.2230      0.1013      0.4902
0.399      0.2998      0.2218      0.0992      0.4894
0.400      0.2987      0.2206      0.0970      0.4886
0.401      0.2975      0.2194      0.0949      0.4879
0.402      0.2963      0.2181      0.0928      0.4871
0.403      0.2952      0.2169      0.0911      0.4863
0.404      0.2940      0.2157      0.0895      0.4856
0.405      0.2928      0.2144      0.0878      0.4848
0.406      0.2917      0.2132      0.0862      0.4843
0.407      0.2905      0.2119      0.0846      0.4836
0.408      0.2893      0.2107      0.0829      0.4827
0.409      0.2881      0.2094      0.0812      0.4818
0.410      0.2869      0.2081      0.0793      0.4810
0.411      0.2857      0.2069      0.0773      0.4801
0.412      0.2845      0.2056      0.0753      0.4793
0.413      0.2833      0.2043      0.0739      0.4785
0.414      0.2821      0.2030      0.0724      0.4777
0.415      0.2809      0.2017      0.0709      0.4769
0.416      0.2797      0.2004      0.0693      0.4760
0.417      0.2784      0.1991      0.0674      0.4752
0.418      0.2772      0.1978      0.0655      0.4743
0.419      0.2760      0.1965      0.0636      0.4734
0.420      0.2748      0.1952      0.0617      0.4724
0.421      0.2735      0.1939      0.0597      0.4714
0.422      0.2723      0.1926      0.0578      0.4704
0.423      0.2710      0.1913      0.0558      0.4694
0.424      0.2698      0.1900      0.0541      0.4684
0.425      0.2685      0.1886      0.0524      0.4674
0.426      0.2673      0.1873      0.0508      0.4664
0.427      0.2660      0.1859      0.0492      0.4654
0.428      0.2647      0.1846      0.0471      0.4645
0.429      0.2635      0.1832      0.0450      0.4637
0.430      0.2622      0.1819      0.0429      0.4628
0.431      0.2609      0.1805      0.0408      0.4620
0.432      0.2596      0.1792      0.0386      0.4611
0.433      0.2583      0.1778      0.0365      0.4603
0.434      0.2570      0.1764      0.0344      0.4594
0.435      0.2557      0.1750      0.0323      0.4586
0.436      0.2544      0.1737      0.0301      0.4577
0.437      0.2531      0.1723      0.0279      0.4569
0.438      0.2518      0.1709      0.0258      0.4560
0.439      0.2505      0.1695      0.0238      0.4554
0.440      0.2491      0.1681      0.0217      0.4548
0.441      0.2478      0.1667      0.0197      0.4542
0.442      0.2465      0.1652      0.0176      0.4532
0.443      0.2451      0.1638      0.0158      0.4521
0.444      0.2438      0.1624      0.0140      0.4510
0.445      0.2425      0.1610      0.0122      0.4502
0.446      0.2411      0.1595      0.0104      0.4495
0.447      0.2397      0.1581      0.0086      0.4488
0.448      0.2384      0.1566      0.0068      0.4482
0.449      0.2370      0.1552      0.0050      0.4475
0.450      0.2356      0.1537      0.0031      0.4468
0.451      0.2343      0.1523      0.0013      0.4459
0.452      0.2329      0.1508     -0.0006      0.4450
0.453      0.2315      0.1493     -0.0024      0.4441
0.454      0.2301      0.1479     -0.0043      0.4432
0.455      0.2287      0.1464     -0.0061      0.4422
0.456      0.2273      0.1449     -0.0080      0.4413
0.457      0.2259      0.1434     -0.0099      0.4404
0.458      0.2245      0.1419     -0.0117      0.4394
0.459      0.2231      0.1404     -0.0141      0.4385
0.460      0.2216      0.1389     -0.0164      0.4375
0.461      0.2202      0.1374     -0.0188      0.4366
0.462      0.2188      0.1359     -0.0212      0.4356
0.463      0.2173      0.1343     -0.0235      0.4347
0.464      0.2159      0.1328     -0.0259      0.4337
0.465      0.2144      0.1313     -0.0283      0.4328
0.466      0.2130      0.1297     -0.0307      0.4318
0.467      0.2115      0.1282     -0.0332      0.4308
0.468      0.2100      0.1266     -0.0356      0.4299
0.469      0.2086      0.1250     -0.0380      0.4289
0.470      0.2071      0.1235     -0.0405      0.4279
0.471      0.2056      0.1219     -0.0429      0.4269
0.472      0.2041      0.1203     -0.0454      0.4260
0.473      0.2026      0.1187     -0.0479      0.4253
0.474      0.2011      0.1171     -0.0503      0.4252
0.475      0.1996      0.1155     -0.0528      0.4251
0.476      0.1981      0.1139     -0.0553      0.4249
0.477      0.1966      0.1123     -0.0578      0.4248
0.478      0.1951      0.1107     -0.0604      0.4246
0.479      0.1935      0.1091     -0.0629      0.4245
0.480      0.1920      0.1075     -0.0654      0.4235
0.481      0.1905      0.1058     -0.0680      0.4225
0.482      0.1889      0.1042     -0.0705      0.4213
0.483      0.1874      0.1025     -0.0731      0.4202
0.484      0.1858      0.1009     -0.0757      0.4190
0.485      0.1842      0.0992     -0.0783      0.4183
0.486      0.1827      0.0976     -0.0809      0.4173
0.487      0.1811      0.0959     -0.0835      0.4162
0.488      0.1795      0.0942     -0.0861      0.4152
0.489      0.1779      0.0925     -0.0887      0.4141
0.490      0.1763      0.0908     -0.0914      0.4131
0.491      0.1747      0.0891     -0.0940      0.4121
0.492      0.1731      0.0874     -0.0967      0.4116
0.493      0.1715      0.0857     -0.0993      0.4110
0.494      0.1699      0.0840     -0.1019      0.4104
0.495      0.1682      0.0823     -0.1044      0.4099
0.496      0.1666      0.0805     -0.1069      0.4093
0.497      0.1650      0.0788     -0.1095      0.4087
0.498      0.1633      0.0770     -0.1121      0.4082
0.499      0.1617      0.0753     -0.1147      0.4076
0.500      0.1600      0.0735     -0.1172      0.4070
0.501      0.1583      0.0718     -0.1198      0.4065
0.502      0.1567      0.0700     -0.1225      0.4059
0.503      0.1550      0.0682     -0.1251      0.4053
0.504      0.1533      0.0664     -0.1277      0.4045
0.505      0.1516      0.0646     -0.1303      0.4033
0.506      0.1499      0.0628     -0.1330      0.4021
0.507      0.1482      0.0610     -0.1353      0.4008
0.508      0.1465      0.0592     -0.1376      0.3996
0.509      0.1447      0.0574     -0.1399      0.3983
0.510      0.1430      0.0555     -0.1422      0.3971
0.511      0.1413      0.0537     -0.1445      0.3958
0.512      0.1395      0.0518     -0.1469      0.3945
0.513      0.1378      0.0500     -0.1492      0.3933
0.514      0.1360      0.0481     -0.1516      0.3920
0.515      0.1343      0.0462     -0.1544      0.3908
0.516      0.1325      0.0444     -0.1574      0.3899
0.517      0.1307      0.0425     -0.1603      0.3891
0.518      0.1289      0.0406     -0.1633      0.3883
0.519      0.1271      0.0387     -0.1663      0.3875
0.520      0.1253      0.0368     -0.1693      0.3866
0.521      0.1235      0.0348     -0.1723      0.3858
0.522      0.1217      0.0329     -0.1754      0.3848
0.523      0.1199      0.0310     -0.1781      0.3833
0.524      0.1181      0.0290     -0.1805      0.3825
0.525      0.1162      0.0271     -0.1830      0.3817
0.526      0.1144      0.0251     -0.1854      0.3809
0.527      0.1125      0.0232     -0.1879      0.3800
0.528      0.1106      0.0212     -0.1903      0.3792
0.529      0.1088      0.0192     -0.1928      0.3784
0.530      0.1069      0.0172     -0.1953      0.3775
0.531      0.1050      0.0152     -0.1983      0.3767
0.532      0.1031      0.0132     -0.2015      0.3758
0.533      0.1012      0.0112     -0.2047      0.3750
0.534      0.0993      0.0092     -0.2080      0.3741
0.535      0.0974      0.0071     -0.2112      0.3733
0.536      0.0954      0.0051     -0.2145      0.3724
0.537      0.0935      0.0030     -0.2178      0.3716
0.538      0.0916      0.0010     -0.2211      0.3704
0.539      0.0896     -0.0011     -0.2244      0.3689
0.540      0.0877     -0.0032     -0.2277      0.3674
0.541      0.0857     -0.0053     -0.2311      0.3660
0.542      0.0837     -0.0074     -0.2344      0.3651
0.543      0.0817     -0.0095     -0.2377      0.3643
0.544      0.0797     -0.0116     -0.2408      0.3636
0.545      0.0777     -0.0137     -0.2435      0.3629
0.546      0.0757     -0.0159     -0.2466      0.3621
0.547      0.0737     -0.0180     -0.2503      0.3614
0.548      0.0716     -0.0202     -0.2537      0.3606
0.549      0.0696     -0.0223     -0.2569      0.3599
0.550      0.0676     -0.0245     -0.2600      0.3592
0.551      0.0655     -0.0267     -0.2631      0.3584
0.552      0.0634     -0.0289     -0.2662      0.3577
0.553      0.0614     -0.0311     -0.2693      0.3569
0.554      0.0593     -0.0333     -0.2723      0.3554
0.555      0.0572     -0.0355     -0.2751      0.3538
0.556      0.0551     -0.0378     -0.2778      0.3523
0.557      0.0529     -0.0400     -0.2806      0.3508
0.558      0.0508     -0.0423     -0.2834      0.3492
0.559      0.0487     -0.0445     -0.2862      0.3476
0.560      0.0465     -0.0468     -0.2890      0.3463
0.561      0.0444     -0.0491     -0.2919      0.3452
0.562      0.0422     -0.0514     -0.2947      0.3442
0.563      0.0401     -0.0537     -0.2976      0.3432
0.564      0.0379     -0.0560     -0.3004      0.3421
0.565      0.0357     -0.0583     -0.3033      0.3411
0.566      0.0335     -0.0607     -0.3062      0.3400
0.567      0.0313     -0.0630     -0.3091      0.3386
0.568      0.0290     -0.0654     -0.3121      0.3372
0.569      0.0268     -0.0677     -0.3150      0.3357
0.570      0.0246     -0.0701     -0.3179      0.3342
0.571      0.0223     -0.0725     -0.3209      0.3327
0.572      0.0200     -0.0749     -0.3239      0.3312
0.573      0.0178     -0.0773     -0.3275      0.3297
0.574      0.0155     -0.0797     -0.3312      0.3282
0.575      0.0132     -0.0822     -0.3349      0.3266
0.576      0.0109     -0.0846     -0.3386      0.3251
0.577      0.0085     -0.0871     -0.3424      0.3235
0.578      0.0062     -0.0896     -0.3461      0.3220
0.579      0.0039     -0.0920     -0.3499      0.3206
0.580      0.0015     -0.0945     -0.3537      0.3190
0.581     -0.0008     -0.0970     -0.3575      0.3175
0.582     -0.0032     -0.0996     -0.3613      0.3159
0.583     -0.0056     -0.1021     -0.3649      0.3143
0.584     -0.0080     -0.1046     -0.3682      0.3128
0.585     -0.0104     -0.1072     -0.3716      0.3112
0.586     -0.0128     -0.1098     -0.3751      0.3096
0.587     -0.0153     -0.1123     -0.3785      0.3080
0.588     -0.0177     -0.1149     -0.3819      0.3064
0.589     -0.0202     -0.1175     -0.3854      0.3047
0.590     -0.0226     -0.1202     -0.3889      0.3035
0.591     -0.0251     -0.1228     -0.3924      0.3024
0.592     -0.0276     -0.1254     -0.3959      0.3013
0.593     -0.0301     -0.1281     -0.3994      0.3002
0.594     -0.0326     -0.1308     -0.4030      0.2992
0.595     -0.0352     -0.1334     -0.4065      0.2981
0.596     -0.0377     -0.1361     -0.4101      0.2970
0.597     -0.0403     -0.1388     -0.4137      0.2959
0.598     -0.0428     -0.1416     -0.4174      0.2948
0.599     -0.0454     -0.1443     -0.4210      0.2936
0.600     -0.0480     -0.1471     -0.4247      0.2925
0.601     -0.0506     -0.1498     -0.4283      0.2914
0.602     -0.0532     -0.1526     -0.4320      0.2903
0.603     -0.0559     -0.1554     -0.4357      0.2891
0.604     -0.0585     -0.1582     -0.4395      0.2880
0.605     -0.0612     -0.1610     -0.4432      0.2868
0.606     -0.0638     -0.1639     -0.4475      0.2857
0.607     -0.0665     -0.1667     -0.4518      0.2845
0.608     -0.0692     -0.1696     -0.4562      0.2829
0.609     -0.0719     -0.1724     -0.4606      0.2813
0.610     -0.0747     -0.1753     -0.4651      0.2797
0.611     -0.0774     -0.1782     -0.4695      0.2781
0.612     -0.0802     -0.1812     -0.4740      0.2765
0.613     -0.0829     -0.1841     -0.4785      0.2749
0.614     -0.0857     -0.1871     -0.4831      0.2733
0.615     -0.0885     -0.1900     -0.4876      0.2717
0.616     -0.0913     -0.1930     -0.4922      0.2701
0.617     -0.0942     -0.1960     -0.4968      0.2684
0.618     -0.0970     -0.1990     -0.5009      0.2668
0.619     -0.0999     -0.2021     -0.5054      0.2651
0.620     -0.1027     -0.2051     -0.5101      0.2634
0.621     -0.1056     -0.2082     -0.5148      0.2618
0.622     -0.1085     -0.2113     -0.5195      0.2601
0.623     -0.1114     -0.2143     -0.5243      0.2584
0.624     -0.1144     -0.2175     -0.5291      0.2567
0.625     -0.1173     -0.2206     -0.5339      0.2549
0.626     -0.1203     -0.2237     -0.5387      0.2532
0.627     -0.1233     -0.2269     -0.5436      0.2515
0.628     -0.1263     -0.2301     -0.5484      0.2498
0.629     -0.1293     -0.2333     -0.5534      0.2483
0.630     -0.1323     -0.2365     -0.5583      0.2469
0.631     -0.1354     -0.2397     -0.5633      0.2455
0.632     -0.1384     -0.2430     -0.5682      0.2442
0.633     -0.1415     -0.2462     -0.5733      0.2428
0.634     -0.1446     -0.2495     -0.5783      0.2414
0.635     -0.1477     -0.2528     -0.5834      0.2400
0.636     -0.1509     -0.2561     -0.5883      0.2386
0.637     -0.1540     -0.2595     -0.5929      0.2371
0.638     -0.1572     -0.2628     -0.5976      0.2357
0.639     -0.1604     -0.2662     -0.6023      0.2343
0.640     -0.1636     -0.2696     -0.6070      0.2328
0.641     -0.1668     -0.2730     -0.6118      0.2314
0.642     -0.1700     -0.2765     -0.6167      0.2299
0.643     -0.1733     -0.2799     -0.6220      0.2285
0.644     -0.1765     -0.2834     -0.6273      0.2269
0.645     -0.1798     -0.2869     -0.6326      0.2250
0.646     -0.1831     -0.2904     -0.6379      0.2231
0.647     -0.1865     -0.2939     -0.6427      0.2212
0.648     -0.1898     -0.2975     -0.6476      0.2193
0.649     -0.1932     -0.3010     -0.6525      0.2173
0.650     -0.1966     -0.3046     -0.6574      0.2158
0.651     -0.2000     -0.3082     -0.6623      0.2143
0.652     -0.2034     -0.3119     -0.6673      0.2128
0.653     -0.2068     -0.3155     -0.6723      0.2114
0.654     -0.2103     -0.3192     -0.6773      0.2099
0.655     -0.2138     -0.3229     -0.6823      0.2084
0.656     -0.2173     -0.3266     -0.6874      0.2069
0.657     -0.2208     -0.3303     -0.6925      0.2054
0.658     -0.2244     -0.3341     -0.6976      0.2038
0.659     -0.2279     -0.3379     -0.7028      0.2019
0.660     -0.2315     -0.3417     -0.7080      0.1999
0.661     -0.2351     -0.3455     -0.7132      0.1978
0.662     -0.2388     -0.3494     -0.7184      0.1964
0.663     -0.2424     -0.3532     -0.7237      0.1951
0.664     -0.2461     -0.3571     -0.7290      0.1938
0.665     -0.2498     -0.3611     -0.7343      0.1925
0.666     -0.2535     -0.3650     -0.7400      0.1912
0.667     -0.2572     -0.3690     -0.7455      0.1898
0.668     -0.2610     -0.3730     -0.7511      0.1877
0.669     -0.2648     -0.3770     -0.7566      0.1854
0.670     -0.2686     -0.3810     -0.7621      0.1830
0.671     -0.2724     -0.3851     -0.7677      0.1805
0.672     -0.2763     -0.3892     -0.7733      0.1781
0.673     -0.2802     -0.3933     -0.7789      0.1757
0.674     -0.2841     -0.3974     -0.7846      0.1732
0.675     -0.2880     -0.4016     -0.7903      0.1707
0.676     -0.2920     -0.4058     -0.7960      0.1683
0.677     -0.2959     -0.4100     -0.8018      0.1657
0.678     -0.2999     -0.4142     -0.8076      0.1632
0.679     -0.3040     -0.4185     -0.8135      0.1611
0.680     -0.3080     -0.4228     -0.8194      0.1591
0.681     -0.3121     -0.4271     -0.8253      0.1571
0.682     -0.3162     -0.4315     -0.8320      0.1550
0.683     -0.3203     -0.4358     -0.8387      0.1530
0.684     -0.3245     -0.4402     -0.8448      0.1509
0.685     -0.3286     -0.4447     -0.8510      0.1489
0.686     -0.3328     -0.4491     -0.8572      0.1468
0.687     -0.3371     -0.4536     -0.8635      0.1447
0.688     -0.3413     -0.4581     -0.8698      0.1421
0.689     -0.3456     -0.4627     -0.8761      0.1395
0.690     -0.3499     -0.4673     -0.8825      0.1369
0.691     -0.3543     -0.4719     -0.8889      0.1343
0.692     -0.3586     -0.4765     -0.8957      0.1316
0.693     -0.3630     -0.4812     -0.9028      0.1290
0.694     -0.3675     -0.4859     -0.9098      0.1263
0.695     -0.3719     -0.4906     -0.9170      0.1236
0.696     -0.3764     -0.4954     -0.9241      0.1211
0.697     -0.3809     -0.5001     -0.9314      0.1189
0.698     -0.3855     -0.5050     -0.9386      0.1166
0.699     -0.3901     -0.5098     -0.9460      0.1143
0.700     -0.3947     -0.5147     -0.9533      0.1120
0.701     -0.3993     -0.5196     -0.9612      0.1097
0.702     -0.4040     -0.5246     -0.9692      0.1074
0.703     -0.4087     -0.5296     -0.9773      0.1050
0.704     -0.4134     -0.5346     -0.9854      0.1027
0.705     -0.4182     -0.5396     -0.9930      0.1003
0.706     -0.4230     -0.5447     -1.0003      0.0979
0.707     -0.4278     -0.5498     -1.0076      0.0955
0.708     -0.4327     -0.5550     -1.0149      0.0930
0.709     -0.4376     -0.5602     -1.0223      0.0906
0.710     -0.4425     -0.5654     -1.0298      0.0877
0.711     -0.4474     -0.5707     -1.0377      0.0845
0.712     -0.4524     -0.5760     -1.0457      0.0813
0.713     -0.4575     -0.5813     -1.0537      0.0787
0.714     -0.4625     -0.5867     -1.0618      0.0763
0.715     -0.4676     -0.5921     -1.0700      0.0738
0.716     -0.4728     -0.5976     -1.0781      0.0714
0.717     -0.4780     -0.6030     -1.0856      0.0689
0.718     -0.4832     -0.6086     -1.0930      0.0664
0.719     -0.4884     -0.6141     -1.1006      0.0639
0.720     -0.4937     -0.6197     -1.1082      0.0614
0.721     -0.4990     -0.6254     -1.1158      0.0588
0.722     -0.5044     -0.6311     -1.1235      0.0562
0.723     -0.5098     -0.6368     -1.1325      0.0539
0.724     -0.5152     -0.6426     -1.1415      0.0515
0.725     -0.5207     -0.6484     -1.1506      0.0491
0.726     -0.5262     -0.6543     -1.1597      0.0463
0.727     -0.5318     -0.6601     -1.1689      0.0436
0.728     -0.5374     -0.6661     -1.1782      0.0408
0.729     -0.5431     -0.6721     -1.1875      0.0379
0.730     -0.5487     -0.6781     -1.1969      0.0351
0.731     -0.5545     -0.6842     -1.2064      0.0323
0.732     -0.5602     -0.6903     -1.2159      0.0295
0.733     -0.5661     -0.6965     -1.2255      0.0267
0.734     -0.5719     -0.7027     -1.2352      0.0239
0.735     -0.5778     -0.7089     -1.2450      0.0211
0.736     -0.5838     -0.7152     -1.2548      0.0182
0.737     -0.5897     -0.7216     -1.2647      0.0154
0.738     -0.5958     -0.7280     -1.2747      0.0119
0.739     -0.6019     -0.7344     -1.2846      0.0086
0.740     -0.6080     -0.7410     -1.2944      0.0055
0.741     -0.6142     -0.7475     -1.3042      0.0024
0.742     -0.6204     -0.7541     -1.3142     -0.0007
0.743     -0.6267     -0.7608     -1.3242     -0.0038
0.744     -0.6330     -0.7675     -1.3343     -0.0067
0.745     -0.6394     -0.7742     -1.3445     -0.0094
0.746     -0.6458     -0.7810     -1.3548     -0.0122
0.747     -0.6523     -0.7879     -1.3651     -0.0149
0.748     -0.6588     -0.7948     -1.3756     -0.0177
0.749     -0.6654     -0.8018     -1.3861     -0.0208
0.750     -0.6720     -0.8088     -1.3967     -0.0240
0.751     -0.6787     -0.8159     -1.4074     -0.0272
0.752     -0.6854     -0.8231     -1.4181     -0.0307
0.753     -0.6922     -0.8303     -1.4290     -0.0344
0.754     -0.6991     -0.8375     -1.4399     -0.0382
0.755     -0.7060     -0.8448     -1.4510     -0.0419
0.756     -0.7129     -0.8522     -1.4621     -0.0457
0.757     -0.7199     -0.8597     -1.4733     -0.0495
0.758     -0.7270     -0.8672     -1.4846     -0.0534
0.759     -0.7341     -0.8747     -1.4960     -0.0573
0.760     -0.7413     -0.8824     -1.5075     -0.0610
0.761     -0.7486     -0.8900     -1.5191     -0.0646
0.762     -0.7559     -0.8978     -1.5308     -0.0683
0.763     -0.7633     -0.9056     -1.5426     -0.0720
0.764     -0.7707     -0.9135     -1.5545     -0.0759
0.765     -0.7782     -0.9215     -1.5665     -0.0804
0.766     -0.7858     -0.9295     -1.5786     -0.0848
0.767     -0.7934     -0.9376     -1.5908     -0.0889
0.768     -0.8011     -0.9457     -1.6031     -0.0926
0.769     -0.8089     -0.9540     -1.6148     -0.0963
0.770     -0.8167     -0.9623     -1.6266     -0.1001
0.771     -0.8246     -0.9707     -1.6384     -0.1039
0.772     -0.8326     -0.9791     -1.6504     -0.1078
0.773     -0.8406     -0.9876     -1.6624     -0.1116
0.774     -0.8487     -0.9962     -1.6746     -0.1155
0.775     -0.8569     -1.0049     -1.6869     -0.1195
0.776     -0.8651     -1.0137     -1.6993     -0.1235
0.777     -0.8735     -1.0225     -1.7118     -0.1275
0.778     -0.8819     -1.0314     -1.7244     -0.1316
0.779     -0.8904     -1.0404     -1.7371     -0.1356
0.780     -0.8989     -1.0495     -1.7500     -0.1398
0.781     -0.9075     -1.0586     -1.7629     -0.1440
0.782     -0.9163     -1.0679     -1.7760     -0.1488
0.783     -0.9251     -1.0772     -1.7892     -0.1541
0.784     -0.9339     -1.0866     -1.8025     -0.1595
0.785     -0.9429     -1.0961     -1.8160     -0.1649
0.786     -0.9519     -1.1057     -1.8301     -0.1704
0.787     -0.9611     -1.1154     -1.8445     -0.1759
0.788     -0.9703     -1.1251     -1.8591     -0.1815
0.789     -0.9796     -1.1350     -1.8739     -0.1871
0.790     -0.9890     -1.1450     -1.8888     -0.1928
0.791     -0.9984     -1.1550     -1.9038     -0.1985
0.792     -1.0080     -1.1652     -1.9190     -0.2043
0.793     -1.0177     -1.1754     -1.9343     -0.2102
0.794     -1.0274     -1.1858     -1.9498     -0.2161
0.795     -1.0373     -1.1962     -1.9654     -0.2221
0.796     -1.0472     -1.2067     -1.9812     -0.2279
0.797     -1.0573     -1.2174     -1.9971     -0.2334
0.798     -1.0674     -1.2282     -2.0132     -0.2389
0.799     -1.0777     -1.2390     -2.0295     -0.2441
0.800     -1.0880     -1.2500     -2.0459     -0.2488
0.801     -1.0985     -1.2611     -2.0625     -0.2536
0.802     -1.1090     -1.2723     -2.0792     -0.2584
0.803     -1.1197     -1.2836     -2.0961     -0.2632
0.804     -1.1304     -1.2950     -2.1132     -0.2681
0.805     -1.1413     -1.3066     -2.1305     -0.2730
0.806     -1.1523     -1.3182     -2.1479     -0.2780
0.807     -1.1634     -1.3300     -2.1656     -0.2831
0.808     -1.1747     -1.3419     -2.1834     -0.2881
0.809     -1.1860     -1.3539     -2.2014     -0.2933
0.810     -1.1975     -1.3661     -2.2195     -0.2985
0.811     -1.2091     -1.3784     -2.2379     -0.3038
0.812     -1.2208     -1.3908     -2.2565     -0.3091
0.813     -1.2326     -1.4034     -2.2753     -0.3144
0.814     -1.2446     -1.4160     -2.2942     -0.3199
0.815     -1.2566     -1.4289     -2.3134     -0.3254
0.816     -1.2689     -1.4418     -2.3321     -0.3309
0.817     -1.2812     -1.4549     -2.3509     -0.3365
0.818     -1.2937     -1.4682     -2.3699     -0.3422
0.819     -1.3063     -1.4816     -2.3890     -0.3479
0.820     -1.3191     -1.4951     -2.4084     -0.3537
0.821     -1.3320     -1.5088     -2.4280     -0.3596
0.822     -1.3451     -1.5226     -2.4479     -0.3655
0.823     -1.3583     -1.5366     -2.4679     -0.3715
0.824     -1.3716     -1.5508     -2.4882     -0.3775
0.825     -1.3851     -1.5651     -2.5087     -0.3837
0.826     -1.3988     -1.5796     -2.5294     -0.3899
0.827     -1.4126     -1.5943     -2.5504     -0.3961
0.828     -1.4266     -1.6091     -2.5727     -0.4031
0.829     -1.4407     -1.6241     -2.5953     -0.4101
0.830     -1.4551     -1.6393     -2.6182     -0.4173
0.831     -1.4695     -1.6546     -2.6413     -0.4245
0.832     -1.4842     -1.6702     -2.6647     -0.4318
0.833     -1.4990     -1.6859     -2.6884     -0.4395
0.834     -1.5140     -1.7018     -2.7119     -0.4473
0.835     -1.5292     -1.7179     -2.7352     -0.4553
0.836     -1.5446     -1.7342     -2.7588     -0.4633
0.837     -1.5601     -1.7507     -2.7826     -0.4715
0.838     -1.5759     -1.7674     -2.8068     -0.4797
0.839     -1.5919     -1.7843     -2.8313     -0.4880
0.840     -1.6080     -1.8015     -2.8560     -0.4965
0.841     -1.6244     -1.8188     -2.8811     -0.5050
0.842     -1.6409     -1.8364     -2.9065     -0.5137
0.843     -1.6577     -1.8542     -2.9322     -0.5225
0.844     -1.6747     -1.8722     -2.9583     -0.5314
0.845     -1.6919     -1.8904     -2.9847     -0.5404
0.846     -1.7093     -1.9089     -3.0114     -0.5495
0.847     -1.7270     -1.9276     -3.0385     -0.5587
0.848     -1.7448     -1.9466     -3.0660     -0.5681
0.849     -1.7630     -1.9658     -3.0938     -0.5775
0.850     -1.7813     -1.9853     -3.1219     -0.5872
0.851     -1.7999     -2.0050     -3.1505     -0.5969
0.852     -1.8188     -2.0250     -3.1794     -0.6068
0.853     -1.8379     -2.0453     -3.2088     -0.6168
0.854     -1.8573     -2.0659     -3.2385     -0.6269
0.855     -1.8770     -2.0867     -3.2686     -0.6372
0.856     -1.8969     -2.1078     -3.2992     -0.6476
0.857     -1.9171     -2.1293     -3.3302     -0.6582
0.858     -1.9376     -2.1510     -3.3616     -0.6689
0.859     -1.9584     -2.1730     -3.3935     -0.6789
0.860     -1.9794     -2.1954     -3.4258     -0.6888
0.861     -2.0008     -2.2181     -3.4586     -0.6990
0.862     -2.0225     -2.2411     -3.4919     -0.7092
0.863     -2.0445     -2.2644     -3.5256     -0.7197
0.864     -2.0668     -2.2881     -3.5599     -0.7302
0.865     -2.0895     -2.3121     -3.5946     -0.7410
0.866     -2.1125     -2.3365     -3.6299     -0.7518
0.867     -2.1358     -2.3612     -3.6657     -0.7629
0.868     -2.1595     -2.3864     -3.7021     -0.7741
0.869     -2.1836     -2.4119     -3.7390     -0.7855
0.870     -2.2080     -2.4378     -3.7765     -0.7971
0.871     -2.2328     -2.4641     -3.8145     -0.8088
0.872     -2.2580     -2.4908     -3.8532     -0.8208
0.873     -2.2836     -2.5179     -3.8924     -0.8329
0.874     -2.3096     -2.5455     -3.9323     -0.8452
0.875     -2.3360     -2.5735     -3.9728     -0.8577
0.876     -2.3628     -2.6020     -4.0140     -0.8704
0.877     -2.3901     -2.6309     -4.0558     -0.8840
0.878     -2.4178     -2.6603     -4.0984     -0.8979
0.879     -2.4460     -2.6902     -4.1416     -0.9119
0.880     -2.4747     -2.7206     -4.1855     -0.9268
0.881     -2.5038     -2.7515     -4.2302     -0.9422
0.882     -2.5334     -2.7829     -4.2757     -0.9578
0.883     -2.5636     -2.8149     -4.3219     -0.9737
0.884     -2.5942     -2.8474     -4.3689     -0.9898
0.885     -2.6254     -2.8804     -4.4168     -1.0062
0.886     -2.6571     -2.9141     -4.4665     -1.0229
0.887     -2.6894     -2.9483     -4.5177     -1.0400
0.888     -2.7223     -2.9832     -4.5699     -1.0573
0.889     -2.7557     -3.0187     -4.6230     -1.0749
0.890     -2.7898     -3.0548     -4.6744     -1.0929
0.891     -2.8245     -3.0916     -4.7266     -1.1111
0.892     -2.8599     -3.1291     -4.7807     -1.1298
0.893     -2.8959     -3.1673     -4.8371     -1.1487
0.894     -2.9325     -3.2062     -4.8945     -1.1681
0.895     -2.9699     -3.2458     -4.9530     -1.1877
0.896     -3.0080     -3.2862     -5.0127     -1.2078
0.897     -3.0468     -3.3274     -5.0735     -1.2283
0.898     -3.0864     -3.3694     -5.1355     -1.2491
0.899     -3.1268     -3.4122     -5.1987     -1.2704
0.900     -3.1680     -3.4559     -5.2632     -1.2921
0.901     -3.2100     -3.5004     -5.3290     -1.3143
0.902     -3.2529     -3.5459     -5.3962     -1.3369
0.903     -3.2967     -3.5923     -5.4647     -1.3599
0.904     -3.3413     -3.6397     -5.5347     -1.3834
0.905     -3.3869     -3.6881     -5.6061     -1.4075
0.906     -3.4335     -3.7375     -5.6790     -1.4320
0.907     -3.4811     -3.7880     -5.7535     -1.4571
0.908     -3.5297     -3.8395     -5.8297     -1.4827
0.909     -3.5794     -3.8922     -5.9075     -1.5089
0.910     -3.6302     -3.9461     -5.9870     -1.5357
0.911     -3.6822     -4.0012     -6.0684     -1.5630
0.912     -3.7353     -4.0575     -6.1515     -1.5894
0.913     -3.7896     -4.1151     -6.2366     -1.6160
0.914     -3.8452     -4.1741     -6.3237     -1.6432
0.915     -3.9021     -4.2344     -6.4128     -1.6711
0.916     -3.9604     -4.2962     -6.5040     -1.6996
0.917     -4.0200     -4.3595     -6.5974     -1.7289
0.918     -4.0812     -4.4243     -6.6932     -1.7588
0.919     -4.1438     -4.4907     -6.7912     -1.7895
0.920     -4.2080     -4.5588     -6.8918     -1.8210
0.921     -4.2738     -4.6286     -6.9948     -1.8532
0.922     -4.3413     -4.7002     -7.1005     -1.8863
0.923     -4.4106     -4.7737     -7.2090     -1.9202
0.924     -4.4817     -4.8491     -7.3203     -1.9550
0.925     -4.5547     -4.9265     -7.4346     -1.9908
0.926     -4.6296     -5.0060     -7.5520     -2.0275
0.927     -4.7066     -5.0876     -7.6726     -2.0652
0.928     -4.7858     -5.1716     -7.7965     -2.1040
0.929     -4.8672     -5.2579     -7.9239     -2.1439
0.930     -4.9509     -5.3466     -8.0550     -2.1849
0.931     -5.0370     -5.4380     -8.1899     -2.2271
0.932     -5.1256     -5.5320     -8.3287     -2.2705
0.933     -5.2170     -5.6288     -8.4717     -2.3152
0.934     -5.3110     -5.7286     -8.6190     -2.3613
0.935     -5.4080     -5.8315     -8.7708     -2.4088
0.936     -5.5080     -5.9375     -8.9274     -2.4578
0.937     -5.6112     -6.0469     -9.0890     -2.5083
0.938     -5.7177     -6.1599     -9.2557     -2.5605
0.939     -5.8277     -6.2765     -9.4280     -2.6144
0.940     -5.9413     -6.3971     -9.6060     -2.6701
0.941     -6.0589     -6.5217     -9.7900     -2.7310
0.942     -6.1804     -6.6506     -9.9803     -2.7939
0.943     -6.3062     -6.7841    -10.1774     -2.8591
0.944     -6.4366     -6.9223    -10.3815     -2.9266
0.945     -6.5716     -7.0655    -10.5932     -2.9966
0.946     -6.7117     -7.2141    -10.8137     -3.0691
0.947     -6.8571     -7.3682    -11.0427     -3.1444
0.948     -7.0080     -7.5283    -11.2804     -3.2226
0.949     -7.1649     -7.6946    -11.5275     -3.3016
0.950     -7.3280     -7.8677    -11.7844     -3.3809
0.951     -7.4978     -8.0477    -12.0518     -3.4635
0.952     -7.6747     -8.2353    -12.3304     -3.5494
0.953     -7.8591     -8.4309    -12.6183     -3.6391
0.954     -8.0515     -8.6349    -12.9183     -3.7326
0.955     -8.2524     -8.8481    -13.2316     -3.8340
0.956     -8.4626     -9.0709    -13.5591     -3.9412
0.957     -8.6824     -9.3040    -13.9019     -4.0534
0.958     -8.9128     -9.5483    -14.2610     -4.1710
0.959     -9.1544     -9.8045    -14.6376     -4.2934
0.960     -9.4080    -10.0735    -15.0344     -4.4185
0.961     -9.6747    -10.3563    -15.4519     -4.5500
0.962     -9.9554    -10.6540    -15.8915     -4.6885
0.963    -10.2513    -10.9678    -16.3548     -4.8344
0.964    -10.5636    -11.2990    -16.8438     -4.9947
0.965    -10.8937    -11.6492    -17.3608     -5.1651
0.966    -11.2433    -12.0199    -17.9082     -5.3456
0.967    -11.6141    -12.4131    -18.4888     -5.5370
0.968    -12.0080    -12.8309    -19.1057     -5.7404
0.969    -12.4274    -13.2756    -19.7623     -5.9569
0.970    -12.8747    -13.7500    -20.4628     -6.1878
0.971    -13.3529    -14.2571    -21.2115     -6.4347
0.972    -13.8652    -14.8005    -22.0137     -6.6983
0.973    -14.4154    -15.3840    -22.8754     -6.9791
0.974    -15.0080    -16.0125    -23.8033     -7.2815
0.975    -15.6480    -16.6912    -24.8055     -7.6082
0.976    -16.3414    -17.4265    -25.8911     -7.9620
0.977    -17.0950    -18.2257    -27.0713     -8.3467
0.978    -17.9172    -19.0976    -28.3587     -8.7661
0.979    -18.8176    -20.0525    -29.7690     -9.2257
0.980    -19.8080    -21.1030    -31.3219     -9.7312
0.981    -20.9028    -22.2640    -33.0383    -10.2899
0.982    -22.1192    -23.5540    -34.9453    -10.9107
0.983    -23.4787    -24.9958    -37.0767    -11.6043
0.984    -25.0080    -26.6177    -39.4744    -12.3848
0.985    -26.7415    -28.4560    -42.1835    -13.2695
0.986    -28.7224    -30.5568    -45.2788    -14.2804
0.987    -31.0081    -32.9809    -48.8576    -15.4470
0.988    -33.6747    -35.8089    -53.0332    -16.8075
0.989    -36.8262    -39.1511    -57.9683    -18.4159
0.990    -40.6082    -43.1621    -63.8899    -20.3458
0.991    -45.2304    -48.0641    -71.1282    -22.7046
0.992    -51.0081    -54.1916    -80.1750    -25.6535
0.993    -58.4365    -62.0699    -91.8076    -29.4438
0.994    -68.3419    -72.5742   -107.3177    -34.4991
0.995    -82.2085    -87.2802   -129.0314    -41.5742
0.996   -103.0103   -109.3392   -161.6030    -52.1917
0.997   -137.6778   -146.1042   -215.8906    -69.8839
0.998   -207.0127   -219.6342   -324.4539   -105.2746
0.999   -415.0525   -440.2598   -650.2157   -211.4500
