0.001    -79.3994   -104.2786    -96.1981    -62.4653
0.002    -39.2321    -51.6404    -47.6242    -30.7947
0.003    -25.8431    -34.0944    -31.4329    -20.2379
0.004    -19.1485    -25.3213    -23.3373    -14.9500
0.005    -15.1318    -20.0575    -18.4799    -11.7677
0.006    -12.4540    -16.5483    -15.2417     -9.6553
0.007    -10.5412    -14.0417    -12.9286     -8.1480
0.008     -9.1067    -12.1618    -11.1944     -7.0175
0.009     -7.9909    -10.6996     -9.8470     -6.1376
0.010     -7.0983     -9.5299     -8.7690     -5.4316
0.011     -6.3680     -8.5728     -7.8870     -4.8540
0.012     -5.7594     -7.7753     -7.1521     -4.3726
0.013     -5.2445     -7.1004     -6.5302     -3.9653
0.014     -4.8031     -6.5220     -5.9971     -3.6177
0.015     -4.4205     -6.0207     -5.5352     -3.3170
0.016     -4.0858     -5.5820     -5.1309     -3.0539
0.017     -3.7904     -5.1950     -4.7742     -2.8188
0.018     -3.5279     -4.8509     -4.4544     -2.6124
0.019     -3.2930     -4.5431     -4.1680     -2.4276
0.020     -3.0816     -4.2661     -3.9101     -2.2601
0.021     -2.8903     -4.0154     -3.6769     -2.1086
0.022     -2.7164     -3.7876     -3.4662     -1.9708
0.023     -2.5577     -3.5795     -3.2742     -1.8451
0.024     -2.4121     -3.3888     -3.0982     -1.7298
0.025     -2.2783     -3.2133     -2.9363     -1.6237
0.026     -2.1547     -3.0514     -2.7868     -1.5258
0.027     -2.0402     -2.9014     -2.6485     -1.4354
0.028     -1.9340     -2.7621     -2.5200     -1.3512
0.029     -1.8350     -2.6325     -2.4003     -1.2726
0.030     -1.7427     -2.5115     -2.2892     -1.1994
0.031     -1.6563     -2.3983     -2.1854     -1.1310
0.032     -1.5753     -2.2921     -2.0874     -1.0668
0.033     -1.4993     -2.1925     -1.9949     -1.0065
0.034     -1.4277     -2.0986     -1.9078     -0.9498
0.035     -1.3601     -2.0102     -1.8260     -0.8963
0.036     -1.2964     -1.9266     -1.7489     -0.8458
0.037     -1.2361     -1.8476     -1.6759     -0.7980
0.038     -1.1789     -1.7727     -1.6064     -0.7528
0.039     -1.1247     -1.7017     -1.5405     -0.7098
0.040     -1.0732     -1.6342     -1.4776     -0.6690
0.041     -1.0243     -1.5700     -1.4179     -0.6302
0.042     -0.9776     -1.5088     -1.3610     -0.5933
0.043     -0.9331     -1.4505     -1.3067     -0.5580
0.044     -0.8907     -1.3949     -1.2549     -0.5244
0.045     -0.8501     -1.3417     -1.2054     -0.4922
0.046     -0.8113     -1.2909     -1.1580     -0.4615
0.047     -0.7741     -1.2422     -1.1126     -0.4320
0.048     -0.7385     -1.1955     -1.0693     -0.4038
0.049     -0.7044     -1.1508     -1.0278     -0.3768
0.050     -0.6716     -1.1078     -0.9879     -0.3508
0.051     -0.6401     -1.0665     -0.9495     -0.3258
0.052     -0.6098     -1.0268     -0.9131     -0.3018
0.053     -0.5806     -0.9886     -0.8781     -0.2787
0.054     -0.5526     -0.9518     -0.8445     -0.2565
0.055     -0.5255     -0.9164     -0.8120     -0.2351
0.056     -0.4994     -0.8822     -0.7805     -0.2144
0.057     -0.4743     -0.8492     -0.7499     -0.1945
0.058     -0.4500     -0.8174     -0.7203     -0.1753
0.059     -0.4265     -0.7866     -0.6918     -0.1569
0.060     -0.4038     -0.7569     -0.6642     -0.1391
0.061     -0.3818     -0.7281     -0.6375     -0.1219
0.062     -0.3606     -0.7003     -0.6117     -0.1047
0.063     -0.3400     -0.6733     -0.5867     -0.0881
0.064     -0.3201     -0.6472     -0.5625     -0.0723
0.065     -0.3008     -0.6219     -0.5390     -0.0569
0.066     -0.2821     -0.5974     -0.5170     -0.0422
0.067     -0.2639     -0.5736     -0.4960     -0.0278
0.068     -0.2463     -0.5504     -0.4753     -0.0139
0.069     -0.2291     -0.5280     -0.4543     -0.0004
0.070     -0.2125     -0.5062     -0.4339      0.0123
0.071     -0.1963     -0.4850     -0.4141      0.0246
0.072     -0.1806     -0.4644     -0.3949      0.0366
0.073     -0.1653     -0.4444     -0.3761      0.0484
0.074     -0.1505     -0.4249     -0.3579      0.0599
0.075     -0.1360     -0.4059     -0.3402      0.0712
0.076     -0.1219     -0.3875     -0.3231      0.0821
0.077     -0.1082     -0.3695     -0.3069      0.0928
0.078     -0.0948     -0.3520     -0.2910      0.1032
0.079     -0.0818     -0.3349     -0.2756      0.1133
0.080     -0.0691     -0.3182     -0.2606      0.1232
0.081     -0.0567     -0.3020     -0.2459      0.1332
0.082     -0.0446     -0.2861     -0.2316      0.1431
0.083     -0.0328     -0.2707     -0.2176      0.1528
0.084     -0.0212     -0.2556     -0.2040      0.1622
0.085     -0.0100     -0.2408     -0.1907      0.1714
0.086      0.0010     -0.2264     -0.1777      0.1804
0.087      0.0117     -0.2123     -0.1650      0.1892
0.088      0.0222     -0.1986     -0.1526      0.1978
0.089      0.0325     -0.1851     -0.1404      0.2062
0.090      0.0425     -0.1720     -0.1286      0.2141
0.091      0.0523     -0.1591     -0.1170      0.2218
0.092      0.0619     -0.1466     -0.1056      0.2294
0.093      0.0713     -0.1343     -0.0944      0.2367
0.094      0.0805     -0.1222     -0.0833      0.2439
0.095      0.0895     -0.1104     -0.0725      0.2510
0.096      0.0983     -0.0989     -0.0619      0.2579
0.097      0.1069     -0.0876     -0.0515      0.2647
0.098      0.1154     -0.0765     -0.0414      0.2713
0.099      0.1237     -0.0657     -0.0314      0.2780
0.100      0.1318     -0.0550     -0.0214      0.2843
0.101      0.1397     -0.0446     -0.0116      0.2906
0.102      0.1475     -0.0344     -0.0019      0.2967
0.103      0.1552     -0.0244      0.0075      0.3027
0.104      0.1627     -0.0145      0.0167      0.3086
0.105      0.1700     -0.0049      0.0258      0.3143
0.106      0.1773      0.0046      0.0347      0.3199
0.107      0.1843      0.0138      0.0434      0.3253
0.108      0.1913      0.0230      0.0520      0.3306
0.109      0.1981      0.0319      0.0603      0.3358
0.110      0.2048      0.0407      0.0682      0.3410
0.111      0.2114      0.0493      0.0760      0.3460
0.112      0.2179      0.0578      0.0836      0.3513
0.113      0.2242      0.0661      0.0910      0.3562
0.114      0.2304      0.0743      0.0984      0.3609
0.115      0.2366      0.0823      0.1056      0.3655
0.116      0.2426      0.0902      0.1127      0.3702
0.117      0.2485      0.0979      0.1196      0.3750
0.118      0.2543      0.1056      0.1265      0.3794
0.119      0.2600      0.1131      0.1332      0.3839
0.120      0.2657      0.1204      0.1400      0.3885
0.121      0.2712      0.1277      0.1469      0.3930
0.122      0.2766      0.1348      0.1537      0.3974
0.123      0.2820      0.1418      0.1604      0.4018
0.124      0.2873      0.1487      0.1670      0.4061
0.125      0.2924      0.1555      0.1735      0.4103
0.126      0.2975      0.1622      0.1799      0.4144
0.127      0.3026      0.1688      0.1862      0.4184
0.128      0.3075      0.1753      0.1924      0.4224
0.129      0.3124      0.1816      0.1985      0.4262
0.130      0.3172      0.1879      0.2043      0.4299
0.131      0.3219      0.1941      0.2100      0.4338
0.132      0.3265      0.2002      0.2155      0.4375
0.133      0.3311      0.2062      0.2210      0.4411
0.134      0.3356      0.2121      0.2264      0.4447
0.135      0.3401      0.2179      0.2317      0.4482
0.136      0.3444      0.2236      0.2369      0.4516
0.137      0.3487      0.2293      0.2419      0.4550
0.138      0.3530      0.2349      0.2468      0.4583
0.139      0.3572      0.2404      0.2517      0.4616
0.140      0.3613      0.2458      0.2568      0.4649
0.141      0.3654      0.2511      0.2618      0.4681
0.142      0.3694      0.2564      0.2665      0.4712
0.143      0.3733      0.2615      0.2712      0.4744
0.144      0.3772      0.2667      0.2758      0.4774
0.145      0.3811      0.2717      0.2804      0.4804
0.146      0.3849      0.2767      0.2849      0.4834
0.147      0.3886      0.2816      0.2893      0.4865
0.148      0.3923      0.2864      0.2937      0.4895
0.149      0.3960      0.2912      0.2978      0.4924
0.150      0.3996      0.2959      0.3020      0.4954
0.151      0.4031      0.3005      0.3063      0.4983
0.152      0.4066      0.3051      0.3106      0.5011
0.153      0.4101      0.3097      0.3147      0.5039
0.154      0.4135      0.3141      0.3188      0.5067
0.155      0.4168      0.3185      0.3229      0.5095
0.156      0.4202      0.3229      0.3267      0.5122
0.157      0.4234      0.3272      0.3305      0.5149
0.158      0.4267      0.3314      0.3344      0.5175
0.159      0.4299      0.3356      0.3382      0.5201
0.160      0.4330      0.3398      0.3420      0.5225
0.161      0.4362      0.3438      0.3458      0.5249
0.162      0.4392      0.3479      0.3495      0.5272
0.163      0.4423      0.3519      0.3532      0.5295
0.164      0.4453      0.3558      0.3569      0.5318
0.165      0.4482      0.3597      0.3605      0.5343
0.166      0.4512      0.3635      0.3641      0.5368
0.167      0.4541      0.3673      0.3676      0.5394
0.168      0.4569      0.3711      0.3711      0.5419
0.169      0.4598      0.3748      0.3745      0.5444
0.170      0.4626      0.3785      0.3779      0.5466
0.171      0.4653      0.3821      0.3813      0.5487
0.172      0.4681      0.3857      0.3846      0.5508
0.173      0.4708      0.3892      0.3879      0.5529
0.174      0.4734      0.3927      0.3911      0.5549
0.175      0.4761      0.3962      0.3942      0.5570
0.176      0.4787      0.3996      0.3972      0.5590
0.177      0.4813      0.4030      0.4002      0.5609
0.178      0.4838      0.4063      0.4033      0.5629
0.179      0.4863      0.4096      0.4065      0.5648
0.180      0.4888      0.4129      0.4095      0.5668
0.181      0.4913      0.4161      0.4125      0.5686
0.182      0.4937      0.4193      0.4154      0.5706
0.183      0.4961      0.4225      0.4183      0.5726
0.184      0.4985      0.4256      0.4211      0.5746
0.185      0.5009      0.4287      0.4239      0.5765
0.186      0.5032      0.4317      0.4267      0.5785
0.187      0.5055      0.4348      0.4295      0.5804
0.188      0.5078      0.4378      0.4322      0.5823
0.189      0.5101      0.4407      0.4349      0.5842
0.190      0.5123      0.4437      0.4376      0.5861
0.191      0.5145      0.4466      0.4402      0.5878
0.192      0.5167      0.4494      0.4429      0.5895
0.193      0.5189      0.4523      0.4454      0.5913
0.194      0.5210      0.4551      0.4480      0.5933
0.195      0.5232      0.4579      0.4506      0.5952
0.196      0.5253      0.4606      0.4531      0.5970
0.197      0.5273      0.4633      0.4556      0.5987
0.198      0.5294      0.4660      0.4580      0.6005
0.199      0.5314      0.4687      0.4605      0.6022
0.200      0.5335      0.4714      0.4628      0.6039
0.201      0.5355      0.4740      0.4651      0.6054
0.202      0.5374      0.4766      0.4674      0.6070
0.203      0.5394      0.4791      0.4696      0.6086
0.204      0.5413      0.4817      0.4720      0.6101
0.205      0.5432      0.4842      0.4743      0.6116
0.206      0.5452      0.4867      0.4766      0.6131
0.207      0.5470      0.4892      0.4788      0.6146
0.208      0.5489      0.4916      0.4809      0.6162
0.209      0.5507      0.4940      0.4831      0.6179
0.210      0.5526      0.4964      0.4853      0.6195
0.211      0.5544      0.4988      0.4874      0.6211
0.212      0.5562      0.5012      0.4895      0.6225
0.213      0.5580      0.5035      0.4915      0.6239
0.214      0.5597      0.5058      0.4936      0.6253
0.215      0.5615      0.5081      0.4956      0.6267
0.216      0.5632      0.5103      0.4976      0.6281
0.217      0.5649      0.5126      0.4995      0.6294
0.218      0.5666      0.5148      0.5015      0.6308
0.219      0.5683      0.5170      0.5034      0.6321
0.220      0.5700      0.5192      0.5053      0.6334
0.221      0.5716      0.5214      0.5072      0.6347
0.222      0.5733      0.5235      0.5092      0.6361
0.223      0.5749      0.5256      0.5112      0.6375
0.224      0.5765      0.5278      0.5131      0.6388
0.225      0.5781      0.5298      0.5151      0.6402
0.226      0.5797      0.5319      0.5170      0.6415
0.227      0.5812      0.5340      0.5188      0.6429
0.228      0.5828      0.5360      0.5207      0.6442
0.229      0.5843      0.5380      0.5225      0.6454
0.230      0.5858      0.5400      0.5243      0.6466
0.231      0.5874      0.5420      0.5262      0.6477
0.232      0.5889      0.5440      0.5280      0.6489
0.233      0.5903      0.5459      0.5297      0.6501
0.234      0.5918      0.5478      0.5315      0.6513
0.235      0.5933      0.5498      0.5333      0.6525
0.236      0.5947      0.5517      0.5350      0.6537
0.237      0.5962      0.5535      0.5367      0.6549
0.238      0.5976      0.5554      0.5385      0.6561
0.239      0.5990      0.5573      0.5402      0.6573
0.240      0.6004      0.5591      0.5419      0.6585
0.241      0.6018      0.5609      0.5436      0.6596
0.242      0.6032      0.5627      0.5453      0.6607
0.243      0.6045      0.5645      0.5469      0.6617
0.244      0.6059      0.5663      0.5485      0.6628
0.245      0.6072      0.5680      0.5501      0.6639
0.246      0.6086      0.5698      0.5517      0.6650
0.247      0.6099      0.5715      0.5533      0.6661
0.248      0.6112      0.5732      0.5549      0.6670
0.249      0.6125      0.5749      0.5565      0.6679
0.250      0.6138      0.5766      0.5580      0.6690
0.251      0.6151      0.5783      0.5596      0.6701
0.252      0.6163      0.5800      0.5611      0.6711
0.253      0.6176      0.5816      0.5627      0.6720
0.254      0.6188      0.5833      0.5642      0.6729
0.255      0.6201      0.5849      0.5657      0.6739
0.256      0.6213      0.5865      0.5672      0.6749
0.257      0.6225      0.5881      0.5687      0.6759
0.258      0.6238      0.5897      0.5702      0.6769
0.259      0.6250      0.5913      0.5716      0.6779
0.260      0.6261      0.5928      0.5730      0.6789
0.261      0.6273      0.5944      0.5744      0.6799
0.262      0.6285      0.5959      0.5758      0.6809
0.263      0.6297      0.5974      0.5771      0.6818
0.264      0.6308      0.5990      0.5784      0.6828
0.265      0.6320      0.6005      0.5798      0.6838
0.266      0.6331      0.6020      0.5813      0.6847
0.267      0.6342      0.6034      0.5828      0.6857
0.268      0.6354      0.6049      0.5842      0.6866
0.269      0.6365      0.6064      0.5857      0.6876
0.270      0.6376      0.6078      0.5870      0.6885
0.271      0.6387      0.6093      0.5883      0.6894
0.272      0.6398      0.6107      0.5897      0.6904
0.273      0.6409      0.6121      0.5910      0.6913
0.274      0.6419      0.6135      0.5923      0.6922
0.275      0.6430      0.6149      0.5936      0.6932
0.276      0.6441      0.6163      0.5949      0.6941
0.277      0.6451      0.6177      0.5961      0.6950
0.278      0.6462      0.6190      0.5973      0.6959
0.279      0.6472      0.6204      0.5985      0.6967
0.280      0.6482      0.6218      0.5996      0.6976
0.281      0.6492      0.6231      0.6008      0.6984
0.282      0.6503      0.6244      0.6019      0.6993
0.283      0.6513      0.6257      0.6031      0.7001
0.284      0.6523      0.6270      0.6043      0.7009
0.285      0.6532      0.6283      0.6055      0.7017
0.286      0.6542      0.6296      0.6068      0.7025
0.287      0.6552      0.6309      0.6080      0.7033
0.288      0.6562      0.6322      0.6092      0.7041
0.289      0.6572      0.6335      0.6104      0.7050
0.290      0.6581      0.6347      0.6115      0.7058
0.291      0.6591      0.6360      0.6127      0.7066
0.292      0.6600      0.6372      0.6139      0.7074
0.293      0.6609      0.6384      0.6151      0.7082
0.294      0.6619      0.6397      0.6162      0.7090
0.295      0.6628      0.6409      0.6174      0.7098
0.296      0.6637      0.6421      0.6185      0.7106
0.297      0.6646      0.6433      0.6197      0.7114
0.298      0.6655      0.6445      0.6208      0.7122
0.299      0.6664      0.6456      0.6218      0.7130
0.300      0.6673      0.6468      0.6229      0.7137
0.301      0.6682      0.6480      0.6240      0.7145
0.302      0.6691      0.6491      0.6250      0.7151
0.303      0.6700      0.6503      0.6261      0.7158
0.304      0.6709      0.6514      0.6271      0.7165
0.305      0.6717      0.6526      0.6279      0.7171
0.306      0.6726      0.6537      0.6290      0.7178
0.307      0.6734      0.6548      0.6300      0.7186
0.308      0.6743      0.6559      0.6310      0.7193
0.309      0.6751      0.6570      0.6321      0.7200
0.310      0.6760      0.6581      0.6332      0.7207
0.311      0.6768      0.6592      0.6342      0.7214
0.312      0.6776      0.6603      0.6352      0.7222
0.313      0.6785      0.6614      0.6362      0.7229
0.314      0.6793      0.6625      0.6372      0.7236
0.315      0.6801      0.6635      0.6382      0.7243
0.316      0.6809      0.6646      0.6391      0.7250
0.317      0.6817      0.6656      0.6401      0.7257
0.318      0.6825      0.6667      0.6410      0.7264
0.319      0.6833      0.6677      0.6420      0.7270
0.320      0.6841      0.6687      0.6429      0.7277
0.321      0.6849      0.6698      0.6438      0.7285
0.322      0.6856      0.6708      0.6448      0.7292
0.323      0.6864      0.6718      0.6457      0.7300
0.324      0.6872      0.6728      0.6466      0.7307
0.325      0.6879      0.6738      0.6475      0.7313
0.326      0.6887      0.6748      0.6484      0.7318
0.327      0.6895      0.6758      0.6493      0.7324
0.328      0.6902      0.6768      0.6502      0.7330
0.329      0.6909      0.6777      0.6511      0.7337
0.330      0.6917      0.6787      0.6519      0.7343
0.331      0.6924      0.6797      0.6527      0.7349
0.332      0.6932      0.6806      0.6536      0.7356
0.333      0.6939      0.6816      0.6545      0.7362
0.334      0.6946      0.6825      0.6553      0.7368
0.335      0.6953      0.6835      0.6560      0.7374
0.336      0.6960      0.6844      0.6568      0.7380
0.337      0.6967      0.6853      0.6577      0.7387
0.338      0.6974      0.6863      0.6585      0.7393
0.339      0.6981      0.6872      0.6594      0.7399
0.340      0.6988      0.6881      0.6602      0.7404
0.341      0.6995      0.6890      0.6611      0.7409
0.342      0.7002      0.6899      0.6619      0.7414
0.343      0.7009      0.6908      0.6627      0.7419
0.344      0.7016      0.6917      0.6635      0.7424
0.345      0.7023      0.6926      0.6642      0.7429
0.346      0.7029      0.6935      0.6649      0.7435
0.347      0.7036      0.6943      0.6655      0.7441
0.348      0.7043      0.6952      0.6662      0.7447
0.349      0.7049      0.6961      0.6669      0.7453
0.350      0.7056      0.6969      0.6675      0.7459
0.351      0.7063      0.6978      0.6682      0.7464
0.352      0.7069      0.6987      0.6688      0.7469
0.353      0.7075      0.6995      0.6695      0.7475
0.354      0.7082      0.7003      0.6701      0.7480
0.355      0.7088      0.7012      0.6709      0.7484
0.356      0.7095      0.7020      0.6717      0.7490
0.357      0.7101      0.7028      0.6724      0.7495
0.358      0.7107      0.7037      0.6733      0.7500
0.359      0.7114      0.7045      0.6741      0.7505
0.360      0.7120      0.7053      0.6750      0.7510
0.361      0.7126      0.7061      0.6758      0.7515
0.362      0.7132      0.7069      0.6766      0.7520
0.363      0.7138      0.7077      0.6773      0.7525
0.364      0.7144      0.7085      0.6780      0.7528
0.365      0.7150      0.7093      0.6789      0.7526
0.366      0.7156      0.7101      0.6797      0.7531
0.367      0.7162      0.7109      0.6803      0.7535
0.368      0.7168      0.7117      0.6810      0.7540
0.369      0.7174      0.7124      0.6826      0.7539
0.370      0.7180      0.7132      0.6837      0.7543
0.371      0.7186      0.7140      0.6849      0.7547
0.372      0.7192      0.7147      0.6859      0.7544
0.373      0.7198      0.7155      0.6870      0.7545
0.374      0.7203      0.7163      0.6881      0.7539
0.375      0.7209      0.7170      0.6892      0.7543
0.376      0.7215      0.7177      0.6899      0.7537
0.377      0.7220      0.7185      0.6909      0.7537
0.378      0.7226      0.7192      0.6909      0.7544
0.379      0.7232      0.7200      0.6924      0.7554
0.380      0.7237      0.7207      0.6930      0.7555
0.381      0.7237      0.7214      0.6929      0.7554
0.382      0.7231      0.7221      0.6925      0.7553
0.383      0.7225      0.7217      0.6919      0.7552
0.384      0.7219      0.7212      0.6916      0.7555
0.385      0.7212      0.7208      0.6906      0.7553
0.386      0.7206      0.7203      0.6893      0.7547
0.387      0.7200      0.7198      0.6885      0.7541
0.388      0.7194      0.7194      0.6880      0.7535
0.389      0.7187      0.7189      0.6869      0.7531
0.390      0.7181      0.7184      0.6853      0.7536
0.391      0.7175      0.7180      0.6845      0.7538
0.392      0.7168      0.7175      0.6832      0.7536
0.393      0.7162      0.7170      0.6817      0.7540
0.394      0.7155      0.7166      0.6807      0.7541
0.395      0.7149      0.7161      0.6796      0.7539
0.396      0.7142      0.7156      0.6789      0.7535
0.397      0.7136      0.7151      0.6782      0.7532
0.398      0.7129      0.7146      0.6773      0.7527
0.399      0.7123      0.7142      0.6766      0.7521
0.400      0.7116      0.7137      0.6758      0.7516
0.401      0.7110      0.7132      0.6751      0.7510
0.402      0.7103      0.7127      0.6743      0.7505
0.403      0.7097      0.7122      0.6736      0.7499
0.404      0.7090      0.7117      0.6729      0.7498
0.405      0.7083      0.7112      0.6722      0.7493
0.406      0.7077      0.7108      0.6715      0.7487
0.407      0.7070      0.7103      0.6707      0.7481
0.408      0.7063      0.7098      0.6700      0.7474
0.409      0.7056      0.7093      0.6692      0.7468
0.410      0.7050      0.7088      0.6684      0.7461
0.411      0.7043      0.7083      0.6677      0.7455
0.412      0.7036      0.7078      0.6669      0.7449
0.413      0.7029      0.7073      0.6661      0.7443
0.414      0.7022      0.7068      0.6653      0.7437
0.415      0.7015      0.7063      0.6646      0.7431
0.416      0.7008      0.7057      0.6638      0.7425
0.417      0.7001      0.7052      0.6631      0.7420
0.418      0.6994      0.7047      0.6623      0.7414
0.419      0.6987      0.7042      0.6615      0.7408
0.420      0.6980      0.7037      0.6607      0.7402
0.421      0.6973      0.7032      0.6599      0.7397
0.422      0.6966      0.7026      0.6591      0.7391
0.423      0.6959      0.7021      0.6582      0.7385
0.424      0.6952      0.7016      0.6574      0.7379
0.425      0.6945      0.7011      0.6566      0.7374
0.426      0.6938      0.7006      0.6558      0.7368
0.427      0.6931      0.7000      0.6550      0.7362
0.428      0.6923      0.6995      0.6542      0.7356
0.429      0.6916      0.6990      0.6534      0.7350
0.430      0.6909      0.6984      0.6525      0.7344
0.431      0.6902      0.6979      0.6516      0.7338
0.432      0.6894      0.6973      0.6507      0.7331
0.433      0.6887      0.6968      0.6498      0.7325
0.434      0.6880      0.6963      0.6489      0.7318
0.435      0.6872      0.6957      0.6481      0.7312
0.436      0.6865      0.6952      0.6472      0.7305
0.437      0.6857      0.6946      0.6464      0.7299
0.438      0.6850      0.6941      0.6456      0.7293
0.439      0.6842      0.6935      0.6447      0.7287
0.440      0.6835      0.6930      0.6438      0.7281
0.441      0.6827      0.6924      0.6430      0.7275
0.442      0.6820      0.6919      0.6421      0.7269
0.443      0.6812      0.6913      0.6412      0.7262
0.444      0.6805      0.6907      0.6403      0.7255
0.445      0.6797      0.6902      0.6393      0.7248
0.446      0.6789      0.6896      0.6384      0.7242
0.447      0.6781      0.6890      0.6374      0.7236
0.448      0.6774      0.6885      0.6365      0.7229
0.449      0.6766      0.6879      0.6355      0.7223
0.450      0.6758      0.6873      0.6346      0.7216
0.451      0.6750      0.6867      0.6336      0.7210
0.452      0.6742      0.6862      0.6326      0.7203
0.453      0.6735      0.6856      0.6317      0.7196
0.454      0.6727      0.6850      0.6308      0.7190
0.455      0.6719      0.6844      0.6300      0.7183
0.456      0.6711      0.6838      0.6292      0.7177
0.457      0.6703      0.6832      0.6283      0.7170
0.458      0.6695      0.6827      0.6272      0.7163
0.459      0.6687      0.6821      0.6262      0.7157
0.460      0.6679      0.6815      0.6251      0.7151
0.461      0.6670      0.6809      0.6242      0.7145
0.462      0.6662      0.6803      0.6233      0.7139
0.463      0.6654      0.6797      0.6224      0.7133
0.464      0.6646      0.6791      0.6215      0.7127
0.465      0.6638      0.6785      0.6206      0.7121
0.466      0.6629      0.6778      0.6196      0.7114
0.467      0.6621      0.6772      0.6187      0.7107
0.468      0.6613      0.6766      0.6178      0.7100
0.469      0.6604      0.6760      0.6168      0.7093
0.470      0.6596      0.6754      0.6159      0.7086
0.471      0.6588      0.6748      0.6149      0.7079
0.472      0.6579      0.6741      0.6140      0.7072
0.473      0.6571      0.6735      0.6131      0.7065
0.474      0.6562      0.6729      0.6123      0.7057
0.475      0.6554      0.6723      0.6114      0.7050
0.476      0.6545      0.6716      0.6105      0.7043
0.477      0.6536      0.6710      0.6095      0.7036
0.478      0.6528      0.6704      0.6084      0.7029
0.479      0.6519      0.6697      0.6074      0.7021
0.480      0.6510      0.6691      0.6064      0.7014
0.481      0.6501      0.6684      0.6053      0.7007
0.482      0.6493      0.6678      0.6043      0.6999
0.483      0.6484      0.6671      0.6033      0.6992
0.484      0.6475      0.6665      0.6023      0.6985
0.485      0.6466      0.6658      0.6014      0.6977
0.486      0.6457      0.6652      0.6005      0.6970
0.487      0.6448      0.6645      0.5994      0.6962
0.488      0.6439      0.6638      0.5983      0.6955
0.489      0.6430      0.6632      0.5972      0.6947
0.490      0.6421      0.6625      0.5961      0.6940
0.491      0.6412      0.6618      0.5952      0.6932
0.492      0.6403      0.6612      0.5941      0.6924
0.493      0.6394      0.6605      0.5929      0.6917
0.494      0.6384      0.6598      0.5918      0.6909
0.495      0.6375      0.6591      0.5907      0.6901
0.496      0.6366      0.6585      0.5895      0.6893
0.497      0.6357      0.6578      0.5885      0.6886
0.498      0.6347      0.6571      0.5874      0.6878
0.499      0.6338      0.6564      0.5863      0.6870
0.500      0.6328      0.6557      0.5853      0.6862
0.501      0.6319      0.6550      0.5842      0.6854
0.502      0.6309      0.6543      0.5831      0.6846
0.503      0.6300      0.6536      0.5820      0.6838
0.504      0.6290      0.6529      0.5810      0.6830
0.505      0.6281      0.6522      0.5799      0.6822
0.506      0.6271      0.6515      0.5788      0.6814
0.507      0.6261      0.6508      0.5777      0.6806
0.508      0.6252      0.6500      0.5766      0.6798
0.509      0.6242      0.6493      0.5754      0.6790
0.510      0.6232      0.6486      0.5743      0.6781
0.511      0.6222      0.6479      0.5732      0.6773
0.512      0.6212      0.6471      0.5721      0.6765
0.513      0.6202      0.6464      0.5710      0.6757
0.514      0.6192      0.6457      0.5699      0.6748
0.515      0.6182      0.6449      0.5687      0.6740
0.516      0.6172      0.6442      0.5675      0.6731
0.517      0.6162      0.6434      0.5662      0.6723
0.518      0.6152      0.6427      0.5649      0.6714
0.519      0.6142      0.6419      0.5636      0.6705
0.520      0.6131      0.6412      0.5623      0.6696
0.521      0.6121      0.6404      0.5610      0.6687
0.522      0.6111      0.6397      0.5598      0.6678
0.523      0.6100      0.6389      0.5587      0.6669
0.524      0.6090      0.6381      0.5576      0.6659
0.525      0.6080      0.6374      0.5564      0.6650
0.526      0.6069      0.6366      0.5553      0.6642
0.527      0.6059      0.6358      0.5542      0.6633
0.528      0.6048      0.6350      0.5530      0.6625
0.529      0.6037      0.6343      0.5519      0.6616
0.530      0.6027      0.6335      0.5507      0.6608
0.531      0.6016      0.6327      0.5496      0.6599
0.532      0.6005      0.6319      0.5484      0.6591
0.533      0.5994      0.6311      0.5472      0.6582
0.534      0.5983      0.6303      0.5459      0.6574
0.535      0.5973      0.6295      0.5446      0.6565
0.536      0.5962      0.6287      0.5434      0.6556
0.537      0.5951      0.6279      0.5421      0.6546
0.538      0.5940      0.6271      0.5408      0.6537
0.539      0.5928      0.6263      0.5394      0.6528
0.540      0.5917      0.6254      0.5381      0.6519
0.541      0.5906      0.6246      0.5368      0.6509
0.542      0.5895      0.6238      0.5355      0.6500
0.543      0.5884      0.6230      0.5342      0.6490
0.544      0.5872      0.6221      0.5328      0.6481
0.545      0.5861      0.6213      0.5315      0.6471
0.546      0.5849      0.6204      0.5302      0.6461
0.547      0.5838      0.6196      0.5289      0.6451
0.548      0.5826      0.6187      0.5275      0.6442
0.549      0.5815      0.6179      0.5262      0.6432
0.550      0.5803      0.6170      0.5248      0.6422
0.551      0.5791      0.6162      0.5234      0.6412
0.552      0.5780      0.6153      0.5221      0.6402
0.553      0.5768      0.6144      0.5207      0.6392
0.554      0.5756      0.6136      0.5193      0.6382
0.555      0.5744      0.6127      0.5179      0.6372
0.556      0.5732      0.6118      0.5167      0.6362
0.557      0.5720      0.6109      0.5153      0.6351
0.558      0.5708      0.6100      0.5139      0.6341
0.559      0.5696      0.6091      0.5126      0.6331
0.560      0.5684      0.6082      0.5112      0.6320
0.561      0.5671      0.6073      0.5099      0.6310
0.562      0.5659      0.6064      0.5085      0.6300
0.563      0.5647      0.6055      0.5072      0.6289
0.564      0.5634      0.6046      0.5058      0.6279
0.565      0.5622      0.6037      0.5045      0.6268
0.566      0.5609      0.6028      0.5031      0.6257
0.567      0.5597      0.6018      0.5017      0.6247
0.568      0.5584      0.6009      0.5003      0.6236
0.569      0.5572      0.6000      0.4988      0.6225
0.570      0.5559      0.5990      0.4972      0.6214
0.571      0.5546      0.5981      0.4957      0.6203
0.572      0.5533      0.5972      0.4941      0.6193
0.573      0.5520      0.5962      0.4928      0.6182
0.574      0.5507      0.5952      0.4914      0.6172
0.575      0.5494      0.5943      0.4901      0.6162
0.576      0.5481      0.5933      0.4885      0.6152
0.577      0.5468      0.5923      0.4868      0.6141
0.578      0.5455      0.5914      0.4851      0.6130
0.579      0.5441      0.5904      0.4834      0.6119
0.580      0.5428      0.5894      0.4819      0.6107
0.581      0.5414      0.5884      0.4805      0.6096
0.582      0.5401      0.5874      0.4790      0.6084
0.583      0.5387      0.5864      0.4776      0.6073
0.584      0.5374      0.5854      0.4761      0.6061
0.585      0.5360      0.5844      0.4747      0.6050
0.586      0.5346      0.5834      0.4732      0.6038
0.587      0.5332      0.5824      0.4717      0.6026
0.588      0.5319      0.5814      0.4701      0.6015
0.589      0.5305      0.5803      0.4685      0.6003
0.590      0.5291      0.5793      0.4668      0.5991
0.591      0.5276      0.5783      0.4651      0.5979
0.592      0.5262      0.5772      0.4635      0.5968
0.593      0.5248      0.5762      0.4618      0.5958
0.594      0.5234      0.5751      0.4601      0.5947
0.595      0.5219      0.5741      0.4584      0.5935
0.596      0.5205      0.5730      0.4567      0.5923
0.597      0.5190      0.5719      0.4550      0.5912
0.598      0.5176      0.5709      0.4532      0.5901
0.599      0.5161      0.5698      0.4515      0.5890
0.600      0.5146      0.5687      0.4498      0.5879
0.601      0.5132      0.5676      0.4480      0.5868
0.602      0.5117      0.5665      0.4462      0.5857
0.603      0.5102      0.5654      0.4445      0.5846
0.604      0.5087      0.5643      0.4427      0.5834
0.605      0.5072      0.5632      0.4410      0.5821
0.606      0.5056      0.5621      0.4393      0.5808
0.607      0.5041      0.5610      0.4376      0.5794
0.608      0.5026      0.5598      0.4358      0.5781
0.609      0.5010      0.5587      0.4341      0.5767
0.610      0.4995      0.5575      0.4323      0.5754
0.611      0.4979      0.5564      0.4306      0.5740
0.612      0.4964      0.5552      0.4288      0.5727
0.613      0.4948      0.5541      0.4270      0.5713
0.614      0.4932      0.5529      0.4252      0.5699
0.615      0.4916      0.5518      0.4234      0.5686
0.616      0.4900      0.5506      0.4216      0.5672
0.617      0.4884      0.5494      0.4198      0.5658
0.618      0.4868      0.5482      0.4180      0.5644
0.619      0.4852      0.5470      0.4161      0.5631
0.620      0.4835      0.5458      0.4143      0.5617
0.621      0.4819      0.5446      0.4124      0.5603
0.622      0.4803      0.5434      0.4105      0.5588
0.623      0.4786      0.5422      0.4085      0.5574
0.624      0.4769      0.5409      0.4065      0.5559
0.625      0.4752      0.5397      0.4045      0.5545
0.626      0.4736      0.5385      0.4025      0.5531
0.627      0.4719      0.5372      0.4005      0.5517
0.628      0.4702      0.5360      0.3984      0.5503
0.629      0.4685      0.5347      0.3964      0.5488
0.630      0.4667      0.5334      0.3943      0.5474
0.631      0.4650      0.5322      0.3923      0.5459
0.632      0.4633      0.5309      0.3902      0.5445
0.633      0.4615      0.5296      0.3881      0.5430
0.634      0.4597      0.5283      0.3860      0.5416
0.635      0.4580      0.5270      0.3840      0.5401
0.636      0.4562      0.5257      0.3820      0.5386
0.637      0.4544      0.5244      0.3800      0.5371
0.638      0.4526      0.5230      0.3781      0.5356
0.639      0.4508      0.5217      0.3761      0.5341
0.640      0.4490      0.5204      0.3740      0.5326
0.641      0.4472      0.5190      0.3720      0.5310
0.642      0.4453      0.5177      0.3700      0.5295
0.643      0.4435      0.5163      0.3680      0.5279
0.644      0.4416      0.5149      0.3659      0.5263
0.645      0.4397      0.5136      0.3638      0.5248
0.646      0.4379      0.5122      0.3618      0.5233
0.647      0.4360      0.5108      0.3597      0.5217
0.648      0.4341      0.5094      0.3576      0.5201
0.649      0.4321      0.5080      0.3555      0.5186
0.650      0.4302      0.5066      0.3533      0.5171
0.651      0.4283      0.5051      0.3512      0.5155
0.652      0.4263      0.5037      0.3488      0.5140
0.653      0.4244      0.5023      0.3464      0.5124
0.654      0.4224      0.5008      0.3439      0.5109
0.655      0.4204      0.4994      0.3414      0.5093
0.656      0.4184      0.4979      0.3392      0.5077
0.657      0.4164      0.4964      0.3371      0.5061
0.658      0.4144      0.4949      0.3349      0.5045
0.659      0.4124      0.4934      0.3327      0.5029
0.660      0.4104      0.4919      0.3303      0.5013
0.661      0.4083      0.4904      0.3278      0.4997
0.662      0.4062      0.4889      0.3253      0.4981
0.663      0.4042      0.4874      0.3228      0.4964
0.664      0.4021      0.4858      0.3203      0.4948
0.665      0.4000      0.4843      0.3178      0.4931
0.666      0.3979      0.4827      0.3153      0.4915
0.667      0.3957      0.4812      0.3127      0.4898
0.668      0.3936      0.4796      0.3101      0.4881
0.669      0.3915      0.4780      0.3076      0.4864
0.670      0.3893      0.4764      0.3050      0.4846
0.671      0.3871      0.4748      0.3023      0.4829
0.672      0.3849      0.4732      0.2997      0.4812
0.673      0.3827      0.4716      0.2971      0.4794
0.674      0.3805      0.4700      0.2944      0.4776
0.675      0.3783      0.4683      0.2916      0.4758
0.676      0.3760      0.4667      0.2890      0.4740
0.677      0.3738      0.4650      0.2863      0.4721
0.678      0.3715      0.4633      0.2836      0.4703
0.679      0.3692      0.4617      0.2808      0.4684
0.680      0.3669      0.4600      0.2781      0.4666
0.681      0.3646      0.4583      0.2753      0.4648
0.682      0.3623      0.4565      0.2725      0.4629
0.683      0.3599      0.4548      0.2697      0.4611
0.684      0.3576      0.4531      0.2668      0.4592
0.685      0.3552      0.4513      0.2640      0.4573
0.686      0.3528      0.4496      0.2613      0.4553
0.687      0.3504      0.4478      0.2586      0.4532
0.688      0.3480      0.4460      0.2558      0.4511
0.689      0.3455      0.4442      0.2528      0.4490
0.690      0.3431      0.4424      0.2498      0.4470
0.691      0.3406      0.4406      0.2468      0.4450
0.692      0.3381      0.4388      0.2438      0.4430
0.693      0.3356      0.4369      0.2407      0.4410
0.694      0.3331      0.4351      0.2377      0.4389
0.695      0.3306      0.4332      0.2346      0.4367
0.696      0.3280      0.4313      0.2315      0.4345
0.697      0.3255      0.4295      0.2285      0.4323
0.698      0.3229      0.4276      0.2255      0.4301
0.699      0.3203      0.4256      0.2225      0.4278
0.700      0.3177      0.4237      0.2194      0.4255
0.701      0.3150      0.4218      0.2162      0.4233
0.702      0.3124      0.4198      0.2129      0.4210
0.703      0.3097      0.4179      0.2097      0.4187
0.704      0.3070      0.4159      0.2064      0.4166
0.705      0.3043      0.4139      0.2031      0.4145
0.706      0.3016      0.4119      0.1998      0.4124
0.707      0.2988      0.4099      0.1967      0.4102
0.708      0.2961      0.4078      0.1936      0.4081
0.709      0.2933      0.4058      0.1904      0.4059
0.710      0.2905      0.4037      0.1873      0.4037
0.711      0.2877      0.4016      0.1841      0.4016
0.712      0.2848      0.3995      0.1809      0.3994
0.713      0.2820      0.3974      0.1776      0.3971
0.714      0.2791      0.3953      0.1744      0.3948
0.715      0.2762      0.3932      0.1711      0.3924
0.716      0.2733      0.3910      0.1678      0.3900
0.717      0.2703      0.3889      0.1644      0.3876
0.718      0.2674      0.3867      0.1609      0.3852
0.719      0.2644      0.3845      0.1575      0.3828
0.720      0.2614      0.3823      0.1540      0.3803
0.721      0.2583      0.3801      0.1505      0.3778
0.722      0.2553      0.3778      0.1469      0.3753
0.723      0.2522      0.3756      0.1433      0.3728
0.724      0.2491      0.3733      0.1397      0.3703
0.725      0.2460      0.3710      0.1361      0.3678
0.726      0.2429      0.3687      0.1325      0.3652
0.727      0.2397      0.3664      0.1288      0.3626
0.728      0.2365      0.3640      0.1251      0.3600
0.729      0.2333      0.3617      0.1214      0.3574
0.730      0.2301      0.3593      0.1176      0.3548
0.731      0.2269      0.3569      0.1138      0.3521
0.732      0.2236      0.3545      0.1100      0.3494
0.733      0.2203      0.3520      0.1062      0.3467
0.734      0.2169      0.3496      0.1023      0.3440
0.735      0.2136      0.3471      0.0984      0.3413
0.736      0.2102      0.3446      0.0945      0.3385
0.737      0.2068      0.3421      0.0905      0.3357
0.738      0.2034      0.3396      0.0865      0.3329
0.739      0.1999      0.3371      0.0825      0.3301
0.740      0.1964      0.3345      0.0784      0.3273
0.741      0.1929      0.3319      0.0744      0.3244
0.742      0.1894      0.3293      0.0701      0.3215
0.743      0.1858      0.3267      0.0657      0.3186
0.744      0.1822      0.3240      0.0615      0.3157
0.745      0.1786      0.3214      0.0573      0.3127
0.746      0.1750      0.3187      0.0532      0.3097
0.747      0.1713      0.3160      0.0490      0.3067
0.748      0.1676      0.3132      0.0447      0.3037
0.749      0.1638      0.3105      0.0404      0.3006
0.750      0.1601      0.3077      0.0361      0.2976
0.751      0.1563      0.3049      0.0317      0.2944
0.752      0.1524      0.3021      0.0273      0.2913
0.753      0.1486      0.2993      0.0228      0.2882
0.754      0.1447      0.2964      0.0183      0.2850
0.755      0.1408      0.2935      0.0137      0.2818
0.756      0.1368      0.2906      0.0091      0.2786
0.757      0.1328      0.2877      0.0045      0.2753
0.758      0.1288      0.2847     -0.0002      0.2720
0.759      0.1248      0.2817     -0.0049      0.2687
0.760      0.1207      0.2787     -0.0097      0.2654
0.761      0.1165      0.2757     -0.0145      0.2620
0.762      0.1124      0.2726     -0.0193      0.2586
0.763      0.1082      0.2695     -0.0241      0.2552
0.764      0.1040      0.2664     -0.0288      0.2517
0.765      0.0997      0.2633     -0.0335      0.2483
0.766      0.0954      0.2601     -0.0382      0.2447
0.767      0.0911      0.2569     -0.0430      0.2412
0.768      0.0867      0.2537     -0.0480      0.2376
0.769      0.0823      0.2505     -0.0533      0.2340
0.770      0.0778      0.2472     -0.0587      0.2304
0.771      0.0734      0.2439     -0.0641      0.2267
0.772      0.0688      0.2406     -0.0695      0.2230
0.773      0.0643      0.2372     -0.0750      0.2193
0.774      0.0597      0.2338     -0.0803      0.2155
0.775      0.0550      0.2304     -0.0857      0.2117
0.776      0.0503      0.2269     -0.0912      0.2079
0.777      0.0456      0.2235     -0.0969      0.2040
0.778      0.0408      0.2199     -0.1023      0.2001
0.779      0.0360      0.2164     -0.1079      0.1962
0.780      0.0311      0.2128     -0.1135      0.1922
0.781      0.0262      0.2092     -0.1191      0.1882
0.782      0.0213      0.2056     -0.1248      0.1842
0.783      0.0163      0.2019     -0.1306      0.1801
0.784      0.0112      0.1982     -0.1364      0.1760
0.785      0.0061      0.1944     -0.1423      0.1718
0.786      0.0010      0.1907     -0.1482      0.1676
0.787     -0.0042      0.1868     -0.1541      0.1634
0.788     -0.0094      0.1830     -0.1602      0.1591
0.789     -0.0147      0.1791     -0.1663      0.1548
0.790     -0.0200      0.1752     -0.1724      0.1504
0.791     -0.0254      0.1712     -0.1786      0.1460
0.792     -0.0309      0.1672     -0.1849      0.1416
0.793     -0.0364      0.1632     -0.1912      0.1371
0.794     -0.0419      0.1591     -0.1976      0.1326
0.795     -0.0475      0.1550     -0.2040      0.1279
0.796     -0.0531      0.1508     -0.2105      0.1231
0.797     -0.0589      0.1466     -0.2171      0.1184
0.798     -0.0646      0.1424     -0.2237      0.1135
0.799     -0.0704      0.1381     -0.2304      0.1087
0.800     -0.0763      0.1337     -0.2372      0.1037
0.801     -0.0823      0.1294     -0.2442      0.0988
0.802     -0.0883      0.1250     -0.2512      0.0938
0.803     -0.0943      0.1205     -0.2583      0.0890
0.804     -0.1004      0.1160     -0.2655      0.0841
0.805     -0.1066      0.1114     -0.2728      0.0792
0.806     -0.1129      0.1068     -0.2802      0.0743
0.807     -0.1192      0.1022     -0.2876      0.0692
0.808     -0.1256      0.0975     -0.2951      0.0642
0.809     -0.1320      0.0927     -0.3027      0.0590
0.810     -0.1385      0.0880     -0.3103      0.0536
0.811     -0.1451      0.0831     -0.3181      0.0483
0.812     -0.1518      0.0782     -0.3259      0.0428
0.813     -0.1585      0.0733     -0.3338      0.0373
0.814     -0.1653      0.0683     -0.3418      0.0318
0.815     -0.1722      0.0632     -0.3499      0.0262
0.816     -0.1791      0.0581     -0.3580      0.0205
0.817     -0.1861      0.0529     -0.3663      0.0148
0.818     -0.1932      0.0477     -0.3746      0.0090
0.819     -0.2004      0.0424     -0.3831      0.0031
0.820     -0.2076      0.0371     -0.3915     -0.0028
0.821     -0.2150      0.0317     -0.4001     -0.0088
0.822     -0.2224      0.0262     -0.4087     -0.0149
0.823     -0.2299      0.0207     -0.4174     -0.0210
0.824     -0.2375      0.0151     -0.4263     -0.0272
0.825     -0.2452      0.0095     -0.4352     -0.0335
0.826     -0.2529      0.0038     -0.4445     -0.0398
0.827     -0.2608     -0.0020     -0.4538     -0.0460
0.828     -0.2687     -0.0079     -0.4631     -0.0522
0.829     -0.2768     -0.0138     -0.4724     -0.0585
0.830     -0.2849     -0.0198     -0.4817     -0.0649
0.831     -0.2931     -0.0258     -0.4912     -0.0713
0.832     -0.3014     -0.0320     -0.5007     -0.0778
0.833     -0.3099     -0.0382     -0.5104     -0.0844
0.834     -0.3184     -0.0444     -0.5204     -0.0911
0.835     -0.3270     -0.0508     -0.5304     -0.0978
0.836     -0.3358     -0.0572     -0.5406     -0.1047
0.837     -0.3446     -0.0637     -0.5508     -0.1116
0.838     -0.3536     -0.0703     -0.5613     -0.1186
0.839     -0.3626     -0.0770     -0.5718     -0.1257
0.840     -0.3718     -0.0837     -0.5825     -0.1329
0.841     -0.3811     -0.0906     -0.5933     -0.1402
0.842     -0.3905     -0.0975     -0.6043     -0.1475
0.843     -0.4000     -0.1045     -0.6156     -0.1550
0.844     -0.4097     -0.1116     -0.6271     -0.1625
0.845     -0.4195     -0.1188     -0.6387     -0.1702
0.846     -0.4294     -0.1261     -0.6505     -0.1779
0.847     -0.4394     -0.1335     -0.6625     -0.1858
0.848     -0.4496     -0.1410     -0.6746     -0.1938
0.849     -0.4599     -0.1486     -0.6869     -0.2018
0.850     -0.4703     -0.1562     -0.6993     -0.2100
0.851     -0.4809     -0.1640     -0.7119     -0.2183
0.852     -0.4916     -0.1719     -0.7247     -0.2267
0.853     -0.5025     -0.1799     -0.7376     -0.2354
0.854     -0.5135     -0.1880     -0.7504     -0.2441
0.855     -0.5246     -0.1962     -0.7633     -0.2530
0.856     -0.5360     -0.2046     -0.7763     -0.2620
0.857     -0.5474     -0.2130     -0.7900     -0.2711
0.858     -0.5591     -0.2216     -0.8038     -0.2804
0.859     -0.5709     -0.2303     -0.8179     -0.2900
0.860     -0.5829     -0.2391     -0.8321     -0.2999
0.861     -0.5950     -0.2480     -0.8466     -0.3099
0.862     -0.6073     -0.2571     -0.8612     -0.3201
0.863     -0.6198     -0.2663     -0.8761     -0.3304
0.864     -0.6325     -0.2756     -0.8912     -0.3408
0.865     -0.6454     -0.2851     -0.9064     -0.3514
0.866     -0.6585     -0.2947     -0.9218     -0.3617
0.867     -0.6717     -0.3045     -0.9374     -0.3722
0.868     -0.6852     -0.3144     -0.9532     -0.3829
0.869     -0.6989     -0.3245     -0.9693     -0.3937
0.870     -0.7127     -0.3347     -0.9856     -0.4048
0.871     -0.7268     -0.3451     -1.0022     -0.4162
0.872     -0.7412     -0.3556     -1.0190     -0.4278
0.873     -0.7557     -0.3663     -1.0361     -0.4397
0.874     -0.7705     -0.3772     -1.0535     -0.4516
0.875     -0.7855     -0.3882     -1.0712     -0.4638
0.876     -0.8007     -0.3994     -1.0891     -0.4762
0.877     -0.8162     -0.4108     -1.1073     -0.4890
0.878     -0.8320     -0.4224     -1.1259     -0.5021
0.879     -0.8480     -0.4342     -1.1447     -0.5154
0.880     -0.8643     -0.4462     -1.1638     -0.5289
0.881     -0.8808     -0.4584     -1.1833     -0.5427
0.882     -0.8977     -0.4708     -1.2031     -0.5566
0.883     -0.9148     -0.4834     -1.2232     -0.5709
0.884     -0.9322     -0.4962     -1.2434     -0.5853
0.885     -0.9499     -0.5092     -1.2641     -0.6001
0.886     -0.9680     -0.5225     -1.2851     -0.6150
0.887     -0.9863     -0.5360     -1.3065     -0.6303
0.888     -1.0050     -0.5498     -1.3283     -0.6458
0.889     -1.0240     -0.5638     -1.3504     -0.6616
0.890     -1.0434     -0.5780     -1.3730     -0.6777
0.891     -1.0631     -0.5925     -1.3960     -0.6941
0.892     -1.0832     -0.6073     -1.4194     -0.7108
0.893     -1.1036     -0.6224     -1.4432     -0.7278
0.894     -1.1244     -0.6377     -1.4675     -0.7451
0.895     -1.1457     -0.6533     -1.4922     -0.7627
0.896     -1.1673     -0.6693     -1.5175     -0.7807
0.897     -1.1894     -0.6855     -1.5432     -0.7990
0.898     -1.2119     -0.7021     -1.5695     -0.8177
0.899     -1.2348     -0.7190     -1.5965     -0.8368
0.900     -1.2583     -0.7362     -1.6240     -0.8562
0.901     -1.2821     -0.7538     -1.6520     -0.8761
0.902     -1.3065     -0.7717     -1.6807     -0.8963
0.903     -1.3314     -0.7900     -1.7099     -0.9170
0.904     -1.3567     -0.8087     -1.7398     -0.9381
0.905     -1.3827     -0.8278     -1.7702     -0.9596
0.906     -1.4091     -0.8472     -1.8013     -0.9816
0.907     -1.4362     -0.8671     -1.8331     -1.0038
0.908     -1.4638     -0.8875     -1.8656     -1.0261
0.909     -1.4920     -0.9083     -1.8988     -1.0488
0.910     -1.5209     -0.9295     -1.9327     -1.0721
0.911     -1.5504     -0.9512     -1.9674     -1.0959
0.912     -1.5806     -0.9734     -2.0029     -1.1202
0.913     -1.6115     -0.9962     -2.0387     -1.1451
0.914     -1.6431     -1.0194     -2.0754     -1.1706
0.915     -1.6754     -1.0432     -2.1129     -1.1966
0.916     -1.7085     -1.0676     -2.1513     -1.2233
0.917     -1.7424     -1.0925     -2.1906     -1.2506
0.918     -1.7771     -1.1181     -2.2309     -1.2786
0.919     -1.8127     -1.1443     -2.2722     -1.3073
0.920     -1.8492     -1.1711     -2.3145     -1.3367
0.921     -1.8866     -1.1987     -2.3579     -1.3668
0.922     -1.9250     -1.2269     -2.4024     -1.3978
0.923     -1.9643     -1.2559     -2.4480     -1.4295
0.924     -2.0047     -1.2856     -2.4949     -1.4620
0.925     -2.0462     -1.3161     -2.5430     -1.4954
0.926     -2.0888     -1.3475     -2.5924     -1.5298
0.927     -2.1326     -1.3797     -2.6432     -1.5650
0.928     -2.1775     -1.4128     -2.6954     -1.6013
0.929     -2.2238     -1.4468     -2.7490     -1.6385
0.930     -2.2713     -1.4818     -2.8042     -1.6769
0.931     -2.3203     -1.5178     -2.8611     -1.7163
0.932     -2.3707     -1.5549     -2.9198     -1.7569
0.933     -2.4225     -1.5931     -2.9802     -1.7990
0.934     -2.4760     -1.6325     -3.0425     -1.8426
0.935     -2.5311     -1.6730     -3.1067     -1.8870
0.936     -2.5879     -1.7148     -3.1730     -1.9328
0.937     -2.6466     -1.7580     -3.2413     -1.9801
0.938     -2.7071     -1.8025     -3.3118     -2.0289
0.939     -2.7696     -1.8485     -3.3847     -2.0793
0.940     -2.8342     -1.8961     -3.4599     -2.1314
0.941     -2.9009     -1.9452     -3.5377     -2.1852
0.942     -2.9700     -1.9961     -3.6182     -2.2409
0.943     -3.0415     -2.0487     -3.7016     -2.2986
0.944     -3.1156     -2.1032     -3.7879     -2.3583
0.945     -3.1923     -2.1597     -3.8773     -2.4202
0.946     -3.2719     -2.2183     -3.9701     -2.4844
0.947     -3.3545     -2.2791     -4.0670     -2.5510
0.948     -3.4403     -2.3422     -4.1677     -2.6202
0.949     -3.5294     -2.4078     -4.2724     -2.6920
0.950     -3.6221     -2.4760     -4.3812     -2.7668
0.951     -3.7186     -2.5470     -4.4945     -2.8446
0.952     -3.8191     -2.6210     -4.6125     -2.9260
0.953     -3.9239     -2.6981     -4.7355     -3.0110
0.954     -4.0332     -2.7786     -4.8639     -3.0997
0.955     -4.1474     -2.8627     -4.9980     -3.1924
0.956     -4.2668     -2.9505     -5.1381     -3.2893
0.957     -4.3917     -3.0425     -5.2848     -3.3907
0.958     -4.5226     -3.1388     -5.4385     -3.4970
0.959     -4.6599     -3.2398     -5.5997     -3.6084
0.960     -4.8040     -3.3459     -5.7689     -3.7254
0.961     -4.9556     -3.4575     -5.9468     -3.8483
0.962     -5.1151     -3.5749     -6.1341     -3.9778
0.963     -5.2832     -3.6986     -6.3315     -4.1143
0.964     -5.4607     -3.8292     -6.5399     -4.2583
0.965     -5.6483     -3.9673     -6.7601     -4.4106
0.966     -5.8469     -4.1135     -6.9933     -4.5718
0.967     -6.0576     -4.2686     -7.2407     -4.7428
0.968     -6.2815     -4.4333     -7.5035     -4.9245
0.969     -6.5198     -4.6087     -7.7833     -5.1179
0.970     -6.7739     -4.7958     -8.0817     -5.3242
0.971     -7.0457     -4.9958     -8.4008     -5.5447
0.972     -7.3368     -5.2101     -8.7425     -5.7810
0.973     -7.6495     -5.4402     -9.1097     -6.0348
0.974     -7.9862     -5.6880     -9.5050     -6.3080
0.975     -8.3498     -5.9557     -9.9320     -6.6032
0.976     -8.7438     -6.2457    -10.3946     -6.9230
0.977     -9.1721     -6.5609    -10.8974     -7.2705
0.978     -9.6393     -6.9047    -11.4458     -7.6500
0.979    -10.1509     -7.2813    -12.0466     -8.0659
0.980    -10.7137     -7.6955    -12.7073     -8.5234
0.981    -11.3358     -8.1534    -13.4377     -9.0292
0.982    -12.0270     -8.6621    -14.2493     -9.5911
0.983    -12.7995     -9.2307    -15.1562    -10.2190
0.984    -13.6686     -9.8703    -16.1766    -10.9255
0.985    -14.6535    -10.5953    -17.3330    -11.7262
0.986    -15.7791    -11.4238    -18.6546    -12.6412
0.987    -17.0780    -12.3798    -20.1795    -13.6972
0.988    -18.5933    -13.4950    -21.9586    -14.9289
0.989    -20.3841    -14.8131    -24.0565    -16.3847
0.990    -22.5332    -16.3948    -26.5733    -18.1317
0.991    -25.1596    -18.3279    -29.6491    -20.2631
0.992    -28.4429    -20.7445    -33.4943    -22.9257
0.993    -32.6639    -23.8513    -38.4375    -26.3485
0.994    -38.2924    -27.9937    -45.0294    -30.9130
0.995    -46.1723    -33.7936    -54.2582    -37.3028
0.996    -57.9914    -42.4927    -68.0995    -46.8932
0.997    -77.6914    -56.9911    -91.1717    -62.8807
0.998   -117.0883    -85.9908   -137.3098    -94.8581
0.999   -235.2915   -172.9987   -275.7353   -190.7913
