0.001    -67.3815    -63.7867    -85.6707    -49.1811
0.002    -33.1738    -31.3812    -42.3104    -24.0835
0.003    -21.7712    -20.5794    -27.8569    -15.7162
0.004    -16.0699    -15.1784    -20.6302    -11.5326
0.005    -12.6491    -11.9379    -16.2942     -9.0224
0.006    -10.3686     -9.7775    -13.4035     -7.3490
0.007     -8.7396     -8.2344    -11.3391     -6.1536
0.008     -7.5179     -7.0771     -9.7910     -5.2566
0.009     -6.5677     -6.1769     -8.5870     -4.5583
0.010     -5.8076     -5.4568     -7.6237     -3.9996
0.011     -5.1856     -4.8676     -6.8356     -3.5426
0.012     -4.6673     -4.3766     -6.1789     -3.1617
0.013     -4.2287     -3.9612     -5.6232     -2.8407
0.014     -3.8528     -3.6051     -5.1468     -2.5660
0.015     -3.5270     -3.2964     -4.7340     -2.3279
0.016     -3.2420     -3.0264     -4.3722     -2.1194
0.017     -2.9904     -2.7881     -4.0529     -1.9349
0.018     -2.7669     -2.5763     -3.7691     -1.7708
0.019     -2.5668     -2.3868     -3.5151     -1.6240
0.020     -2.3868     -2.2162     -3.2866     -1.4919
0.021     -2.2239     -2.0619     -3.0798     -1.3724
0.022     -2.0758     -1.9216     -2.8919     -1.2637
0.023     -1.9406     -1.7936     -2.7205     -1.1645
0.024     -1.8166     -1.6762     -2.5633     -1.0735
0.025     -1.7026     -1.5681     -2.4185     -0.9898
0.026     -1.5974     -1.4684     -2.2850     -0.9126
0.027     -1.4999     -1.3761     -2.1613     -0.8411
0.028     -1.4094     -1.2904     -2.0464     -0.7747
0.029     -1.3252     -1.2106     -1.9395     -0.7129
0.030     -1.2465     -1.1361     -1.8397     -0.6552
0.031     -1.1730     -1.0664     -1.7463     -0.6012
0.032     -1.1040     -1.0010     -1.6588     -0.5506
0.033     -1.0392     -0.9397     -1.5765     -0.5030
0.034     -0.9782     -0.8819     -1.4991     -0.4583
0.035     -0.9207     -0.8274     -1.4262     -0.4161
0.036     -0.8664     -0.7760     -1.3573     -0.3762
0.037     -0.8151     -0.7273     -1.2921     -0.3386
0.038     -0.7664     -0.6812     -1.2303     -0.3029
0.039     -0.7202     -0.6375     -1.1717     -0.2690
0.040     -0.6764     -0.5960     -1.1161     -0.2368
0.041     -0.6347     -0.5565     -1.0631     -0.2062
0.042     -0.5949     -0.5188     -1.0127     -0.1770
0.043     -0.5571     -0.4829     -0.9646     -0.1492
0.044     -0.5209     -0.4487     -0.9187     -0.1227
0.045     -0.4863     -0.4159     -0.8749     -0.0973
0.046     -0.4533     -0.3846     -0.8329     -0.0731
0.047     -0.4217     -0.3547     -0.7928     -0.0499
0.048     -0.3913     -0.3259     -0.7543     -0.0276
0.049     -0.3622     -0.2984     -0.7173     -0.0063
0.050     -0.3343     -0.2719     -0.6819      0.0142
0.051     -0.3075     -0.2465     -0.6479      0.0339
0.052     -0.2817     -0.2221     -0.6151      0.0528
0.053     -0.2569     -0.1985     -0.5836      0.0711
0.054     -0.2330     -0.1759     -0.5533      0.0886
0.055     -0.2099     -0.1541     -0.5240      0.1055
0.056     -0.1877     -0.1330     -0.4958      0.1218
0.057     -0.1663     -0.1127     -0.4686      0.1375
0.058     -0.1456     -0.0931     -0.4424      0.1527
0.059     -0.1256     -0.0742     -0.4170      0.1674
0.060     -0.1063     -0.0559     -0.3925      0.1816
0.061     -0.0876     -0.0382     -0.3687      0.1953
0.062     -0.0695     -0.0210     -0.3458      0.2086
0.063     -0.0520     -0.0044     -0.3235      0.2214
0.064     -0.0350      0.0116     -0.3020      0.2339
0.065     -0.0185      0.0272     -0.2811      0.2459
0.066     -0.0026      0.0423     -0.2609      0.2576
0.067      0.0129      0.0570     -0.2413      0.2690
0.068      0.0279      0.0712     -0.2222      0.2800
0.069      0.0425      0.0850     -0.2037      0.2905
0.070      0.0566      0.0984     -0.1857      0.3008
0.071      0.0704      0.1115     -0.1684      0.3108
0.072      0.0838      0.1242     -0.1516      0.3205
0.073      0.0968      0.1365     -0.1353      0.3299
0.074      0.1095      0.1485     -0.1192      0.3391
0.075      0.1218      0.1602     -0.1035      0.3481
0.076      0.1338      0.1715     -0.0883      0.3568
0.077      0.1455      0.1826     -0.0734      0.3652
0.078      0.1569      0.1934     -0.0590      0.3735
0.079      0.1680      0.2039     -0.0448      0.3815
0.080      0.1788      0.2142     -0.0311      0.3894
0.081      0.1894      0.2242     -0.0177      0.3971
0.082      0.1997      0.2339     -0.0046      0.4045
0.083      0.2097      0.2434      0.0080      0.4118
0.084      0.2195      0.2527      0.0203      0.4189
0.085      0.2291      0.2618      0.0323      0.4259
0.086      0.2385      0.2707      0.0440      0.4327
0.087      0.2476      0.2794      0.0555      0.4393
0.088      0.2565      0.2878      0.0667      0.4458
0.089      0.2653      0.2961      0.0777      0.4521
0.090      0.2738      0.3042      0.0884      0.4583
0.091      0.2822      0.3121      0.0989      0.4644
0.092      0.2904      0.3198      0.1091      0.4703
0.093      0.2983      0.3274      0.1191      0.4761
0.094      0.3062      0.3348      0.1288      0.4818
0.095      0.3138      0.3421      0.1384      0.4873
0.096      0.3213      0.3492      0.1478      0.4927
0.097      0.3287      0.3561      0.1569      0.4981
0.098      0.3359      0.3630      0.1659      0.5033
0.099      0.3429      0.3696      0.1749      0.5084
0.100      0.3498      0.3762      0.1837      0.5134
0.101      0.3566      0.3826      0.1923      0.5183
0.102      0.3633      0.3889      0.2006      0.5231
0.103      0.3698      0.3951      0.2088      0.5279
0.104      0.3762      0.4011      0.2168      0.5325
0.105      0.3824      0.4071      0.2247      0.5370
0.106      0.3886      0.4129      0.2324      0.5415
0.107      0.3946      0.4186      0.2399      0.5459
0.108      0.4005      0.4242      0.2474      0.5503
0.109      0.4063      0.4297      0.2546      0.5546
0.110      0.4120      0.4351      0.2618      0.5589
0.111      0.4176      0.4404      0.2688      0.5631
0.112      0.4231      0.4456      0.2757      0.5673
0.113      0.4286      0.4508      0.2825      0.5713
0.114      0.4339      0.4558      0.2892      0.5753
0.115      0.4391      0.4607      0.2958      0.5793
0.116      0.4442      0.4656      0.3023      0.5831
0.117      0.4492      0.4704      0.3087      0.5869
0.118      0.4542      0.4751      0.3150      0.5906
0.119      0.4591      0.4797      0.3212      0.5943
0.120      0.4639      0.4842      0.3273      0.5979
0.121      0.4686      0.4887      0.3332      0.6014
0.122      0.4732      0.4931      0.3391      0.6049
0.123      0.4778      0.4974      0.3449      0.6084
0.124      0.4823      0.5016      0.3506      0.6117
0.125      0.4867      0.5058      0.3562      0.6150
0.126      0.4910      0.5099      0.3617      0.6183
0.127      0.4953      0.5140      0.3671      0.6215
0.128      0.4995      0.5180      0.3724      0.6247
0.129      0.5036      0.5219      0.3775      0.6278
0.130      0.5077      0.5258      0.3826      0.6309
0.131      0.5117      0.5296      0.3876      0.6339
0.132      0.5157      0.5333      0.3926      0.6369
0.133      0.5196      0.5370      0.3974      0.6398
0.134      0.5234      0.5406      0.4022      0.6427
0.135      0.5272      0.5442      0.4069      0.6455
0.136      0.5309      0.5478      0.4116      0.6483
0.137      0.5346      0.5512      0.4161      0.6511
0.138      0.5382      0.5547      0.4207      0.6538
0.139      0.5418      0.5580      0.4251      0.6565
0.140      0.5453      0.5614      0.4295      0.6590
0.141      0.5488      0.5647      0.4338      0.6616
0.142      0.5522      0.5679      0.4381      0.6641
0.143      0.5556      0.5711      0.4423      0.6665
0.144      0.5589      0.5742      0.4464      0.6690
0.145      0.5622      0.5773      0.4505      0.6713
0.146      0.5654      0.5804      0.4545      0.6737
0.147      0.5686      0.5834      0.4585      0.6761
0.148      0.5717      0.5864      0.4624      0.6785
0.149      0.5748      0.5893      0.4663      0.6808
0.150      0.5779      0.5922      0.4701      0.6832
0.151      0.5809      0.5951      0.4739      0.6854
0.152      0.5839      0.5979      0.4776      0.6877
0.153      0.5868      0.6007      0.4813      0.6898
0.154      0.5897      0.6035      0.4849      0.6915
0.155      0.5926      0.6062      0.4905      0.6936
0.156      0.5954      0.6088      0.4940      0.6956
0.157      0.5982      0.6115      0.4976      0.6977
0.158      0.6010      0.6141      0.5016      0.6990
0.159      0.6037      0.6167      0.5050      0.6996
0.160      0.6064      0.6192      0.5093      0.7017
0.161      0.6091      0.6218      0.5132      0.7036
0.162      0.6117      0.6242      0.5181      0.7054
0.163      0.6143      0.6267      0.5217      0.7062
0.164      0.6168      0.6291      0.5250      0.7070
0.165      0.6194      0.6315      0.5301      0.7083
0.166      0.6219      0.6339      0.5348      0.7082
0.167      0.6243      0.6362      0.5396      0.7079
0.168      0.6268      0.6385      0.5434      0.7081
0.169      0.6292      0.6408      0.5480      0.7086
0.170      0.6316      0.6431      0.5533      0.7084
0.171      0.6339      0.6453      0.5579      0.7081
0.172      0.6359      0.6475      0.5627      0.7073
0.173      0.6357      0.6497      0.5653      0.7048
0.174      0.6354      0.6504      0.5675      0.7022
0.175      0.6352      0.6501      0.5686      0.7015
0.176      0.6350      0.6499      0.5692      0.7003
0.177      0.6347      0.6496      0.5701      0.6992
0.178      0.6345      0.6493      0.5720      0.6983
0.179      0.6342      0.6490      0.5728      0.6966
0.180      0.6340      0.6487      0.5726      0.6958
0.181      0.6337      0.6484      0.5730      0.6948
0.182      0.6335      0.6481      0.5738      0.6946
0.183      0.6332      0.6478      0.5743      0.6943
0.184      0.6330      0.6476      0.5741      0.6931
0.185      0.6327      0.6473      0.5739      0.6921
0.186      0.6325      0.6470      0.5736      0.6911
0.187      0.6322      0.6467      0.5734      0.6908
0.188      0.6320      0.6464      0.5734      0.6905
0.189      0.6317      0.6461      0.5734      0.6903
0.190      0.6315      0.6458      0.5732      0.6901
0.191      0.6312      0.6455      0.5730      0.6899
0.192      0.6310      0.6452      0.5728      0.6897
0.193      0.6307      0.6449      0.5725      0.6895
0.194      0.6305      0.6446      0.5723      0.6892
0.195      0.6302      0.6443      0.5721      0.6890
0.196      0.6299      0.6440      0.5719      0.6888
0.197      0.6297      0.6437      0.5717      0.6886
0.198      0.6294      0.6434      0.5714      0.6884
0.199      0.6292      0.6431      0.5712      0.6882
0.200      0.6289      0.6428      0.5710      0.6880
0.201      0.6287      0.6425      0.5708      0.6878
0.202      0.6284      0.6422      0.5705      0.6875
0.203      0.6281      0.6419      0.5703      0.6873
0.204      0.6279      0.6416      0.5701      0.6871
0.205      0.6276      0.6413      0.5698      0.6869
0.206      0.6274      0.6410      0.5696      0.6867
0.207      0.6271      0.6407      0.5694      0.6865
0.208      0.6268      0.6404      0.5691      0.6862
0.209      0.6266      0.6401      0.5689      0.6860
0.210      0.6263      0.6398      0.5687      0.6858
0.211      0.6260      0.6395      0.5685      0.6856
0.212      0.6258      0.6391      0.5682      0.6854
0.213      0.6255      0.6388      0.5680      0.6851
0.214      0.6252      0.6385      0.5678      0.6849
0.215      0.6250      0.6382      0.5675      0.6847
0.216      0.6247      0.6379      0.5673      0.6845
0.217      0.6244      0.6376      0.5671      0.6842
0.218      0.6241      0.6373      0.5670      0.6840
0.219      0.6239      0.6370      0.5667      0.6838
0.220      0.6236      0.6366      0.5665      0.6836
0.221      0.6233      0.6363      0.5662      0.6833
0.222      0.6231      0.6360      0.5659      0.6831
0.223      0.6228      0.6357      0.5656      0.6829
0.224      0.6225      0.6354      0.5654      0.6827
0.225      0.6222      0.6350      0.5652      0.6824
0.226      0.6220      0.6347      0.5649      0.6821
0.227      0.6217      0.6344      0.5647      0.6818
0.228      0.6214      0.6341      0.5644      0.6815
0.229      0.6211      0.6337      0.5641      0.6813
0.230      0.6208      0.6334      0.5638      0.6810
0.231      0.6206      0.6331      0.5635      0.6807
0.232      0.6203      0.6328      0.5633      0.6804
0.233      0.6200      0.6324      0.5630      0.6801
0.234      0.6197      0.6321      0.5627      0.6798
0.235      0.6194      0.6318      0.5625      0.6795
0.236      0.6192      0.6314      0.5622      0.6793
0.237      0.6189      0.6311      0.5620      0.6790
0.238      0.6186      0.6308      0.5617      0.6787
0.239      0.6183      0.6305      0.5615      0.6784
0.240      0.6180      0.6301      0.5612      0.6781
0.241      0.6177      0.6298      0.5610      0.6778
0.242      0.6174      0.6294      0.5607      0.6775
0.243      0.6171      0.6291      0.5605      0.6772
0.244      0.6169      0.6288      0.5603      0.6769
0.245      0.6166      0.6284      0.5600      0.6766
0.246      0.6163      0.6281      0.5597      0.6763
0.247      0.6160      0.6278      0.5593      0.6760
0.248      0.6157      0.6274      0.5589      0.6757
0.249      0.6154      0.6271      0.5585      0.6754
0.250      0.6151      0.6267      0.5581      0.6752
0.251      0.6148      0.6264      0.5577      0.6749
0.252      0.6145      0.6260      0.5574      0.6746
0.253      0.6142      0.6257      0.5571      0.6743
0.254      0.6139      0.6254      0.5567      0.6739
0.255      0.6136      0.6250      0.5564      0.6736
0.256      0.6133      0.6247      0.5561      0.6733
0.257      0.6130      0.6243      0.5558      0.6730
0.258      0.6127      0.6240      0.5555      0.6727
0.259      0.6124      0.6236      0.5552      0.6724
0.260      0.6121      0.6233      0.5550      0.6721
0.261      0.6118      0.6229      0.5547      0.6718
0.262      0.6115      0.6225      0.5545      0.6716
0.263      0.6112      0.6222      0.5542      0.6713
0.264      0.6109      0.6218      0.5540      0.6711
0.265      0.6106      0.6215      0.5537      0.6707
0.266      0.6103      0.6211      0.5535      0.6703
0.267      0.6100      0.6208      0.5532      0.6701
0.268      0.6097      0.6204      0.5529      0.6699
0.269      0.6094      0.6200      0.5525      0.6696
0.270      0.6090      0.6197      0.5522      0.6694
0.271      0.6087      0.6193      0.5519      0.6691
0.272      0.6084      0.6190      0.5516      0.6689
0.273      0.6081      0.6186      0.5512      0.6686
0.274      0.6078      0.6182      0.5508      0.6683
0.275      0.6075      0.6179      0.5504      0.6679
0.276      0.6072      0.6175      0.5501      0.6675
0.277      0.6068      0.6171      0.5498      0.6673
0.278      0.6065      0.6167      0.5495      0.6669
0.279      0.6062      0.6164      0.5492      0.6667
0.280      0.6059      0.6160      0.5489      0.6664
0.281      0.6056      0.6156      0.5486      0.6661
0.282      0.6052      0.6153      0.5482      0.6658
0.283      0.6049      0.6149      0.5479      0.6655
0.284      0.6046      0.6145      0.5476      0.6652
0.285      0.6043      0.6141      0.5472      0.6648
0.286      0.6040      0.6138      0.5469      0.6645
0.287      0.6036      0.6134      0.5466      0.6642
0.288      0.6033      0.6130      0.5462      0.6638
0.289      0.6030      0.6126      0.5459      0.6635
0.290      0.6026      0.6122      0.5455      0.6632
0.291      0.6023      0.6118      0.5452      0.6628
0.292      0.6020      0.6115      0.5448      0.6625
0.293      0.6017      0.6111      0.5445      0.6622
0.294      0.6013      0.6107      0.5441      0.6618
0.295      0.6010      0.6103      0.5438      0.6615
0.296      0.6007      0.6099      0.5434      0.6611
0.297      0.6003      0.6095      0.5431      0.6608
0.298      0.6000      0.6091      0.5427      0.6605
0.299      0.5996      0.6087      0.5424      0.6603
0.300      0.5993      0.6083      0.5420      0.6601
0.301      0.5990      0.6080      0.5416      0.6599
0.302      0.5986      0.6076      0.5412      0.6596
0.303      0.5983      0.6072      0.5408      0.6593
0.304      0.5979      0.6068      0.5404      0.6589
0.305      0.5976      0.6064      0.5401      0.6585
0.306      0.5973      0.6060      0.5398      0.6581
0.307      0.5969      0.6056      0.5395      0.6578
0.308      0.5966      0.6052      0.5392      0.6574
0.309      0.5962      0.6048      0.5388      0.6570
0.310      0.5959      0.6043      0.5384      0.6566
0.311      0.5955      0.6039      0.5381      0.6562
0.312      0.5952      0.6035      0.5377      0.6558
0.313      0.5948      0.6031      0.5373      0.6554
0.314      0.5945      0.6027      0.5369      0.6550
0.315      0.5941      0.6023      0.5365      0.6546
0.316      0.5938      0.6019      0.5361      0.6543
0.317      0.5934      0.6015      0.5356      0.6539
0.318      0.5931      0.6011      0.5352      0.6535
0.319      0.5927      0.6006      0.5349      0.6531
0.320      0.5923      0.6002      0.5345      0.6527
0.321      0.5920      0.5998      0.5342      0.6524
0.322      0.5916      0.5994      0.5339      0.6521
0.323      0.5913      0.5990      0.5335      0.6517
0.324      0.5909      0.5986      0.5332      0.6513
0.325      0.5905      0.5981      0.5328      0.6509
0.326      0.5902      0.5977      0.5324      0.6505
0.327      0.5898      0.5973      0.5320      0.6501
0.328      0.5894      0.5969      0.5317      0.6497
0.329      0.5891      0.5964      0.5313      0.6494
0.330      0.5887      0.5960      0.5309      0.6490
0.331      0.5883      0.5956      0.5305      0.6485
0.332      0.5880      0.5951      0.5302      0.6481
0.333      0.5876      0.5947      0.5298      0.6477
0.334      0.5872      0.5943      0.5294      0.6473
0.335      0.5868      0.5938      0.5290      0.6469
0.336      0.5865      0.5934      0.5286      0.6465
0.337      0.5861      0.5930      0.5282      0.6461
0.338      0.5857      0.5925      0.5279      0.6457
0.339      0.5853      0.5921      0.5274      0.6453
0.340      0.5849      0.5916      0.5270      0.6449
0.341      0.5846      0.5912      0.5266      0.6445
0.342      0.5842      0.5907      0.5262      0.6442
0.343      0.5838      0.5903      0.5258      0.6439
0.344      0.5834      0.5898      0.5254      0.6435
0.345      0.5830      0.5894      0.5250      0.6432
0.346      0.5826      0.5889      0.5246      0.6428
0.347      0.5823      0.5885      0.5242      0.6424
0.348      0.5819      0.5880      0.5238      0.6420
0.349      0.5815      0.5876      0.5234      0.6417
0.350      0.5811      0.5871      0.5230      0.6414
0.351      0.5807      0.5867      0.5226      0.6412
0.352      0.5803      0.5862      0.5221      0.6410
0.353      0.5799      0.5858      0.5217      0.6407
0.354      0.5795      0.5853      0.5213      0.6403
0.355      0.5791      0.5848      0.5209      0.6398
0.356      0.5787      0.5844      0.5205      0.6393
0.357      0.5783      0.5839      0.5201      0.6389
0.358      0.5779      0.5834      0.5196      0.6384
0.359      0.5775      0.5830      0.5192      0.6379
0.360      0.5771      0.5825      0.5188      0.6374
0.361      0.5767      0.5820      0.5184      0.6369
0.362      0.5763      0.5815      0.5179      0.6366
0.363      0.5759      0.5811      0.5175      0.6363
0.364      0.5755      0.5806      0.5171      0.6360
0.365      0.5751      0.5801      0.5167      0.6357
0.366      0.5746      0.5796      0.5162      0.6354
0.367      0.5742      0.5792      0.5158      0.6350
0.368      0.5738      0.5787      0.5154      0.6347
0.369      0.5734      0.5782      0.5149      0.6343
0.370      0.5730      0.5777      0.5145      0.6338
0.371      0.5726      0.5772      0.5140      0.6333
0.372      0.5721      0.5767      0.5136      0.6329
0.373      0.5717      0.5762      0.5132      0.6324
0.374      0.5713      0.5757      0.5127      0.6319
0.375      0.5709      0.5752      0.5123      0.6314
0.376      0.5705      0.5748      0.5118      0.6310
0.377      0.5700      0.5743      0.5114      0.6307
0.378      0.5696      0.5738      0.5109      0.6304
0.379      0.5692      0.5733      0.5105      0.6302
0.380      0.5687      0.5728      0.5100      0.6299
0.381      0.5683      0.5723      0.5096      0.6296
0.382      0.5679      0.5717      0.5091      0.6292
0.383      0.5674      0.5712      0.5087      0.6287
0.384      0.5670      0.5707      0.5082      0.6283
0.385      0.5666      0.5702      0.5078      0.6278
0.386      0.5661      0.5697      0.5072      0.6274
0.387      0.5657      0.5692      0.5066      0.6269
0.388      0.5652      0.5687      0.5060      0.6265
0.389      0.5648      0.5682      0.5055      0.6260
0.390      0.5644      0.5677      0.5049      0.6255
0.391      0.5639      0.5671      0.5043      0.6251
0.392      0.5635      0.5666      0.5037      0.6247
0.393      0.5630      0.5661      0.5033      0.6243
0.394      0.5626      0.5656      0.5028      0.6239
0.395      0.5621      0.5650      0.5024      0.6235
0.396      0.5617      0.5645      0.5019      0.6231
0.397      0.5612      0.5640      0.5015      0.6226
0.398      0.5607      0.5634      0.5010      0.6223
0.399      0.5603      0.5629      0.5006      0.6219
0.400      0.5598      0.5624      0.5000      0.6215
0.401      0.5594      0.5618      0.4994      0.6211
0.402      0.5589      0.5613      0.4988      0.6207
0.403      0.5584      0.5608      0.4983      0.6203
0.404      0.5580      0.5602      0.4979      0.6198
0.405      0.5575      0.5597      0.4975      0.6193
0.406      0.5570      0.5591      0.4970      0.6189
0.407      0.5566      0.5586      0.4965      0.6184
0.408      0.5561      0.5580      0.4961      0.6180
0.409      0.5556      0.5575      0.4956      0.6176
0.410      0.5551      0.5569      0.4952      0.6171
0.411      0.5547      0.5564      0.4948      0.6167
0.412      0.5542      0.5558      0.4943      0.6163
0.413      0.5537      0.5552      0.4938      0.6160
0.414      0.5532      0.5547      0.4932      0.6154
0.415      0.5527      0.5541      0.4928      0.6150
0.416      0.5523      0.5536      0.4923      0.6145
0.417      0.5518      0.5530      0.4917      0.6141
0.418      0.5513      0.5524      0.4910      0.6136
0.419      0.5508      0.5519      0.4905      0.6132
0.420      0.5503      0.5513      0.4899      0.6127
0.421      0.5498      0.5507      0.4894      0.6123
0.422      0.5493      0.5501      0.4888      0.6118
0.423      0.5488      0.5495      0.4882      0.6114
0.424      0.5483      0.5490      0.4877      0.6109
0.425      0.5478      0.5484      0.4871      0.6105
0.426      0.5473      0.5478      0.4865      0.6100
0.427      0.5468      0.5472      0.4860      0.6096
0.428      0.5463      0.5466      0.4854      0.6091
0.429      0.5458      0.5460      0.4848      0.6087
0.430      0.5453      0.5454      0.4842      0.6082
0.431      0.5448      0.5448      0.4836      0.6078
0.432      0.5443      0.5442      0.4833      0.6074
0.433      0.5437      0.5436      0.4829      0.6069
0.434      0.5432      0.5430      0.4824      0.6065
0.435      0.5427      0.5424      0.4818      0.6061
0.436      0.5422      0.5418      0.4812      0.6057
0.437      0.5417      0.5412      0.4806      0.6051
0.438      0.5411      0.5406      0.4800      0.6046
0.439      0.5406      0.5400      0.4795      0.6041
0.440      0.5401      0.5394      0.4790      0.6036
0.441      0.5396      0.5388      0.4784      0.6031
0.442      0.5390      0.5382      0.4779      0.6026
0.443      0.5385      0.5375      0.4774      0.6021
0.444      0.5380      0.5369      0.4769      0.6015
0.445      0.5374      0.5363      0.4763      0.6011
0.446      0.5369      0.5357      0.4758      0.6006
0.447      0.5363      0.5350      0.4753      0.6001
0.448      0.5358      0.5344      0.4747      0.5996
0.449      0.5352      0.5338      0.4741      0.5991
0.450      0.5347      0.5331      0.4735      0.5986
0.451      0.5342      0.5325      0.4729      0.5981
0.452      0.5336      0.5318      0.4723      0.5976
0.453      0.5330      0.5312      0.4717      0.5971
0.454      0.5325      0.5306      0.4711      0.5966
0.455      0.5319      0.5299      0.4705      0.5961
0.456      0.5314      0.5293      0.4699      0.5956
0.457      0.5308      0.5286      0.4692      0.5951
0.458      0.5302      0.5279      0.4686      0.5946
0.459      0.5297      0.5273      0.4681      0.5940
0.460      0.5291      0.5266      0.4675      0.5935
0.461      0.5285      0.5260      0.4669      0.5930
0.462      0.5280      0.5253      0.4663      0.5924
0.463      0.5274      0.5246      0.4654      0.5917
0.464      0.5268      0.5240      0.4646      0.5911
0.465      0.5262      0.5233      0.4640      0.5906
0.466      0.5257      0.5226      0.4634      0.5901
0.467      0.5251      0.5219      0.4628      0.5896
0.468      0.5245      0.5212      0.4622      0.5891
0.469      0.5239      0.5206      0.4617      0.5885
0.470      0.5233      0.5199      0.4611      0.5880
0.471      0.5227      0.5192      0.4605      0.5875
0.472      0.5221      0.5185      0.4599      0.5870
0.473      0.5215      0.5178      0.4593      0.5864
0.474      0.5209      0.5171      0.4587      0.5859
0.475      0.5203      0.5164      0.4580      0.5855
0.476      0.5197      0.5157      0.4574      0.5850
0.477      0.5191      0.5150      0.4569      0.5845
0.478      0.5185      0.5143      0.4563      0.5838
0.479      0.5179      0.5136      0.4557      0.5834
0.480      0.5173      0.5129      0.4552      0.5828
0.481      0.5167      0.5122      0.4546      0.5823
0.482      0.5161      0.5114      0.4540      0.5817
0.483      0.5155      0.5107      0.4534      0.5811
0.484      0.5148      0.5100      0.4529      0.5806
0.485      0.5142      0.5093      0.4523      0.5799
0.486      0.5136      0.5085      0.4517      0.5794
0.487      0.5130      0.5078      0.4511      0.5788
0.488      0.5123      0.5071      0.4505      0.5782
0.489      0.5117      0.5063      0.4499      0.5777
0.490      0.5111      0.5056      0.4492      0.5771
0.491      0.5104      0.5048      0.4484      0.5765
0.492      0.5098      0.5041      0.4475      0.5760
0.493      0.5091      0.5034      0.4467      0.5754
0.494      0.5085      0.5026      0.4460      0.5748
0.495      0.5078      0.5018      0.4454      0.5742
0.496      0.5072      0.5011      0.4447      0.5736
0.497      0.5065      0.5003      0.4440      0.5730
0.498      0.5059      0.4996      0.4434      0.5724
0.499      0.5052      0.4988      0.4427      0.5718
0.500      0.5045      0.4980      0.4420      0.5712
0.501      0.5039      0.4972      0.4413      0.5707
0.502      0.5032      0.4965      0.4406      0.5701
0.503      0.5025      0.4957      0.4400      0.5696
0.504      0.5019      0.4949      0.4393      0.5691
0.505      0.5012      0.4941      0.4386      0.5685
0.506      0.5005      0.4933      0.4379      0.5680
0.507      0.4998      0.4925      0.4373      0.5675
0.508      0.4992      0.4917      0.4366      0.5669
0.509      0.4985      0.4909      0.4359      0.5663
0.510      0.4978      0.4901      0.4352      0.5657
0.511      0.4971      0.4893      0.4345      0.5650
0.512      0.4964      0.4885      0.4338      0.5644
0.513      0.4957      0.4877      0.4331      0.5637
0.514      0.4950      0.4869      0.4323      0.5630
0.515      0.4943      0.4861      0.4316      0.5624
0.516      0.4936      0.4853      0.4309      0.5617
0.517      0.4929      0.4844      0.4302      0.5610
0.518      0.4922      0.4836      0.4293      0.5605
0.519      0.4914      0.4828      0.4283      0.5598
0.520      0.4907      0.4819      0.4275      0.5592
0.521      0.4900      0.4811      0.4266      0.5586
0.522      0.4893      0.4802      0.4259      0.5580
0.523      0.4886      0.4794      0.4253      0.5575
0.524      0.4878      0.4786      0.4247      0.5569
0.525      0.4871      0.4777      0.4240      0.5563
0.526      0.4864      0.4768      0.4234      0.5557
0.527      0.4856      0.4760      0.4226      0.5552
0.528      0.4849      0.4751      0.4219      0.5546
0.529      0.4841      0.4742      0.4212      0.5540
0.530      0.4834      0.4734      0.4205      0.5534
0.531      0.4826      0.4725      0.4198      0.5528
0.532      0.4819      0.4716      0.4190      0.5523
0.533      0.4811      0.4707      0.4183      0.5519
0.534      0.4804      0.4698      0.4175      0.5513
0.535      0.4796      0.4690      0.4166      0.5507
0.536      0.4788      0.4681      0.4155      0.5502
0.537      0.4780      0.4672      0.4144      0.5496
0.538      0.4773      0.4663      0.4136      0.5490
0.539      0.4765      0.4654      0.4128      0.5484
0.540      0.4757      0.4644      0.4120      0.5477
0.541      0.4749      0.4635      0.4112      0.5470
0.542      0.4741      0.4626      0.4104      0.5462
0.543      0.4733      0.4617      0.4095      0.5456
0.544      0.4725      0.4608      0.4085      0.5450
0.545      0.4717      0.4598      0.4075      0.5443
0.546      0.4709      0.4589      0.4065      0.5437
0.547      0.4701      0.4580      0.4055      0.5431
0.548      0.4693      0.4570      0.4044      0.5424
0.549      0.4685      0.4561      0.4034      0.5418
0.550      0.4677      0.4551      0.4025      0.5412
0.551      0.4669      0.4542      0.4017      0.5405
0.552      0.4661      0.4532      0.4009      0.5399
0.553      0.4652      0.4522      0.4001      0.5392
0.554      0.4644      0.4513      0.3993      0.5386
0.555      0.4636      0.4503      0.3985      0.5379
0.556      0.4627      0.4493      0.3977      0.5371
0.557      0.4619      0.4483      0.3969      0.5362
0.558      0.4610      0.4474      0.3961      0.5354
0.559      0.4602      0.4464      0.3953      0.5345
0.560      0.4593      0.4454      0.3944      0.5337
0.561      0.4585      0.4444      0.3934      0.5331
0.562      0.4576      0.4434      0.3923      0.5325
0.563      0.4567      0.4424      0.3915      0.5319
0.564      0.4559      0.4413      0.3907      0.5313
0.565      0.4550      0.4403      0.3897      0.5306
0.566      0.4541      0.4393      0.3885      0.5300
0.567      0.4532      0.4383      0.3874      0.5293
0.568      0.4523      0.4372      0.3863      0.5283
0.569      0.4515      0.4362      0.3851      0.5273
0.570      0.4506      0.4352      0.3840      0.5263
0.571      0.4497      0.4341      0.3829      0.5253
0.572      0.4488      0.4331      0.3818      0.5243
0.573      0.4479      0.4320      0.3810      0.5233
0.574      0.4469      0.4309      0.3801      0.5223
0.575      0.4460      0.4299      0.3789      0.5216
0.576      0.4451      0.4288      0.3776      0.5210
0.577      0.4442      0.4277      0.3763      0.5203
0.578      0.4433      0.4266      0.3749      0.5197
0.579      0.4423      0.4256      0.3736      0.5190
0.580      0.4414      0.4245      0.3726      0.5183
0.581      0.4404      0.4234      0.3716      0.5177
0.582      0.4395      0.4223      0.3705      0.5170
0.583      0.4385      0.4212      0.3693      0.5163
0.584      0.4376      0.4200      0.3681      0.5157
0.585      0.4366      0.4189      0.3668      0.5150
0.586      0.4357      0.4178      0.3657      0.5141
0.587      0.4347      0.4167      0.3647      0.5133
0.588      0.4337      0.4155      0.3636      0.5124
0.589      0.4327      0.4144      0.3626      0.5115
0.590      0.4317      0.4133      0.3615      0.5106
0.591      0.4308      0.4121      0.3605      0.5097
0.592      0.4298      0.4109      0.3594      0.5088
0.593      0.4288      0.4098      0.3583      0.5079
0.594      0.4278      0.4086      0.3573      0.5070
0.595      0.4268      0.4074      0.3562      0.5060
0.596      0.4257      0.4063      0.3551      0.5051
0.597      0.4247      0.4051      0.3539      0.5042
0.598      0.4237      0.4039      0.3527      0.5033
0.599      0.4227      0.4027      0.3515      0.5023
0.600      0.4216      0.4015      0.3502      0.5014
0.601      0.4206      0.4003      0.3490      0.5004
0.602      0.4196      0.3991      0.3480      0.4997
0.603      0.4185      0.3978      0.3468      0.4989
0.604      0.4175      0.3966      0.3455      0.4980
0.605      0.4164      0.3954      0.3440      0.4972
0.606      0.4153      0.3941      0.3427      0.4965
0.607      0.4143      0.3929      0.3414      0.4957
0.608      0.4132      0.3916      0.3401      0.4949
0.609      0.4121      0.3904      0.3386      0.4942
0.610      0.4110      0.3891      0.3371      0.4934
0.611      0.4099      0.3878      0.3356      0.4926
0.612      0.4088      0.3866      0.3341      0.4918
0.613      0.4077      0.3853      0.3326      0.4910
0.614      0.4066      0.3840      0.3311      0.4901
0.615      0.4055      0.3827      0.3299      0.4893
0.616      0.4044      0.3814      0.3287      0.4885
0.617      0.4032      0.3801      0.3272      0.4877
0.618      0.4021      0.3787      0.3257      0.4868
0.619      0.4010      0.3774      0.3241      0.4858
0.620      0.3998      0.3761      0.3226      0.4850
0.621      0.3987      0.3747      0.3210      0.4843
0.622      0.3975      0.3734      0.3195      0.4835
0.623      0.3963      0.3720      0.3179      0.4826
0.624      0.3952      0.3707      0.3163      0.4818
0.625      0.3940      0.3693      0.3147      0.4809
0.626      0.3928      0.3679      0.3131      0.4800
0.627      0.3916      0.3665      0.3116      0.4792
0.628      0.3904      0.3652      0.3102      0.4783
0.629      0.3892      0.3638      0.3088      0.4775
0.630      0.3880      0.3623      0.3073      0.4768
0.631      0.3868      0.3609      0.3059      0.4758
0.632      0.3856      0.3595      0.3042      0.4748
0.633      0.3844      0.3581      0.3026      0.4739
0.634      0.3831      0.3566      0.3009      0.4731
0.635      0.3819      0.3552      0.2992      0.4721
0.636      0.3806      0.3537      0.2975      0.4711
0.637      0.3794      0.3523      0.2960      0.4702
0.638      0.3781      0.3508      0.2946      0.4692
0.639      0.3769      0.3493      0.2932      0.4683
0.640      0.3756      0.3479      0.2917      0.4674
0.641      0.3743      0.3464      0.2903      0.4664
0.642      0.3730      0.3449      0.2888      0.4654
0.643      0.3717      0.3433      0.2873      0.4646
0.644      0.3704      0.3418      0.2859      0.4636
0.645      0.3691      0.3403      0.2844      0.4626
0.646      0.3678      0.3388      0.2829      0.4616
0.647      0.3664      0.3372      0.2815      0.4607
0.648      0.3651      0.3357      0.2799      0.4597
0.649      0.3638      0.3341      0.2783      0.4587
0.650      0.3624      0.3325      0.2768      0.4577
0.651      0.3611      0.3310      0.2753      0.4567
0.652      0.3597      0.3294      0.2737      0.4557
0.653      0.3583      0.3278      0.2721      0.4547
0.654      0.3569      0.3262      0.2704      0.4537
0.655      0.3555      0.3245      0.2686      0.4527
0.656      0.3542      0.3229      0.2671      0.4516
0.657      0.3527      0.3213      0.2657      0.4506
0.658      0.3513      0.3196      0.2640      0.4496
0.659      0.3499      0.3180      0.2621      0.4484
0.660      0.3485      0.3163      0.2603      0.4475
0.661      0.3470      0.3146      0.2584      0.4464
0.662      0.3456      0.3129      0.2565      0.4454
0.663      0.3441      0.3113      0.2545      0.4443
0.664      0.3427      0.3095      0.2525      0.4433
0.665      0.3412      0.3078      0.2508      0.4423
0.666      0.3397      0.3061      0.2491      0.4412
0.667      0.3382      0.3044      0.2476      0.4400
0.668      0.3367      0.3026      0.2459      0.4388
0.669      0.3352      0.3009      0.2441      0.4377
0.670      0.3337      0.2991      0.2422      0.4365
0.671      0.3322      0.2973      0.2404      0.4354
0.672      0.3306      0.2955      0.2387      0.4342
0.673      0.3291      0.2937      0.2369      0.4330
0.674      0.3275      0.2919      0.2351      0.4318
0.675      0.3260      0.2901      0.2332      0.4306
0.676      0.3244      0.2883      0.2311      0.4293
0.677      0.3228      0.2864      0.2291      0.4281
0.678      0.3212      0.2846      0.2270      0.4268
0.679      0.3196      0.2827      0.2249      0.4255
0.680      0.3180      0.2808      0.2233      0.4243
0.681      0.3164      0.2789      0.2216      0.4230
0.682      0.3147      0.2770      0.2199      0.4217
0.683      0.3131      0.2751      0.2182      0.4205
0.684      0.3114      0.2732      0.2163      0.4192
0.685      0.3098      0.2712      0.2143      0.4179
0.686      0.3081      0.2693      0.2124      0.4166
0.687      0.3064      0.2673      0.2104      0.4152
0.688      0.3047      0.2653      0.2084      0.4139
0.689      0.3030      0.2634      0.2064      0.4126
0.690      0.3013      0.2614      0.2044      0.4112
0.691      0.2996      0.2593      0.2022      0.4099
0.692      0.2978      0.2573      0.1998      0.4086
0.693      0.2961      0.2553      0.1974      0.4075
0.694      0.2943      0.2532      0.1950      0.4064
0.695      0.2925      0.2511      0.1925      0.4053
0.696      0.2907      0.2491      0.1901      0.4042
0.697      0.2889      0.2470      0.1881      0.4028
0.698      0.2871      0.2449      0.1861      0.4013
0.699      0.2853      0.2427      0.1842      0.3998
0.700      0.2835      0.2406      0.1818      0.3983
0.701      0.2816      0.2384      0.1794      0.3968
0.702      0.2797      0.2363      0.1772      0.3953
0.703      0.2779      0.2341      0.1750      0.3941
0.704      0.2760      0.2319      0.1728      0.3929
0.705      0.2741      0.2297      0.1706      0.3917
0.706      0.2722      0.2275      0.1684      0.3903
0.707      0.2702      0.2252      0.1662      0.3888
0.708      0.2683      0.2230      0.1639      0.3873
0.709      0.2664      0.2207      0.1618      0.3858
0.710      0.2644      0.2184      0.1597      0.3842
0.711      0.2624      0.2161      0.1576      0.3827
0.712      0.2604      0.2138      0.1554      0.3812
0.713      0.2584      0.2114      0.1533      0.3796
0.714      0.2564      0.2091      0.1511      0.3780
0.715      0.2544      0.2067      0.1489      0.3765
0.716      0.2523      0.2043      0.1467      0.3749
0.717      0.2502      0.2019      0.1445      0.3732
0.718      0.2482      0.1995      0.1419      0.3717
0.719      0.2461      0.1971      0.1392      0.3701
0.720      0.2440      0.1946      0.1365      0.3684
0.721      0.2418      0.1922      0.1338      0.3668
0.722      0.2397      0.1897      0.1311      0.3651
0.723      0.2376      0.1872      0.1283      0.3635
0.724      0.2354      0.1846      0.1256      0.3618
0.725      0.2332      0.1821      0.1228      0.3602
0.726      0.2310      0.1795      0.1200      0.3587
0.727      0.2288      0.1769      0.1171      0.3570
0.728      0.2266      0.1743      0.1143      0.3552
0.729      0.2243      0.1717      0.1114      0.3533
0.730      0.2220      0.1691      0.1085      0.3517
0.731      0.2198      0.1664      0.1056      0.3501
0.732      0.2175      0.1638      0.1027      0.3485
0.733      0.2151      0.1611      0.0997      0.3468
0.734      0.2128      0.1583      0.0968      0.3452
0.735      0.2104      0.1556      0.0937      0.3435
0.736      0.2081      0.1528      0.0907      0.3418
0.737      0.2057      0.1501      0.0877      0.3401
0.738      0.2033      0.1473      0.0846      0.3384
0.739      0.2009      0.1444      0.0815      0.3365
0.740      0.1984      0.1416      0.0784      0.3346
0.741      0.1960      0.1387      0.0753      0.3328
0.742      0.1935      0.1358      0.0721      0.3308
0.743      0.1910      0.1329      0.0689      0.3289
0.744      0.1884      0.1300      0.0657      0.3268
0.745      0.1859      0.1270      0.0624      0.3246
0.746      0.1833      0.1240      0.0592      0.3224
0.747      0.1808      0.1210      0.0559      0.3202
0.748      0.1782      0.1180      0.0526      0.3180
0.749      0.1755      0.1150      0.0492      0.3157
0.750      0.1729      0.1119      0.0458      0.3135
0.751      0.1702      0.1088      0.0424      0.3114
0.752      0.1676      0.1057      0.0388      0.3093
0.753      0.1648      0.1025      0.0351      0.3072
0.754      0.1621      0.0993      0.0314      0.3051
0.755      0.1594      0.0961      0.0282      0.3030
0.756      0.1566      0.0929      0.0250      0.3008
0.757      0.1538      0.0896      0.0215      0.2987
0.758      0.1510      0.0864      0.0179      0.2965
0.759      0.1481      0.0830      0.0142      0.2943
0.760      0.1453      0.0797      0.0106      0.2923
0.761      0.1424      0.0763      0.0069      0.2899
0.762      0.1395      0.0729      0.0032      0.2876
0.763      0.1365      0.0695     -0.0006      0.2853
0.764      0.1336      0.0661     -0.0044      0.2830
0.765      0.1306      0.0626     -0.0082      0.2807
0.766      0.1275      0.0591     -0.0120      0.2783
0.767      0.1245      0.0555     -0.0159      0.2760
0.768      0.1214      0.0520     -0.0200      0.2736
0.769      0.1183      0.0484     -0.0242      0.2712
0.770      0.1152      0.0447     -0.0284      0.2688
0.771      0.1121      0.0411     -0.0327      0.2669
0.772      0.1089      0.0374     -0.0370      0.2650
0.773      0.1057      0.0336     -0.0413      0.2628
0.774      0.1025      0.0299     -0.0457      0.2602
0.775      0.0992      0.0261     -0.0501      0.2576
0.776      0.0959      0.0222     -0.0546      0.2549
0.777      0.0926      0.0184     -0.0591      0.2522
0.778      0.0892      0.0145     -0.0636      0.2495
0.779      0.0859      0.0105     -0.0682      0.2468
0.780      0.0825      0.0066     -0.0728      0.2443
0.781      0.0790      0.0026     -0.0770      0.2419
0.782      0.0755     -0.0015     -0.0810      0.2396
0.783      0.0720     -0.0056     -0.0850      0.2372
0.784      0.0685     -0.0097     -0.0891      0.2346
0.785      0.0649     -0.0138     -0.0938      0.2319
0.786      0.0613     -0.0180     -0.0981      0.2291
0.787      0.0577     -0.0223     -0.1023      0.2266
0.788      0.0540     -0.0265     -0.1066      0.2241
0.789      0.0503     -0.0309     -0.1109      0.2216
0.790      0.0466     -0.0352     -0.1154      0.2185
0.791      0.0428     -0.0396     -0.1202      0.2153
0.792      0.0390     -0.0441     -0.1251      0.2122
0.793      0.0351     -0.0485     -0.1300      0.2094
0.794      0.0312     -0.0531     -0.1349      0.2066
0.795      0.0273     -0.0576     -0.1399      0.2038
0.796      0.0233     -0.0623     -0.1450      0.2010
0.797      0.0193     -0.0669     -0.1501      0.1981
0.798      0.0153     -0.0716     -0.1553      0.1952
0.799      0.0112     -0.0764     -0.1605      0.1922
0.800      0.0071     -0.0812     -0.1657      0.1893
0.801      0.0029     -0.0860     -0.1711      0.1863
0.802     -0.0013     -0.0909     -0.1764      0.1832
0.803     -0.0055     -0.0959     -0.1819      0.1800
0.804     -0.0098     -0.1009     -0.1873      0.1767
0.805     -0.0142     -0.1059     -0.1930      0.1737
0.806     -0.0186     -0.1110     -0.1985      0.1707
0.807     -0.0230     -0.1162     -0.2041      0.1676
0.808     -0.0275     -0.1214     -0.2098      0.1644
0.809     -0.0320     -0.1267     -0.2156      0.1612
0.810     -0.0366     -0.1320     -0.2211      0.1579
0.811     -0.0412     -0.1374     -0.2268      0.1545
0.812     -0.0458     -0.1428     -0.2330      0.1512
0.813     -0.0506     -0.1483     -0.2392      0.1478
0.814     -0.0553     -0.1538     -0.2454      0.1444
0.815     -0.0601     -0.1595     -0.2515      0.1409
0.816     -0.0650     -0.1651     -0.2577      0.1374
0.817     -0.0699     -0.1709     -0.2640      0.1339
0.818     -0.0749     -0.1767     -0.2704      0.1305
0.819     -0.0800     -0.1825     -0.2768      0.1271
0.820     -0.0850     -0.1884     -0.2837      0.1237
0.821     -0.0902     -0.1944     -0.2906      0.1203
0.822     -0.0954     -0.2005     -0.2976      0.1166
0.823     -0.1007     -0.2066     -0.3046      0.1126
0.824     -0.1060     -0.2128     -0.3115      0.1086
0.825     -0.1114     -0.2191     -0.3181      0.1045
0.826     -0.1168     -0.2254     -0.3247      0.1004
0.827     -0.1223     -0.2318     -0.3316      0.0963
0.828     -0.1279     -0.2383     -0.3389      0.0922
0.829     -0.1335     -0.2449     -0.3463      0.0881
0.830     -0.1392     -0.2515     -0.3535      0.0840
0.831     -0.1450     -0.2583     -0.3606      0.0799
0.832     -0.1508     -0.2651     -0.3679      0.0757
0.833     -0.1568     -0.2719     -0.3752      0.0714
0.834     -0.1627     -0.2789     -0.3827      0.0671
0.835     -0.1688     -0.2860     -0.3902      0.0627
0.836     -0.1749     -0.2931     -0.3978      0.0583
0.837     -0.1811     -0.3003     -0.4055      0.0539
0.838     -0.1874     -0.3076     -0.4133      0.0494
0.839     -0.1938     -0.3150     -0.4212      0.0448
0.840     -0.2002     -0.3225     -0.4293      0.0402
0.841     -0.2067     -0.3301     -0.4374      0.0351
0.842     -0.2133     -0.3378     -0.4456      0.0300
0.843     -0.2200     -0.3456     -0.4547      0.0248
0.844     -0.2268     -0.3535     -0.4636      0.0195
0.845     -0.2336     -0.3615     -0.4722      0.0142
0.846     -0.2406     -0.3695     -0.4809      0.0088
0.847     -0.2476     -0.3777     -0.4898      0.0033
0.848     -0.2548     -0.3860     -0.4988     -0.0022
0.849     -0.2620     -0.3944     -0.5080     -0.0079
0.850     -0.2693     -0.4030     -0.5177     -0.0135
0.851     -0.2767     -0.4116     -0.5274     -0.0193
0.852     -0.2842     -0.4204     -0.5373     -0.0252
0.853     -0.2919     -0.4292     -0.5472     -0.0311
0.854     -0.2996     -0.4382     -0.5570     -0.0369
0.855     -0.3074     -0.4474     -0.5670     -0.0425
0.856     -0.3154     -0.4566     -0.5772     -0.0481
0.857     -0.3234     -0.4660     -0.5874     -0.0538
0.858     -0.3316     -0.4755     -0.5979     -0.0596
0.859     -0.3399     -0.4851     -0.6084     -0.0655
0.860     -0.3483     -0.4949     -0.6192     -0.0715
0.861     -0.3568     -0.5048     -0.6300     -0.0776
0.862     -0.3654     -0.5149     -0.6411     -0.0837
0.863     -0.3742     -0.5251     -0.6523     -0.0900
0.864     -0.3831     -0.5355     -0.6636     -0.0963
0.865     -0.3921     -0.5460     -0.6751     -0.1027
0.866     -0.4013     -0.5567     -0.6868     -0.1093
0.867     -0.4106     -0.5675     -0.6987     -0.1159
0.868     -0.4200     -0.5785     -0.7108     -0.1226
0.869     -0.4296     -0.5897     -0.7230     -0.1294
0.870     -0.4394     -0.6010     -0.7354     -0.1364
0.871     -0.4493     -0.6125     -0.7480     -0.1438
0.872     -0.4593     -0.6242     -0.7608     -0.1512
0.873     -0.4695     -0.6361     -0.7739     -0.1587
0.874     -0.4799     -0.6481     -0.7871     -0.1664
0.875     -0.4904     -0.6604     -0.8005     -0.1742
0.876     -0.5011     -0.6729     -0.8142     -0.1821
0.877     -0.5120     -0.6855     -0.8280     -0.1901
0.878     -0.5230     -0.6984     -0.8421     -0.1983
0.879     -0.5342     -0.7115     -0.8565     -0.2066
0.880     -0.5457     -0.7248     -0.8710     -0.2150
0.881     -0.5573     -0.7383     -0.8859     -0.2232
0.882     -0.5691     -0.7520     -0.9009     -0.2315
0.883     -0.5811     -0.7660     -0.9163     -0.2400
0.884     -0.5933     -0.7802     -0.9319     -0.2486
0.885     -0.6058     -0.7947     -0.9477     -0.2573
0.886     -0.6184     -0.8094     -0.9639     -0.2662
0.887     -0.6313     -0.8244     -0.9800     -0.2752
0.888     -0.6444     -0.8397     -0.9964     -0.2844
0.889     -0.6577     -0.8552     -1.0131     -0.2938
0.890     -0.6713     -0.8710     -1.0301     -0.3034
0.891     -0.6851     -0.8871     -1.0474     -0.3138
0.892     -0.6992     -0.9035     -1.0650     -0.3250
0.893     -0.7136     -0.9202     -1.0829     -0.3357
0.894     -0.7282     -0.9373     -1.1012     -0.3461
0.895     -0.7431     -0.9546     -1.1199     -0.3567
0.896     -0.7583     -0.9723     -1.1389     -0.3681
0.897     -0.7737     -0.9903     -1.1582     -0.3791
0.898     -0.7895     -1.0087     -1.1780     -0.3898
0.899     -0.8056     -1.0274     -1.1981     -0.4013
0.900     -0.8220     -1.0465     -1.2194     -0.4130
0.901     -0.8388     -1.0660     -1.2411     -0.4250
0.902     -0.8559     -1.0859     -1.2632     -0.4372
0.903     -0.8733     -1.1062     -1.2858     -0.4496
0.904     -0.8911     -1.1270     -1.3089     -0.4626
0.905     -0.9093     -1.1482     -1.3325     -0.4760
0.906     -0.9279     -1.1698     -1.3555     -0.4896
0.907     -0.9469     -1.1919     -1.3788     -0.5035
0.908     -0.9662     -1.2144     -1.4026     -0.5174
0.909     -0.9860     -1.2375     -1.4270     -0.5313
0.910     -1.0063     -1.2611     -1.4519     -0.5455
0.911     -1.0270     -1.2852     -1.4774     -0.5600
0.912     -1.0482     -1.3098     -1.5039     -0.5748
0.913     -1.0698     -1.3350     -1.5315     -0.5900
0.914     -1.0920     -1.3608     -1.5597     -0.6055
0.915     -1.1147     -1.3872     -1.5886     -0.6217
0.916     -1.1379     -1.4143     -1.6182     -0.6383
0.917     -1.1617     -1.4420     -1.6485     -0.6553
0.918     -1.1860     -1.4703     -1.6795     -0.6726
0.919     -1.2110     -1.4994     -1.7113     -0.6904
0.920     -1.2366     -1.5292     -1.7439     -0.7089
0.921     -1.2628     -1.5598     -1.7773     -0.7283
0.922     -1.2898     -1.5911     -1.8111     -0.7474
0.923     -1.3174     -1.6232     -1.8451     -0.7670
0.924     -1.3457     -1.6562     -1.8801     -0.7871
0.925     -1.3748     -1.6901     -1.9159     -0.8078
0.926     -1.4047     -1.7249     -1.9528     -0.8290
0.927     -1.4354     -1.7606     -1.9916     -0.8508
0.928     -1.4669     -1.7974     -2.0325     -0.8732
0.929     -1.4994     -1.8351     -2.0745     -0.8963
0.930     -1.5327     -1.8740     -2.1178     -0.9200
0.931     -1.5671     -1.9140     -2.1624     -0.9444
0.932     -1.6024     -1.9551     -2.2082     -0.9696
0.933     -1.6388     -1.9975     -2.2549     -0.9955
0.934     -1.6763     -2.0411     -2.3021     -1.0223
0.935     -1.7149     -2.0861     -2.3507     -1.0498
0.936     -1.7548     -2.1326     -2.4009     -1.0783
0.937     -1.7959     -2.1804     -2.4526     -1.1077
0.938     -1.8384     -2.2299     -2.5060     -1.1382
0.939     -1.8822     -2.2809     -2.5612     -1.1698
0.940     -1.9275     -2.3337     -2.6184     -1.2024
0.941     -1.9744     -2.3882     -2.6787     -1.2361
0.942     -2.0228     -2.4446     -2.7411     -1.2709
0.943     -2.0730     -2.5030     -2.8057     -1.3070
0.944     -2.1250     -2.5635     -2.8725     -1.3444
0.945     -2.1788     -2.6262     -2.9419     -1.3831
0.946     -2.2346     -2.6912     -3.0138     -1.4222
0.947     -2.2926     -2.7587     -3.0883     -1.4627
0.948     -2.3527     -2.8287     -3.1656     -1.5048
0.949     -2.4153     -2.9015     -3.2453     -1.5493
0.950     -2.4803     -2.9772     -3.3281     -1.5965
0.951     -2.5480     -3.0560     -3.4144     -1.6459
0.952     -2.6185     -3.1381     -3.5042     -1.6973
0.953     -2.6920     -3.2237     -3.5978     -1.7501
0.954     -2.7687     -3.3130     -3.6955     -1.8036
0.955     -2.8488     -3.4063     -3.7975     -1.8595
0.956     -2.9325     -3.5038     -3.9042     -1.9182
0.957     -3.0202     -3.6058     -4.0159     -1.9807
0.958     -3.1120     -3.7127     -4.1323     -2.0462
0.959     -3.2083     -3.8249     -4.2543     -2.1148
0.960     -3.3094     -3.9426     -4.3824     -2.1869
0.961     -3.4157     -4.0663     -4.5178     -2.2628
0.962     -3.5276     -4.1966     -4.6615     -2.3426
0.963     -3.6455     -4.3339     -4.8125     -2.4267
0.964     -3.7700     -4.4789     -4.9711     -2.5155
0.965     -3.9016     -4.6321     -5.1387     -2.6093
0.966     -4.0410     -4.7944     -5.3162     -2.7087
0.967     -4.1888     -4.9664     -5.5045     -2.8141
0.968     -4.3458     -5.1493     -5.7045     -2.9261
0.969     -4.5130     -5.3439     -5.9175     -3.0453
0.970     -4.6913     -5.5515     -6.1446     -3.1725
0.971     -4.8819     -5.7734     -6.3874     -3.3084
0.972     -5.0861     -6.0112     -6.6475     -3.4540
0.973     -5.3054     -6.2666     -6.9266     -3.6105
0.974     -5.5417     -6.5416     -7.2263     -3.7789
0.975     -5.7968     -6.8386     -7.5500     -3.9593
0.976     -6.0732     -7.1604     -7.9007     -4.1542
0.977     -6.3736     -7.5102     -8.2819     -4.3660
0.978     -6.7013     -7.8917     -8.6976     -4.5970
0.979     -7.0602     -8.3097     -9.1530     -4.8500
0.980     -7.4550     -8.7693     -9.6540     -5.1284
0.981     -7.8914     -9.2774    -10.2077     -5.4399
0.982     -8.3763     -9.8420    -10.8229     -5.7867
0.983     -8.9182    -10.4729    -11.5104     -6.1744
0.984     -9.5278    -11.1827    -12.2855     -6.6105
0.985    -10.2188    -11.9872    -13.1656     -7.1047
0.986    -11.0084    -12.9066    -14.1688     -7.6696
0.987    -11.9195    -13.9674    -15.3277     -8.3214
0.988    -12.9825    -15.2050    -16.6799     -9.0774
0.989    -14.2388    -16.6677    -18.2779     -9.9705
0.990    -15.7464    -18.4228    -20.1955    -11.0426
0.991    -17.5887    -20.5681    -22.5392    -12.3530
0.992    -19.8919    -23.2496    -25.4688    -13.9967
0.993    -22.8529    -26.6973    -29.2354    -16.1097
0.994    -26.8012    -31.2942    -34.2576    -18.9277
0.995    -32.3289    -37.7305    -41.2892    -22.8726
0.996    -40.6205    -47.3834    -51.8360    -28.7898
0.997    -54.4387    -63.4725    -69.4139    -38.6504
0.998    -82.0773    -95.6508   -104.5698    -58.3612
0.999   -164.9979   -192.2025   -210.0551   -117.4971
