0.001    -37.9151    -59.8271    -47.7686    -28.6848
0.002    -18.4682    -29.3931    -23.3841    -13.8639
0.003    -11.9858    -19.2484    -15.2559     -8.9235
0.004     -8.7447    -14.1761    -11.1918     -6.4534
0.005     -6.8000    -11.1327     -8.7534     -4.9713
0.006     -5.5035     -9.1037     -7.1278     -3.9819
0.007     -4.5775     -7.6545     -5.9666     -3.2745
0.008     -3.8830     -6.5676     -5.0957     -2.7439
0.009     -3.3428     -5.7222     -4.4184     -2.3307
0.010     -2.9106     -5.0459     -3.8765     -2.0002
0.011     -2.5570     -4.4925     -3.4331     -1.7297
0.012     -2.2624     -4.0314     -3.0643     -1.5044
0.013     -2.0131     -3.6412     -2.7527     -1.3147
0.014     -1.7994     -3.3068     -2.4856     -1.1521
0.015     -1.6142     -3.0169     -2.2541     -1.0107
0.016     -1.4521     -2.7633     -2.0516     -0.8869
0.017     -1.3091     -2.5395     -1.8729     -0.7777
0.018     -1.1820     -2.3406     -1.7140     -0.6806
0.019     -1.0683     -2.1626     -1.5719     -0.5937
0.020     -0.9659     -2.0025     -1.4440     -0.5155
0.021     -0.8733     -1.8575     -1.3283     -0.4448
0.022     -0.7891     -1.7258     -1.2230     -0.3804
0.023     -0.7123     -1.6055     -1.1270     -0.3217
0.024     -0.6418     -1.4952     -1.0389     -0.2686
0.025     -0.5770     -1.3938     -0.9579     -0.2198
0.026     -0.5171     -1.3001     -0.8831     -0.1748
0.027     -0.4617     -1.2134     -0.8139     -0.1331
0.028     -0.4103     -1.1329     -0.7496     -0.0944
0.029     -0.3624     -1.0580     -0.6895     -0.0583
0.030     -0.3177     -0.9880     -0.6334     -0.0243
0.031     -0.2759     -0.9226     -0.5809      0.0079
0.032     -0.2367     -0.8612     -0.5317      0.0380
0.033     -0.1998     -0.8036     -0.4855      0.0664
0.034     -0.1652     -0.7493     -0.4420      0.0930
0.035     -0.1325     -0.6982     -0.4010      0.1182
0.036     -0.1016     -0.6498     -0.3622      0.1419
0.037     -0.0724     -0.6042     -0.3256      0.1644
0.038     -0.0448     -0.5609     -0.2909      0.1857
0.039     -0.0185     -0.5198     -0.2580      0.2059
0.040      0.0064     -0.4808     -0.2267      0.2251
0.041      0.0301     -0.4437     -0.1969      0.2433
0.042      0.0527     -0.4083     -0.1686      0.2607
0.043      0.0743     -0.3746     -0.1416      0.2773
0.044      0.0948     -0.3424     -0.1158      0.2931
0.045      0.1145     -0.3117     -0.0911      0.3082
0.046      0.1333     -0.2823     -0.0674      0.3227
0.047      0.1512     -0.2541     -0.0447      0.3365
0.048      0.1685     -0.2272     -0.0233      0.3498
0.049      0.1850     -0.2013     -0.0026      0.3625
0.050      0.2009     -0.1764      0.0173      0.3747
0.051      0.2161     -0.1526      0.0365      0.3864
0.052      0.2308     -0.1296      0.0549      0.3977
0.053      0.2449     -0.1075      0.0726      0.4084
0.054      0.2585     -0.0863      0.0896      0.4187
0.055      0.2716     -0.0658      0.1061      0.4287
0.056      0.2842     -0.0460      0.1219      0.4383
0.057      0.2964     -0.0269      0.1372      0.4475
0.058      0.3082     -0.0085      0.1520      0.4564
0.059      0.3196      0.0093      0.1663      0.4650
0.060      0.3305      0.0265      0.1801      0.4731
0.061      0.3412      0.0431      0.1935      0.4810
0.062      0.3514      0.0592      0.2064      0.4886
0.063      0.3614      0.0748      0.2189      0.4960
0.064      0.3711      0.0899      0.2310      0.5031
0.065      0.3804      0.1045      0.2428      0.5100
0.066      0.3895      0.1187      0.2542      0.5167
0.067      0.3983      0.1325      0.2652      0.5232
0.068      0.4068      0.1458      0.2760      0.5298
0.069      0.4151      0.1588      0.2864      0.5362
0.070      0.4231      0.1714      0.2965      0.5425
0.071      0.4310      0.1836      0.3064      0.5486
0.072      0.4386      0.1955      0.3159      0.5545
0.073      0.4460      0.2071      0.3252      0.5603
0.074      0.4532      0.2184      0.3341      0.5659
0.075      0.4602      0.2294      0.3428      0.5713
0.076      0.4670      0.2400      0.3513      0.5766
0.077      0.4737      0.2504      0.3596      0.5818
0.078      0.4801      0.2606      0.3677      0.5868
0.079      0.4864      0.2705      0.3756      0.5916
0.080      0.4926      0.2801      0.3832      0.5963
0.081      0.4986      0.2895      0.3907      0.6008
0.082      0.5045      0.2986      0.3980      0.6053
0.083      0.5102      0.3076      0.4051      0.6096
0.084      0.5157      0.3163      0.4121      0.6138
0.085      0.5212      0.3248      0.4189      0.6180
0.086      0.5265      0.3332      0.4255      0.6220
0.087      0.5317      0.3413      0.4320      0.6260
0.088      0.5368      0.3492      0.4383      0.6298
0.089      0.5418      0.3570      0.4444      0.6337
0.090      0.5466      0.3646      0.4503      0.6375
0.091      0.5514      0.3721      0.4561      0.6412
0.092      0.5560      0.3793      0.4618      0.6447
0.093      0.5606      0.3864      0.4675      0.6481
0.094      0.5650      0.3934      0.4730      0.6514
0.095      0.5694      0.4002      0.4784      0.6548
0.096      0.5736      0.4069      0.4837      0.6582
0.097      0.5778      0.4134      0.4889      0.6616
0.098      0.5819      0.4198      0.4940      0.6648
0.099      0.5859      0.4261      0.4990      0.6679
0.100      0.5898      0.4323      0.5038      0.6709
0.101      0.5937      0.4383      0.5086      0.6738
0.102      0.5975      0.4442      0.5133      0.6766
0.103      0.6012      0.4500      0.5179      0.6793
0.104      0.6048      0.4557      0.5225      0.6821
0.105      0.6084      0.4612      0.5270      0.6847
0.106      0.6118      0.4667      0.5314      0.6873
0.107      0.6153      0.4721      0.5357      0.6899
0.108      0.6186      0.4773      0.5402      0.6919
0.109      0.6219      0.4825      0.5453      0.6944
0.110      0.6252      0.4876      0.5501      0.6973
0.111      0.6284      0.4926      0.5545      0.6993
0.112      0.6315      0.4975      0.5594      0.7016
0.113      0.6346      0.5023      0.5637      0.7044
0.114      0.6376      0.5070      0.5678      0.7073
0.115      0.6406      0.5116      0.5722      0.7080
0.116      0.6435      0.5162      0.5758      0.7107
0.117      0.6463      0.5207      0.5790      0.7136
0.118      0.6492      0.5251      0.5814      0.7152
0.119      0.6519      0.5294      0.5860      0.7175
0.120      0.6547      0.5331      0.5874      0.7205
0.121      0.6544      0.5330      0.5857      0.7236
0.122      0.6538      0.5328      0.5863      0.7242
0.123      0.6532      0.5326      0.5832      0.7255
0.124      0.6527      0.5324      0.5808      0.7280
0.125      0.6521      0.5322      0.5788      0.7297
0.126      0.6515      0.5320      0.5759      0.7312
0.127      0.6509      0.5318      0.5738      0.7314
0.128      0.6504      0.5316      0.5716      0.7333
0.129      0.6498      0.5314      0.5683      0.7336
0.130      0.6492      0.5312      0.5667      0.7347
0.131      0.6486      0.5310      0.5661      0.7342
0.132      0.6480      0.5308      0.5654      0.7344
0.133      0.6475      0.5307      0.5644      0.7351
0.134      0.6469      0.5305      0.5623      0.7345
0.135      0.6463      0.5303      0.5605      0.7340
0.136      0.6457      0.5301      0.5598      0.7334
0.137      0.6451      0.5299      0.5593      0.7328
0.138      0.6445      0.5297      0.5587      0.7323
0.139      0.6439      0.5295      0.5582      0.7317
0.140      0.6433      0.5293      0.5577      0.7312
0.141      0.6427      0.5291      0.5572      0.7306
0.142      0.6421      0.5289      0.5567      0.7300
0.143      0.6415      0.5287      0.5562      0.7295
0.144      0.6409      0.5285      0.5556      0.7289
0.145      0.6403      0.5283      0.5551      0.7283
0.146      0.6397      0.5281      0.5546      0.7278
0.147      0.6391      0.5279      0.5541      0.7272
0.148      0.6385      0.5277      0.5535      0.7266
0.149      0.6379      0.5275      0.5530      0.7260
0.150      0.6373      0.5273      0.5525      0.7254
0.151      0.6367      0.5271      0.5520      0.7248
0.152      0.6361      0.5269      0.5514      0.7242
0.153      0.6355      0.5267      0.5509      0.7236
0.154      0.6348      0.5265      0.5504      0.7230
0.155      0.6342      0.5263      0.5498      0.7224
0.156      0.6336      0.5261      0.5491      0.7218
0.157      0.6330      0.5258      0.5485      0.7211
0.158      0.6324      0.5256      0.5479      0.7205
0.159      0.6317      0.5254      0.5473      0.7199
0.160      0.6311      0.5252      0.5467      0.7193
0.161      0.6305      0.5250      0.5462      0.7186
0.162      0.6299      0.5248      0.5457      0.7181
0.163      0.6292      0.5246      0.5452      0.7174
0.164      0.6286      0.5244      0.5446      0.7168
0.165      0.6280      0.5242      0.5441      0.7162
0.166      0.6274      0.5240      0.5435      0.7156
0.167      0.6267      0.5238      0.5428      0.7151
0.168      0.6261      0.5236      0.5421      0.7146
0.169      0.6254      0.5233      0.5413      0.7141
0.170      0.6248      0.5231      0.5406      0.7134
0.171      0.6242      0.5229      0.5398      0.7127
0.172      0.6235      0.5227      0.5392      0.7119
0.173      0.6229      0.5225      0.5385      0.7112
0.174      0.6222      0.5223      0.5379      0.7105
0.175      0.6216      0.5221      0.5373      0.7099
0.176      0.6209      0.5218      0.5366      0.7092
0.177      0.6203      0.5216      0.5358      0.7086
0.178      0.6196      0.5214      0.5350      0.7080
0.179      0.6190      0.5212      0.5341      0.7073
0.180      0.6183      0.5210      0.5333      0.7067
0.181      0.6177      0.5208      0.5325      0.7060
0.182      0.6170      0.5205      0.5316      0.7054
0.183      0.6164      0.5203      0.5308      0.7048
0.184      0.6157      0.5201      0.5300      0.7042
0.185      0.6150      0.5199      0.5291      0.7035
0.186      0.6144      0.5197      0.5284      0.7028
0.187      0.6137      0.5194      0.5278      0.7021
0.188      0.6130      0.5192      0.5272      0.7014
0.189      0.6124      0.5190      0.5267      0.7008
0.190      0.6117      0.5188      0.5261      0.7001
0.191      0.6110      0.5186      0.5253      0.6995
0.192      0.6104      0.5183      0.5244      0.6988
0.193      0.6097      0.5181      0.5236      0.6980
0.194      0.6090      0.5179      0.5227      0.6972
0.195      0.6083      0.5177      0.5218      0.6964
0.196      0.6076      0.5174      0.5210      0.6955
0.197      0.6070      0.5172      0.5201      0.6947
0.198      0.6063      0.5170      0.5192      0.6939
0.199      0.6056      0.5167      0.5184      0.6932
0.200      0.6049      0.5165      0.5175      0.6925
0.201      0.6042      0.5163      0.5166      0.6918
0.202      0.6035      0.5161      0.5158      0.6911
0.203      0.6028      0.5158      0.5149      0.6904
0.204      0.6021      0.5156      0.5140      0.6897
0.205      0.6014      0.5154      0.5132      0.6891
0.206      0.6007      0.5151      0.5123      0.6884
0.207      0.6000      0.5149      0.5115      0.6877
0.208      0.5993      0.5147      0.5109      0.6871
0.209      0.5986      0.5144      0.5104      0.6864
0.210      0.5979      0.5142      0.5098      0.6859
0.211      0.5972      0.5140      0.5093      0.6853
0.212      0.5965      0.5137      0.5087      0.6847
0.213      0.5958      0.5135      0.5082      0.6841
0.214      0.5951      0.5133      0.5076      0.6835
0.215      0.5944      0.5130      0.5071      0.6829
0.216      0.5937      0.5128      0.5065      0.6823
0.217      0.5929      0.5125      0.5059      0.6816
0.218      0.5922      0.5123      0.5050      0.6808
0.219      0.5915      0.5121      0.5042      0.6801
0.220      0.5908      0.5118      0.5033      0.6793
0.221      0.5901      0.5116      0.5025      0.6786
0.222      0.5893      0.5113      0.5016      0.6779
0.223      0.5886      0.5111      0.5008      0.6771
0.224      0.5879      0.5109      0.4999      0.6765
0.225      0.5871      0.5106      0.4991      0.6759
0.226      0.5864      0.5104      0.4982      0.6751
0.227      0.5857      0.5101      0.4974      0.6744
0.228      0.5849      0.5099      0.4965      0.6737
0.229      0.5842      0.5096      0.4956      0.6731
0.230      0.5834      0.5094      0.4948      0.6725
0.231      0.5827      0.5091      0.4940      0.6718
0.232      0.5820      0.5089      0.4932      0.6712
0.233      0.5812      0.5086      0.4925      0.6705
0.234      0.5805      0.5084      0.4917      0.6699
0.235      0.5797      0.5081      0.4909      0.6692
0.236      0.5790      0.5079      0.4899      0.6686
0.237      0.5782      0.5076      0.4891      0.6679
0.238      0.5774      0.5074      0.4884      0.6673
0.239      0.5767      0.5071      0.4877      0.6666
0.240      0.5759      0.5069      0.4869      0.6659
0.241      0.5752      0.5066      0.4862      0.6651
0.242      0.5744      0.5064      0.4854      0.6644
0.243      0.5736      0.5061      0.4847      0.6636
0.244      0.5729      0.5059      0.4840      0.6629
0.245      0.5721      0.5056      0.4832      0.6621
0.246      0.5713      0.5054      0.4824      0.6614
0.247      0.5705      0.5051      0.4814      0.6606
0.248      0.5698      0.5048      0.4804      0.6598
0.249      0.5690      0.5046      0.4795      0.6592
0.250      0.5682      0.5043      0.4786      0.6585
0.251      0.5674      0.5041      0.4777      0.6578
0.252      0.5666      0.5038      0.4770      0.6571
0.253      0.5658      0.5035      0.4763      0.6565
0.254      0.5650      0.5033      0.4756      0.6557
0.255      0.5642      0.5030      0.4747      0.6551
0.256      0.5635      0.5027      0.4737      0.6544
0.257      0.5627      0.5025      0.4728      0.6537
0.258      0.5619      0.5022      0.4719      0.6530
0.259      0.5611      0.5019      0.4709      0.6524
0.260      0.5603      0.5017      0.4700      0.6517
0.261      0.5594      0.5014      0.4691      0.6510
0.262      0.5586      0.5011      0.4681      0.6503
0.263      0.5578      0.5009      0.4672      0.6496
0.264      0.5570      0.5006      0.4662      0.6489
0.265      0.5562      0.5003      0.4653      0.6482
0.266      0.5554      0.5001      0.4643      0.6475
0.267      0.5546      0.4998      0.4634      0.6466
0.268      0.5537      0.4995      0.4624      0.6457
0.269      0.5529      0.4992      0.4615      0.6449
0.270      0.5521      0.4990      0.4605      0.6440
0.271      0.5513      0.4987      0.4596      0.6431
0.272      0.5504      0.4984      0.4586      0.6422
0.273      0.5496      0.4981      0.4576      0.6413
0.274      0.5488      0.4979      0.4567      0.6404
0.275      0.5479      0.4976      0.4557      0.6395
0.276      0.5471      0.4973      0.4547      0.6386
0.277      0.5463      0.4970      0.4537      0.6377
0.278      0.5454      0.4967      0.4527      0.6368
0.279      0.5446      0.4965      0.4518      0.6359
0.280      0.5437      0.4962      0.4508      0.6350
0.281      0.5429      0.4959      0.4498      0.6341
0.282      0.5420      0.4956      0.4488      0.6333
0.283      0.5412      0.4953      0.4478      0.6325
0.284      0.5403      0.4951      0.4468      0.6318
0.285      0.5394      0.4948      0.4458      0.6310
0.286      0.5386      0.4945      0.4448      0.6302
0.287      0.5377      0.4942      0.4438      0.6294
0.288      0.5368      0.4939      0.4428      0.6286
0.289      0.5360      0.4936      0.4418      0.6279
0.290      0.5351      0.4933      0.4407      0.6271
0.291      0.5342      0.4930      0.4397      0.6263
0.292      0.5333      0.4927      0.4387      0.6255
0.293      0.5325      0.4924      0.4377      0.6247
0.294      0.5316      0.4922      0.4367      0.6239
0.295      0.5307      0.4919      0.4356      0.6231
0.296      0.5298      0.4916      0.4346      0.6223
0.297      0.5289      0.4913      0.4335      0.6215
0.298      0.5280      0.4910      0.4325      0.6207
0.299      0.5271      0.4907      0.4315      0.6199
0.300      0.5262      0.4904      0.4304      0.6191
0.301      0.5253      0.4901      0.4294      0.6182
0.302      0.5244      0.4898      0.4283      0.6174
0.303      0.5235      0.4895      0.4273      0.6166
0.304      0.5226      0.4892      0.4262      0.6158
0.305      0.5217      0.4889      0.4251      0.6150
0.306      0.5208      0.4886      0.4241      0.6141
0.307      0.5199      0.4883      0.4230      0.6133
0.308      0.5190      0.4880      0.4219      0.6125
0.309      0.5180      0.4877      0.4209      0.6116
0.310      0.5171      0.4873      0.4198      0.6108
0.311      0.5162      0.4870      0.4187      0.6100
0.312      0.5153      0.4867      0.4176      0.6091
0.313      0.5143      0.4864      0.4166      0.6083
0.314      0.5134      0.4861      0.4155      0.6075
0.315      0.5125      0.4858      0.4144      0.6066
0.316      0.5115      0.4855      0.4133      0.6058
0.317      0.5106      0.4852      0.4122      0.6051
0.318      0.5096      0.4849      0.4111      0.6043
0.319      0.5087      0.4845      0.4100      0.6035
0.320      0.5077      0.4842      0.4090      0.6026
0.321      0.5068      0.4839      0.4081      0.6017
0.322      0.5058      0.4836      0.4073      0.6007
0.323      0.5049      0.4833      0.4062      0.5997
0.324      0.5039      0.4830      0.4050      0.5989
0.325      0.5029      0.4826      0.4038      0.5980
0.326      0.5020      0.4823      0.4027      0.5972
0.327      0.5010      0.4820      0.4015      0.5964
0.328      0.5000      0.4817      0.4003      0.5956
0.329      0.4990      0.4813      0.3991      0.5948
0.330      0.4981      0.4810      0.3980      0.5940
0.331      0.4971      0.4807      0.3970      0.5931
0.332      0.4961      0.4804      0.3960      0.5921
0.333      0.4951      0.4800      0.3950      0.5910
0.334      0.4941      0.4797      0.3940      0.5903
0.335      0.4931      0.4794      0.3929      0.5893
0.336      0.4921      0.4790      0.3919      0.5884
0.337      0.4911      0.4787      0.3909      0.5874
0.338      0.4901      0.4784      0.3898      0.5865
0.339      0.4891      0.4780      0.3886      0.5855
0.340      0.4881      0.4777      0.3875      0.5846
0.341      0.4871      0.4774      0.3863      0.5837
0.342      0.4861      0.4770      0.3852      0.5828
0.343      0.4850      0.4767      0.3840      0.5818
0.344      0.4840      0.4764      0.3828      0.5809
0.345      0.4830      0.4760      0.3817      0.5800
0.346      0.4820      0.4757      0.3806      0.5791
0.347      0.4809      0.4753      0.3795      0.5783
0.348      0.4799      0.4750      0.3784      0.5774
0.349      0.4789      0.4746      0.3772      0.5765
0.350      0.4778      0.4743      0.3761      0.5757
0.351      0.4768      0.4739      0.3750      0.5748
0.352      0.4757      0.4736      0.3739      0.5739
0.353      0.4747      0.4732      0.3724      0.5730
0.354      0.4736      0.4729      0.3712      0.5721
0.355      0.4726      0.4725      0.3701      0.5713
0.356      0.4715      0.4722      0.3690      0.5704
0.357      0.4705      0.4718      0.3679      0.5695
0.358      0.4694      0.4715      0.3668      0.5686
0.359      0.4683      0.4711      0.3656      0.5677
0.360      0.4672      0.4708      0.3645      0.5668
0.361      0.4662      0.4704      0.3634      0.5659
0.362      0.4651      0.4701      0.3622      0.5650
0.363      0.4640      0.4697      0.3611      0.5639
0.364      0.4629      0.4693      0.3600      0.5629
0.365      0.4618      0.4690      0.3588      0.5618
0.366      0.4607      0.4686      0.3576      0.5607
0.367      0.4596      0.4682      0.3562      0.5597
0.368      0.4585      0.4679      0.3548      0.5588
0.369      0.4574      0.4675      0.3534      0.5579
0.370      0.4563      0.4671      0.3520      0.5571
0.371      0.4552      0.4668      0.3508      0.5563
0.372      0.4541      0.4664      0.3496      0.5555
0.373      0.4530      0.4660      0.3484      0.5545
0.374      0.4518      0.4657      0.3474      0.5536
0.375      0.4507      0.4653      0.3463      0.5527
0.376      0.4496      0.4649      0.3451      0.5518
0.377      0.4485      0.4645      0.3439      0.5509
0.378      0.4473      0.4642      0.3428      0.5501
0.379      0.4462      0.4638      0.3415      0.5492
0.380      0.4450      0.4634      0.3400      0.5482
0.381      0.4439      0.4630      0.3386      0.5473
0.382      0.4427      0.4626      0.3374      0.5464
0.383      0.4416      0.4622      0.3363      0.5455
0.384      0.4404      0.4619      0.3352      0.5445
0.385      0.4393      0.4615      0.3341      0.5435
0.386      0.4381      0.4611      0.3330      0.5427
0.387      0.4369      0.4607      0.3319      0.5419
0.388      0.4357      0.4603      0.3308      0.5410
0.389      0.4346      0.4599      0.3296      0.5401
0.390      0.4334      0.4595      0.3283      0.5390
0.391      0.4322      0.4591      0.3270      0.5379
0.392      0.4310      0.4587      0.3257      0.5367
0.393      0.4298      0.4583      0.3244      0.5356
0.394      0.4286      0.4579      0.3230      0.5345
0.395      0.4274      0.4575      0.3216      0.5336
0.396      0.4262      0.4571      0.3203      0.5326
0.397      0.4250      0.4567      0.3189      0.5317
0.398      0.4238      0.4563      0.3175      0.5307
0.399      0.4226      0.4559      0.3160      0.5298
0.400      0.4214      0.4555      0.3145      0.5288
0.401      0.4201      0.4551      0.3130      0.5277
0.402      0.4189      0.4547      0.3114      0.5268
0.403      0.4177      0.4543      0.3098      0.5259
0.404      0.4164      0.4539      0.3083      0.5247
0.405      0.4152      0.4535      0.3067      0.5235
0.406      0.4139      0.4531      0.3051      0.5223
0.407      0.4127      0.4526      0.3036      0.5211
0.408      0.4114      0.4522      0.3020      0.5201
0.409      0.4102      0.4518      0.3005      0.5190
0.410      0.4089      0.4514      0.2992      0.5180
0.411      0.4076      0.4510      0.2978      0.5169
0.412      0.4064      0.4505      0.2964      0.5159
0.413      0.4051      0.4501      0.2951      0.5148
0.414      0.4038      0.4497      0.2937      0.5137
0.415      0.4025      0.4493      0.2923      0.5126
0.416      0.4012      0.4488      0.2909      0.5116
0.417      0.3999      0.4484      0.2893      0.5105
0.418      0.3986      0.4480      0.2878      0.5094
0.419      0.3973      0.4475      0.2862      0.5083
0.420      0.3960      0.4471      0.2849      0.5072
0.421      0.3947      0.4467      0.2834      0.5061
0.422      0.3934      0.4462      0.2817      0.5047
0.423      0.3921      0.4458      0.2799      0.5030
0.424      0.3908      0.4454      0.2782      0.5014
0.425      0.3894      0.4449      0.2765      0.4997
0.426      0.3881      0.4445      0.2749      0.4980
0.427      0.3868      0.4440      0.2733      0.4965
0.428      0.3854      0.4436      0.2717      0.4952
0.429      0.3841      0.4431      0.2700      0.4940
0.430      0.3827      0.4427      0.2684      0.4927
0.431      0.3814      0.4422      0.2667      0.4914
0.432      0.3800      0.4418      0.2656      0.4901
0.433      0.3786      0.4413      0.2642      0.4888
0.434      0.3772      0.4409      0.2624      0.4875
0.435      0.3759      0.4404      0.2607      0.4862
0.436      0.3745      0.4400      0.2593      0.4849
0.437      0.3731      0.4395      0.2579      0.4836
0.438      0.3717      0.4390      0.2564      0.4822
0.439      0.3703      0.4386      0.2550      0.4809
0.440      0.3689      0.4381      0.2536      0.4796
0.441      0.3675      0.4376      0.2521      0.4782
0.442      0.3661      0.4372      0.2506      0.4769
0.443      0.3647      0.4367      0.2488      0.4756
0.444      0.3632      0.4362      0.2469      0.4742
0.445      0.3618      0.4357      0.2450      0.4729
0.446      0.3604      0.4353      0.2430      0.4716
0.447      0.3590      0.4348      0.2411      0.4703
0.448      0.3575      0.4343      0.2392      0.4690
0.449      0.3561      0.4338      0.2373      0.4676
0.450      0.3546      0.4333      0.2356      0.4663
0.451      0.3531      0.4329      0.2339      0.4650
0.452      0.3517      0.4324      0.2323      0.4636
0.453      0.3502      0.4319      0.2306      0.4623
0.454      0.3487      0.4314      0.2289      0.4608
0.455      0.3473      0.4309      0.2272      0.4592
0.456      0.3458      0.4304      0.2255      0.4581
0.457      0.3443      0.4299      0.2238      0.4569
0.458      0.3428      0.4294      0.2221      0.4555
0.459      0.3413      0.4289      0.2204      0.4542
0.460      0.3398      0.4284      0.2187      0.4530
0.461      0.3383      0.4279      0.2170      0.4518
0.462      0.3367      0.4274      0.2153      0.4506
0.463      0.3352      0.4269      0.2135      0.4494
0.464      0.3337      0.4264      0.2118      0.4482
0.465      0.3321      0.4259      0.2100      0.4467
0.466      0.3306      0.4254      0.2083      0.4452
0.467      0.3291      0.4249      0.2065      0.4436
0.468      0.3275      0.4243      0.2048      0.4421
0.469      0.3259      0.4238      0.2030      0.4408
0.470      0.3244      0.4233      0.2012      0.4396
0.471      0.3228      0.4228      0.1994      0.4384
0.472      0.3212      0.4223      0.1976      0.4370
0.473      0.3196      0.4217      0.1958      0.4353
0.474      0.3181      0.4212      0.1940      0.4335
0.475      0.3165      0.4207      0.1922      0.4318
0.476      0.3149      0.4201      0.1904      0.4301
0.477      0.3133      0.4196      0.1887      0.4286
0.478      0.3116      0.4191      0.1870      0.4271
0.479      0.3100      0.4185      0.1854      0.4257
0.480      0.3084      0.4180      0.1838      0.4242
0.481      0.3068      0.4175      0.1821      0.4227
0.482      0.3051      0.4169      0.1805      0.4212
0.483      0.3035      0.4164      0.1788      0.4199
0.484      0.3018      0.4158      0.1771      0.4187
0.485      0.3002      0.4153      0.1755      0.4175
0.486      0.2985      0.4147      0.1734      0.4163
0.487      0.2968      0.4142      0.1716      0.4150
0.488      0.2952      0.4136      0.1698      0.4138
0.489      0.2935      0.4130      0.1679      0.4126
0.490      0.2918      0.4125      0.1660      0.4113
0.491      0.2901      0.4119      0.1640      0.4101
0.492      0.2884      0.4113      0.1622      0.4088
0.493      0.2867      0.4108      0.1604      0.4076
0.494      0.2850      0.4102      0.1586      0.4063
0.495      0.2832      0.4096      0.1568      0.4050
0.496      0.2815      0.4091      0.1546      0.4038
0.497      0.2798      0.4085      0.1524      0.4022
0.498      0.2780      0.4079      0.1502      0.4004
0.499      0.2763      0.4073      0.1481      0.3986
0.500      0.2745      0.4067      0.1461      0.3968
0.501      0.2727      0.4061      0.1441      0.3950
0.502      0.2710      0.4056      0.1421      0.3932
0.503      0.2692      0.4050      0.1400      0.3917
0.504      0.2674      0.4044      0.1380      0.3903
0.505      0.2656      0.4038      0.1359      0.3888
0.506      0.2638      0.4032      0.1338      0.3874
0.507      0.2620      0.4026      0.1318      0.3859
0.508      0.2602      0.4020      0.1298      0.3844
0.509      0.2584      0.4014      0.1280      0.3830
0.510      0.2565      0.4008      0.1262      0.3815
0.511      0.2547      0.4002      0.1243      0.3800
0.512      0.2528      0.3995      0.1225      0.3785
0.513      0.2510      0.3989      0.1207      0.3770
0.514      0.2491      0.3983      0.1188      0.3755
0.515      0.2473      0.3977      0.1169      0.3740
0.516      0.2454      0.3971      0.1151      0.3725
0.517      0.2435      0.3964      0.1129      0.3710
0.518      0.2416      0.3958      0.1107      0.3693
0.519      0.2397      0.3952      0.1084      0.3675
0.520      0.2378      0.3945      0.1062      0.3658
0.521      0.2359      0.3939      0.1039      0.3644
0.522      0.2340      0.3933      0.1017      0.3627
0.523      0.2320      0.3926      0.0991      0.3609
0.524      0.2301      0.3920      0.0964      0.3594
0.525      0.2281      0.3913      0.0938      0.3578
0.526      0.2262      0.3907      0.0911      0.3562
0.527      0.2242      0.3900      0.0884      0.3546
0.528      0.2222      0.3894      0.0861      0.3530
0.529      0.2203      0.3887      0.0838      0.3514
0.530      0.2183      0.3880      0.0812      0.3498
0.531      0.2163      0.3874      0.0786      0.3482
0.532      0.2143      0.3867      0.0763      0.3466
0.533      0.2123      0.3860      0.0741      0.3450
0.534      0.2102      0.3854      0.0718      0.3434
0.535      0.2082      0.3847      0.0696      0.3419
0.536      0.2062      0.3840      0.0673      0.3403
0.537      0.2041      0.3833      0.0650      0.3387
0.538      0.2020      0.3827      0.0627      0.3371
0.539      0.2000      0.3820      0.0604      0.3355
0.540      0.1979      0.3813      0.0582      0.3337
0.541      0.1958      0.3806      0.0558      0.3317
0.542      0.1937      0.3799      0.0534      0.3300
0.543      0.1916      0.3792      0.0511      0.3284
0.544      0.1895      0.3785      0.0487      0.3266
0.545      0.1874      0.3778      0.0464      0.3249
0.546      0.1852      0.3771      0.0440      0.3232
0.547      0.1831      0.3764      0.0416      0.3215
0.548      0.1809      0.3756      0.0390      0.3198
0.549      0.1788      0.3749      0.0365      0.3180
0.550      0.1766      0.3742      0.0339      0.3163
0.551      0.1744      0.3735      0.0313      0.3145
0.552      0.1722      0.3728      0.0287      0.3127
0.553      0.1700      0.3720      0.0262      0.3110
0.554      0.1678      0.3713      0.0235      0.3092
0.555      0.1656      0.3706      0.0209      0.3074
0.556      0.1634      0.3698      0.0183      0.3056
0.557      0.1611      0.3691      0.0156      0.3037
0.558      0.1589      0.3683      0.0130      0.3019
0.559      0.1566      0.3676      0.0103      0.3002
0.560      0.1544      0.3668      0.0078      0.2983
0.561      0.1521      0.3661      0.0052      0.2965
0.562      0.1498      0.3653      0.0026      0.2946
0.563      0.1475      0.3645     -0.0001      0.2928
0.564      0.1452      0.3638     -0.0029      0.2909
0.565      0.1429      0.3630     -0.0058      0.2891
0.566      0.1405      0.3622     -0.0087      0.2872
0.567      0.1382      0.3614     -0.0115      0.2853
0.568      0.1358      0.3607     -0.0143      0.2834
0.569      0.1335      0.3599     -0.0171      0.2815
0.570      0.1311      0.3591     -0.0199      0.2798
0.571      0.1287      0.3583     -0.0227      0.2778
0.572      0.1263      0.3575     -0.0255      0.2758
0.573      0.1239      0.3567     -0.0284      0.2738
0.574      0.1215      0.3559     -0.0315      0.2718
0.575      0.1190      0.3551     -0.0346      0.2701
0.576      0.1166      0.3543     -0.0376      0.2684
0.577      0.1141      0.3534     -0.0407      0.2667
0.578      0.1117      0.3526     -0.0439      0.2649
0.579      0.1092      0.3518     -0.0470      0.2628
0.580      0.1067      0.3510     -0.0496      0.2606
0.581      0.1042      0.3501     -0.0523      0.2585
0.582      0.1017      0.3493     -0.0550      0.2563
0.583      0.0991      0.3485     -0.0578      0.2541
0.584      0.0966      0.3476     -0.0606      0.2519
0.585      0.0941      0.3468     -0.0636      0.2501
0.586      0.0915      0.3459     -0.0666      0.2480
0.587      0.0889      0.3451     -0.0697      0.2457
0.588      0.0863      0.3442     -0.0727      0.2435
0.589      0.0837      0.3433     -0.0758      0.2414
0.590      0.0811      0.3425     -0.0789      0.2395
0.591      0.0785      0.3416     -0.0820      0.2375
0.592      0.0758      0.3407     -0.0851      0.2356
0.593      0.0732      0.3398     -0.0883      0.2336
0.594      0.0705      0.3390     -0.0914      0.2317
0.595      0.0678      0.3381     -0.0947      0.2296
0.596      0.0652      0.3372     -0.0981      0.2274
0.597      0.0624      0.3363     -0.1015      0.2252
0.598      0.0597      0.3354     -0.1050      0.2230
0.599      0.0570      0.3345     -0.1084      0.2208
0.600      0.0542      0.3335     -0.1115      0.2186
0.601      0.0515      0.3326     -0.1145      0.2164
0.602      0.0487      0.3317     -0.1174      0.2142
0.603      0.0459      0.3308     -0.1205      0.2119
0.604      0.0431      0.3299     -0.1238      0.2097
0.605      0.0403      0.3289     -0.1273      0.2074
0.606      0.0375      0.3280     -0.1310      0.2051
0.607      0.0346      0.3270     -0.1347      0.2028
0.608      0.0318      0.3261     -0.1384      0.2006
0.609      0.0289      0.3251     -0.1422      0.1985
0.610      0.0260      0.3242     -0.1460      0.1963
0.611      0.0231      0.3232     -0.1498      0.1942
0.612      0.0202      0.3222     -0.1536      0.1920
0.613      0.0173      0.3213     -0.1574      0.1898
0.614      0.0143      0.3203     -0.1612      0.1876
0.615      0.0113      0.3193     -0.1651      0.1853
0.616      0.0084      0.3183     -0.1690      0.1828
0.617      0.0054      0.3173     -0.1729      0.1803
0.618      0.0024      0.3163     -0.1768      0.1777
0.619     -0.0007      0.3153     -0.1808      0.1752
0.620     -0.0037      0.3143     -0.1847      0.1727
0.621     -0.0068      0.3133     -0.1887      0.1701
0.622     -0.0098      0.3123     -0.1923      0.1675
0.623     -0.0129      0.3112     -0.1958      0.1649
0.624     -0.0160      0.3102     -0.1994      0.1623
0.625     -0.0192      0.3092     -0.2029      0.1597
0.626     -0.0223      0.3081     -0.2065      0.1571
0.627     -0.0255      0.3071     -0.2101      0.1545
0.628     -0.0286      0.3060     -0.2137      0.1518
0.629     -0.0318      0.3049     -0.2173      0.1491
0.630     -0.0350      0.3039     -0.2209      0.1464
0.631     -0.0383      0.3028     -0.2246      0.1437
0.632     -0.0415      0.3017     -0.2283      0.1410
0.633     -0.0448      0.3006     -0.2320      0.1384
0.634     -0.0481      0.2996     -0.2357      0.1358
0.635     -0.0514      0.2985     -0.2394      0.1332
0.636     -0.0547      0.2974     -0.2432      0.1305
0.637     -0.0580      0.2963     -0.2470      0.1279
0.638     -0.0614      0.2951     -0.2508      0.1252
0.639     -0.0647      0.2940     -0.2546      0.1223
0.640     -0.0681      0.2929     -0.2584      0.1191
0.641     -0.0715      0.2918     -0.2623      0.1162
0.642     -0.0750      0.2906     -0.2662      0.1135
0.643     -0.0784      0.2895     -0.2701      0.1107
0.644     -0.0819      0.2883     -0.2740      0.1080
0.645     -0.0854      0.2872     -0.2780      0.1054
0.646     -0.0889      0.2860     -0.2823      0.1025
0.647     -0.0924      0.2848     -0.2869      0.0994
0.648     -0.0959      0.2836     -0.2916      0.0966
0.649     -0.0995      0.2825     -0.2963      0.0937
0.650     -0.1031      0.2813     -0.3010      0.0908
0.651     -0.1067      0.2801     -0.3058      0.0879
0.652     -0.1103      0.2789     -0.3105      0.0850
0.653     -0.1140      0.2777     -0.3147      0.0820
0.654     -0.1176      0.2764     -0.3190      0.0791
0.655     -0.1213      0.2752     -0.3233      0.0761
0.656     -0.1250      0.2740     -0.3276      0.0731
0.657     -0.1288      0.2727     -0.3320      0.0701
0.658     -0.1325      0.2715     -0.3363      0.0671
0.659     -0.1363      0.2702     -0.3407      0.0641
0.660     -0.1401      0.2690     -0.3452      0.0611
0.661     -0.1439      0.2677     -0.3496      0.0581
0.662     -0.1478      0.2664     -0.3541      0.0551
0.663     -0.1516      0.2651     -0.3586      0.0521
0.664     -0.1555      0.2638     -0.3627      0.0490
0.665     -0.1594      0.2625     -0.3673      0.0460
0.666     -0.1634      0.2612     -0.3722      0.0429
0.667     -0.1673      0.2599     -0.3769      0.0398
0.668     -0.1713      0.2586     -0.3815      0.0367
0.669     -0.1753      0.2573     -0.3862      0.0335
0.670     -0.1794      0.2559     -0.3909      0.0304
0.671     -0.1834      0.2546     -0.3958      0.0272
0.672     -0.1875      0.2532     -0.4011      0.0240
0.673     -0.1916      0.2519     -0.4064      0.0207
0.674     -0.1957      0.2505     -0.4117      0.0174
0.675     -0.1999      0.2491     -0.4171      0.0140
0.676     -0.2041      0.2477     -0.4225      0.0106
0.677     -0.2083      0.2463     -0.4279      0.0073
0.678     -0.2125      0.2449     -0.4334      0.0038
0.679     -0.2168      0.2435     -0.4389      0.0004
0.680     -0.2211      0.2421     -0.4444     -0.0030
0.681     -0.2254      0.2406     -0.4499     -0.0065
0.682     -0.2297      0.2392     -0.4555     -0.0100
0.683     -0.2341      0.2377     -0.4609     -0.0135
0.684     -0.2385      0.2363     -0.4658     -0.0171
0.685     -0.2429      0.2348     -0.4716     -0.0206
0.686     -0.2474      0.2333     -0.4767     -0.0242
0.687     -0.2519      0.2318     -0.4819     -0.0278
0.688     -0.2564      0.2303     -0.4871     -0.0317
0.689     -0.2609      0.2288     -0.4923     -0.0356
0.690     -0.2655      0.2273     -0.4976     -0.0395
0.691     -0.2701      0.2258     -0.5029     -0.0435
0.692     -0.2747      0.2242     -0.5082     -0.0475
0.693     -0.2794      0.2227     -0.5140     -0.0513
0.694     -0.2841      0.2211     -0.5198     -0.0551
0.695     -0.2888      0.2196     -0.5253     -0.0589
0.696     -0.2935      0.2180     -0.5309     -0.0627
0.697     -0.2983      0.2164     -0.5364     -0.0666
0.698     -0.3031      0.2148     -0.5421     -0.0705
0.699     -0.3080      0.2132     -0.5477     -0.0743
0.700     -0.3129      0.2116     -0.5537     -0.0776
0.701     -0.3178      0.2099     -0.5598     -0.0811
0.702     -0.3227      0.2083     -0.5660     -0.0852
0.703     -0.3277      0.2066     -0.5722     -0.0893
0.704     -0.3327      0.2050     -0.5784     -0.0931
0.705     -0.3377      0.2033     -0.5847     -0.0973
0.706     -0.3428      0.2016     -0.5910     -0.1016
0.707     -0.3479      0.1999     -0.5974     -0.1059
0.708     -0.3531      0.1982     -0.6038     -0.1102
0.709     -0.3583      0.1965     -0.6102     -0.1145
0.710     -0.3635      0.1947     -0.6167     -0.1187
0.711     -0.3687      0.1930     -0.6233     -0.1231
0.712     -0.3740      0.1912     -0.6299     -0.1276
0.713     -0.3794      0.1895     -0.6365     -0.1319
0.714     -0.3847      0.1877     -0.6431     -0.1362
0.715     -0.3901      0.1859     -0.6495     -0.1406
0.716     -0.3956      0.1841     -0.6559     -0.1452
0.717     -0.4011      0.1823     -0.6623     -0.1500
0.718     -0.4066      0.1804     -0.6688     -0.1546
0.719     -0.4121      0.1786     -0.6759     -0.1592
0.720     -0.4177      0.1767     -0.6824     -0.1638
0.721     -0.4234      0.1748     -0.6889     -0.1685
0.722     -0.4291      0.1730     -0.6955     -0.1732
0.723     -0.4348      0.1711     -0.7026     -0.1779
0.724     -0.4405      0.1691     -0.7098     -0.1827
0.725     -0.4463      0.1672     -0.7170     -0.1875
0.726     -0.4522      0.1653     -0.7243     -0.1923
0.727     -0.4581      0.1633     -0.7316     -0.1972
0.728     -0.4640      0.1613     -0.7390     -0.2023
0.729     -0.4700      0.1594     -0.7465     -0.2070
0.730     -0.4760      0.1574     -0.7540     -0.2120
0.731     -0.4821      0.1553     -0.7615     -0.2170
0.732     -0.4882      0.1533     -0.7691     -0.2221
0.733     -0.4943      0.1513     -0.7768     -0.2272
0.734     -0.5005      0.1492     -0.7842     -0.2323
0.735     -0.5068      0.1471     -0.7913     -0.2375
0.736     -0.5131      0.1450     -0.7985     -0.2427
0.737     -0.5194      0.1429     -0.8058     -0.2476
0.738     -0.5258      0.1408     -0.8131     -0.2526
0.739     -0.5323      0.1387     -0.8205     -0.2576
0.740     -0.5388      0.1365     -0.8279     -0.2627
0.741     -0.5453      0.1343     -0.8354     -0.2678
0.742     -0.5519      0.1321     -0.8429     -0.2729
0.743     -0.5585      0.1299     -0.8505     -0.2781
0.744     -0.5652      0.1277     -0.8582     -0.2836
0.745     -0.5720      0.1255     -0.8659     -0.2894
0.746     -0.5788      0.1232     -0.8741     -0.2953
0.747     -0.5856      0.1209     -0.8825     -0.3011
0.748     -0.5926      0.1186     -0.8909     -0.3071
0.749     -0.5995      0.1163     -0.8994     -0.3130
0.750     -0.6065      0.1140     -0.9079     -0.3191
0.751     -0.6136      0.1116     -0.9165     -0.3251
0.752     -0.6207      0.1093     -0.9252     -0.3309
0.753     -0.6279      0.1069     -0.9339     -0.3361
0.754     -0.6352      0.1045     -0.9428     -0.3414
0.755     -0.6425      0.1020     -0.9517     -0.3467
0.756     -0.6499      0.0996     -0.9606     -0.3520
0.757     -0.6573      0.0971     -0.9697     -0.3574
0.758     -0.6648      0.0946     -0.9788     -0.3629
0.759     -0.6723      0.0921     -0.9880     -0.3692
0.760     -0.6800      0.0896     -0.9973     -0.3757
0.761     -0.6876      0.0870     -1.0066     -0.3822
0.762     -0.6954      0.0845     -1.0160     -0.3888
0.763     -0.7032      0.0819     -1.0255     -0.3954
0.764     -0.7111      0.0793     -1.0351     -0.4021
0.765     -0.7190      0.0766     -1.0448     -0.4089
0.766     -0.7270      0.0740     -1.0545     -0.4157
0.767     -0.7351      0.0713     -1.0644     -0.4225
0.768     -0.7432      0.0686     -1.0743     -0.4294
0.769     -0.7515      0.0658     -1.0843     -0.4357
0.770     -0.7598      0.0631     -1.0944     -0.4421
0.771     -0.7681      0.0603     -1.1046     -0.4486
0.772     -0.7766      0.0575     -1.1149     -0.4551
0.773     -0.7851      0.0547     -1.1254     -0.4617
0.774     -0.7937      0.0518     -1.1360     -0.4683
0.775     -0.8023      0.0489     -1.1467     -0.4750
0.776     -0.8111      0.0460     -1.1572     -0.4818
0.777     -0.8199      0.0431     -1.1678     -0.4886
0.778     -0.8288      0.0401     -1.1793     -0.4954
0.779     -0.8378      0.0372     -1.1902     -0.5024
0.780     -0.8468      0.0341     -1.2009     -0.5094
0.781     -0.8560      0.0311     -1.2116     -0.5164
0.782     -0.8652      0.0280     -1.2227     -0.5236
0.783     -0.8745      0.0250     -1.2340     -0.5308
0.784     -0.8839      0.0218     -1.2455     -0.5380
0.785     -0.8934      0.0187     -1.2570     -0.5457
0.786     -0.9030      0.0155     -1.2687     -0.5537
0.787     -0.9126      0.0123     -1.2804     -0.5618
0.788     -0.9224      0.0090     -1.2923     -0.5697
0.789     -0.9322      0.0058     -1.3043     -0.5776
0.790     -0.9422      0.0025     -1.3164     -0.5859
0.791     -0.9522     -0.0009     -1.3286     -0.5946
0.792     -0.9623     -0.0042     -1.3410     -0.6033
0.793     -0.9726     -0.0076     -1.3534     -0.6118
0.794     -0.9829     -0.0111     -1.3660     -0.6204
0.795     -0.9933     -0.0145     -1.3784     -0.6289
0.796     -1.0039     -0.0180     -1.3908     -0.6370
0.797     -1.0145     -0.0216     -1.4032     -0.6452
0.798     -1.0253     -0.0251     -1.4158     -0.6544
0.799     -1.0361     -0.0287     -1.4285     -0.6637
0.800     -1.0471     -0.0324     -1.4413     -0.6731
0.801     -1.0581     -0.0361     -1.4543     -0.6823
0.802     -1.0693     -0.0398     -1.4673     -0.6906
0.803     -1.0806     -0.0435     -1.4806     -0.6991
0.804     -1.0920     -0.0473     -1.4939     -0.7082
0.805     -1.1035     -0.0511     -1.5077     -0.7169
0.806     -1.1152     -0.0550     -1.5222     -0.7258
0.807     -1.1269     -0.0589     -1.5369     -0.7347
0.808     -1.1388     -0.0629     -1.5517     -0.7441
0.809     -1.1508     -0.0669     -1.5667     -0.7538
0.810     -1.1630     -0.0709     -1.5819     -0.7636
0.811     -1.1753     -0.0750     -1.5972     -0.7735
0.812     -1.1877     -0.0791     -1.6126     -0.7835
0.813     -1.2002     -0.0833     -1.6282     -0.7936
0.814     -1.2128     -0.0875     -1.6440     -0.8038
0.815     -1.2256     -0.0917     -1.6600     -0.8141
0.816     -1.2386     -0.0960     -1.6761     -0.8241
0.817     -1.2517     -0.1004     -1.6925     -0.8343
0.818     -1.2649     -0.1048     -1.7090     -0.8445
0.819     -1.2783     -0.1092     -1.7255     -0.8549
0.820     -1.2918     -0.1137     -1.7419     -0.8654
0.821     -1.3055     -0.1182     -1.7586     -0.8761
0.822     -1.3193     -0.1228     -1.7754     -0.8872
0.823     -1.3333     -0.1275     -1.7924     -0.8977
0.824     -1.3474     -0.1322     -1.8096     -0.9086
0.825     -1.3617     -0.1369     -1.8270     -0.9199
0.826     -1.3762     -0.1417     -1.8446     -0.9313
0.827     -1.3908     -0.1466     -1.8626     -0.9426
0.828     -1.4056     -0.1515     -1.8811     -0.9541
0.829     -1.4206     -0.1565     -1.8997     -0.9656
0.830     -1.4358     -0.1615     -1.9176     -0.9773
0.831     -1.4511     -0.1666     -1.9359     -0.9892
0.832     -1.4666     -0.1718     -1.9554     -1.0012
0.833     -1.4823     -0.1770     -1.9750     -1.0133
0.834     -1.4982     -0.1823     -1.9950     -1.0256
0.835     -1.5143     -0.1876     -2.0149     -1.0380
0.836     -1.5306     -0.1930     -2.0340     -1.0506
0.837     -1.5470     -0.1985     -2.0533     -1.0634
0.838     -1.5637     -0.2041     -2.0729     -1.0764
0.839     -1.5806     -0.2097     -2.0934     -1.0895
0.840     -1.5977     -0.2153     -2.1143     -1.1028
0.841     -1.6150     -0.2211     -2.1353     -1.1168
0.842     -1.6326     -0.2269     -2.1567     -1.1311
0.843     -1.6503     -0.2328     -2.1783     -1.1455
0.844     -1.6683     -0.2388     -2.2002     -1.1602
0.845     -1.6865     -0.2449     -2.2224     -1.1750
0.846     -1.7050     -0.2510     -2.2449     -1.1900
0.847     -1.7237     -0.2572     -2.2679     -1.2052
0.848     -1.7426     -0.2635     -2.2911     -1.2206
0.849     -1.7618     -0.2699     -2.3146     -1.2362
0.850     -1.7813     -0.2763     -2.3388     -1.2520
0.851     -1.8010     -0.2829     -2.3633     -1.2680
0.852     -1.8210     -0.2895     -2.3882     -1.2843
0.853     -1.8412     -0.2963     -2.4134     -1.3001
0.854     -1.8617     -0.3031     -2.4389     -1.3159
0.855     -1.8825     -0.3100     -2.4648     -1.3318
0.856     -1.9036     -0.3170     -2.4911     -1.3480
0.857     -1.9250     -0.3241     -2.5177     -1.3644
0.858     -1.9467     -0.3313     -2.5447     -1.3811
0.859     -1.9687     -0.3386     -2.5721     -1.3980
0.860     -1.9910     -0.3460     -2.5998     -1.4158
0.861     -2.0137     -0.3536     -2.6280     -1.4339
0.862     -2.0366     -0.3612     -2.6566     -1.4522
0.863     -2.0599     -0.3689     -2.6856     -1.4708
0.864     -2.0836     -0.3768     -2.7150     -1.4897
0.865     -2.1076     -0.3848     -2.7448     -1.5089
0.866     -2.1319     -0.3929     -2.7751     -1.5283
0.867     -2.1566     -0.4011     -2.8059     -1.5481
0.868     -2.1817     -0.4094     -2.8371     -1.5681
0.869     -2.2072     -0.4179     -2.8688     -1.5884
0.870     -2.2331     -0.4265     -2.9010     -1.6091
0.871     -2.2594     -0.4352     -2.9337     -1.6301
0.872     -2.2860     -0.4441     -2.9669     -1.6514
0.873     -2.3131     -0.4531     -3.0006     -1.6730
0.874     -2.3407     -0.4622     -3.0349     -1.6950
0.875     -2.3686     -0.4715     -3.0697     -1.7174
0.876     -2.3970     -0.4809     -3.1047     -1.7400
0.877     -2.4259     -0.4905     -3.1396     -1.7631
0.878     -2.4553     -0.5003     -3.1751     -1.7866
0.879     -2.4851     -0.5102     -3.2112     -1.8104
0.880     -2.5155     -0.5203     -3.2479     -1.8346
0.881     -2.5463     -0.5305     -3.2852     -1.8592
0.882     -2.5777     -0.5410     -3.3235     -1.8843
0.883     -2.6096     -0.5516     -3.3634     -1.9098
0.884     -2.6421     -0.5624     -3.4040     -1.9357
0.885     -2.6751     -0.5733     -3.4453     -1.9621
0.886     -2.7087     -0.5845     -3.4872     -1.9889
0.887     -2.7429     -0.5959     -3.5300     -2.0162
0.888     -2.7777     -0.6074     -3.5735     -2.0440
0.889     -2.8131     -0.6192     -3.6178     -2.0723
0.890     -2.8492     -0.6312     -3.6629     -2.1011
0.891     -2.8859     -0.6434     -3.7078     -2.1305
0.892     -2.9234     -0.6558     -3.7533     -2.1603
0.893     -2.9615     -0.6685     -3.7997     -2.1908
0.894     -3.0003     -0.6814     -3.8470     -2.2224
0.895     -3.0399     -0.6945     -3.8951     -2.2546
0.896     -3.0802     -0.7080     -3.9442     -2.2875
0.897     -3.1214     -0.7216     -3.9942     -2.3210
0.898     -3.1633     -0.7355     -4.0452     -2.3551
0.899     -3.2061     -0.7498     -4.0972     -2.3899
0.900     -3.2497     -0.7642     -4.1503     -2.4254
0.901     -3.2942     -0.7790     -4.2044     -2.4616
0.902     -3.3396     -0.7941     -4.2594     -2.4986
0.903     -3.3859     -0.8095     -4.3150     -2.5363
0.904     -3.4332     -0.8252     -4.3717     -2.5749
0.905     -3.4815     -0.8413     -4.4296     -2.6142
0.906     -3.5309     -0.8577     -4.4887     -2.6543
0.907     -3.5813     -0.8744     -4.5491     -2.6954
0.908     -3.6327     -0.8915     -4.6109     -2.7373
0.909     -3.6854     -0.9090     -4.6739     -2.7801
0.910     -3.7391     -0.9269     -4.7388     -2.8229
0.911     -3.7941     -0.9452     -4.8062     -2.8657
0.912     -3.8504     -0.9638     -4.8751     -2.9089
0.913     -3.9079     -0.9830     -4.9457     -2.9531
0.914     -3.9668     -1.0025     -5.0179     -2.9984
0.915     -4.0271     -1.0226     -5.0914     -3.0447
0.916     -4.0888     -1.0431     -5.1657     -3.0941
0.917     -4.1520     -1.0640     -5.2418     -3.1453
0.918     -4.2167     -1.0856     -5.3223     -3.1976
0.919     -4.2830     -1.1076     -5.4048     -3.2513
0.920     -4.3510     -1.1302     -5.4889     -3.3063
0.921     -4.4207     -1.1533     -5.5743     -3.3627
0.922     -4.4922     -1.1771     -5.6618     -3.4196
0.923     -4.5655     -1.2015     -5.7510     -3.4777
0.924     -4.6408     -1.2265     -5.8425     -3.5374
0.925     -4.7181     -1.2522     -5.9366     -3.5986
0.926     -4.7975     -1.2785     -6.0331     -3.6615
0.927     -4.8790     -1.3056     -6.1323     -3.7261
0.928     -4.9628     -1.3335     -6.2343     -3.7925
0.929     -5.0490     -1.3621     -6.3400     -3.8608
0.930     -5.1376     -1.3916     -6.4487     -3.9311
0.931     -5.2288     -1.4219     -6.5606     -4.0033
0.932     -5.3227     -1.4531     -6.6757     -4.0777
0.933     -5.4194     -1.4852     -6.7943     -4.1543
0.934     -5.5190     -1.5183     -6.9165     -4.2333
0.935     -5.6217     -1.5524     -7.0425     -4.3152
0.936     -5.7276     -1.5876     -7.1724     -4.3998
0.937     -5.8369     -1.6239     -7.3064     -4.4868
0.938     -5.9497     -1.6614     -7.4447     -4.5761
0.939     -6.0661     -1.7001     -7.5876     -4.6684
0.940     -6.1865     -1.7401     -7.7358     -4.7637
0.941     -6.3109     -1.7814     -7.8916     -4.8623
0.942     -6.4397     -1.8242     -8.0495     -4.9643
0.943     -6.5729     -1.8685     -8.2129     -5.0698
0.944     -6.7109     -1.9143     -8.3821     -5.1791
0.945     -6.8540     -1.9618     -8.5574     -5.2924
0.946     -7.0023     -2.0111     -8.7393     -5.4099
0.947     -7.1562     -2.0623     -8.9280     -5.5318
0.948     -7.3160     -2.1154     -9.1239     -5.6584
0.949     -7.4822     -2.1706     -9.3276     -5.7900
0.950     -7.6549     -2.2280     -9.5394     -5.9268
0.951     -7.8347     -2.2877     -9.7598     -6.0692
0.952     -8.0220     -2.3500     -9.9894     -6.2177
0.953     -8.2173     -2.4148    -10.2288     -6.3744
0.954     -8.4210     -2.4825    -10.4786     -6.5379
0.955     -8.6338     -2.5533    -10.7395     -6.7086
0.956     -8.8563     -2.6272    -11.0119     -6.8871
0.957     -9.0892     -2.7045    -11.2977     -7.0739
0.958     -9.3331     -2.7856    -11.5968     -7.2696
0.959     -9.5889     -2.8706    -11.9104     -7.4723
0.960     -9.8575     -2.9598    -12.2397     -7.6848
0.961    -10.1399     -3.0537    -12.5859     -7.9081
0.962    -10.4372     -3.1524    -12.9503     -8.1432
0.963    -10.7505     -3.2566    -13.3344     -8.3910
0.964    -11.0812     -3.3664    -13.7399     -8.6526
0.965    -11.4308     -3.4826    -14.1685     -8.9291
0.966    -11.8010     -3.6056    -14.6223     -9.2219
0.967    -12.1937     -3.7361    -15.1037     -9.5324
0.968    -12.6108     -3.8747    -15.6151     -9.8624
0.969    -13.0549     -4.0222    -16.1598    -10.2136
0.970    -13.5285     -4.1796    -16.7408    -10.5925
0.971    -14.0349     -4.3479    -17.3619    -10.9982
0.972    -14.5774     -4.5281    -18.0273    -11.4328
0.973    -15.1601     -4.7218    -18.7434    -11.8976
0.974    -15.7877     -4.9303    -19.5163    -12.3952
0.975    -16.4654     -5.1554    -20.3509    -12.9327
0.976    -17.1996     -5.3994    -21.2540    -13.5150
0.977    -17.9977     -5.6646    -22.2282    -14.1478
0.978    -18.8683     -5.9539    -23.2908    -14.8382
0.979    -19.8217     -6.2707    -24.4599    -15.5944
0.980    -20.8706     -6.6192    -25.7464    -16.4262
0.981    -22.0299     -7.0044    -27.1684    -17.3455
0.982    -23.3180     -7.4324    -28.7483    -18.3671
0.983    -24.7577     -7.9107    -30.5141    -19.5087
0.984    -26.3772     -8.4488    -32.5006    -20.7931
0.985    -28.2128     -9.0588    -34.7522    -22.2489
0.986    -30.3105     -9.7558    -37.3250    -23.9123
0.987    -32.7310    -10.5600    -40.2940    -25.8319
0.988    -35.5547    -11.4983    -43.7575    -28.0695
0.989    -38.8921    -12.6072    -47.8511    -30.7180
0.990    -42.8969    -13.9380    -52.7635    -33.8939
0.991    -47.7917    -15.5643    -58.7669    -37.7759
0.992    -53.9103    -17.5972    -66.2789    -42.6280
0.993    -61.7765    -20.2110    -75.9420    -48.8660
0.994    -72.2654    -23.6962    -88.8272    -57.1838
0.995    -86.9500    -28.5756   -106.8675    -68.8288
0.996   -108.9770    -35.8942   -133.9270    -86.2977
0.997   -145.6863    -48.0919   -179.0235   -115.4076
0.998   -219.1096    -72.4891   -269.2245   -173.6368
0.999   -439.3884   -145.6868   -539.8157   -348.3198
