0.001   -456.2473   -616.7363   -539.2224   -374.1459
0.002   -227.5341   -307.6497   -268.9999   -186.5297
0.003   -151.2963   -204.6208   -178.9259   -123.9909
0.004   -113.1774   -153.1064   -133.8887    -92.7215
0.005    -90.3061   -122.1977   -106.8665    -73.9599
0.006    -75.0585   -101.5919    -88.8516    -61.4521
0.007    -64.1674    -86.8736    -75.9839    -52.5180
0.008    -55.9991    -75.8347    -66.3326    -45.8174
0.009    -49.6459    -67.2490    -58.8245    -40.6083
0.010    -44.5634    -60.3804    -52.8179    -36.4425
0.011    -40.4050    -54.7607    -47.9035    -33.0329
0.012    -36.9396    -50.0775    -43.8070    -30.1885
0.013    -34.0074    -46.1149    -40.3362    -27.7817
0.014    -31.4940    -42.7183    -37.3613    -25.7205
0.015    -29.3158    -39.7746    -34.7830    -23.9345
0.016    -27.4099    -37.1989    -32.5270    -22.3718
0.017    -25.7282    -34.9262    -30.5364    -20.9929
0.018    -24.2333    -32.9061    -28.7670    -19.7672
0.019    -22.8958    -31.0985    -27.1839    -18.6705
0.020    -21.6920    -29.4717    -25.7590    -17.6835
0.021    -20.6029    -27.9999    -24.4699    -16.7883
0.022    -19.6128    -26.6619    -23.3021    -15.9729
0.023    -18.7088    -25.4402    -22.2362    -15.2284
0.024    -17.8802    -24.3203    -21.2591    -14.5480
0.025    -17.1178    -23.2900    -20.3602    -13.9226
0.026    -16.4141    -22.3390    -19.5304    -13.3453
0.027    -15.7624    -21.4584    -18.7621    -12.8108
0.028    -15.1574    -20.6407    -18.0486    -12.3145
0.029    -14.5941    -19.8794    -17.3844    -11.8524
0.030    -14.0683    -19.1689    -16.7644    -11.4211
0.031    -13.5764    -18.5042    -16.1845    -11.0176
0.032    -13.1153    -17.8810    -15.6408    -10.6393
0.033    -12.6821    -17.2956    -15.1300    -10.2840
0.034    -12.2744    -16.7446    -14.6493     -9.9497
0.035    -11.8901    -16.2252    -14.1960     -9.6352
0.036    -11.5270    -15.7346    -13.7680     -9.3382
0.037    -11.1836    -15.2705    -13.3631     -9.0573
0.038    -10.8583    -14.8308    -12.9769     -8.7911
0.039    -10.5496    -14.4137    -12.6102     -8.5386
0.040    -10.2564    -14.0174    -12.2619     -8.2987
0.041     -9.9775    -13.6405    -11.9306     -8.0705
0.042     -9.7118    -13.2815    -11.6150     -7.8532
0.043     -9.4585    -12.9392    -11.3141     -7.6460
0.044     -9.2168    -12.6125    -11.0269     -7.4482
0.045     -8.9858    -12.3003    -10.7525     -7.2592
0.046     -8.7648    -12.0016    -10.4918     -7.0784
0.047     -8.5532    -11.7157    -10.2430     -6.9053
0.048     -8.3504    -11.4417    -10.0046     -6.7395
0.049     -8.1560    -11.1789     -9.7759     -6.5804
0.050     -7.9693    -10.9266     -9.5564     -6.4276
0.051     -7.7899    -10.6841     -9.3454     -6.2809
0.052     -7.6174    -10.4510     -9.1426     -6.1398
0.053     -7.4514    -10.2267     -8.9475     -6.0038
0.054     -7.2916    -10.0107     -8.7595     -5.8720
0.055     -7.1376     -9.8026     -8.5784     -5.7450
0.056     -6.9891     -9.6019     -8.4038     -5.6225
0.057     -6.8457     -9.4082     -8.2353     -5.5044
0.058     -6.7074     -9.2212     -8.0726     -5.3903
0.059     -6.5737     -9.0406     -7.9154     -5.2801
0.060     -6.4445     -8.8660     -7.7634     -5.1735
0.061     -6.3195     -8.6971     -7.6165     -5.0705
0.062     -6.1986     -8.5336     -7.4743     -4.9707
0.063     -6.0815     -8.3754     -7.3366     -4.8742
0.064     -5.9680     -8.2220     -7.2031     -4.7806
0.065     -5.8581     -8.0734     -7.0739     -4.6900
0.066     -5.7514     -7.9293     -6.9485     -4.6020
0.067     -5.6480     -7.7896     -6.8268     -4.5168
0.068     -5.5476     -7.6539     -6.7086     -4.4343
0.069     -5.4501     -7.5221     -6.5926     -4.3549
0.070     -5.3554     -7.3941     -6.4799     -4.2778
0.071     -5.2633     -7.2698     -6.3704     -4.2028
0.072     -5.1739     -7.1488     -6.2639     -4.1299
0.073     -5.0868     -7.0312     -6.1603     -4.0590
0.074     -5.0022     -6.9168     -6.0595     -3.9901
0.075     -4.9197     -6.8054     -5.9615     -3.9229
0.076     -4.8395     -6.6969     -5.8660     -3.8576
0.077     -4.7613     -6.5913     -5.7729     -3.7939
0.078     -4.6852     -6.4884     -5.6823     -3.7319
0.079     -4.6109     -6.3881     -5.5940     -3.6714
0.080     -4.5386     -6.2903     -5.5078     -3.6125
0.081     -4.4680     -6.1949     -5.4238     -3.5550
0.082     -4.3991     -6.1018     -5.3419     -3.4989
0.083     -4.3319     -6.0110     -5.2619     -3.4440
0.084     -4.2663     -5.9223     -5.1838     -3.3897
0.085     -4.2022     -5.8357     -5.1076     -3.3367
0.086     -4.1396     -5.7511     -5.0331     -3.2849
0.087     -4.0785     -5.6685     -4.9604     -3.2343
0.088     -4.0188     -5.5878     -4.8897     -3.1849
0.089     -3.9603     -5.5089     -4.8212     -3.1366
0.090     -3.9032     -5.4317     -4.7542     -3.0894
0.091     -3.8474     -5.3562     -4.6887     -3.0432
0.092     -3.7927     -5.2824     -4.6240     -2.9980
0.093     -3.7393     -5.2101     -4.5605     -2.9537
0.094     -3.6870     -5.1394     -4.4983     -2.9105
0.095     -3.6357     -5.0702     -4.4375     -2.8681
0.096     -3.5856     -5.0024     -4.3779     -2.8266
0.097     -3.5365     -4.9360     -4.3195     -2.7860
0.098     -3.4883     -4.8710     -4.2624     -2.7461
0.099     -3.4412     -4.8073     -4.2064     -2.7071
0.100     -3.3950     -4.7448     -4.1515     -2.6689
0.101     -3.3497     -4.6836     -4.0977     -2.6315
0.102     -3.3053     -4.6236     -4.0449     -2.5947
0.103     -3.2618     -4.5648     -3.9932     -2.5587
0.104     -3.2191     -4.5071     -3.9424     -2.5234
0.105     -3.1772     -4.4505     -3.8927     -2.4887
0.106     -3.1361     -4.3949     -3.8439     -2.4547
0.107     -3.0957     -4.3404     -3.7959     -2.4214
0.108     -3.0561     -4.2869     -3.7489     -2.3886
0.109     -3.0173     -4.2344     -3.7028     -2.3565
0.110     -2.9791     -4.1828     -3.6574     -2.3249
0.111     -2.9417     -4.1322     -3.6129     -2.2939
0.112     -2.9049     -4.0825     -3.5692     -2.2636
0.113     -2.8687     -4.0336     -3.5263     -2.2340
0.114     -2.8332     -3.9857     -3.4841     -2.2048
0.115     -2.7983     -3.9385     -3.4426     -2.1762
0.116     -2.7641     -3.8922     -3.4019     -2.1481
0.117     -2.7303     -3.8466     -3.3619     -2.1204
0.118     -2.6972     -3.8018     -3.3225     -2.0933
0.119     -2.6646     -3.7578     -3.2838     -2.0665
0.120     -2.6326     -3.7145     -3.2457     -2.0403
0.121     -2.6011     -3.6720     -3.2083     -2.0144
0.122     -2.5701     -3.6301     -3.1715     -1.9890
0.123     -2.5396     -3.5889     -3.1353     -1.9640
0.124     -2.5096     -3.5484     -3.0997     -1.9394
0.125     -2.4801     -3.5085     -3.0646     -1.9152
0.126     -2.4511     -3.4692     -3.0301     -1.8914
0.127     -2.4225     -3.4306     -2.9961     -1.8679
0.128     -2.3944     -3.3926     -2.9627     -1.8448
0.129     -2.3667     -3.3551     -2.9298     -1.8221
0.130     -2.3394     -3.3183     -2.8974     -1.7997
0.131     -2.3125     -3.2820     -2.8655     -1.7777
0.132     -2.2861     -3.2462     -2.8339     -1.7560
0.133     -2.2600     -3.2110     -2.8027     -1.7346
0.134     -2.2344     -3.1763     -2.7721     -1.7136
0.135     -2.2091     -3.1421     -2.7418     -1.6928
0.136     -2.1842     -3.1085     -2.7120     -1.6724
0.137     -2.1596     -3.0753     -2.6827     -1.6522
0.138     -2.1354     -3.0426     -2.6538     -1.6324
0.139     -2.1116     -3.0104     -2.6253     -1.6128
0.140     -2.0881     -2.9786     -2.5972     -1.5936
0.141     -2.0649     -2.9473     -2.5694     -1.5745
0.142     -2.0420     -2.9164     -2.5421     -1.5558
0.143     -2.0195     -2.8860     -2.5152     -1.5377
0.144     -1.9973     -2.8560     -2.4886     -1.5198
0.145     -1.9754     -2.8264     -2.4625     -1.5022
0.146     -1.9538     -2.7972     -2.4366     -1.4848
0.147     -1.9325     -2.7683     -2.4111     -1.4677
0.148     -1.9114     -2.7399     -2.3860     -1.4508
0.149     -1.8907     -2.7119     -2.3612     -1.4339
0.150     -1.8702     -2.6842     -2.3367     -1.4170
0.151     -1.8500     -2.6570     -2.3126     -1.4002
0.152     -1.8301     -2.6300     -2.2888     -1.3838
0.153     -1.8104     -2.6034     -2.2652     -1.3675
0.154     -1.7910     -2.5772     -2.2420     -1.3514
0.155     -1.7719     -2.5513     -2.2191     -1.3356
0.156     -1.7529     -2.5257     -2.1964     -1.3199
0.157     -1.7343     -2.5005     -2.1739     -1.3045
0.158     -1.7158     -2.4756     -2.1518     -1.2892
0.159     -1.6976     -2.4510     -2.1299     -1.2741
0.160     -1.6796     -2.4267     -2.1083     -1.2593
0.161     -1.6619     -2.4027     -2.0869     -1.2446
0.162     -1.6443     -2.3790     -2.0658     -1.2301
0.163     -1.6270     -2.3556     -2.0450     -1.2157
0.164     -1.6099     -2.3324     -2.0245     -1.2016
0.165     -1.5930     -2.3096     -2.0041     -1.1876
0.166     -1.5763     -2.2870     -1.9841     -1.1738
0.167     -1.5598     -2.2647     -1.9642     -1.1602
0.168     -1.5435     -2.2427     -1.9446     -1.1468
0.169     -1.5274     -2.2209     -1.9253     -1.1336
0.170     -1.5115     -2.1994     -1.9061     -1.1206
0.171     -1.4957     -2.1781     -1.8875     -1.1077
0.172     -1.4802     -2.1571     -1.8696     -1.0949
0.173     -1.4648     -2.1363     -1.8518     -1.0823
0.174     -1.4496     -2.1158     -1.8338     -1.0698
0.175     -1.4346     -2.0955     -1.8159     -1.0575
0.176     -1.4197     -2.0754     -1.7981     -1.0453
0.177     -1.4051     -2.0556     -1.7809     -1.0329
0.178     -1.3905     -2.0360     -1.7639     -1.0203
0.179     -1.3762     -2.0166     -1.7472     -1.0082
0.180     -1.3620     -1.9974     -1.7306     -0.9968
0.181     -1.3479     -1.9784     -1.7142     -0.9853
0.182     -1.3341     -1.9596     -1.6980     -0.9733
0.183     -1.3203     -1.9411     -1.6819     -0.9621
0.184     -1.3067     -1.9227     -1.6661     -0.9515
0.185     -1.2933     -1.9046     -1.6504     -0.9410
0.186     -1.2800     -1.8866     -1.6348     -0.9306
0.187     -1.2669     -1.8688     -1.6195     -0.9196
0.188     -1.2538     -1.8512     -1.6043     -0.9088
0.189     -1.2410     -1.8338     -1.5892     -0.8980
0.190     -1.2282     -1.8166     -1.5744     -0.8874
0.191     -1.2156     -1.7996     -1.5596     -0.8769
0.192     -1.2032     -1.7827     -1.5451     -0.8665
0.193     -1.1908     -1.7661     -1.5307     -0.8562
0.194     -1.1786     -1.7495     -1.5164     -0.8460
0.195     -1.1665     -1.7332     -1.5023     -0.8359
0.196     -1.1545     -1.7170     -1.4883     -0.8259
0.197     -1.1427     -1.7010     -1.4745     -0.8160
0.198     -1.1310     -1.6852     -1.4608     -0.8062
0.199     -1.1193     -1.6695     -1.4472     -0.7966
0.200     -1.1079     -1.6540     -1.4338     -0.7870
0.201     -1.0965     -1.6386     -1.4205     -0.7775
0.202     -1.0852     -1.6234     -1.4073     -0.7681
0.203     -1.0741     -1.6083     -1.3941     -0.7588
0.204     -1.0630     -1.5933     -1.3810     -0.7496
0.205     -1.0521     -1.5786     -1.3680     -0.7404
0.206     -1.0412     -1.5639     -1.3551     -0.7314
0.207     -1.0305     -1.5494     -1.3424     -0.7224
0.208     -1.0199     -1.5351     -1.3301     -0.7136
0.209     -1.0094     -1.5209     -1.3180     -0.7048
0.210     -0.9989     -1.5068     -1.3060     -0.6961
0.211     -0.9886     -1.4928     -1.2937     -0.6875
0.212     -0.9784     -1.4790     -1.2818     -0.6791
0.213     -0.9683     -1.4653     -1.2700     -0.6711
0.214     -0.9582     -1.4517     -1.2584     -0.6632
0.215     -0.9483     -1.4383     -1.2468     -0.6554
0.216     -0.9384     -1.4250     -1.2354     -0.6473
0.217     -0.9287     -1.4118     -1.2240     -0.6389
0.218     -0.9190     -1.3987     -1.2128     -0.6306
0.219     -0.9094     -1.3858     -1.2017     -0.6224
0.220     -0.8999     -1.3730     -1.1906     -0.6142
0.221     -0.8905     -1.3603     -1.1797     -0.6064
0.222     -0.8812     -1.3477     -1.1689     -0.5987
0.223     -0.8720     -1.3352     -1.1581     -0.5910
0.224     -0.8628     -1.3228     -1.1475     -0.5835
0.225     -0.8537     -1.3105     -1.1370     -0.5759
0.226     -0.8447     -1.2984     -1.1265     -0.5685
0.227     -0.8358     -1.2863     -1.1161     -0.5611
0.228     -0.8270     -1.2744     -1.1057     -0.5537
0.229     -0.8182     -1.2625     -1.0955     -0.5462
0.230     -0.8095     -1.2508     -1.0854     -0.5389
0.231     -0.8009     -1.2392     -1.0753     -0.5316
0.232     -0.7924     -1.2276     -1.0653     -0.5243
0.233     -0.7839     -1.2162     -1.0555     -0.5171
0.234     -0.7755     -1.2049     -1.0457     -0.5101
0.235     -0.7672     -1.1936     -1.0359     -0.5034
0.236     -0.7590     -1.1825     -1.0263     -0.4968
0.237     -0.7508     -1.1714     -1.0168     -0.4902
0.238     -0.7427     -1.1605     -1.0073     -0.4837
0.239     -0.7346     -1.1496     -0.9980     -0.4773
0.240     -0.7267     -1.1388     -0.9887     -0.4708
0.241     -0.7188     -1.1281     -0.9795     -0.4643
0.242     -0.7109     -1.1175     -0.9702     -0.4578
0.243     -0.7031     -1.1070     -0.9611     -0.4513
0.244     -0.6954     -1.0966     -0.9521     -0.4450
0.245     -0.6878     -1.0862     -0.9432     -0.4386
0.246     -0.6802     -1.0760     -0.9343     -0.4324
0.247     -0.6726     -1.0658     -0.9255     -0.4261
0.248     -0.6652     -1.0557     -0.9167     -0.4199
0.249     -0.6578     -1.0457     -0.9081     -0.4138
0.250     -0.6504     -1.0358     -0.8995     -0.4077
0.251     -0.6431     -1.0259     -0.8910     -0.4018
0.252     -0.6359     -1.0162     -0.8825     -0.3960
0.253     -0.6287     -1.0065     -0.8740     -0.3903
0.254     -0.6216     -0.9968     -0.8655     -0.3846
0.255     -0.6145     -0.9873     -0.8571     -0.3789
0.256     -0.6075     -0.9778     -0.8487     -0.3733
0.257     -0.6006     -0.9684     -0.8404     -0.3678
0.258     -0.5937     -0.9591     -0.8322     -0.3623
0.259     -0.5868     -0.9499     -0.8240     -0.3568
0.260     -0.5801     -0.9407     -0.8159     -0.3513
0.261     -0.5733     -0.9316     -0.8079     -0.3456
0.262     -0.5666     -0.9225     -0.7999     -0.3399
0.263     -0.5600     -0.9136     -0.7920     -0.3342
0.264     -0.5534     -0.9047     -0.7841     -0.3286
0.265     -0.5469     -0.8958     -0.7763     -0.3233
0.266     -0.5404     -0.8870     -0.7686     -0.3180
0.267     -0.5339     -0.8783     -0.7612     -0.3128
0.268     -0.5275     -0.8697     -0.7540     -0.3076
0.269     -0.5212     -0.8611     -0.7470     -0.3024
0.270     -0.5149     -0.8526     -0.7399     -0.2973
0.271     -0.5086     -0.8442     -0.7330     -0.2922
0.272     -0.5024     -0.8358     -0.7256     -0.2872
0.273     -0.4963     -0.8275     -0.7182     -0.2824
0.274     -0.4902     -0.8192     -0.7109     -0.2776
0.275     -0.4841     -0.8110     -0.7037     -0.2728
0.276     -0.4781     -0.8028     -0.6968     -0.2681
0.277     -0.4721     -0.7948     -0.6897     -0.2634
0.278     -0.4661     -0.7867     -0.6826     -0.2588
0.279     -0.4602     -0.7788     -0.6756     -0.2541
0.280     -0.4544     -0.7708     -0.6686     -0.2491
0.281     -0.4486     -0.7630     -0.6616     -0.2440
0.282     -0.4428     -0.7552     -0.6547     -0.2393
0.283     -0.4371     -0.7474     -0.6479     -0.2347
0.284     -0.4314     -0.7398     -0.6411     -0.2301
0.285     -0.4257     -0.7321     -0.6343     -0.2256
0.286     -0.4201     -0.7245     -0.6276     -0.2211
0.287     -0.4145     -0.7170     -0.6210     -0.2166
0.288     -0.4090     -0.7095     -0.6144     -0.2122
0.289     -0.4035     -0.7021     -0.6080     -0.2078
0.290     -0.3981     -0.6947     -0.6017     -0.2034
0.291     -0.3926     -0.6874     -0.5954     -0.1991
0.292     -0.3872     -0.6801     -0.5892     -0.1948
0.293     -0.3819     -0.6729     -0.5830     -0.1905
0.294     -0.3766     -0.6657     -0.5767     -0.1863
0.295     -0.3713     -0.6586     -0.5702     -0.1820
0.296     -0.3661     -0.6515     -0.5639     -0.1771
0.297     -0.3609     -0.6445     -0.5579     -0.1723
0.298     -0.3557     -0.6375     -0.5515     -0.1680
0.299     -0.3506     -0.6306     -0.5451     -0.1638
0.300     -0.3455     -0.6237     -0.5387     -0.1596
0.301     -0.3404     -0.6168     -0.5324     -0.1552
0.302     -0.3354     -0.6100     -0.5263     -0.1507
0.303     -0.3304     -0.6033     -0.5204     -0.1462
0.304     -0.3254     -0.5966     -0.5144     -0.1418
0.305     -0.3205     -0.5899     -0.5085     -0.1374
0.306     -0.3156     -0.5833     -0.5027     -0.1330
0.307     -0.3107     -0.5767     -0.4969     -0.1287
0.308     -0.3059     -0.5701     -0.4911     -0.1248
0.309     -0.3011     -0.5636     -0.4853     -0.1210
0.310     -0.2963     -0.5572     -0.4796     -0.1172
0.311     -0.2915     -0.5508     -0.4740     -0.1134
0.312     -0.2868     -0.5444     -0.4683     -0.1096
0.313     -0.2821     -0.5381     -0.4628     -0.1059
0.314     -0.2775     -0.5318     -0.4573     -0.1022
0.315     -0.2729     -0.5255     -0.4517     -0.0985
0.316     -0.2683     -0.5193     -0.4461     -0.0948
0.317     -0.2637     -0.5132     -0.4407     -0.0912
0.318     -0.2592     -0.5070     -0.4353     -0.0876
0.319     -0.2547     -0.5009     -0.4299     -0.0839
0.320     -0.2502     -0.4949     -0.4245     -0.0800
0.321     -0.2457     -0.4889     -0.4192     -0.0761
0.322     -0.2413     -0.4829     -0.4139     -0.0725
0.323     -0.2369     -0.4769     -0.4086     -0.0689
0.324     -0.2325     -0.4710     -0.4034     -0.0654
0.325     -0.2282     -0.4652     -0.3982     -0.0619
0.326     -0.2239     -0.4593     -0.3933     -0.0586
0.327     -0.2196     -0.4535     -0.3886     -0.0553
0.328     -0.2153     -0.4478     -0.3839     -0.0520
0.329     -0.2111     -0.4420     -0.3793     -0.0488
0.330     -0.2069     -0.4363     -0.3746     -0.0453
0.331     -0.2027     -0.4307     -0.3700     -0.0417
0.332     -0.1985     -0.4251     -0.3650     -0.0383
0.333     -0.1944     -0.4195     -0.3600     -0.0352
0.334     -0.1903     -0.4139     -0.3551     -0.0320
0.335     -0.1862     -0.4084     -0.3501     -0.0289
0.336     -0.1821     -0.4029     -0.3452     -0.0257
0.337     -0.1781     -0.3974     -0.3404     -0.0223
0.338     -0.1741     -0.3920     -0.3357     -0.0188
0.339     -0.1701     -0.3866     -0.3311     -0.0154
0.340     -0.1661     -0.3812     -0.3266     -0.0120
0.341     -0.1621     -0.3759     -0.3221     -0.0086
0.342     -0.1582     -0.3706     -0.3177     -0.0053
0.343     -0.1543     -0.3653     -0.3132     -0.0021
0.344     -0.1504     -0.3601     -0.3088      0.0011
0.345     -0.1466     -0.3549     -0.3045      0.0045
0.346     -0.1428     -0.3497     -0.3001      0.0079
0.347     -0.1390     -0.3446     -0.2958      0.0112
0.348     -0.1352     -0.3394     -0.2914      0.0144
0.349     -0.1314     -0.3344     -0.2872      0.0176
0.350     -0.1277     -0.3293     -0.2829      0.0208
0.351     -0.1239     -0.3243     -0.2787      0.0240
0.352     -0.1202     -0.3193     -0.2745      0.0272
0.353     -0.1165     -0.3143     -0.2703      0.0303
0.354     -0.1129     -0.3093     -0.2661      0.0334
0.355     -0.1092     -0.3044     -0.2620      0.0365
0.356     -0.1056     -0.2995     -0.2578      0.0396
0.357     -0.1020     -0.2947     -0.2538      0.0427
0.358     -0.0984     -0.2898     -0.2497      0.0458
0.359     -0.0949     -0.2850     -0.2456      0.0488
0.360     -0.0913     -0.2802     -0.2416      0.0518
0.361     -0.0878     -0.2755     -0.2376      0.0549
0.362     -0.0843     -0.2707     -0.2336      0.0578
0.363     -0.0808     -0.2660     -0.2297      0.0608
0.364     -0.0774     -0.2614     -0.2257      0.0638
0.365     -0.0739     -0.2567     -0.2218      0.0667
0.366     -0.0705     -0.2521     -0.2179      0.0696
0.367     -0.0671     -0.2475     -0.2140      0.0725
0.368     -0.0637     -0.2429     -0.2102      0.0754
0.369     -0.0604     -0.2384     -0.2060      0.0783
0.370     -0.0570     -0.2338     -0.2018      0.0811
0.371     -0.0537     -0.2293     -0.1976      0.0838
0.372     -0.0504     -0.2248     -0.1935      0.0865
0.373     -0.0471     -0.2204     -0.1894      0.0892
0.374     -0.0438     -0.2160     -0.1855      0.0919
0.375     -0.0405     -0.2116     -0.1818      0.0947
0.376     -0.0373     -0.2072     -0.1781      0.0974
0.377     -0.0341     -0.2028     -0.1744      0.1001
0.378     -0.0308     -0.1985     -0.1707      0.1028
0.379     -0.0276     -0.1942     -0.1670      0.1055
0.380     -0.0245     -0.1899     -0.1634      0.1082
0.381     -0.0213     -0.1856     -0.1597      0.1108
0.382     -0.0182     -0.1813     -0.1561      0.1132
0.383     -0.0150     -0.1771     -0.1526      0.1156
0.384     -0.0119     -0.1729     -0.1490      0.1179
0.385     -0.0088     -0.1687     -0.1454      0.1203
0.386     -0.0058     -0.1646     -0.1419      0.1227
0.387     -0.0027     -0.1604     -0.1384      0.1252
0.388      0.0003     -0.1563     -0.1349      0.1279
0.389      0.0034     -0.1522     -0.1314      0.1306
0.390      0.0064     -0.1481     -0.1278      0.1332
0.391      0.0094     -0.1441     -0.1242      0.1359
0.392      0.0124     -0.1401     -0.1205      0.1386
0.393      0.0153     -0.1360     -0.1172      0.1412
0.394      0.0183     -0.1321     -0.1139      0.1438
0.395      0.0212     -0.1281     -0.1108      0.1462
0.396      0.0242     -0.1241     -0.1076      0.1485
0.397      0.0271     -0.1202     -0.1042      0.1508
0.398      0.0300     -0.1163     -0.1009      0.1531
0.399      0.0328     -0.1124     -0.0976      0.1557
0.400      0.0357     -0.1085     -0.0943      0.1584
0.401      0.0386     -0.1047     -0.0911      0.1610
0.402      0.0414     -0.1008     -0.0878      0.1636
0.403      0.0442     -0.0970     -0.0846      0.1660
0.404      0.0470     -0.0932     -0.0813      0.1683
0.405      0.0498     -0.0894     -0.0781      0.1707
0.406      0.0526     -0.0857     -0.0749      0.1730
0.407      0.0554     -0.0819     -0.0718      0.1752
0.408      0.0581     -0.0782     -0.0686      0.1777
0.409      0.0609     -0.0745     -0.0655      0.1800
0.410      0.0636     -0.0708     -0.0623      0.1824
0.411      0.0663     -0.0672     -0.0591      0.1848
0.412      0.0690     -0.0635     -0.0559      0.1873
0.413      0.0717     -0.0599     -0.0527      0.1897
0.414      0.0744     -0.0563     -0.0495      0.1919
0.415      0.0770     -0.0527     -0.0464      0.1940
0.416      0.0797     -0.0491     -0.0432      0.1961
0.417      0.0823     -0.0455     -0.0401      0.1981
0.418      0.0850     -0.0420     -0.0370      0.2002
0.419      0.0876     -0.0384     -0.0339      0.2024
0.420      0.0902     -0.0349     -0.0308      0.2046
0.421      0.0928     -0.0314     -0.0277      0.2068
0.422      0.0953     -0.0280     -0.0247      0.2089
0.423      0.0979     -0.0245     -0.0216      0.2111
0.424      0.1004     -0.0210     -0.0186      0.2132
0.425      0.1030     -0.0176     -0.0156      0.2154
0.426      0.1055     -0.0142     -0.0122      0.2175
0.427      0.1080     -0.0108     -0.0092      0.2197
0.428      0.1105     -0.0074     -0.0063      0.2218
0.429      0.1130     -0.0041     -0.0035      0.2239
0.430      0.1155     -0.0007     -0.0007      0.2260
0.431      0.1180      0.0026      0.0022      0.2280
0.432      0.1204      0.0060      0.0051      0.2301
0.433      0.1229      0.0093      0.0079      0.2321
0.434      0.1253      0.0125      0.0106      0.2342
0.435      0.1277      0.0158      0.0133      0.2362
0.436      0.1301      0.0191      0.0160      0.2383
0.437      0.1325      0.0223      0.0187      0.2404
0.438      0.1349      0.0256      0.0214      0.2425
0.439      0.1373      0.0288      0.0241      0.2445
0.440      0.1397      0.0320      0.0268      0.2464
0.441      0.1420      0.0352      0.0294      0.2484
0.442      0.1444      0.0383      0.0319      0.2503
0.443      0.1467      0.0415      0.0345      0.2522
0.444      0.1490      0.0446      0.0371      0.2541
0.445      0.1514      0.0478      0.0396      0.2561
0.446      0.1537      0.0509      0.0422      0.2580
0.447      0.1560      0.0540      0.0448      0.2599
0.448      0.1582      0.0571      0.0473      0.2619
0.449      0.1605      0.0601      0.0498      0.2640
0.450      0.1628      0.0632      0.0526      0.2659
0.451      0.1650      0.0662      0.0554      0.2678
0.452      0.1673      0.0693      0.0582      0.2698
0.453      0.1695      0.0723      0.0607      0.2717
0.454      0.1717      0.0753      0.0631      0.2737
0.455      0.1739      0.0783      0.0656      0.2756
0.456      0.1762      0.0813      0.0681      0.2776
0.457      0.1783      0.0842      0.0705      0.2795
0.458      0.1805      0.0872      0.0731      0.2813
0.459      0.1827      0.0901      0.0757      0.2831
0.460      0.1849      0.0931      0.0783      0.2849
0.461      0.1870      0.0960      0.0809      0.2866
0.462      0.1892      0.0989      0.0834      0.2884
0.463      0.1913      0.1018      0.0860      0.2901
0.464      0.1934      0.1046      0.0885      0.2919
0.465      0.1956      0.1075      0.0910      0.2936
0.466      0.1977      0.1104      0.0934      0.2953
0.467      0.1998      0.1132      0.0959      0.2970
0.468      0.2019      0.1160      0.0984      0.2987
0.469      0.2040      0.1188      0.1007      0.3006
0.470      0.2060      0.1216      0.1030      0.3024
0.471      0.2081      0.1244      0.1054      0.3043
0.472      0.2102      0.1272      0.1077      0.3061
0.473      0.2122      0.1300      0.1101      0.3079
0.474      0.2142      0.1327      0.1126      0.3096
0.475      0.2163      0.1355      0.1151      0.3114
0.476      0.2183      0.1382      0.1175      0.3132
0.477      0.2203      0.1410      0.1200      0.3151
0.478      0.2223      0.1437      0.1225      0.3169
0.479      0.2243      0.1464      0.1250      0.3187
0.480      0.2263      0.1491      0.1274      0.3203
0.481      0.2283      0.1517      0.1299      0.3219
0.482      0.2303      0.1544      0.1323      0.3237
0.483      0.2322      0.1570      0.1347      0.3255
0.484      0.2342      0.1597      0.1370      0.3273
0.485      0.2361      0.1623      0.1393      0.3291
0.486      0.2381      0.1649      0.1415      0.3309
0.487      0.2400      0.1676      0.1437      0.3326
0.488      0.2419      0.1702      0.1459      0.3343
0.489      0.2438      0.1728      0.1482      0.3360
0.490      0.2458      0.1753      0.1504      0.3377
0.491      0.2477      0.1779      0.1526      0.3394
0.492      0.2496      0.1805      0.1547      0.3409
0.493      0.2514      0.1830      0.1569      0.3425
0.494      0.2533      0.1855      0.1591      0.3442
0.495      0.2552      0.1881      0.1612      0.3459
0.496      0.2570      0.1906      0.1634      0.3475
0.497      0.2589      0.1931      0.1655      0.3492
0.498      0.2608      0.1956      0.1677      0.3508
0.499      0.2626      0.1981      0.1698      0.3525
0.500      0.2644      0.2006      0.1719      0.3541
0.501      0.2663      0.2030      0.1740      0.3557
0.502      0.2681      0.2055      0.1761      0.3573
0.503      0.2699      0.2079      0.1782      0.3590
0.504      0.2717      0.2104      0.1803      0.3606
0.505      0.2735      0.2128      0.1823      0.3622
0.506      0.2753      0.2152      0.1844      0.3638
0.507      0.2771      0.2176      0.1865      0.3654
0.508      0.2788      0.2200      0.1885      0.3669
0.509      0.2806      0.2224      0.1902      0.3685
0.510      0.2824      0.2248      0.1923      0.3702
0.511      0.2841      0.2272      0.1944      0.3716
0.512      0.2859      0.2295      0.1965      0.3731
0.513      0.2876      0.2319      0.1985      0.3745
0.514      0.2893      0.2342      0.2006      0.3759
0.515      0.2911      0.2366      0.2026      0.3773
0.516      0.2928      0.2389      0.2046      0.3787
0.517      0.2945      0.2412      0.2066      0.3801
0.518      0.2962      0.2435      0.2085      0.3815
0.519      0.2979      0.2458      0.2105      0.3829
0.520      0.2996      0.2481      0.2125      0.3842
0.521      0.3013      0.2504      0.2144      0.3858
0.522      0.3030      0.2527      0.2162      0.3874
0.523      0.3047      0.2549      0.2181      0.3890
0.524      0.3063      0.2572      0.2199      0.3906
0.525      0.3080      0.2594      0.2217      0.3922
0.526      0.3096      0.2617      0.2235      0.3938
0.527      0.3113      0.2639      0.2253      0.3954
0.528      0.3129      0.2661      0.2271      0.3970
0.529      0.3146      0.2683      0.2288      0.3986
0.530      0.3162      0.2705      0.2306      0.3998
0.531      0.3178      0.2727      0.2324      0.4011
0.532      0.3195      0.2749      0.2341      0.4023
0.533      0.3211      0.2771      0.2358      0.4036
0.534      0.3227      0.2793      0.2376      0.4048
0.535      0.3243      0.2814      0.2393      0.4060
0.536      0.3259      0.2836      0.2412      0.4072
0.537      0.3275      0.2858      0.2431      0.4084
0.538      0.3290      0.2879      0.2448      0.4096
0.539      0.3306      0.2900      0.2465      0.4108
0.540      0.3322      0.2921      0.2483      0.4120
0.541      0.3338      0.2943      0.2500      0.4132
0.542      0.3353      0.2964      0.2517      0.4147
0.543      0.3369      0.2985      0.2535      0.4163
0.544      0.3384      0.3006      0.2554      0.4178
0.545      0.3400      0.3026      0.2572      0.4193
0.546      0.3415      0.3047      0.2590      0.4208
0.547      0.3430      0.3068      0.2609      0.4223
0.548      0.3446      0.3089      0.2628      0.4238
0.549      0.3461      0.3109      0.2647      0.4253
0.550      0.3476      0.3130      0.2665      0.4268
0.551      0.3491      0.3150      0.2684      0.4281
0.552      0.3506      0.3170      0.2702      0.4294
0.553      0.3521      0.3191      0.2721      0.4307
0.554      0.3536      0.3211      0.2739      0.4320
0.555      0.3551      0.3231      0.2757      0.4332
0.556      0.3566      0.3251      0.2775      0.4345
0.557      0.3580      0.3271      0.2793      0.4358
0.558      0.3595      0.3291      0.2810      0.4370
0.559      0.3610      0.3311      0.2828      0.4383
0.560      0.3624      0.3330      0.2845      0.4395
0.561      0.3639      0.3350      0.2862      0.4408
0.562      0.3654      0.3370      0.2878      0.4420
0.563      0.3668      0.3389      0.2894      0.4432
0.564      0.3682      0.3409      0.2910      0.4445
0.565      0.3697      0.3428      0.2927      0.4458
0.566      0.3711      0.3447      0.2943      0.4470
0.567      0.3725      0.3467      0.2959      0.4482
0.568      0.3740      0.3486      0.2975      0.4494
0.569      0.3754      0.3505      0.2991      0.4505
0.570      0.3768      0.3524      0.3007      0.4518
0.571      0.3782      0.3543      0.3022      0.4530
0.572      0.3796      0.3562      0.3038      0.4541
0.573      0.3810      0.3581      0.3054      0.4553
0.574      0.3824      0.3600      0.3070      0.4565
0.575      0.3838      0.3618      0.3087      0.4577
0.576      0.3851      0.3637      0.3104      0.4589
0.577      0.3865      0.3656      0.3121      0.4602
0.578      0.3879      0.3674      0.3138      0.4614
0.579      0.3893      0.3693      0.3154      0.4627
0.580      0.3906      0.3711      0.3171      0.4640
0.581      0.3920      0.3729      0.3188      0.4652
0.582      0.3933      0.3748      0.3205      0.4665
0.583      0.3947      0.3766      0.3221      0.4680
0.584      0.3960      0.3784      0.3236      0.4692
0.585      0.3974      0.3802      0.3252      0.4702
0.586      0.3987      0.3820      0.3267      0.4714
0.587      0.4000      0.3838      0.3282      0.4727
0.588      0.4013      0.3856      0.3298      0.4739
0.589      0.4027      0.3874      0.3313      0.4751
0.590      0.4040      0.3892      0.3328      0.4763
0.591      0.4053      0.3909      0.3342      0.4775
0.592      0.4066      0.3927      0.3357      0.4787
0.593      0.4079      0.3945      0.3372      0.4799
0.594      0.4092      0.3962      0.3386      0.4811
0.595      0.4105      0.3980      0.3401      0.4823
0.596      0.4118      0.3997      0.3416      0.4835
0.597      0.4131      0.4014      0.3430      0.4848
0.598      0.4144      0.4032      0.3445      0.4861
0.599      0.4156      0.4049      0.3459      0.4874
0.600      0.4169      0.4066      0.3473      0.4886
0.601      0.4182      0.4083      0.3488      0.4898
0.602      0.4194      0.4100      0.3502      0.4909
0.603      0.4207      0.4117      0.3516      0.4920
0.604      0.4220      0.4134      0.3530      0.4932
0.605      0.4232      0.4151      0.3544      0.4943
0.606      0.4245      0.4168      0.3558      0.4955
0.607      0.4257      0.4185      0.3573      0.4966
0.608      0.4269      0.4202      0.3587      0.4977
0.609      0.4282      0.4218      0.3602      0.4988
0.610      0.4294      0.4235      0.3616      0.4998
0.611      0.4306      0.4252      0.3630      0.5009
0.612      0.4319      0.4268      0.3645      0.5021
0.613      0.4331      0.4285      0.3659      0.5032
0.614      0.4343      0.4301      0.3673      0.5043
0.615      0.4355      0.4318      0.3687      0.5054
0.616      0.4367      0.4334      0.3701      0.5066
0.617      0.4379      0.4350      0.3714      0.5077
0.618      0.4391      0.4366      0.3725      0.5088
0.619      0.4403      0.4382      0.3738      0.5098
0.620      0.4415      0.4399      0.3753      0.5110
0.621      0.4427      0.4415      0.3768      0.5121
0.622      0.4439      0.4431      0.3782      0.5132
0.623      0.4450      0.4447      0.3796      0.5143
0.624      0.4462      0.4462      0.3808      0.5154
0.625      0.4474      0.4478      0.3821      0.5164
0.626      0.4486      0.4494      0.3833      0.5175
0.627      0.4497      0.4510      0.3846      0.5186
0.628      0.4509      0.4526      0.3858      0.5197
0.629      0.4521      0.4541      0.3873      0.5207
0.630      0.4532      0.4557      0.3887      0.5218
0.631      0.4544      0.4572      0.3901      0.5229
0.632      0.4555      0.4588      0.3915      0.5239
0.633      0.4566      0.4603      0.3929      0.5250
0.634      0.4578      0.4619      0.3943      0.5260
0.635      0.4589      0.4634      0.3955      0.5270
0.636      0.4601      0.4649      0.3970      0.5280
0.637      0.4612      0.4665      0.3984      0.5290
0.638      0.4623      0.4680      0.3996      0.5300
0.639      0.4634      0.4695      0.4010      0.5308
0.640      0.4646      0.4710      0.4024      0.5318
0.641      0.4657      0.4725      0.4037      0.5328
0.642      0.4668      0.4740      0.4048      0.5339
0.643      0.4679      0.4755      0.4058      0.5349
0.644      0.4690      0.4770      0.4070      0.5359
0.645      0.4701      0.4785      0.4083      0.5369
0.646      0.4712      0.4800      0.4095      0.5379
0.647      0.4723      0.4815      0.4106      0.5388
0.648      0.4734      0.4829      0.4117      0.5398
0.649      0.4745      0.4844      0.4128      0.5408
0.650      0.4755      0.4859      0.4139      0.5418
0.651      0.4766      0.4873      0.4155      0.5422
0.652      0.4777      0.4888      0.4170      0.5431
0.653      0.4788      0.4902      0.4181      0.5442
0.654      0.4799      0.4917      0.4200      0.5447
0.655      0.4809      0.4931      0.4217      0.5447
0.656      0.4820      0.4946      0.4233      0.5454
0.657      0.4830      0.4960      0.4248      0.5451
0.658      0.4841      0.4974      0.4262      0.5460
0.659      0.4852      0.4989      0.4275      0.5452
0.660      0.4862      0.5003      0.4299      0.5452
0.661      0.4873      0.5017      0.4305      0.5459
0.662      0.4883      0.5031      0.4329      0.5466
0.663      0.4893      0.5045      0.4348      0.5461
0.664      0.4904      0.5059      0.4357      0.5465
0.665      0.4914      0.5073      0.4375      0.5465
0.666      0.4925      0.5087      0.4397      0.5465
0.667      0.4935      0.5101      0.4411      0.5466
0.668      0.4945      0.5115      0.4432      0.5473
0.669      0.4936      0.5129      0.4416      0.5467
0.670      0.4923      0.5143      0.4385      0.5457
0.671      0.4910      0.5139      0.4365      0.5450
0.672      0.4897      0.5130      0.4345      0.5442
0.673      0.4884      0.5122      0.4323      0.5436
0.674      0.4872      0.5114      0.4295      0.5438
0.675      0.4858      0.5105      0.4267      0.5429
0.676      0.4845      0.5097      0.4236      0.5421
0.677      0.4832      0.5088      0.4206      0.5409
0.678      0.4819      0.5080      0.4184      0.5408
0.679      0.4806      0.5071      0.4170      0.5414
0.680      0.4792      0.5062      0.4150      0.5404
0.681      0.4779      0.5054      0.4131      0.5390
0.682      0.4765      0.5045      0.4113      0.5389
0.683      0.4751      0.5036      0.4091      0.5377
0.684      0.4737      0.5027      0.4073      0.5372
0.685      0.4724      0.5018      0.4057      0.5360
0.686      0.4710      0.5009      0.4041      0.5350
0.687      0.4696      0.5000      0.4024      0.5339
0.688      0.4681      0.4991      0.4005      0.5328
0.689      0.4667      0.4982      0.3987      0.5316
0.690      0.4653      0.4972      0.3970      0.5305
0.691      0.4638      0.4963      0.3952      0.5293
0.692      0.4624      0.4954      0.3934      0.5280
0.693      0.4609      0.4944      0.3917      0.5268
0.694      0.4595      0.4935      0.3899      0.5256
0.695      0.4580      0.4925      0.3874      0.5243
0.696      0.4565      0.4916      0.3857      0.5230
0.697      0.4550      0.4906      0.3840      0.5217
0.698      0.4535      0.4896      0.3823      0.5203
0.699      0.4520      0.4886      0.3806      0.5189
0.700      0.4504      0.4876      0.3789      0.5177
0.701      0.4489      0.4866      0.3770      0.5164
0.702      0.4473      0.4856      0.3751      0.5151
0.703      0.4458      0.4846      0.3731      0.5137
0.704      0.4442      0.4836      0.3712      0.5122
0.705      0.4426      0.4826      0.3692      0.5107
0.706      0.4410      0.4816      0.3672      0.5092
0.707      0.4394      0.4805      0.3653      0.5077
0.708      0.4378      0.4795      0.3634      0.5062
0.709      0.4362      0.4784      0.3615      0.5046
0.710      0.4345      0.4774      0.3595      0.5031
0.711      0.4329      0.4763      0.3575      0.5015
0.712      0.4312      0.4753      0.3556      0.5002
0.713      0.4296      0.4742      0.3536      0.4990
0.714      0.4279      0.4731      0.3516      0.4979
0.715      0.4262      0.4720      0.3496      0.4967
0.716      0.4245      0.4709      0.3477      0.4955
0.717      0.4228      0.4698      0.3457      0.4940
0.718      0.4210      0.4687      0.3435      0.4927
0.719      0.4193      0.4675      0.3414      0.4913
0.720      0.4175      0.4664      0.3396      0.4898
0.721      0.4158      0.4653      0.3378      0.4882
0.722      0.4140      0.4641      0.3360      0.4866
0.723      0.4122      0.4630      0.3342      0.4851
0.724      0.4104      0.4618      0.3322      0.4835
0.725      0.4086      0.4606      0.3302      0.4818
0.726      0.4067      0.4594      0.3282      0.4802
0.727      0.4049      0.4582      0.3262      0.4786
0.728      0.4030      0.4570      0.3241      0.4772
0.729      0.4011      0.4558      0.3221      0.4759
0.730      0.3993      0.4546      0.3200      0.4744
0.731      0.3974      0.4534      0.3179      0.4727
0.732      0.3954      0.4521      0.3158      0.4710
0.733      0.3935      0.4509      0.3137      0.4694
0.734      0.3916      0.4496      0.3115      0.4679
0.735      0.3896      0.4484      0.3091      0.4664
0.736      0.3876      0.4471      0.3067      0.4647
0.737      0.3856      0.4458      0.3045      0.4630
0.738      0.3836      0.4445      0.3023      0.4614
0.739      0.3816      0.4432      0.3001      0.4599
0.740      0.3796      0.4419      0.2978      0.4582
0.741      0.3775      0.4406      0.2953      0.4564
0.742      0.3755      0.4392      0.2928      0.4545
0.743      0.3734      0.4379      0.2902      0.4526
0.744      0.3713      0.4365      0.2876      0.4509
0.745      0.3692      0.4352      0.2850      0.4491
0.746      0.3670      0.4338      0.2823      0.4473
0.747      0.3649      0.4324      0.2798      0.4454
0.748      0.3627      0.4310      0.2774      0.4436
0.749      0.3605      0.4296      0.2750      0.4417
0.750      0.3583      0.4282      0.2725      0.4399
0.751      0.3561      0.4267      0.2701      0.4380
0.752      0.3539      0.4253      0.2676      0.4361
0.753      0.3516      0.4238      0.2651      0.4342
0.754      0.3493      0.4224      0.2626      0.4323
0.755      0.3470      0.4209      0.2601      0.4303
0.756      0.3447      0.4194      0.2575      0.4284
0.757      0.3424      0.4179      0.2548      0.4264
0.758      0.3400      0.4164      0.2521      0.4244
0.759      0.3377      0.4148      0.2493      0.4224
0.760      0.3353      0.4133      0.2465      0.4204
0.761      0.3329      0.4118      0.2437      0.4183
0.762      0.3305      0.4102      0.2409      0.4163
0.763      0.3280      0.4086      0.2381      0.4143
0.764      0.3255      0.4070      0.2352      0.4125
0.765      0.3230      0.4054      0.2323      0.4105
0.766      0.3205      0.4038      0.2294      0.4081
0.767      0.3180      0.4021      0.2264      0.4057
0.768      0.3154      0.4005      0.2235      0.4036
0.769      0.3129      0.3988      0.2205      0.4014
0.770      0.3103      0.3971      0.2174      0.3992
0.771      0.3076      0.3955      0.2144      0.3972
0.772      0.3050      0.3937      0.2113      0.3953
0.773      0.3023      0.3920      0.2079      0.3933
0.774      0.2996      0.3903      0.2045      0.3913
0.775      0.2969      0.3885      0.2010      0.3891
0.776      0.2942      0.3868      0.1976      0.3868
0.777      0.2914      0.3850      0.1941      0.3845
0.778      0.2886      0.3832      0.1905      0.3822
0.779      0.2858      0.3814      0.1869      0.3798
0.780      0.2830      0.3795      0.1833      0.3774
0.781      0.2801      0.3777      0.1797      0.3750
0.782      0.2772      0.3758      0.1763      0.3726
0.783      0.2743      0.3739      0.1731      0.3701
0.784      0.2713      0.3720      0.1698      0.3677
0.785      0.2684      0.3701      0.1661      0.3652
0.786      0.2654      0.3681      0.1624      0.3627
0.787      0.2623      0.3662      0.1590      0.3601
0.788      0.2593      0.3642      0.1555      0.3576
0.789      0.2562      0.3622      0.1520      0.3550
0.790      0.2531      0.3602      0.1485      0.3523
0.791      0.2499      0.3582      0.1449      0.3494
0.792      0.2467      0.3561      0.1413      0.3465
0.793      0.2435      0.3541      0.1376      0.3439
0.794      0.2403      0.3520      0.1340      0.3411
0.795      0.2370      0.3498      0.1301      0.3385
0.796      0.2337      0.3477      0.1260      0.3358
0.797      0.2304      0.3456      0.1220      0.3331
0.798      0.2270      0.3434      0.1183      0.3303
0.799      0.2236      0.3412      0.1146      0.3275
0.800      0.2202      0.3390      0.1108      0.3248
0.801      0.2167      0.3367      0.1067      0.3219
0.802      0.2132      0.3345      0.1024      0.3190
0.803      0.2096      0.3322      0.0983      0.3160
0.804      0.2061      0.3299      0.0943      0.3130
0.805      0.2024      0.3275      0.0904      0.3100
0.806      0.1988      0.3252      0.0864      0.3069
0.807      0.1951      0.3228      0.0822      0.3038
0.808      0.1914      0.3204      0.0777      0.3007
0.809      0.1876      0.3180      0.0731      0.2976
0.810      0.1838      0.3155      0.0684      0.2944
0.811      0.1800      0.3130      0.0640      0.2912
0.812      0.1761      0.3105      0.0597      0.2880
0.813      0.1721      0.3080      0.0553      0.2850
0.814      0.1682      0.3054      0.0509      0.2819
0.815      0.1641      0.3028      0.0465      0.2787
0.816      0.1601      0.3002      0.0419      0.2754
0.817      0.1560      0.2975      0.0374      0.2721
0.818      0.1518      0.2949      0.0328      0.2687
0.819      0.1476      0.2922      0.0281      0.2652
0.820      0.1434      0.2894      0.0234      0.2618
0.821      0.1391      0.2866      0.0183      0.2582
0.822      0.1348      0.2838      0.0131      0.2547
0.823      0.1304      0.2810      0.0078      0.2511
0.824      0.1260      0.2782      0.0024      0.2475
0.825      0.1215      0.2753     -0.0030      0.2438
0.826      0.1169      0.2723     -0.0085      0.2400
0.827      0.1123      0.2694     -0.0140      0.2363
0.828      0.1077      0.2664     -0.0196      0.2325
0.829      0.1030      0.2633     -0.0253      0.2286
0.830      0.0983      0.2603     -0.0311      0.2247
0.831      0.0934      0.2572     -0.0369      0.2208
0.832      0.0886      0.2540     -0.0428      0.2168
0.833      0.0837      0.2508     -0.0487      0.2127
0.834      0.0787      0.2476     -0.0547      0.2083
0.835      0.0736      0.2444     -0.0608      0.2043
0.836      0.0685      0.2411     -0.0667      0.2003
0.837      0.0634      0.2377     -0.0729      0.1961
0.838      0.0581      0.2344     -0.0792      0.1918
0.839      0.0528      0.2309     -0.0856      0.1875
0.840      0.0475      0.2275     -0.0921      0.1831
0.841      0.0420      0.2240     -0.0987      0.1785
0.842      0.0365      0.2204     -0.1053      0.1741
0.843      0.0310      0.2168     -0.1120      0.1695
0.844      0.0253      0.2132     -0.1188      0.1649
0.845      0.0196      0.2095     -0.1257      0.1602
0.846      0.0138      0.2057     -0.1327      0.1555
0.847      0.0080      0.2020     -0.1398      0.1507
0.848      0.0020      0.1981     -0.1470      0.1458
0.849     -0.0040      0.1942     -0.1543      0.1408
0.850     -0.0101      0.1903     -0.1616      0.1358
0.851     -0.0163      0.1863     -0.1691      0.1308
0.852     -0.0225      0.1823     -0.1767      0.1259
0.853     -0.0289      0.1782     -0.1843      0.1210
0.854     -0.0353      0.1740     -0.1921      0.1161
0.855     -0.0419      0.1698     -0.2000      0.1107
0.856     -0.0485      0.1655     -0.2080      0.1051
0.857     -0.0552      0.1612     -0.2161      0.0995
0.858     -0.0620      0.1568     -0.2243      0.0938
0.859     -0.0689      0.1523     -0.2326      0.0883
0.860     -0.0759      0.1478     -0.2411      0.0829
0.861     -0.0830      0.1432     -0.2497      0.0768
0.862     -0.0902      0.1386     -0.2583      0.0706
0.863     -0.0975      0.1339     -0.2672      0.0644
0.864     -0.1049      0.1291     -0.2761      0.0581
0.865     -0.1124      0.1242     -0.2852      0.0519
0.866     -0.1201      0.1193     -0.2944      0.0456
0.867     -0.1278      0.1143     -0.3038      0.0393
0.868     -0.1357      0.1092     -0.3133      0.0328
0.869     -0.1437      0.1040     -0.3230      0.0265
0.870     -0.1518      0.0988     -0.3328      0.0199
0.871     -0.1600      0.0935     -0.3427      0.0130
0.872     -0.1684      0.0881     -0.3525      0.0060
0.873     -0.1769      0.0826     -0.3624     -0.0010
0.874     -0.1855      0.0770     -0.3724     -0.0080
0.875     -0.1943      0.0714     -0.3827     -0.0150
0.876     -0.2032      0.0656     -0.3931     -0.0221
0.877     -0.2123      0.0598     -0.4036     -0.0293
0.878     -0.2215      0.0538     -0.4144     -0.0367
0.879     -0.2309      0.0478     -0.4253     -0.0441
0.880     -0.2404      0.0416     -0.4364     -0.0517
0.881     -0.2500      0.0354     -0.4477     -0.0594
0.882     -0.2599      0.0290     -0.4591     -0.0673
0.883     -0.2699      0.0226     -0.4708     -0.0752
0.884     -0.2801      0.0160     -0.4827     -0.0833
0.885     -0.2904      0.0093     -0.4947     -0.0916
0.886     -0.3010      0.0025     -0.5070     -0.1000
0.887     -0.3117     -0.0044     -0.5195     -0.1085
0.888     -0.3226     -0.0115     -0.5323     -0.1172
0.889     -0.3337     -0.0186     -0.5452     -0.1261
0.890     -0.3450     -0.0260     -0.5584     -0.1351
0.891     -0.3566     -0.0334     -0.5719     -0.1443
0.892     -0.3683     -0.0410     -0.5856     -0.1536
0.893     -0.3802     -0.0487     -0.5995     -0.1632
0.894     -0.3924     -0.0566     -0.6137     -0.1729
0.895     -0.4048     -0.0646     -0.6282     -0.1827
0.896     -0.4175     -0.0727     -0.6429     -0.1928
0.897     -0.4304     -0.0811     -0.6580     -0.2031
0.898     -0.4435     -0.0896     -0.6740     -0.2136
0.899     -0.4570     -0.0982     -0.6904     -0.2243
0.900     -0.4706     -0.1070     -0.7071     -0.2352
0.901     -0.4846     -0.1161     -0.7241     -0.2461
0.902     -0.4988     -0.1252     -0.7416     -0.2573
0.903     -0.5134     -0.1346     -0.7595     -0.2687
0.904     -0.5282     -0.1442     -0.7773     -0.2804
0.905     -0.5433     -0.1540     -0.7958     -0.2923
0.906     -0.5588     -0.1640     -0.8147     -0.3045
0.907     -0.5746     -0.1742     -0.8340     -0.3174
0.908     -0.5908     -0.1846     -0.8537     -0.3308
0.909     -0.6073     -0.1953     -0.8735     -0.3440
0.910     -0.6241     -0.2062     -0.8929     -0.3575
0.911     -0.6414     -0.2173     -0.9128     -0.3712
0.912     -0.6590     -0.2287     -0.9331     -0.3853
0.913     -0.6771     -0.2403     -0.9544     -0.3996
0.914     -0.6955     -0.2523     -0.9767     -0.4143
0.915     -0.7144     -0.2645     -0.9996     -0.4294
0.916     -0.7338     -0.2770     -1.0230     -0.4448
0.917     -0.7536     -0.2897     -1.0470     -0.4606
0.918     -0.7739     -0.3029     -1.0718     -0.4768
0.919     -0.7947     -0.3163     -1.0974     -0.4934
0.920     -0.8160     -0.3301     -1.1236     -0.5103
0.921     -0.8379     -0.3442     -1.1504     -0.5278
0.922     -0.8603     -0.3586     -1.1780     -0.5456
0.923     -0.8833     -0.3735     -1.2062     -0.5639
0.924     -0.9069     -0.3887     -1.2352     -0.5828
0.925     -0.9312     -0.4044     -1.2643     -0.6021
0.926     -0.9561     -0.4205     -1.2934     -0.6219
0.927     -0.9816     -0.4370     -1.3233     -0.6423
0.928     -1.0079     -0.4539     -1.3546     -0.6632
0.929     -1.0349     -0.4714     -1.3865     -0.6847
0.930     -1.0627     -0.4893     -1.4190     -0.7069
0.931     -1.0913     -0.5078     -1.4523     -0.7297
0.932     -1.1208     -0.5268     -1.4867     -0.7531
0.933     -1.1511     -0.5464     -1.5221     -0.7773
0.934     -1.1824     -0.5666     -1.5585     -0.8022
0.935     -1.2146     -0.5874     -1.5961     -0.8283
0.936     -1.2478     -0.6088     -1.6348     -0.8555
0.937     -1.2820     -0.6309     -1.6748     -0.8835
0.938     -1.3174     -0.6538     -1.7161     -0.9125
0.939     -1.3539     -0.6774     -1.7587     -0.9421
0.940     -1.3917     -0.7017     -1.8027     -0.9721
0.941     -1.4307     -0.7269     -1.8483     -1.0031
0.942     -1.4711     -0.7530     -1.8964     -1.0352
0.943     -1.5129     -0.7800     -1.9461     -1.0684
0.944     -1.5562     -0.8079     -1.9977     -1.1028
0.945     -1.6010     -0.8369     -2.0511     -1.1387
0.946     -1.6475     -0.8669     -2.1064     -1.1769
0.947     -1.6958     -0.8981     -2.1639     -1.2165
0.948     -1.7459     -0.9305     -2.2227     -1.2577
0.949     -1.7980     -0.9641     -2.2836     -1.3005
0.950     -1.8522     -0.9991     -2.3487     -1.3449
0.951     -1.9086     -1.0355     -2.4164     -1.3912
0.952     -1.9673     -1.0734     -2.4870     -1.4395
0.953     -2.0286     -1.1130     -2.5600     -1.4897
0.954     -2.0925     -1.1542     -2.6361     -1.5412
0.955     -2.1592     -1.1973     -2.7155     -1.5945
0.956     -2.2290     -1.2424     -2.7986     -1.6512
0.957     -2.3020     -1.2895     -2.8855     -1.7108
0.958     -2.3785     -1.3389     -2.9766     -1.7724
0.959     -2.4588     -1.3907     -3.0721     -1.8364
0.960     -2.5430     -1.4451     -3.1724     -1.9035
0.961     -2.6316     -1.5023     -3.2778     -1.9741
0.962     -2.7248     -1.5625     -3.3888     -2.0484
0.963     -2.8231     -1.6259     -3.5057     -2.1267
0.964     -2.9268     -1.6929     -3.6292     -2.2094
0.965     -3.0364     -1.7637     -3.7597     -2.2968
0.966     -3.1525     -1.8386     -3.8979     -2.3893
0.967     -3.2757     -1.9181     -4.0445     -2.4875
0.968     -3.4065     -2.0026     -4.2002     -2.5918
0.969     -3.5458     -2.0925     -4.3660     -2.7028
0.970     -3.6943     -2.1884     -4.5429     -2.8212
0.971     -3.8531     -2.2910     -4.7319     -2.9477
0.972     -4.0233     -2.4008     -4.9344     -3.0835
0.973     -4.2060     -2.5188     -5.1520     -3.2295
0.974     -4.4028     -2.6459     -5.3863     -3.3867
0.975     -4.6154     -2.7831     -5.6393     -3.5565
0.976     -4.8456     -2.9318     -5.9134     -3.7404
0.977     -5.0959     -3.0934     -6.2113     -3.9403
0.978     -5.3690     -3.2697     -6.5363     -4.1604
0.979     -5.6680     -3.4628     -6.8923     -4.4027
0.980     -5.9969     -3.6752     -7.2838     -4.6691
0.981     -6.3605     -3.9099     -7.7167     -4.9636
0.982     -6.7645     -4.1707     -8.1975     -5.2909
0.983     -7.2160     -4.4623     -8.7350     -5.6567
0.984     -7.7239     -4.7902     -9.3396     -6.0681
0.985     -8.2996     -5.1619    -10.0249     -6.5345
0.986     -8.9575     -5.5867    -10.8069     -7.0674
0.987     -9.7166     -6.0768    -11.7090     -7.6823
0.988    -10.6023     -6.6486    -12.7615     -8.3997
0.989    -11.6489     -7.3244    -14.0053     -9.2476
0.990    -12.9049     -8.1354    -15.4978    -10.2650
0.991    -14.4400     -9.1265    -17.3222    -11.5024
0.992    -16.3588    -10.3655    -19.6025    -13.0488
0.993    -18.8261    -11.9583    -22.5343    -15.0370
0.994    -22.1155    -14.0822    -26.4487    -17.6880
0.995    -26.7211    -17.0557    -31.9299    -21.3996
0.996    -33.6289    -21.5160    -40.1514    -26.9664
0.997    -45.1419    -28.9498    -53.8532    -36.2443
0.998    -68.1704    -43.8179    -81.2605    -54.8028
0.999   -137.2518    -88.4248   -163.4505   -110.4729
