0.001    -12.6784    -18.0916    -20.4461     -4.8838
0.002     -5.8399     -8.5375     -9.7169     -1.9483
0.003     -3.5604     -5.3528     -6.1405     -0.9697
0.004     -2.4207     -3.7604     -4.3522     -0.4805
0.005     -1.7368     -2.8050     -3.2793     -0.1860
0.006     -1.2809     -2.1681     -2.5640      0.0106
0.007     -0.9553     -1.7131     -2.0531      0.1510
0.008     -0.7110     -1.3719     -1.6701      0.2564
0.009     -0.5211     -1.1065     -1.3729      0.3383
0.010     -0.3691     -0.8942     -1.1352      0.4039
0.011     -0.2448     -0.7205     -0.9406      0.4575
0.012     -0.1412     -0.5757     -0.7785      0.5022
0.013     -0.0535     -0.4532     -0.6414      0.5400
0.014      0.0217     -0.3482     -0.5238      0.5722
0.015      0.0868     -0.2572     -0.4220      0.5999
0.016      0.1438     -0.1776     -0.3330      0.6242
0.017      0.1941     -0.1074     -0.2546      0.6457
0.018      0.2388     -0.0449     -0.1848      0.6648
0.019      0.2788      0.0110     -0.1224      0.6818
0.020      0.3147      0.0612     -0.0662      0.6972
0.021      0.3473      0.1067     -0.0144      0.7111
0.022      0.3769      0.1481      0.0320      0.7237
0.023      0.4039      0.1859      0.0790      0.7311
0.024      0.4287      0.2205      0.1204      0.7387
0.025      0.4515      0.2523      0.1604      0.7391
0.026      0.4726      0.2817      0.2036      0.7403
0.027      0.4920      0.3089      0.2417      0.7347
0.028      0.5101      0.3342      0.2854      0.7350
0.029      0.5270      0.3365      0.3271      0.7278
0.030      0.5427      0.3364      0.3621      0.7222
0.031      0.5438      0.3363      0.3799      0.7121
0.032      0.5433      0.3362      0.3848      0.7052
0.033      0.5427      0.3361      0.3863      0.7064
0.034      0.5422      0.3360      0.3871      0.7059
0.035      0.5417      0.3359      0.3881      0.7023
0.036      0.5412      0.3358      0.3875      0.7018
0.037      0.5407      0.3357      0.3868      0.7013
0.038      0.5401      0.3356      0.3861      0.7009
0.039      0.5396      0.3355      0.3858      0.7004
0.040      0.5391      0.3355      0.3855      0.6999
0.041      0.5385      0.3354      0.3852      0.6995
0.042      0.5380      0.3353      0.3850      0.6990
0.043      0.5375      0.3352      0.3847      0.6985
0.044      0.5370      0.3351      0.3845      0.6980
0.045      0.5364      0.3350      0.3842      0.6975
0.046      0.5359      0.3349      0.3839      0.6971
0.047      0.5354      0.3348      0.3837      0.6963
0.048      0.5348      0.3347      0.3834      0.6954
0.049      0.5343      0.3346      0.3831      0.6946
0.050      0.5337      0.3345      0.3829      0.6937
0.051      0.5332      0.3344      0.3822      0.6928
0.052      0.5327      0.3343      0.3815      0.6922
0.053      0.5321      0.3342      0.3811      0.6918
0.054      0.5316      0.3341      0.3808      0.6913
0.055      0.5310      0.3341      0.3805      0.6909
0.056      0.5305      0.3340      0.3802      0.6905
0.057      0.5300      0.3339      0.3799      0.6899
0.058      0.5294      0.3338      0.3796      0.6892
0.059      0.5289      0.3337      0.3792      0.6885
0.060      0.5283      0.3336      0.3786      0.6877
0.061      0.5278      0.3335      0.3783      0.6872
0.062      0.5272      0.3334      0.3781      0.6868
0.063      0.5267      0.3333      0.3778      0.6861
0.064      0.5261      0.3332      0.3775      0.6853
0.065      0.5255      0.3331      0.3772      0.6844
0.066      0.5250      0.3330      0.3770      0.6835
0.067      0.5244      0.3329      0.3766      0.6826
0.068      0.5239      0.3328      0.3761      0.6820
0.069      0.5233      0.3327      0.3758      0.6816
0.070      0.5228      0.3326      0.3755      0.6813
0.071      0.5222      0.3325      0.3749      0.6809
0.072      0.5216      0.3324      0.3742      0.6806
0.073      0.5211      0.3323      0.3735      0.6802
0.074      0.5205      0.3322      0.3728      0.6794
0.075      0.5199      0.3321      0.3721      0.6785
0.076      0.5194      0.3320      0.3715      0.6779
0.077      0.5188      0.3319      0.3709      0.6775
0.078      0.5182      0.3318      0.3703      0.6770
0.079      0.5176      0.3317      0.3697      0.6765
0.080      0.5171      0.3316      0.3692      0.6760
0.081      0.5165      0.3315      0.3686      0.6753
0.082      0.5159      0.3314      0.3680      0.6746
0.083      0.5153      0.3313      0.3674      0.6739
0.084      0.5148      0.3312      0.3668      0.6733
0.085      0.5142      0.3311      0.3662      0.6728
0.086      0.5136      0.3310      0.3656      0.6723
0.087      0.5130      0.3309      0.3651      0.6718
0.088      0.5124      0.3308      0.3645      0.6712
0.089      0.5119      0.3307      0.3639      0.6707
0.090      0.5113      0.3306      0.3633      0.6698
0.091      0.5107      0.3305      0.3627      0.6688
0.092      0.5101      0.3304      0.3621      0.6679
0.093      0.5095      0.3303      0.3615      0.6670
0.094      0.5089      0.3302      0.3609      0.6661
0.095      0.5083      0.3301      0.3603      0.6656
0.096      0.5077      0.3300      0.3597      0.6651
0.097      0.5071      0.3299      0.3591      0.6646
0.098      0.5065      0.3298      0.3585      0.6641
0.099      0.5059      0.3297      0.3579      0.6636
0.100      0.5053      0.3296      0.3573      0.6631
0.101      0.5047      0.3295      0.3566      0.6626
0.102      0.5041      0.3294      0.3560      0.6621
0.103      0.5035      0.3293      0.3554      0.6611
0.104      0.5029      0.3291      0.3548      0.6606
0.105      0.5023      0.3290      0.3542      0.6601
0.106      0.5017      0.3289      0.3536      0.6596
0.107      0.5011      0.3288      0.3530      0.6591
0.108      0.5005      0.3287      0.3523      0.6586
0.109      0.4999      0.3286      0.3517      0.6581
0.110      0.4993      0.3285      0.3510      0.6576
0.111      0.4987      0.3284      0.3504      0.6571
0.112      0.4980      0.3283      0.3497      0.6566
0.113      0.4974      0.3282      0.3490      0.6561
0.114      0.4968      0.3281      0.3483      0.6556
0.115      0.4962      0.3280      0.3476      0.6551
0.116      0.4956      0.3279      0.3469      0.6547
0.117      0.4949      0.3278      0.3462      0.6544
0.118      0.4943      0.3276      0.3455      0.6540
0.119      0.4937      0.3275      0.3449      0.6535
0.120      0.4931      0.3274      0.3444      0.6530
0.121      0.4924      0.3273      0.3437      0.6522
0.122      0.4918      0.3272      0.3430      0.6515
0.123      0.4912      0.3271      0.3425      0.6510
0.124      0.4905      0.3270      0.3422      0.6505
0.125      0.4899      0.3269      0.3416      0.6500
0.126      0.4893      0.3268      0.3410      0.6494
0.127      0.4886      0.3267      0.3403      0.6489
0.128      0.4880      0.3265      0.3397      0.6483
0.129      0.4874      0.3264      0.3390      0.6474
0.130      0.4867      0.3263      0.3384      0.6465
0.131      0.4861      0.3262      0.3376      0.6457
0.132      0.4854      0.3261      0.3369      0.6448
0.133      0.4848      0.3260      0.3364      0.6439
0.134      0.4841      0.3259      0.3357      0.6431
0.135      0.4835      0.3258      0.3353      0.6425
0.136      0.4828      0.3256      0.3348      0.6420
0.137      0.4822      0.3255      0.3341      0.6415
0.138      0.4815      0.3254      0.3335      0.6409
0.139      0.4809      0.3253      0.3328      0.6404
0.140      0.4802      0.3252      0.3321      0.6397
0.141      0.4796      0.3251      0.3314      0.6387
0.142      0.4789      0.3250      0.3307      0.6378
0.143      0.4782      0.3248      0.3300      0.6368
0.144      0.4776      0.3247      0.3293      0.6358
0.145      0.4769      0.3246      0.3286      0.6348
0.146      0.4763      0.3245      0.3279      0.6338
0.147      0.4756      0.3244      0.3273      0.6328
0.148      0.4749      0.3243      0.3266      0.6319
0.149      0.4743      0.3241      0.3259      0.6309
0.150      0.4736      0.3240      0.3252      0.6299
0.151      0.4729      0.3239      0.3245      0.6291
0.152      0.4722      0.3238      0.3238      0.6285
0.153      0.4716      0.3237      0.3231      0.6278
0.154      0.4709      0.3236      0.3223      0.6271
0.155      0.4702      0.3234      0.3216      0.6265
0.156      0.4695      0.3233      0.3209      0.6259
0.157      0.4688      0.3232      0.3202      0.6253
0.158      0.4681      0.3231      0.3195      0.6246
0.159      0.4675      0.3230      0.3188      0.6240
0.160      0.4668      0.3228      0.3181      0.6234
0.161      0.4661      0.3227      0.3174      0.6227
0.162      0.4654      0.3226      0.3167      0.6221
0.163      0.4647      0.3225      0.3160      0.6217
0.164      0.4640      0.3224      0.3153      0.6213
0.165      0.4633      0.3222      0.3146      0.6209
0.166      0.4626      0.3221      0.3139      0.6205
0.167      0.4619      0.3220      0.3132      0.6201
0.168      0.4612      0.3219      0.3126      0.6196
0.169      0.4605      0.3217      0.3120      0.6192
0.170      0.4598      0.3216      0.3110      0.6187
0.171      0.4591      0.3215      0.3103      0.6176
0.172      0.4584      0.3214      0.3095      0.6165
0.173      0.4577      0.3213      0.3086      0.6154
0.174      0.4570      0.3211      0.3079      0.6143
0.175      0.4563      0.3210      0.3071      0.6137
0.176      0.4555      0.3209      0.3064      0.6130
0.177      0.4548      0.3208      0.3056      0.6123
0.178      0.4541      0.3206      0.3049      0.6117
0.179      0.4534      0.3205      0.3041      0.6110
0.180      0.4527      0.3204      0.3034      0.6104
0.181      0.4519      0.3203      0.3026      0.6097
0.182      0.4512      0.3201      0.3019      0.6090
0.183      0.4505      0.3200      0.3011      0.6084
0.184      0.4498      0.3199      0.3003      0.6078
0.185      0.4490      0.3197      0.3000      0.6071
0.186      0.4483      0.3196      0.2994      0.6065
0.187      0.4476      0.3195      0.2986      0.6058
0.188      0.4468      0.3194      0.2979      0.6050
0.189      0.4461      0.3192      0.2971      0.6043
0.190      0.4454      0.3191      0.2962      0.6038
0.191      0.4446      0.3190      0.2953      0.6033
0.192      0.4439      0.3188      0.2943      0.6027
0.193      0.4431      0.3187      0.2936      0.6022
0.194      0.4424      0.3186      0.2930      0.6016
0.195      0.4416      0.3185      0.2923      0.6009
0.196      0.4409      0.3183      0.2914      0.6000
0.197      0.4401      0.3182      0.2904      0.5994
0.198      0.4394      0.3181      0.2895      0.5987
0.199      0.4386      0.3179      0.2887      0.5981
0.200      0.4379      0.3178      0.2879      0.5974
0.201      0.4371      0.3177      0.2869      0.5968
0.202      0.4363      0.3175      0.2859      0.5961
0.203      0.4356      0.3174      0.2848      0.5954
0.204      0.4348      0.3173      0.2838      0.5948
0.205      0.4340      0.3171      0.2831      0.5941
0.206      0.4333      0.3170      0.2826      0.5934
0.207      0.4325      0.3169      0.2818      0.5928
0.208      0.4317      0.3167      0.2809      0.5921
0.209      0.4309      0.3166      0.2800      0.5914
0.210      0.4302      0.3165      0.2791      0.5907
0.211      0.4294      0.3163      0.2781      0.5901
0.212      0.4286      0.3162      0.2772      0.5894
0.213      0.4278      0.3160      0.2763      0.5887
0.214      0.4270      0.3159      0.2753      0.5880
0.215      0.4262      0.3158      0.2743      0.5873
0.216      0.4255      0.3156      0.2733      0.5866
0.217      0.4247      0.3155      0.2723      0.5858
0.218      0.4239      0.3154      0.2713      0.5850
0.219      0.4231      0.3152      0.2703      0.5841
0.220      0.4223      0.3151      0.2693      0.5833
0.221      0.4215      0.3149      0.2683      0.5826
0.222      0.4207      0.3148      0.2673      0.5820
0.223      0.4199      0.3147      0.2662      0.5813
0.224      0.4191      0.3145      0.2652      0.5806
0.225      0.4183      0.3144      0.2642      0.5800
0.226      0.4175      0.3142      0.2632      0.5793
0.227      0.4166      0.3141      0.2621      0.5788
0.228      0.4158      0.3140      0.2612      0.5783
0.229      0.4150      0.3138      0.2608      0.5776
0.230      0.4142      0.3137      0.2597      0.5769
0.231      0.4134      0.3135      0.2584      0.5761
0.232      0.4125      0.3134      0.2570      0.5754
0.233      0.4117      0.3132      0.2559      0.5747
0.234      0.4109      0.3131      0.2549      0.5740
0.235      0.4101      0.3130      0.2538      0.5733
0.236      0.4092      0.3128      0.2531      0.5729
0.237      0.4084      0.3127      0.2524      0.5726
0.238      0.4076      0.3125      0.2517      0.5722
0.239      0.4067      0.3124      0.2506      0.5719
0.240      0.4059      0.3122      0.2495      0.5710
0.241      0.4050      0.3121      0.2483      0.5701
0.242      0.4042      0.3119      0.2472      0.5691
0.243      0.4034      0.3118      0.2462      0.5681
0.244      0.4025      0.3116      0.2452      0.5671
0.245      0.4017      0.3115      0.2443      0.5665
0.246      0.4008      0.3113      0.2433      0.5657
0.247      0.3999      0.3112      0.2420      0.5650
0.248      0.3991      0.3110      0.2407      0.5643
0.249      0.3982      0.3109      0.2394      0.5636
0.250      0.3974      0.3107      0.2381      0.5629
0.251      0.3965      0.3106      0.2369      0.5622
0.252      0.3956      0.3104      0.2358      0.5614
0.253      0.3948      0.3103      0.2346      0.5607
0.254      0.3939      0.3101      0.2336      0.5600
0.255      0.3930      0.3100      0.2327      0.5593
0.256      0.3921      0.3098      0.2318      0.5586
0.257      0.3913      0.3097      0.2309      0.5579
0.258      0.3904      0.3095      0.2300      0.5571
0.259      0.3895      0.3094      0.2291      0.5564
0.260      0.3886      0.3092      0.2282      0.5557
0.261      0.3877      0.3091      0.2273      0.5550
0.262      0.3868      0.3089      0.2264      0.5542
0.263      0.3859      0.3087      0.2255      0.5535
0.264      0.3850      0.3086      0.2245      0.5528
0.265      0.3841      0.3084      0.2236      0.5520
0.266      0.3832      0.3083      0.2227      0.5513
0.267      0.3823      0.3081      0.2218      0.5506
0.268      0.3814      0.3080      0.2208      0.5498
0.269      0.3805      0.3078      0.2199      0.5491
0.270      0.3796      0.3076      0.2190      0.5483
0.271      0.3787      0.3075      0.2180      0.5476
0.272      0.3778      0.3073      0.2168      0.5468
0.273      0.3769      0.3072      0.2157      0.5461
0.274      0.3759      0.3070      0.2145      0.5453
0.275      0.3750      0.3068      0.2134      0.5446
0.276      0.3741      0.3067      0.2122      0.5438
0.277      0.3732      0.3065      0.2110      0.5430
0.278      0.3722      0.3064      0.2102      0.5423
0.279      0.3713      0.3062      0.2093      0.5416
0.280      0.3704      0.3060      0.2080      0.5409
0.281      0.3694      0.3059      0.2067      0.5402
0.282      0.3685      0.3057      0.2053      0.5395
0.283      0.3675      0.3055      0.2040      0.5386
0.284      0.3666      0.3054      0.2028      0.5379
0.285      0.3657      0.3052      0.2016      0.5369
0.286      0.3647      0.3050      0.2006      0.5361
0.287      0.3637      0.3049      0.1995      0.5353
0.288      0.3628      0.3047      0.1984      0.5345
0.289      0.3618      0.3045      0.1974      0.5338
0.290      0.3609      0.3044      0.1963      0.5330
0.291      0.3599      0.3042      0.1952      0.5322
0.292      0.3589      0.3040      0.1941      0.5314
0.293      0.3580      0.3039      0.1930      0.5306
0.294      0.3570      0.3037      0.1919      0.5298
0.295      0.3560      0.3035      0.1907      0.5291
0.296      0.3550      0.3034      0.1895      0.5284
0.297      0.3541      0.3032      0.1883      0.5278
0.298      0.3531      0.3030      0.1871      0.5271
0.299      0.3521      0.3028      0.1859      0.5264
0.300      0.3511      0.3027      0.1847      0.5257
0.301      0.3501      0.3025      0.1835      0.5251
0.302      0.3491      0.3023      0.1823      0.5244
0.303      0.3481      0.3021      0.1810      0.5237
0.304      0.3471      0.3020      0.1798      0.5230
0.305      0.3461      0.3018      0.1786      0.5223
0.306      0.3451      0.3016      0.1775      0.5217
0.307      0.3441      0.3014      0.1765      0.5209
0.308      0.3431      0.3013      0.1754      0.5202
0.309      0.3420      0.3011      0.1744      0.5194
0.310      0.3410      0.3009      0.1734      0.5186
0.311      0.3400      0.3007      0.1723      0.5178
0.312      0.3390      0.3006      0.1711      0.5171
0.313      0.3380      0.3004      0.1698      0.5162
0.314      0.3369      0.3002      0.1682      0.5154
0.315      0.3359      0.3000      0.1666      0.5147
0.316      0.3349      0.2998      0.1654      0.5139
0.317      0.3338      0.2997      0.1645      0.5129
0.318      0.3328      0.2995      0.1635      0.5120
0.319      0.3317      0.2993      0.1625      0.5109
0.320      0.3307      0.2991      0.1612      0.5100
0.321      0.3296      0.2989      0.1600      0.5095
0.322      0.3286      0.2987      0.1587      0.5085
0.323      0.3275      0.2986      0.1575      0.5076
0.324      0.3264      0.2984      0.1562      0.5066
0.325      0.3254      0.2982      0.1550      0.5057
0.326      0.3243      0.2980      0.1537      0.5048
0.327      0.3232      0.2978      0.1524      0.5039
0.328      0.3222      0.2976      0.1511      0.5032
0.329      0.3211      0.2974      0.1499      0.5026
0.330      0.3200      0.2972      0.1486      0.5020
0.331      0.3189      0.2971      0.1473      0.5014
0.332      0.3178      0.2969      0.1460      0.5008
0.333      0.3167      0.2967      0.1447      0.5001
0.334      0.3157      0.2965      0.1434      0.4990
0.335      0.3146      0.2963      0.1421      0.4982
0.336      0.3135      0.2961      0.1408      0.4974
0.337      0.3124      0.2959      0.1395      0.4966
0.338      0.3112      0.2957      0.1382      0.4959
0.339      0.3101      0.2955      0.1369      0.4951
0.340      0.3090      0.2953      0.1356      0.4942
0.341      0.3079      0.2951      0.1343      0.4934
0.342      0.3068      0.2949      0.1329      0.4925
0.343      0.3057      0.2947      0.1316      0.4917
0.344      0.3045      0.2945      0.1303      0.4909
0.345      0.3034      0.2943      0.1289      0.4899
0.346      0.3023      0.2941      0.1276      0.4891
0.347      0.3011      0.2939      0.1262      0.4882
0.348      0.3000      0.2938      0.1249      0.4873
0.349      0.2988      0.2936      0.1235      0.4865
0.350      0.2977      0.2934      0.1217      0.4856
0.351      0.2965      0.2931      0.1199      0.4847
0.352      0.2954      0.2929      0.1181      0.4836
0.353      0.2942      0.2927      0.1166      0.4825
0.354      0.2931      0.2925      0.1157      0.4817
0.355      0.2919      0.2923      0.1144      0.4808
0.356      0.2907      0.2921      0.1126      0.4800
0.357      0.2896      0.2919      0.1108      0.4791
0.358      0.2884      0.2917      0.1090      0.4783
0.359      0.2872      0.2915      0.1072      0.4774
0.360      0.2860      0.2913      0.1054      0.4766
0.361      0.2848      0.2911      0.1039      0.4757
0.362      0.2836      0.2909      0.1025      0.4749
0.363      0.2824      0.2907      0.1010      0.4740
0.364      0.2812      0.2905      0.0995      0.4732
0.365      0.2800      0.2903      0.0981      0.4723
0.366      0.2788      0.2901      0.0966      0.4714
0.367      0.2776      0.2898      0.0951      0.4706
0.368      0.2764      0.2896      0.0936      0.4697
0.369      0.2752      0.2894      0.0922      0.4688
0.370      0.2740      0.2892      0.0907      0.4680
0.371      0.2727      0.2890      0.0888      0.4671
0.372      0.2715      0.2888      0.0868      0.4662
0.373      0.2703      0.2886      0.0849      0.4653
0.374      0.2690      0.2884      0.0830      0.4644
0.375      0.2678      0.2881      0.0816      0.4635
0.376      0.2666      0.2879      0.0805      0.4626
0.377      0.2653      0.2877      0.0795      0.4617
0.378      0.2640      0.2875      0.0784      0.4608
0.379      0.2628      0.2873      0.0769      0.4599
0.380      0.2615      0.2870      0.0751      0.4590
0.381      0.2603      0.2868      0.0738      0.4581
0.382      0.2590      0.2866      0.0724      0.4571
0.383      0.2577      0.2864      0.0709      0.4562
0.384      0.2564      0.2862      0.0693      0.4553
0.385      0.2552      0.2859      0.0677      0.4543
0.386      0.2539      0.2857      0.0660      0.4531
0.387      0.2526      0.2855      0.0646      0.4520
0.388      0.2513      0.2853      0.0633      0.4508
0.389      0.2500      0.2850      0.0621      0.4496
0.390      0.2487      0.2848      0.0603      0.4486
0.391      0.2474      0.2846      0.0583      0.4475
0.392      0.2461      0.2843      0.0569      0.4463
0.393      0.2447      0.2841      0.0555      0.4452
0.394      0.2434      0.2839      0.0541      0.4442
0.395      0.2421      0.2837      0.0527      0.4428
0.396      0.2408      0.2834      0.0512      0.4417
0.397      0.2394      0.2832      0.0490      0.4405
0.398      0.2381      0.2830      0.0470      0.4393
0.399      0.2368      0.2827      0.0453      0.4381
0.400      0.2354      0.2825      0.0437      0.4369
0.401      0.2341      0.2822      0.0420      0.4360
0.402      0.2327      0.2820      0.0404      0.4351
0.403      0.2313      0.2818      0.0387      0.4342
0.404      0.2300      0.2815      0.0370      0.4333
0.405      0.2286      0.2813      0.0354      0.4324
0.406      0.2272      0.2811      0.0337      0.4315
0.407      0.2258      0.2808      0.0320      0.4303
0.408      0.2245      0.2806      0.0303      0.4292
0.409      0.2231      0.2803      0.0286      0.4280
0.410      0.2217      0.2801      0.0269      0.4268
0.411      0.2203      0.2798      0.0252      0.4256
0.412      0.2189      0.2796      0.0235      0.4243
0.413      0.2175      0.2794      0.0218      0.4230
0.414      0.2161      0.2791      0.0199      0.4220
0.415      0.2146      0.2789      0.0180      0.4209
0.416      0.2132      0.2786      0.0160      0.4197
0.417      0.2118      0.2784      0.0141      0.4185
0.418      0.2104      0.2781      0.0121      0.4173
0.419      0.2089      0.2779      0.0101      0.4162
0.420      0.2075      0.2776      0.0081      0.4152
0.421      0.2060      0.2774      0.0061      0.4140
0.422      0.2046      0.2771      0.0039      0.4130
0.423      0.2031      0.2769      0.0016      0.4120
0.424      0.2017      0.2766     -0.0007      0.4109
0.425      0.2002      0.2763     -0.0030      0.4098
0.426      0.1987      0.2761     -0.0048      0.4087
0.427      0.1972      0.2758     -0.0064      0.4076
0.428      0.1958      0.2756     -0.0087      0.4066
0.429      0.1943      0.2753     -0.0110      0.4055
0.430      0.1928      0.2751     -0.0133      0.4046
0.431      0.1913      0.2748     -0.0157      0.4037
0.432      0.1898      0.2745     -0.0180      0.4029
0.433      0.1883      0.2743     -0.0201      0.4017
0.434      0.1868      0.2740     -0.0220      0.4004
0.435      0.1852      0.2737     -0.0239      0.3991
0.436      0.1837      0.2735     -0.0258      0.3978
0.437      0.1822      0.2732     -0.0277      0.3971
0.438      0.1807      0.2729     -0.0296      0.3959
0.439      0.1791      0.2727     -0.0314      0.3947
0.440      0.1776      0.2724     -0.0335      0.3939
0.441      0.1760      0.2721     -0.0354      0.3929
0.442      0.1745      0.2719     -0.0371      0.3917
0.443      0.1729      0.2716     -0.0388      0.3905
0.444      0.1713      0.2713     -0.0409      0.3893
0.445      0.1697      0.2710     -0.0431      0.3881
0.446      0.1682      0.2708     -0.0452      0.3869
0.447      0.1666      0.2705     -0.0472      0.3857
0.448      0.1650      0.2702     -0.0492      0.3845
0.449      0.1634      0.2699     -0.0512      0.3833
0.450      0.1618      0.2696     -0.0537      0.3820
0.451      0.1602      0.2694     -0.0560      0.3808
0.452      0.1586      0.2691     -0.0582      0.3796
0.453      0.1569      0.2688     -0.0604      0.3786
0.454      0.1553      0.2685     -0.0626      0.3775
0.455      0.1537      0.2682     -0.0649      0.3765
0.456      0.1520      0.2679     -0.0671      0.3755
0.457      0.1504      0.2677     -0.0693      0.3745
0.458      0.1487      0.2674     -0.0710      0.3735
0.459      0.1471      0.2671     -0.0727      0.3725
0.460      0.1454      0.2668     -0.0748      0.3716
0.461      0.1438      0.2665     -0.0771      0.3706
0.462      0.1421      0.2662     -0.0793      0.3696
0.463      0.1404      0.2659     -0.0816      0.3685
0.464      0.1387      0.2656     -0.0839      0.3673
0.465      0.1370      0.2653     -0.0862      0.3662
0.466      0.1353      0.2650     -0.0884      0.3652
0.467      0.1336      0.2647     -0.0907      0.3641
0.468      0.1319      0.2644     -0.0930      0.3631
0.469      0.1302      0.2641     -0.0952      0.3620
0.470      0.1285      0.2638     -0.0973      0.3609
0.471      0.1267      0.2635     -0.0995      0.3599
0.472      0.1250      0.2632     -0.1017      0.3588
0.473      0.1232      0.2629     -0.1039      0.3577
0.474      0.1215      0.2626     -0.1064      0.3566
0.475      0.1197      0.2623     -0.1088      0.3555
0.476      0.1180      0.2620     -0.1113      0.3545
0.477      0.1162      0.2617     -0.1138      0.3534
0.478      0.1144      0.2614     -0.1163      0.3523
0.479      0.1126      0.2611     -0.1188      0.3512
0.480      0.1108      0.2608     -0.1213      0.3500
0.481      0.1090      0.2604     -0.1238      0.3489
0.482      0.1072      0.2601     -0.1261      0.3473
0.483      0.1054      0.2598     -0.1282      0.3453
0.484      0.1036      0.2595     -0.1303      0.3442
0.485      0.1017      0.2592     -0.1327      0.3431
0.486      0.0999      0.2589     -0.1352      0.3420
0.487      0.0981      0.2585     -0.1378      0.3409
0.488      0.0962      0.2582     -0.1403      0.3398
0.489      0.0944      0.2579     -0.1429      0.3387
0.490      0.0925      0.2576     -0.1455      0.3374
0.491      0.0906      0.2572     -0.1478      0.3360
0.492      0.0887      0.2569     -0.1497      0.3347
0.493      0.0869      0.2566     -0.1517      0.3333
0.494      0.0850      0.2562     -0.1536      0.3319
0.495      0.0831      0.2559     -0.1556      0.3306
0.496      0.0812      0.2556     -0.1575      0.3292
0.497      0.0792      0.2552     -0.1595      0.3278
0.498      0.0773      0.2549     -0.1615      0.3264
0.499      0.0754      0.2546     -0.1635      0.3250
0.500      0.0734      0.2542     -0.1657      0.3236
0.501      0.0715      0.2539     -0.1682      0.3225
0.502      0.0695      0.2536     -0.1706      0.3210
0.503      0.0676      0.2532     -0.1730      0.3196
0.504      0.0656      0.2529     -0.1755      0.3181
0.505      0.0636      0.2525     -0.1782      0.3166
0.506      0.0616      0.2522     -0.1811      0.3152
0.507      0.0596      0.2518     -0.1841      0.3137
0.508      0.0576      0.2515     -0.1870      0.3123
0.509      0.0556      0.2511     -0.1894      0.3108
0.510      0.0536      0.2508     -0.1926      0.3094
0.511      0.0516      0.2504     -0.1960      0.3079
0.512      0.0496      0.2501     -0.1988      0.3069
0.513      0.0475      0.2497     -0.2012      0.3055
0.514      0.0455      0.2494     -0.2037      0.3046
0.515      0.0434      0.2490     -0.2061      0.3037
0.516      0.0413      0.2486     -0.2084      0.3027
0.517      0.0392      0.2483     -0.2105      0.3016
0.518      0.0372      0.2479     -0.2135      0.3003
0.519      0.0351      0.2475     -0.2162      0.2985
0.520      0.0330      0.2472     -0.2187      0.2968
0.521      0.0308      0.2468     -0.2216      0.2951
0.522      0.0287      0.2464     -0.2245      0.2936
0.523      0.0266      0.2461     -0.2274      0.2921
0.524      0.0245      0.2457     -0.2303      0.2905
0.525      0.0223      0.2453     -0.2332      0.2890
0.526      0.0201      0.2449     -0.2361      0.2874
0.527      0.0180      0.2446     -0.2391      0.2858
0.528      0.0158      0.2442     -0.2418      0.2846
0.529      0.0136      0.2438     -0.2444      0.2837
0.530      0.0114      0.2434     -0.2470      0.2822
0.531      0.0092      0.2430     -0.2496      0.2806
0.532      0.0070      0.2426     -0.2526      0.2790
0.533      0.0048      0.2423     -0.2558      0.2774
0.534      0.0025      0.2419     -0.2591      0.2758
0.535      0.0003      0.2415     -0.2621      0.2742
0.536     -0.0019      0.2411     -0.2646      0.2734
0.537     -0.0042      0.2407     -0.2679      0.2726
0.538     -0.0065      0.2403     -0.2713      0.2716
0.539     -0.0088      0.2399     -0.2746      0.2705
0.540     -0.0111      0.2395     -0.2780      0.2684
0.541     -0.0134      0.2391     -0.2814      0.2664
0.542     -0.0157      0.2387     -0.2841      0.2643
0.543     -0.0180      0.2383     -0.2869      0.2622
0.544     -0.0203      0.2379     -0.2902      0.2613
0.545     -0.0227      0.2375     -0.2936      0.2603
0.546     -0.0250      0.2371     -0.2970      0.2594
0.547     -0.0274      0.2367     -0.3004      0.2584
0.548     -0.0297      0.2362     -0.3038      0.2574
0.549     -0.0321      0.2358     -0.3071      0.2556
0.550     -0.0345      0.2354     -0.3100      0.2536
0.551     -0.0369      0.2350     -0.3128      0.2516
0.552     -0.0393      0.2346     -0.3158      0.2498
0.553     -0.0418      0.2341     -0.3196      0.2484
0.554     -0.0442      0.2337     -0.3227      0.2470
0.555     -0.0467      0.2333     -0.3258      0.2456
0.556     -0.0491      0.2329     -0.3296      0.2442
0.557     -0.0516      0.2324     -0.3334      0.2428
0.558     -0.0541      0.2320     -0.3368      0.2413
0.559     -0.0566      0.2316     -0.3398      0.2394
0.560     -0.0591      0.2311     -0.3427      0.2374
0.561     -0.0616      0.2307     -0.3457      0.2355
0.562     -0.0641      0.2302     -0.3487      0.2336
0.563     -0.0666      0.2298     -0.3519      0.2323
0.564     -0.0692      0.2294     -0.3558      0.2310
0.565     -0.0718      0.2289     -0.3594      0.2290
0.566     -0.0743      0.2285     -0.3632      0.2269
0.567     -0.0769      0.2280     -0.3671      0.2248
0.568     -0.0795      0.2276     -0.3710      0.2229
0.569     -0.0821      0.2271     -0.3749      0.2215
0.570     -0.0847      0.2266     -0.3786      0.2201
0.571     -0.0874      0.2262     -0.3822      0.2187
0.572     -0.0900      0.2257     -0.3858      0.2172
0.573     -0.0927      0.2253     -0.3901      0.2153
0.574     -0.0954      0.2248     -0.3947      0.2134
0.575     -0.0980      0.2243     -0.3987      0.2115
0.576     -0.1007      0.2239     -0.4027      0.2095
0.577     -0.1034      0.2234     -0.4068      0.2076
0.578     -0.1062      0.2229     -0.4108      0.2056
0.579     -0.1089      0.2224     -0.4149      0.2036
0.580     -0.1116      0.2220     -0.4190      0.2016
0.581     -0.1144      0.2215     -0.4232      0.1996
0.582     -0.1172      0.2210     -0.4264      0.1976
0.583     -0.1200      0.2205     -0.4297      0.1956
0.584     -0.1228      0.2200     -0.4330      0.1936
0.585     -0.1256      0.2195     -0.4364      0.1916
0.586     -0.1284      0.2190     -0.4407      0.1895
0.587     -0.1313      0.2185     -0.4442      0.1875
0.588     -0.1341      0.2180     -0.4483      0.1854
0.589     -0.1370      0.2175     -0.4528      0.1836
0.590     -0.1399      0.2170     -0.4565      0.1817
0.591     -0.1428      0.2165     -0.4602      0.1803
0.592     -0.1457      0.2160     -0.4640      0.1791
0.593     -0.1486      0.2155     -0.4678      0.1778
0.594     -0.1515      0.2150     -0.4715      0.1758
0.595     -0.1545      0.2145     -0.4759      0.1735
0.596     -0.1575      0.2140     -0.4804      0.1712
0.597     -0.1604      0.2134     -0.4849      0.1688
0.598     -0.1634      0.2129     -0.4894      0.1666
0.599     -0.1665      0.2124     -0.4932      0.1654
0.600     -0.1695      0.2119     -0.4970      0.1641
0.601     -0.1725      0.2113     -0.5009      0.1628
0.602     -0.1756      0.2108     -0.5047      0.1615
0.603     -0.1787      0.2103     -0.5086      0.1594
0.604     -0.1818      0.2097     -0.5129      0.1574
0.605     -0.1849      0.2092     -0.5178      0.1553
0.606     -0.1880      0.2086     -0.5227      0.1532
0.607     -0.1911      0.2081     -0.5276      0.1511
0.608     -0.1943      0.2075     -0.5321      0.1490
0.609     -0.1975      0.2070     -0.5364      0.1468
0.610     -0.2006      0.2064     -0.5407      0.1447
0.611     -0.2038      0.2059     -0.5450      0.1426
0.612     -0.2071      0.2053     -0.5493      0.1404
0.613     -0.2103      0.2047     -0.5540      0.1382
0.614     -0.2135      0.2042     -0.5589      0.1360
0.615     -0.2168      0.2036     -0.5638      0.1340
0.616     -0.2201      0.2030     -0.5687      0.1321
0.617     -0.2234      0.2025     -0.5736      0.1302
0.618     -0.2267      0.2019     -0.5786      0.1284
0.619     -0.2301      0.2013     -0.5836      0.1265
0.620     -0.2334      0.2007     -0.5886      0.1249
0.621     -0.2368      0.2001     -0.5934      0.1233
0.622     -0.2402      0.1995     -0.5986      0.1210
0.623     -0.2436      0.1989     -0.6038      0.1189
0.624     -0.2470      0.1983     -0.6089      0.1169
0.625     -0.2505      0.1977     -0.6139      0.1151
0.626     -0.2539      0.1971     -0.6187      0.1136
0.627     -0.2574      0.1965     -0.6234      0.1112
0.628     -0.2609      0.1959     -0.6281      0.1091
0.629     -0.2644      0.1953     -0.6329      0.1071
0.630     -0.2680      0.1947     -0.6377      0.1051
0.631     -0.2715      0.1941     -0.6427      0.1031
0.632     -0.2751      0.1934     -0.6479      0.1014
0.633     -0.2787      0.1928     -0.6531      0.0996
0.634     -0.2823      0.1922     -0.6584      0.0979
0.635     -0.2860      0.1915     -0.6636      0.0961
0.636     -0.2896      0.1909     -0.6690      0.0944
0.637     -0.2933      0.1903     -0.6743      0.0926
0.638     -0.2970      0.1896     -0.6797      0.0908
0.639     -0.3007      0.1890     -0.6851      0.0890
0.640     -0.3045      0.1883     -0.6905      0.0872
0.641     -0.3082      0.1877     -0.6960      0.0851
0.642     -0.3120      0.1870     -0.7015      0.0826
0.643     -0.3158      0.1863     -0.7070      0.0801
0.644     -0.3196      0.1857     -0.7126      0.0775
0.645     -0.3235      0.1850     -0.7182      0.0750
0.646     -0.3273      0.1843     -0.7233      0.0722
0.647     -0.3312      0.1837     -0.7284      0.0694
0.648     -0.3351      0.1830     -0.7335      0.0672
0.649     -0.3391      0.1823     -0.7387      0.0650
0.650     -0.3430      0.1816     -0.7439      0.0628
0.651     -0.3470      0.1809     -0.7494      0.0599
0.652     -0.3510      0.1802     -0.7552      0.0579
0.653     -0.3550      0.1795     -0.7610      0.0560
0.654     -0.3591      0.1788     -0.7669      0.0537
0.655     -0.3631      0.1781     -0.7728      0.0515
0.656     -0.3672      0.1774     -0.7787      0.0491
0.657     -0.3713      0.1767     -0.7852      0.0468
0.658     -0.3755      0.1759     -0.7911      0.0445
0.659     -0.3797      0.1752     -0.7971      0.0423
0.660     -0.3838      0.1745     -0.8030      0.0400
0.661     -0.3881      0.1737     -0.8099      0.0379
0.662     -0.3923      0.1730     -0.8162      0.0355
0.663     -0.3966      0.1723     -0.8226      0.0332
0.664     -0.4009      0.1715     -0.8285      0.0309
0.665     -0.4052      0.1708     -0.8345      0.0286
0.666     -0.4095      0.1700     -0.8405      0.0262
0.667     -0.4139      0.1692     -0.8466      0.0239
0.668     -0.4183      0.1685     -0.8527      0.0215
0.669     -0.4227      0.1677     -0.8590      0.0192
0.670     -0.4272      0.1669     -0.8655      0.0168
0.671     -0.4316      0.1661     -0.8722      0.0144
0.672     -0.4361      0.1654     -0.8790      0.0118
0.673     -0.4407      0.1646     -0.8853      0.0090
0.674     -0.4452      0.1638     -0.8916      0.0061
0.675     -0.4498      0.1630     -0.8982      0.0033
0.676     -0.4544      0.1622     -0.9049      0.0005
0.677     -0.4591      0.1614     -0.9116     -0.0024
0.678     -0.4637      0.1605     -0.9184     -0.0046
0.679     -0.4684      0.1597     -0.9252     -0.0062
0.680     -0.4732      0.1589     -0.9325     -0.0079
0.681     -0.4779      0.1581     -0.9398     -0.0105
0.682     -0.4827      0.1572     -0.9471     -0.0130
0.683     -0.4875      0.1564     -0.9537     -0.0155
0.684     -0.4924      0.1555     -0.9602     -0.0177
0.685     -0.4973      0.1547     -0.9669     -0.0199
0.686     -0.5022      0.1538     -0.9740     -0.0220
0.687     -0.5071      0.1530     -0.9812     -0.0242
0.688     -0.5121      0.1521     -0.9884     -0.0265
0.689     -0.5171      0.1512     -0.9956     -0.0287
0.690     -0.5221      0.1504     -1.0029     -0.0309
0.691     -0.5272      0.1495     -1.0103     -0.0332
0.692     -0.5323      0.1486     -1.0177     -0.0354
0.693     -0.5375      0.1477     -1.0251     -0.0381
0.694     -0.5426      0.1468     -1.0326     -0.0412
0.695     -0.5478      0.1459     -1.0401     -0.0436
0.696     -0.5531      0.1450     -1.0477     -0.0458
0.697     -0.5584      0.1440     -1.0554     -0.0490
0.698     -0.5637      0.1431     -1.0630     -0.0523
0.699     -0.5690      0.1422     -1.0708     -0.0557
0.700     -0.5744      0.1412     -1.0786     -0.0590
0.701     -0.5798      0.1403     -1.0864     -0.0624
0.702     -0.5853      0.1393     -1.0943     -0.0658
0.703     -0.5907      0.1384     -1.1022     -0.0692
0.704     -0.5963      0.1374     -1.1098     -0.0727
0.705     -0.6018      0.1365     -1.1178     -0.0762
0.706     -0.6074      0.1355     -1.1262     -0.0797
0.707     -0.6131      0.1345     -1.1345     -0.0830
0.708     -0.6188      0.1335     -1.1428     -0.0859
0.709     -0.6245      0.1325     -1.1511     -0.0884
0.710     -0.6302      0.1315     -1.1594     -0.0913
0.711     -0.6360      0.1305     -1.1678     -0.0936
0.712     -0.6419      0.1295     -1.1762     -0.0969
0.713     -0.6477      0.1284     -1.1848     -0.1003
0.714     -0.6537      0.1274     -1.1933     -0.1037
0.715     -0.6596      0.1264     -1.2020     -0.1071
0.716     -0.6656      0.1253     -1.2106     -0.1106
0.717     -0.6717      0.1243     -1.2196     -0.1141
0.718     -0.6778      0.1232     -1.2293     -0.1176
0.719     -0.6839      0.1221     -1.2390     -0.1210
0.720     -0.6901      0.1211     -1.2485     -0.1243
0.721     -0.6963      0.1200     -1.2568     -0.1276
0.722     -0.7026      0.1189     -1.2655     -0.1309
0.723     -0.7089      0.1178     -1.2752     -0.1338
0.724     -0.7152      0.1167     -1.2850     -0.1367
0.725     -0.7216      0.1156     -1.2949     -0.1403
0.726     -0.7281      0.1144     -1.3049     -0.1443
0.727     -0.7346      0.1133     -1.3149     -0.1482
0.728     -0.7411      0.1122     -1.3246     -0.1517
0.729     -0.7477      0.1110     -1.3341     -0.1552
0.730     -0.7543      0.1099     -1.3436     -0.1588
0.731     -0.7610      0.1087     -1.3532     -0.1624
0.732     -0.7678      0.1075     -1.3629     -0.1660
0.733     -0.7746      0.1063     -1.3727     -0.1696
0.734     -0.7814      0.1051     -1.3825     -0.1733
0.735     -0.7883      0.1039     -1.3924     -0.1770
0.736     -0.7952      0.1027     -1.4023     -0.1807
0.737     -0.8022      0.1015     -1.4124     -0.1845
0.738     -0.8093      0.1003     -1.4225     -0.1883
0.739     -0.8164      0.0990     -1.4327     -0.1921
0.740     -0.8236      0.0978     -1.4438     -0.1959
0.741     -0.8308      0.0965     -1.4547     -0.1998
0.742     -0.8380      0.0953     -1.4647     -0.2037
0.743     -0.8454      0.0940     -1.4755     -0.2076
0.744     -0.8528      0.0927     -1.4872     -0.2116
0.745     -0.8602      0.0914     -1.4983     -0.2156
0.746     -0.8677      0.0901     -1.5092     -0.2196
0.747     -0.8753      0.0888     -1.5202     -0.2237
0.748     -0.8829      0.0874     -1.5313     -0.2277
0.749     -0.8906      0.0861     -1.5424     -0.2319
0.750     -0.8983      0.0847     -1.5537     -0.2360
0.751     -0.9061      0.0834     -1.5650     -0.2402
0.752     -0.9140      0.0820     -1.5765     -0.2444
0.753     -0.9219      0.0806     -1.5880     -0.2487
0.754     -0.9299      0.0792     -1.5996     -0.2530
0.755     -0.9380      0.0778     -1.6113     -0.2573
0.756     -0.9461      0.0764     -1.6233     -0.2617
0.757     -0.9543      0.0750     -1.6358     -0.2665
0.758     -0.9626      0.0735     -1.6477     -0.2715
0.759     -0.9709      0.0721     -1.6593     -0.2766
0.760     -0.9793      0.0706     -1.6714     -0.2817
0.761     -0.9878      0.0691     -1.6840     -0.2869
0.762     -0.9963      0.0677     -1.6969     -0.2921
0.763     -1.0049      0.0662     -1.7100     -0.2973
0.764     -1.0136      0.0646     -1.7231     -0.3026
0.765     -1.0224      0.0631     -1.7363     -0.3080
0.766     -1.0312      0.0616     -1.7497     -0.3134
0.767     -1.0401      0.0600     -1.7632     -0.3184
0.768     -1.0491      0.0584     -1.7768     -0.3227
0.769     -1.0582      0.0569     -1.7905     -0.3270
0.770     -1.0673      0.0553     -1.8043     -0.3314
0.771     -1.0765      0.0537     -1.8183     -0.3360
0.772     -1.0858      0.0520     -1.8323     -0.3419
0.773     -1.0952      0.0504     -1.8465     -0.3479
0.774     -1.1047      0.0487     -1.8608     -0.3539
0.775     -1.1143      0.0471     -1.8753     -0.3600
0.776     -1.1239      0.0454     -1.8899     -0.3652
0.777     -1.1336      0.0437     -1.9046     -0.3693
0.778     -1.1434      0.0420     -1.9194     -0.3735
0.779     -1.1533      0.0403     -1.9344     -0.3776
0.780     -1.1633      0.0385     -1.9495     -0.3819
0.781     -1.1734      0.0368     -1.9648     -0.3861
0.782     -1.1836      0.0350     -1.9801     -0.3904
0.783     -1.1939      0.0332     -1.9957     -0.3948
0.784     -1.2042      0.0314     -2.0113     -0.4002
0.785     -1.2147      0.0296     -2.0272     -0.4058
0.786     -1.2252      0.0277     -2.0431     -0.4115
0.787     -1.2359      0.0259     -2.0590     -0.4172
0.788     -1.2467      0.0240     -2.0750     -0.4229
0.789     -1.2575      0.0221     -2.0911     -0.4288
0.790     -1.2685      0.0202     -2.1074     -0.4347
0.791     -1.2796      0.0182     -2.1238     -0.4407
0.792     -1.2907      0.0163     -2.1404     -0.4471
0.793     -1.3020      0.0143     -2.1571     -0.4536
0.794     -1.3134      0.0123     -2.1741     -0.4600
0.795     -1.3249      0.0103     -2.1909     -0.4663
0.796     -1.3365      0.0083     -2.2073     -0.4730
0.797     -1.3483      0.0063     -2.2238     -0.4797
0.798     -1.3601      0.0042     -2.2405     -0.4866
0.799     -1.3721      0.0021     -2.2573     -0.4935
0.800     -1.3842      0.0000     -2.2743     -0.5004
0.801     -1.3964     -0.0021     -2.2915     -0.5075
0.802     -1.4087     -0.0043     -2.3089     -0.5146
0.803     -1.4212     -0.0065     -2.3264     -0.5217
0.804     -1.4338     -0.0086     -2.3441     -0.5290
0.805     -1.4465     -0.0109     -2.3625     -0.5363
0.806     -1.4593     -0.0131     -2.3816     -0.5437
0.807     -1.4723     -0.0154     -2.4008     -0.5512
0.808     -1.4854     -0.0177     -2.4202     -0.5588
0.809     -1.4987     -0.0200     -2.4399     -0.5664
0.810     -1.5120     -0.0223     -2.4597     -0.5735
0.811     -1.5256     -0.0247     -2.4798     -0.5798
0.812     -1.5392     -0.0270     -2.5000     -0.5862
0.813     -1.5531     -0.0295     -2.5205     -0.5926
0.814     -1.5670     -0.0319     -2.5412     -0.5992
0.815     -1.5812     -0.0344     -2.5621     -0.6057
0.816     -1.5954     -0.0368     -2.5833     -0.6124
0.817     -1.6099     -0.0394     -2.6047     -0.6191
0.818     -1.6244     -0.0419     -2.6263     -0.6259
0.819     -1.6392     -0.0445     -2.6481     -0.6336
0.820     -1.6541     -0.0471     -2.6702     -0.6416
0.821     -1.6692     -0.0497     -2.6926     -0.6497
0.822     -1.6844     -0.0524     -2.7152     -0.6578
0.823     -1.6999     -0.0551     -2.7380     -0.6661
0.824     -1.7155     -0.0578     -2.7611     -0.6745
0.825     -1.7312     -0.0605     -2.7845     -0.6830
0.826     -1.7472     -0.0633     -2.8082     -0.6915
0.827     -1.7633     -0.0661     -2.8321     -0.7008
0.828     -1.7797     -0.0690     -2.8563     -0.7101
0.829     -1.7962     -0.0719     -2.8807     -0.7183
0.830     -1.8129     -0.0748     -2.9058     -0.7268
0.831     -1.8298     -0.0777     -2.9313     -0.7358
0.832     -1.8469     -0.0807     -2.9565     -0.7450
0.833     -1.8642     -0.0837     -2.9831     -0.7543
0.834     -1.8818     -0.0868     -3.0095     -0.7637
0.835     -1.8995     -0.0899     -3.0362     -0.7732
0.836     -1.9175     -0.0930     -3.0633     -0.7829
0.837     -1.9356     -0.0962     -3.0906     -0.7926
0.838     -1.9540     -0.0994     -3.1184     -0.8025
0.839     -1.9727     -0.1026     -3.1464     -0.8125
0.840     -1.9915     -0.1059     -3.1748     -0.8226
0.841     -2.0106     -0.1093     -3.2036     -0.8329
0.842     -2.0300     -0.1126     -3.2327     -0.8432
0.843     -2.0496     -0.1161     -3.2619     -0.8538
0.844     -2.0694     -0.1195     -3.2902     -0.8644
0.845     -2.0895     -0.1230     -3.3188     -0.8752
0.846     -2.1098     -0.1266     -3.3478     -0.8861
0.847     -2.1305     -0.1302     -3.3771     -0.8972
0.848     -2.1514     -0.1338     -3.4071     -0.9084
0.849     -2.1725     -0.1375     -3.4384     -0.9197
0.850     -2.1940     -0.1412     -3.4702     -0.9312
0.851     -2.2157     -0.1450     -3.5024     -0.9429
0.852     -2.2377     -0.1489     -3.5351     -0.9547
0.853     -2.2601     -0.1528     -3.5682     -0.9667
0.854     -2.2827     -0.1567     -3.6017     -0.9789
0.855     -2.3057     -0.1607     -3.6357     -0.9914
0.856     -2.3289     -0.1648     -3.6698     -1.0044
0.857     -2.3525     -0.1689     -3.7034     -1.0163
0.858     -2.3765     -0.1731     -3.7385     -1.0292
0.859     -2.4007     -0.1773     -3.7748     -1.0422
0.860     -2.4253     -0.1816     -3.8116     -1.0554
0.861     -2.4503     -0.1860     -3.8489     -1.0688
0.862     -2.4756     -0.1904     -3.8867     -1.0824
0.863     -2.5013     -0.1949     -3.9251     -1.0968
0.864     -2.5274     -0.1994     -3.9641     -1.1115
0.865     -2.5539     -0.2040     -4.0035     -1.1264
0.866     -2.5807     -0.2087     -4.0433     -1.1416
0.867     -2.6080     -0.2135     -4.0837     -1.1570
0.868     -2.6357     -0.2183     -4.1247     -1.1726
0.869     -2.6638     -0.2232     -4.1664     -1.1884
0.870     -2.6923     -0.2282     -4.2087     -1.2045
0.871     -2.7213     -0.2332     -4.2516     -1.2208
0.872     -2.7507     -0.2383     -4.2956     -1.2374
0.873     -2.7806     -0.2436     -4.3411     -1.2543
0.874     -2.8110     -0.2489     -4.3873     -1.2714
0.875     -2.8418     -0.2542     -4.4339     -1.2875
0.876     -2.8732     -0.2597     -4.4808     -1.3030
0.877     -2.9050     -0.2653     -4.5283     -1.3187
0.878     -2.9374     -0.2709     -4.5758     -1.3348
0.879     -2.9703     -0.2766     -4.6242     -1.3510
0.880     -3.0038     -0.2825     -4.6733     -1.3676
0.881     -3.0378     -0.2884     -4.7233     -1.3844
0.882     -3.0724     -0.2945     -4.7741     -1.4026
0.883     -3.1076     -0.3006     -4.8258     -1.4215
0.884     -3.1434     -0.3068     -4.8784     -1.4407
0.885     -3.1798     -0.3132     -4.9319     -1.4602
0.886     -3.2169     -0.3197     -4.9863     -1.4801
0.887     -3.2546     -0.3262     -5.0419     -1.5003
0.888     -3.2930     -0.3329     -5.0987     -1.5209
0.889     -3.3321     -0.3397     -5.1567     -1.5427
0.890     -3.3719     -0.3467     -5.2156     -1.5650
0.891     -3.4124     -0.3538     -5.2757     -1.5877
0.892     -3.4537     -0.3610     -5.3368     -1.6108
0.893     -3.4957     -0.3683     -5.3991     -1.6337
0.894     -3.5385     -0.3758     -5.4626     -1.6549
0.895     -3.5822     -0.3834     -5.5273     -1.6765
0.896     -3.6267     -0.3911     -5.5932     -1.7000
0.897     -3.6720     -0.3990     -5.6604     -1.7255
0.898     -3.7183     -0.4071     -5.7290     -1.7502
0.899     -3.7655     -0.4153     -5.7989     -1.7745
0.900     -3.8136     -0.4237     -5.8702     -1.8003
0.901     -3.8626     -0.4323     -5.9429     -1.8266
0.902     -3.9127     -0.4410     -6.0171     -1.8535
0.903     -3.9638     -0.4499     -6.0928     -1.8809
0.904     -4.0160     -0.4590     -6.1701     -1.9089
0.905     -4.0693     -0.4683     -6.2491     -1.9375
0.906     -4.1237     -0.4778     -6.3297     -1.9667
0.907     -4.1793     -0.4875     -6.4121     -1.9965
0.908     -4.2361     -0.4974     -6.4962     -2.0270
0.909     -4.2941     -0.5075     -6.5822     -2.0580
0.910     -4.3534     -0.5179     -6.6701     -2.0872
0.911     -4.4141     -0.5285     -6.7600     -2.1171
0.912     -4.4761     -0.5393     -6.8519     -2.1476
0.913     -4.5396     -0.5504     -6.9460     -2.1807
0.914     -4.6045     -0.5617     -7.0422     -2.2170
0.915     -4.6710     -0.5733     -7.1407     -2.2541
0.916     -4.7390     -0.5852     -7.2416     -2.2921
0.917     -4.8087     -0.5973     -7.3448     -2.3310
0.918     -4.8801     -0.6098     -7.4506     -2.3709
0.919     -4.9533     -0.6225     -7.5590     -2.4118
0.920     -5.0282     -0.6356     -7.6701     -2.4520
0.921     -5.1051     -0.6490     -7.7840     -2.4939
0.922     -5.1840     -0.6628     -7.9009     -2.5378
0.923     -5.2649     -0.6769     -8.0208     -2.5827
0.924     -5.3479     -0.6913     -8.1438     -2.6258
0.925     -5.4332     -0.7062     -8.2701     -2.6701
0.926     -5.5207     -0.7215     -8.3998     -2.7163
0.927     -5.6106     -0.7372     -8.5331     -2.7645
0.928     -5.7031     -0.7533     -8.6701     -2.8141
0.929     -5.7981     -0.7699     -8.8109     -2.8651
0.930     -5.8959     -0.7869     -8.9558     -2.9176
0.931     -5.9965     -0.8045     -9.1049     -2.9716
0.932     -6.1000     -0.8225     -9.2583     -3.0271
0.933     -6.2067     -0.8411     -9.4163     -3.0844
0.934     -6.3166     -0.8603     -9.5792     -3.1433
0.935     -6.4298     -0.8801     -9.7470     -3.2041
0.936     -6.5466     -0.9004     -9.9201     -3.2668
0.937     -6.6671     -0.9214    -10.0986     -3.3314
0.938     -6.7915     -0.9431    -10.2829     -3.3982
0.939     -6.9200     -0.9655    -10.4733     -3.4671
0.940     -7.0527     -0.9887    -10.6700     -3.5361
0.941     -7.1900     -1.0126    -10.8743     -3.6072
0.942     -7.3320     -1.0374    -11.0855     -3.6808
0.943     -7.4789     -1.0630    -11.3042     -3.7569
0.944     -7.6312     -1.0896    -11.5308     -3.8357
0.945     -7.7889     -1.1171    -11.7655     -3.9174
0.946     -7.9525     -1.1456    -12.0090     -4.0022
0.947     -8.1223     -1.1752    -12.2616     -4.0903
0.948     -8.2986     -1.2060    -12.5240     -4.1862
0.949     -8.4818     -1.2380    -12.7966     -4.2858
0.950     -8.6723     -1.2712    -13.0801     -4.3894
0.951     -8.8706     -1.3058    -13.3752     -4.4972
0.952     -9.0772     -1.3418    -13.6826     -4.6095
0.953     -9.2926     -1.3794    -14.0032     -4.7266
0.954     -9.5173     -1.4186    -14.3376     -4.8488
0.955     -9.7521     -1.4595    -14.6869     -4.9764
0.956     -9.9974     -1.5023    -15.0520     -5.1098
0.957    -10.2542     -1.5471    -15.4342     -5.2494
0.958    -10.5233     -1.5940    -15.8345     -5.3957
0.959    -10.8055     -1.6432    -16.2544     -5.5491
0.960    -11.1017     -1.6949    -16.6953     -5.7101
0.961    -11.4132     -1.7492    -17.1588     -5.8780
0.962    -11.7410     -1.8064    -17.6467     -6.0540
0.963    -12.0866     -1.8667    -18.1609     -6.2394
0.964    -12.4514     -1.9303    -18.7037     -6.4351
0.965    -12.8370     -1.9976    -19.2776     -6.6420
0.966    -13.2453     -2.0688    -19.8845     -6.8611
0.967    -13.6783     -2.1443    -20.5273     -7.0935
0.968    -14.1385     -2.2246    -21.2090     -7.3404
0.969    -14.6282     -2.3100    -21.9342     -7.6031
0.970    -15.1507     -2.4011    -22.7079     -7.8835
0.971    -15.7092     -2.4985    -23.5350     -8.1832
0.972    -16.3076     -2.6029    -24.4210     -8.5042
0.973    -16.9502     -2.7150    -25.3727     -8.8491
0.974    -17.6424     -2.8357    -26.3976     -9.2205
0.975    -18.3899     -2.9661    -27.5045     -9.6203
0.976    -19.1997     -3.1074    -28.7037    -10.0512
0.977    -20.0799     -3.2609    -30.0072    -10.5195
0.978    -21.0401     -3.4284    -31.4291    -11.0304
0.979    -22.0917     -3.6118    -32.9864    -11.5900
0.980    -23.2486     -3.8136    -34.6995    -12.2055
0.981    -24.5273     -4.0366    -36.5930    -12.8860
0.982    -25.9479     -4.2844    -38.6968    -13.6418
0.983    -27.5358     -4.5613    -41.0481    -14.4867
0.984    -29.3221     -4.8729    -43.6932    -15.4373
0.985    -31.3467     -5.2260    -46.6913    -16.5146
0.986    -33.6603     -5.6296    -50.1173    -17.7455
0.987    -36.3300     -6.0952    -54.0707    -19.1661
0.988    -39.4446     -6.6384    -58.6829    -20.8234
0.989    -43.1253     -7.2805    -64.1334    -22.7819
0.990    -47.5427     -8.0509    -70.6748    -25.1324
0.991    -52.9414     -8.9925    -78.6695    -28.0051
0.992    -59.6894    -10.1696    -88.6683    -31.5954
0.993    -68.3659    -11.6829   -101.5253    -36.2122
0.994    -79.9345    -13.7006   -118.6681    -42.3680
0.995    -96.1306    -16.5256   -142.6678    -50.9855
0.996   -120.4249    -20.7631   -178.6680    -63.9126
0.997   -160.9158    -27.8252   -238.6680    -85.4583
0.998   -241.8988    -41.9492   -358.6716   -128.5487
0.999   -484.8579    -84.3305   -718.7280   -257.8171
