0.001    -74.1090    -96.5182    -89.8769    -58.3955
0.002    -36.6222    -47.7882    -44.4941    -28.7872
0.003    -24.1266    -31.5449    -29.3665    -18.9178
0.004    -17.8788    -23.4233    -21.8027    -13.9831
0.005    -14.1301    -18.5503    -17.2644    -11.0138
0.006    -11.6310    -15.3016    -14.2389     -9.0311
0.007     -9.8459    -12.9812    -12.0778     -7.6148
0.008     -8.5071    -11.2408    -10.4570     -6.5526
0.009     -7.4658     -9.8872     -9.1966     -5.7265
0.010     -6.6328     -8.8043     -8.1888     -5.0656
0.011     -5.9512     -7.9183     -7.3637     -4.5248
0.012     -5.3832     -7.1800     -6.6759     -4.0742
0.013     -4.9026     -6.5552     -6.0940     -3.6935
0.014     -4.4907     -6.0197     -5.5952     -3.3711
0.015     -4.1337     -5.5556     -5.1629     -3.0917
0.016     -3.8213     -5.1496     -4.7847     -2.8471
0.017     -3.5456     -4.7913     -4.4510     -2.6301
0.018     -3.3006     -4.4728     -4.1538     -2.4355
0.019     -3.0814     -4.1878     -3.8884     -2.2615
0.020     -2.8841     -3.9313     -3.6500     -2.1048
0.021     -2.7056     -3.6993     -3.4339     -1.9630
0.022     -2.5433     -3.4883     -3.2374     -1.8350
0.023     -2.3951     -3.2957     -3.0580     -1.7178
0.024     -2.2593     -3.1191     -2.8936     -1.6096
0.025     -2.1344     -2.9567     -2.7423     -1.5101
0.026     -2.0190     -2.8068     -2.6026     -1.4182
0.027     -1.9122     -2.6679     -2.4733     -1.3331
0.028     -1.8131     -2.5390     -2.3529     -1.2543
0.029     -1.7207     -2.4190     -2.2411     -1.1810
0.030     -1.6345     -2.3070     -2.1368     -1.1126
0.031     -1.5539     -2.2022     -2.0392     -1.0486
0.032     -1.4784     -2.1039     -1.9480     -0.9899
0.033     -1.4074     -2.0116     -1.8620     -0.9351
0.034     -1.3405     -1.9248     -1.7811     -0.8835
0.035     -1.2775     -1.8429     -1.7048     -0.8349
0.036     -1.2180     -1.7655     -1.6328     -0.7889
0.037     -1.1617     -1.6924     -1.5646     -0.7455
0.038     -1.1084     -1.6231     -1.5005     -0.7043
0.039     -1.0578     -1.5573     -1.4390     -0.6653
0.040     -1.0098     -1.4948     -1.3806     -0.6282
0.041     -0.9641     -1.4354     -1.3251     -0.5929
0.042     -0.9205     -1.3788     -1.2723     -0.5593
0.043     -0.8790     -1.3248     -1.2221     -0.5267
0.044     -0.8394     -1.2733     -1.1741     -0.4956
0.045     -0.8015     -1.2241     -1.1284     -0.4658
0.046     -0.7653     -1.1770     -1.0846     -0.4373
0.047     -0.7306     -1.1319     -1.0426     -0.4101
0.048     -0.6974     -1.0887     -1.0024     -0.3839
0.049     -0.6655     -1.0473     -0.9640     -0.3589
0.050     -0.6349     -1.0075     -0.9275     -0.3348
0.051     -0.6055     -0.9693     -0.8924     -0.3117
0.052     -0.5772     -0.9325     -0.8586     -0.2895
0.053     -0.5500     -0.8972     -0.8259     -0.2681
0.054     -0.5238     -0.8631     -0.7935     -0.2475
0.055     -0.4986     -0.8303     -0.7631     -0.2276
0.056     -0.4742     -0.7987     -0.7338     -0.2082
0.057     -0.4508     -0.7681     -0.7055     -0.1894
0.058     -0.4281     -0.7387     -0.6782     -0.1713
0.059     -0.4062     -0.7102     -0.6513     -0.1539
0.060     -0.3850     -0.6827     -0.6255     -0.1370
0.061     -0.3645     -0.6560     -0.6015     -0.1207
0.062     -0.3447     -0.6303     -0.5779     -0.1051
0.063     -0.3255     -0.6053     -0.5547     -0.0904
0.064     -0.3069     -0.5811     -0.5321     -0.0752
0.065     -0.2889     -0.5577     -0.5107     -0.0605
0.066     -0.2714     -0.5350     -0.4897     -0.0464
0.067     -0.2544     -0.5129     -0.4692     -0.0329
0.068     -0.2380     -0.4916     -0.4494     -0.0198
0.069     -0.2220     -0.4708     -0.4301     -0.0070
0.070     -0.2065     -0.4506     -0.4115      0.0053
0.071     -0.1914     -0.4310     -0.3934      0.0174
0.072     -0.1767     -0.4119     -0.3757      0.0291
0.073     -0.1625     -0.3934     -0.3585      0.0404
0.074     -0.1486     -0.3753     -0.3418      0.0515
0.075     -0.1351     -0.3578     -0.3256      0.0623
0.076     -0.1219     -0.3407     -0.3098      0.0728
0.077     -0.1091     -0.3240     -0.2943      0.0830
0.078     -0.0966     -0.3078     -0.2793      0.0929
0.079     -0.0845     -0.2920     -0.2647      0.1026
0.080     -0.0726     -0.2766     -0.2504      0.1121
0.081     -0.0610     -0.2615     -0.2365      0.1210
0.082     -0.0497     -0.2469     -0.2229      0.1296
0.083     -0.0387     -0.2325     -0.2096      0.1381
0.084     -0.0280     -0.2186     -0.1965      0.1469
0.085     -0.0175     -0.2049     -0.1837      0.1555
0.086     -0.0072     -0.1916     -0.1715      0.1639
0.087      0.0028     -0.1785     -0.1596      0.1721
0.088      0.0126     -0.1658     -0.1478      0.1801
0.089      0.0222     -0.1534     -0.1363      0.1880
0.090      0.0315     -0.1412     -0.1251      0.1957
0.091      0.0407     -0.1293     -0.1140      0.2032
0.092      0.0496     -0.1177     -0.1033      0.2105
0.093      0.0584     -0.1063     -0.0927      0.2177
0.094      0.0670     -0.0951     -0.0824      0.2247
0.095      0.0754     -0.0842     -0.0723      0.2316
0.096      0.0836     -0.0735     -0.0625      0.2383
0.097      0.0916     -0.0631     -0.0530      0.2449
0.098      0.0995     -0.0528     -0.0437      0.2513
0.099      0.1073     -0.0428     -0.0344      0.2577
0.100      0.1148     -0.0329     -0.0252      0.2639
0.101      0.1223     -0.0233     -0.0162      0.2699
0.102      0.1295     -0.0138     -0.0074      0.2759
0.103      0.1367     -0.0045      0.0008      0.2817
0.104      0.1437      0.0046      0.0091      0.2875
0.105      0.1505      0.0135      0.0175      0.2931
0.106      0.1573      0.0222      0.0256      0.2986
0.107      0.1639      0.0308      0.0334      0.3040
0.108      0.1704      0.0393      0.0411      0.3093
0.109      0.1767      0.0476      0.0486      0.3145
0.110      0.1830      0.0557      0.0560      0.3196
0.111      0.1891      0.0637      0.0633      0.3242
0.112      0.1952      0.0715      0.0706      0.3288
0.113      0.2011      0.0792      0.0777      0.3334
0.114      0.2069      0.0868      0.0847      0.3378
0.115      0.2126      0.0942      0.0913      0.3421
0.116      0.2182      0.1015      0.0978      0.3464
0.117      0.2238      0.1087      0.1042      0.3506
0.118      0.2292      0.1157      0.1105      0.3548
0.119      0.2345      0.1227      0.1170      0.3588
0.120      0.2398      0.1295      0.1235      0.3628
0.121      0.2450      0.1362      0.1294      0.3668
0.122      0.2500      0.1428      0.1351      0.3706
0.123      0.2550      0.1493      0.1412      0.3744
0.124      0.2599      0.1557      0.1471      0.3780
0.125      0.2648      0.1620      0.1527      0.3817
0.126      0.2695      0.1682      0.1583      0.3853
0.127      0.2742      0.1743      0.1638      0.3889
0.128      0.2788      0.1803      0.1691      0.3924
0.129      0.2834      0.1862      0.1744      0.3959
0.130      0.2879      0.1920      0.1796      0.3994
0.131      0.2923      0.1977      0.1848      0.4028
0.132      0.2966      0.2033      0.1900      0.4061
0.133      0.3009      0.2089      0.1950      0.4094
0.134      0.3051      0.2144      0.2000      0.4131
0.135      0.3092      0.2198      0.2048      0.4165
0.136      0.3133      0.2251      0.2095      0.4198
0.137      0.3173      0.2303      0.2141      0.4230
0.138      0.3213      0.2354      0.2186      0.4261
0.139      0.3252      0.2405      0.2232      0.4293
0.140      0.3290      0.2455      0.2278      0.4323
0.141      0.3328      0.2505      0.2323      0.4354
0.142      0.3366      0.2553      0.2367      0.4383
0.143      0.3403      0.2601      0.2411      0.4413
0.144      0.3439      0.2649      0.2455      0.4442
0.145      0.3475      0.2695      0.2499      0.4471
0.146      0.3511      0.2741      0.2542      0.4500
0.147      0.3545      0.2787      0.2583      0.4529
0.148      0.3580      0.2832      0.2624      0.4558
0.149      0.3614      0.2876      0.2664      0.4586
0.150      0.3647      0.2919      0.2703      0.4613
0.151      0.3681      0.2963      0.2741      0.4641
0.152      0.3713      0.3005      0.2780      0.4668
0.153      0.3745      0.3047      0.2816      0.4692
0.154      0.3777      0.3088      0.2852      0.4716
0.155      0.3809      0.3129      0.2887      0.4739
0.156      0.3840      0.3169      0.2922      0.4762
0.157      0.3870      0.3209      0.2956      0.4786
0.158      0.3901      0.3248      0.2990      0.4810
0.159      0.3930      0.3287      0.3024      0.4835
0.160      0.3960      0.3326      0.3057      0.4860
0.161      0.3989      0.3363      0.3091      0.4884
0.162      0.4018      0.3401      0.3127      0.4908
0.163      0.4046      0.3438      0.3162      0.4932
0.164      0.4074      0.3474      0.3197      0.4955
0.165      0.4102      0.3510      0.3231      0.4978
0.166      0.4129      0.3546      0.3265      0.4999
0.167      0.4156      0.3581      0.3299      0.5019
0.168      0.4183      0.3616      0.3332      0.5040
0.169      0.4209      0.3650      0.3365      0.5060
0.170      0.4236      0.3684      0.3397      0.5081
0.171      0.4261      0.3717      0.3428      0.5102
0.172      0.4287      0.3751      0.3458      0.5123
0.173      0.4312      0.3783      0.3491      0.5141
0.174      0.4337      0.3816      0.3521      0.5159
0.175      0.4362      0.3848      0.3550      0.5177
0.176      0.4386      0.3879      0.3579      0.5197
0.177      0.4410      0.3911      0.3607      0.5216
0.178      0.4434      0.3942      0.3636      0.5235
0.179      0.4457      0.3972      0.3664      0.5254
0.180      0.4481      0.4002      0.3691      0.5274
0.181      0.4504      0.4032      0.3717      0.5297
0.182      0.4526      0.4062      0.3742      0.5318
0.183      0.4549      0.4091      0.3767      0.5337
0.184      0.4571      0.4120      0.3793      0.5355
0.185      0.4593      0.4149      0.3820      0.5373
0.186      0.4615      0.4177      0.3846      0.5391
0.187      0.4636      0.4205      0.3872      0.5409
0.188      0.4658      0.4233      0.3898      0.5426
0.189      0.4679      0.4260      0.3923      0.5443
0.190      0.4700      0.4287      0.3949      0.5459
0.191      0.4720      0.4314      0.3973      0.5474
0.192      0.4741      0.4341      0.3998      0.5488
0.193      0.4761      0.4367      0.4023      0.5503
0.194      0.4781      0.4393      0.4047      0.5521
0.195      0.4801      0.4419      0.4071      0.5539
0.196      0.4821      0.4444      0.4094      0.5556
0.197      0.4840      0.4470      0.4118      0.5570
0.198      0.4859      0.4495      0.4141      0.5585
0.199      0.4878      0.4519      0.4163      0.5598
0.200      0.4897      0.4544      0.4186      0.5612
0.201      0.4916      0.4568      0.4208      0.5626
0.202      0.4934      0.4592      0.4231      0.5640
0.203      0.4952      0.4616      0.4254      0.5653
0.204      0.4971      0.4639      0.4276      0.5668
0.205      0.4988      0.4663      0.4297      0.5683
0.206      0.5006      0.4686      0.4319      0.5697
0.207      0.5024      0.4709      0.4340      0.5712
0.208      0.5041      0.4731      0.4361      0.5727
0.209      0.5058      0.4754      0.4382      0.5740
0.210      0.5076      0.4776      0.4403      0.5752
0.211      0.5092      0.4798      0.4423      0.5763
0.212      0.5109      0.4820      0.4443      0.5774
0.213      0.5126      0.4841      0.4463      0.5787
0.214      0.5142      0.4863      0.4483      0.5800
0.215      0.5159      0.4884      0.4503      0.5813
0.216      0.5175      0.4905      0.4522      0.5826
0.217      0.5191      0.4926      0.4539      0.5838
0.218      0.5207      0.4946      0.4558      0.5851
0.219      0.5222      0.4967      0.4576      0.5864
0.220      0.5238      0.4987      0.4594      0.5876
0.221      0.5253      0.5007      0.4611      0.5890
0.222      0.5269      0.5027      0.4628      0.5901
0.223      0.5284      0.5046      0.4645      0.5913
0.224      0.5299      0.5066      0.4663      0.5925
0.225      0.5314      0.5085      0.4680      0.5936
0.226      0.5328      0.5104      0.4698      0.5948
0.227      0.5343      0.5123      0.4715      0.5960
0.228      0.5357      0.5142      0.4733      0.5971
0.229      0.5372      0.5161      0.4750      0.5983
0.230      0.5386      0.5179      0.4766      0.5995
0.231      0.5400      0.5198      0.4783      0.6006
0.232      0.5414      0.5216      0.4800      0.6017
0.233      0.5428      0.5234      0.4816      0.6028
0.234      0.5442      0.5252      0.4833      0.6041
0.235      0.5455      0.5270      0.4849      0.6054
0.236      0.5469      0.5287      0.4864      0.6067
0.237      0.5482      0.5305      0.4880      0.6078
0.238      0.5496      0.5322      0.4897      0.6088
0.239      0.5509      0.5339      0.4912      0.6098
0.240      0.5522      0.5356      0.4928      0.6108
0.241      0.5535      0.5373      0.4943      0.6118
0.242      0.5548      0.5390      0.4958      0.6128
0.243      0.5560      0.5406      0.4974      0.6138
0.244      0.5573      0.5423      0.4989      0.6149
0.245      0.5586      0.5439      0.5003      0.6162
0.246      0.5598      0.5455      0.5018      0.6174
0.247      0.5610      0.5471      0.5033      0.6185
0.248      0.5623      0.5487      0.5047      0.6195
0.249      0.5635      0.5503      0.5063      0.6204
0.250      0.5647      0.5518      0.5079      0.6213
0.251      0.5659      0.5534      0.5093      0.6223
0.252      0.5671      0.5549      0.5107      0.6233
0.253      0.5682      0.5565      0.5120      0.6243
0.254      0.5694      0.5580      0.5133      0.6253
0.255      0.5706      0.5595      0.5147      0.6263
0.256      0.5717      0.5610      0.5162      0.6273
0.257      0.5728      0.5625      0.5178      0.6283
0.258      0.5740      0.5639      0.5193      0.6293
0.259      0.5751      0.5654      0.5208      0.6303
0.260      0.5762      0.5668      0.5223      0.6313
0.261      0.5773      0.5683      0.5237      0.6323
0.262      0.5784      0.5697      0.5252      0.6333
0.263      0.5795      0.5711      0.5264      0.6342
0.264      0.5806      0.5725      0.5276      0.6352
0.265      0.5817      0.5739      0.5288      0.6361
0.266      0.5827      0.5753      0.5300      0.6371
0.267      0.5838      0.5767      0.5312      0.6380
0.268      0.5848      0.5780      0.5324      0.6389
0.269      0.5859      0.5794      0.5335      0.6399
0.270      0.5869      0.5807      0.5346      0.6408
0.271      0.5879      0.5820      0.5357      0.6417
0.272      0.5889      0.5834      0.5368      0.6427
0.273      0.5899      0.5847      0.5379      0.6437
0.274      0.5909      0.5860      0.5391      0.6445
0.275      0.5919      0.5873      0.5403      0.6453
0.276      0.5929      0.5886      0.5413      0.6462
0.277      0.5939      0.5898      0.5424      0.6470
0.278      0.5949      0.5911      0.5435      0.6479
0.279      0.5958      0.5924      0.5446      0.6487
0.280      0.5968      0.5936      0.5458      0.6496
0.281      0.5978      0.5948      0.5469      0.6504
0.282      0.5987      0.5961      0.5480      0.6513
0.283      0.5996      0.5973      0.5491      0.6521
0.284      0.6006      0.5985      0.5503      0.6529
0.285      0.6015      0.5997      0.5514      0.6538
0.286      0.6024      0.6009      0.5524      0.6546
0.287      0.6033      0.6021      0.5535      0.6553
0.288      0.6042      0.6033      0.5545      0.6560
0.289      0.6051      0.6044      0.5556      0.6566
0.290      0.6060      0.6056      0.5567      0.6573
0.291      0.6069      0.6068      0.5576      0.6581
0.292      0.6078      0.6079      0.5586      0.6588
0.293      0.6087      0.6091      0.5595      0.6596
0.294      0.6096      0.6102      0.5606      0.6603
0.295      0.6104      0.6113      0.5616      0.6611
0.296      0.6113      0.6124      0.5627      0.6618
0.297      0.6121      0.6135      0.5637      0.6626
0.298      0.6130      0.6146      0.5647      0.6633
0.299      0.6138      0.6157      0.5655      0.6641
0.300      0.6147      0.6168      0.5663      0.6648
0.301      0.6155      0.6179      0.5672      0.6655
0.302      0.6163      0.6190      0.5682      0.6662
0.303      0.6171      0.6200      0.5691      0.6669
0.304      0.6179      0.6211      0.5700      0.6677
0.305      0.6188      0.6221      0.5709      0.6684
0.306      0.6196      0.6232      0.5718      0.6691
0.307      0.6204      0.6242      0.5728      0.6698
0.308      0.6212      0.6253      0.5737      0.6705
0.309      0.6219      0.6263      0.5745      0.6712
0.310      0.6227      0.6273      0.5754      0.6718
0.311      0.6235      0.6283      0.5763      0.6725
0.312      0.6243      0.6293      0.5772      0.6732
0.313      0.6250      0.6303      0.5781      0.6738
0.314      0.6258      0.6313      0.5789      0.6744
0.315      0.6266      0.6323      0.5798      0.6750
0.316      0.6273      0.6333      0.5806      0.6755
0.317      0.6281      0.6342      0.5815      0.6761
0.318      0.6288      0.6352      0.5823      0.6767
0.319      0.6295      0.6362      0.5832      0.6775
0.320      0.6303      0.6371      0.5840      0.6782
0.321      0.6310      0.6381      0.5848      0.6790
0.322      0.6317      0.6390      0.5856      0.6797
0.323      0.6325      0.6399      0.5865      0.6803
0.324      0.6332      0.6409      0.5873      0.6809
0.325      0.6339      0.6418      0.5881      0.6816
0.326      0.6346      0.6427      0.5889      0.6822
0.327      0.6353      0.6436      0.5897      0.6828
0.328      0.6360      0.6445      0.5905      0.6834
0.329      0.6367      0.6454      0.5913      0.6840
0.330      0.6374      0.6463      0.5921      0.6845
0.331      0.6381      0.6472      0.5928      0.6850
0.332      0.6387      0.6481      0.5936      0.6857
0.333      0.6394      0.6490      0.5944      0.6864
0.334      0.6401      0.6499      0.5952      0.6869
0.335      0.6408      0.6508      0.5960      0.6873
0.336      0.6414      0.6516      0.5968      0.6878
0.337      0.6421      0.6525      0.5975      0.6884
0.338      0.6428      0.6533      0.5982      0.6887
0.339      0.6434      0.6542      0.5989      0.6893
0.340      0.6441      0.6550      0.5997      0.6899
0.341      0.6447      0.6559      0.6004      0.6905
0.342      0.6454      0.6567      0.6011      0.6911
0.343      0.6460      0.6575      0.6018      0.6916
0.344      0.6466      0.6584      0.6026      0.6918
0.345      0.6473      0.6592      0.6041      0.6925
0.346      0.6479      0.6600      0.6047      0.6925
0.347      0.6485      0.6608      0.6065      0.6930
0.348      0.6491      0.6616      0.6075      0.6930
0.349      0.6497      0.6624      0.6083      0.6933
0.350      0.6504      0.6632      0.6090      0.6936
0.351      0.6510      0.6640      0.6100      0.6941
0.352      0.6516      0.6648      0.6109      0.6946
0.353      0.6522      0.6656      0.6116      0.6951
0.354      0.6528      0.6664      0.6127      0.6956
0.355      0.6534      0.6671      0.6133      0.6961
0.356      0.6540      0.6679      0.6144      0.6961
0.357      0.6546      0.6687      0.6157      0.6962
0.358      0.6551      0.6694      0.6167      0.6964
0.359      0.6557      0.6702      0.6173      0.6967
0.360      0.6563      0.6710      0.6186      0.6963
0.361      0.6569      0.6717      0.6196      0.6965
0.362      0.6575      0.6725      0.6208      0.6968
0.363      0.6580      0.6732      0.6223      0.6970
0.364      0.6586      0.6739      0.6234      0.6962
0.365      0.6592      0.6747      0.6249      0.6957
0.366      0.6597      0.6754      0.6263      0.6953
0.367      0.6603      0.6761      0.6277      0.6948
0.368      0.6608      0.6768      0.6285      0.6942
0.369      0.6614      0.6776      0.6299      0.6934
0.370      0.6619      0.6783      0.6306      0.6930
0.371      0.6621      0.6790      0.6302      0.6925
0.372      0.6612      0.6797      0.6294      0.6912
0.373      0.6603      0.6804      0.6293      0.6897
0.374      0.6594      0.6811      0.6286      0.6893
0.375      0.6585      0.6818      0.6281      0.6879
0.376      0.6576      0.6825      0.6278      0.6869
0.377      0.6567      0.6832      0.6268      0.6874
0.378      0.6558      0.6838      0.6253      0.6864
0.379      0.6548      0.6845      0.6245      0.6851
0.380      0.6539      0.6852      0.6227      0.6843
0.381      0.6530      0.6855      0.6203      0.6843
0.382      0.6520      0.6849      0.6187      0.6836
0.383      0.6511      0.6842      0.6168      0.6839
0.384      0.6502      0.6835      0.6151      0.6841
0.385      0.6492      0.6829      0.6138      0.6841
0.386      0.6483      0.6822      0.6115      0.6837
0.387      0.6473      0.6815      0.6095      0.6831
0.388      0.6464      0.6808      0.6077      0.6833
0.389      0.6454      0.6802      0.6056      0.6828
0.390      0.6445      0.6795      0.6034      0.6828
0.391      0.6435      0.6788      0.6018      0.6823
0.392      0.6425      0.6781      0.5999      0.6820
0.393      0.6416      0.6774      0.5982      0.6822
0.394      0.6406      0.6768      0.5971      0.6813
0.395      0.6396      0.6761      0.5956      0.6806
0.396      0.6386      0.6754      0.5946      0.6801
0.397      0.6377      0.6747      0.5933      0.6802
0.398      0.6367      0.6740      0.5920      0.6805
0.399      0.6357      0.6733      0.5908      0.6797
0.400      0.6347      0.6726      0.5892      0.6789
0.401      0.6337      0.6719      0.5878      0.6780
0.402      0.6327      0.6712      0.5865      0.6772
0.403      0.6317      0.6704      0.5849      0.6765
0.404      0.6307      0.6697      0.5840      0.6756
0.405      0.6297      0.6690      0.5828      0.6748
0.406      0.6287      0.6683      0.5815      0.6739
0.407      0.6277      0.6676      0.5804      0.6734
0.408      0.6267      0.6669      0.5791      0.6726
0.409      0.6256      0.6661      0.5780      0.6718
0.410      0.6246      0.6654      0.5768      0.6708
0.411      0.6236      0.6647      0.5757      0.6698
0.412      0.6226      0.6640      0.5746      0.6688
0.413      0.6215      0.6632      0.5733      0.6679
0.414      0.6205      0.6625      0.5721      0.6669
0.415      0.6194      0.6617      0.5709      0.6665
0.416      0.6184      0.6610      0.5698      0.6655
0.417      0.6174      0.6603      0.5687      0.6644
0.418      0.6163      0.6595      0.5676      0.6634
0.419      0.6152      0.6588      0.5665      0.6623
0.420      0.6142      0.6580      0.5654      0.6613
0.421      0.6131      0.6573      0.5642      0.6603
0.422      0.6121      0.6565      0.5631      0.6594
0.423      0.6110      0.6557      0.5619      0.6585
0.424      0.6099      0.6550      0.5606      0.6576
0.425      0.6088      0.6542      0.5594      0.6566
0.426      0.6077      0.6534      0.5581      0.6557
0.427      0.6067      0.6527      0.5569      0.6548
0.428      0.6056      0.6519      0.5557      0.6538
0.429      0.6045      0.6511      0.5546      0.6529
0.430      0.6034      0.6503      0.5535      0.6520
0.431      0.6023      0.6496      0.5523      0.6510
0.432      0.6012      0.6488      0.5510      0.6501
0.433      0.6001      0.6480      0.5498      0.6491
0.434      0.5990      0.6472      0.5485      0.6482
0.435      0.5978      0.6464      0.5473      0.6472
0.436      0.5967      0.6456      0.5460      0.6462
0.437      0.5956      0.6448      0.5447      0.6452
0.438      0.5945      0.6440      0.5434      0.6442
0.439      0.5933      0.6432      0.5421      0.6431
0.440      0.5922      0.6424      0.5409      0.6421
0.441      0.5911      0.6416      0.5396      0.6411
0.442      0.5899      0.6408      0.5383      0.6400
0.443      0.5888      0.6400      0.5370      0.6390
0.444      0.5876      0.6392      0.5356      0.6379
0.445      0.5865      0.6383      0.5343      0.6369
0.446      0.5853      0.6375      0.5330      0.6358
0.447      0.5841      0.6367      0.5317      0.6348
0.448      0.5830      0.6358      0.5304      0.6338
0.449      0.5818      0.6350      0.5292      0.6327
0.450      0.5806      0.6342      0.5278      0.6317
0.451      0.5794      0.6333      0.5264      0.6307
0.452      0.5782      0.6325      0.5250      0.6296
0.453      0.5770      0.6317      0.5237      0.6286
0.454      0.5758      0.6308      0.5223      0.6274
0.455      0.5746      0.6300      0.5209      0.6263
0.456      0.5734      0.6291      0.5196      0.6252
0.457      0.5722      0.6282      0.5182      0.6241
0.458      0.5710      0.6274      0.5169      0.6231
0.459      0.5698      0.6265      0.5156      0.6220
0.460      0.5686      0.6256      0.5143      0.6209
0.461      0.5674      0.6248      0.5129      0.6199
0.462      0.5661      0.6239      0.5116      0.6189
0.463      0.5649      0.6230      0.5102      0.6179
0.464      0.5636      0.6221      0.5089      0.6168
0.465      0.5624      0.6213      0.5075      0.6157
0.466      0.5612      0.6204      0.5062      0.6146
0.467      0.5599      0.6195      0.5048      0.6135
0.468      0.5586      0.6186      0.5035      0.6124
0.469      0.5574      0.6177      0.5021      0.6113
0.470      0.5561      0.6168      0.5007      0.6102
0.471      0.5548      0.6159      0.4993      0.6091
0.472      0.5536      0.6150      0.4978      0.6080
0.473      0.5523      0.6141      0.4963      0.6068
0.474      0.5510      0.6132      0.4948      0.6057
0.475      0.5497      0.6122      0.4934      0.6046
0.476      0.5484      0.6113      0.4920      0.6033
0.477      0.5471      0.6104      0.4905      0.6021
0.478      0.5458      0.6095      0.4891      0.6009
0.479      0.5445      0.6085      0.4876      0.5998
0.480      0.5431      0.6076      0.4862      0.5985
0.481      0.5418      0.6067      0.4847      0.5973
0.482      0.5405      0.6057      0.4833      0.5961
0.483      0.5392      0.6048      0.4818      0.5948
0.484      0.5378      0.6038      0.4803      0.5936
0.485      0.5365      0.6029      0.4788      0.5923
0.486      0.5351      0.6019      0.4772      0.5911
0.487      0.5338      0.6010      0.4757      0.5898
0.488      0.5324      0.6000      0.4741      0.5887
0.489      0.5311      0.5990      0.4725      0.5875
0.490      0.5297      0.5980      0.4709      0.5864
0.491      0.5283      0.5971      0.4693      0.5852
0.492      0.5269      0.5961      0.4676      0.5839
0.493      0.5255      0.5951      0.4661      0.5826
0.494      0.5241      0.5941      0.4646      0.5813
0.495      0.5228      0.5931      0.4630      0.5800
0.496      0.5213      0.5921      0.4615      0.5786
0.497      0.5199      0.5911      0.4600      0.5773
0.498      0.5185      0.5901      0.4586      0.5760
0.499      0.5171      0.5891      0.4570      0.5746
0.500      0.5157      0.5881      0.4554      0.5733
0.501      0.5142      0.5871      0.4537      0.5720
0.502      0.5128      0.5861      0.4520      0.5706
0.503      0.5114      0.5851      0.4504      0.5692
0.504      0.5099      0.5840      0.4488      0.5679
0.505      0.5085      0.5830      0.4471      0.5665
0.506      0.5070      0.5820      0.4455      0.5651
0.507      0.5055      0.5809      0.4439      0.5637
0.508      0.5041      0.5799      0.4423      0.5624
0.509      0.5026      0.5788      0.4406      0.5610
0.510      0.5011      0.5778      0.4390      0.5596
0.511      0.4996      0.5767      0.4373      0.5583
0.512      0.4981      0.5757      0.4357      0.5570
0.513      0.4966      0.5746      0.4340      0.5557
0.514      0.4951      0.5735      0.4323      0.5544
0.515      0.4936      0.5724      0.4306      0.5531
0.516      0.4921      0.5714      0.4287      0.5518
0.517      0.4905      0.5703      0.4268      0.5505
0.518      0.4890      0.5692      0.4249      0.5491
0.519      0.4875      0.5681      0.4230      0.5478
0.520      0.4859      0.5670      0.4211      0.5464
0.521      0.4844      0.5659      0.4193      0.5451
0.522      0.4828      0.5648      0.4176      0.5437
0.523      0.4812      0.5637      0.4159      0.5424
0.524      0.4797      0.5626      0.4141      0.5410
0.525      0.4781      0.5614      0.4124      0.5395
0.526      0.4765      0.5603      0.4106      0.5380
0.527      0.4749      0.5592      0.4088      0.5366
0.528      0.4733      0.5581      0.4071      0.5352
0.529      0.4717      0.5569      0.4052      0.5338
0.530      0.4701      0.5558      0.4033      0.5324
0.531      0.4685      0.5546      0.4014      0.5310
0.532      0.4668      0.5535      0.3995      0.5297
0.533      0.4652      0.5523      0.3977      0.5283
0.534      0.4636      0.5511      0.3958      0.5269
0.535      0.4619      0.5500      0.3940      0.5254
0.536      0.4603      0.5488      0.3921      0.5240
0.537      0.4586      0.5476      0.3903      0.5226
0.538      0.4569      0.5464      0.3884      0.5212
0.539      0.4553      0.5452      0.3865      0.5197
0.540      0.4536      0.5440      0.3846      0.5183
0.541      0.4519      0.5428      0.3828      0.5169
0.542      0.4502      0.5416      0.3809      0.5154
0.543      0.4485      0.5404      0.3789      0.5139
0.544      0.4468      0.5392      0.3770      0.5125
0.545      0.4450      0.5380      0.3751      0.5110
0.546      0.4433      0.5368      0.3732      0.5095
0.547      0.4416      0.5355      0.3712      0.5079
0.548      0.4398      0.5343      0.3693      0.5064
0.549      0.4381      0.5331      0.3673      0.5049
0.550      0.4363      0.5318      0.3654      0.5034
0.551      0.4346      0.5306      0.3635      0.5019
0.552      0.4328      0.5293      0.3616      0.5003
0.553      0.4310      0.5280      0.3596      0.4988
0.554      0.4292      0.5268      0.3575      0.4973
0.555      0.4274      0.5255      0.3555      0.4958
0.556      0.4256      0.5242      0.3534      0.4943
0.557      0.4238      0.5229      0.3513      0.4927
0.558      0.4220      0.5216      0.3493      0.4911
0.559      0.4201      0.5203      0.3473      0.4894
0.560      0.4183      0.5190      0.3452      0.4877
0.561      0.4164      0.5177      0.3431      0.4861
0.562      0.4146      0.5164      0.3411      0.4845
0.563      0.4127      0.5151      0.3390      0.4829
0.564      0.4109      0.5137      0.3369      0.4813
0.565      0.4090      0.5124      0.3347      0.4796
0.566      0.4071      0.5110      0.3325      0.4779
0.567      0.4052      0.5097      0.3304      0.4762
0.568      0.4033      0.5083      0.3284      0.4745
0.569      0.4013      0.5070      0.3263      0.4729
0.570      0.3994      0.5056      0.3241      0.4712
0.571      0.3975      0.5042      0.3219      0.4696
0.572      0.3955      0.5029      0.3198      0.4679
0.573      0.3936      0.5015      0.3176      0.4662
0.574      0.3916      0.5001      0.3154      0.4645
0.575      0.3897      0.4987      0.3132      0.4629
0.576      0.3877      0.4973      0.3110      0.4611
0.577      0.3857      0.4959      0.3087      0.4594
0.578      0.3837      0.4944      0.3065      0.4577
0.579      0.3817      0.4930      0.3043      0.4558
0.580      0.3797      0.4916      0.3020      0.4539
0.581      0.3776      0.4901      0.2997      0.4520
0.582      0.3756      0.4887      0.2974      0.4501
0.583      0.3735      0.4872      0.2952      0.4484
0.584      0.3715      0.4858      0.2928      0.4467
0.585      0.3694      0.4843      0.2904      0.4450
0.586      0.3673      0.4828      0.2881      0.4433
0.587      0.3652      0.4814      0.2858      0.4415
0.588      0.3631      0.4799      0.2835      0.4398
0.589      0.3610      0.4784      0.2812      0.4380
0.590      0.3589      0.4769      0.2788      0.4362
0.591      0.3568      0.4754      0.2764      0.4343
0.592      0.3546      0.4738      0.2740      0.4325
0.593      0.3525      0.4723      0.2716      0.4306
0.594      0.3503      0.4708      0.2692      0.4288
0.595      0.3482      0.4692      0.2668      0.4269
0.596      0.3460      0.4677      0.2643      0.4249
0.597      0.3438      0.4661      0.2618      0.4230
0.598      0.3416      0.4646      0.2592      0.4211
0.599      0.3394      0.4630      0.2566      0.4192
0.600      0.3371      0.4614      0.2541      0.4173
0.601      0.3349      0.4598      0.2514      0.4153
0.602      0.3327      0.4582      0.2488      0.4134
0.603      0.3304      0.4566      0.2461      0.4114
0.604      0.3281      0.4550      0.2434      0.4094
0.605      0.3258      0.4534      0.2409      0.4075
0.606      0.3235      0.4518      0.2383      0.4055
0.607      0.3212      0.4501      0.2356      0.4035
0.608      0.3189      0.4485      0.2329      0.4014
0.609      0.3166      0.4468      0.2302      0.3994
0.610      0.3143      0.4452      0.2275      0.3974
0.611      0.3119      0.4435      0.2249      0.3953
0.612      0.3095      0.4418      0.2223      0.3933
0.613      0.3072      0.4401      0.2197      0.3912
0.614      0.3048      0.4385      0.2171      0.3892
0.615      0.3024      0.4367      0.2145      0.3871
0.616      0.2999      0.4350      0.2119      0.3849
0.617      0.2975      0.4333      0.2092      0.3826
0.618      0.2951      0.4316      0.2066      0.3804
0.619      0.2926      0.4298      0.2039      0.3781
0.620      0.2902      0.4281      0.2012      0.3758
0.621      0.2877      0.4263      0.1985      0.3735
0.622      0.2852      0.4246      0.1958      0.3714
0.623      0.2827      0.4228      0.1931      0.3692
0.624      0.2802      0.4210      0.1904      0.3671
0.625      0.2776      0.4192      0.1876      0.3650
0.626      0.2751      0.4174      0.1846      0.3629
0.627      0.2725      0.4156      0.1816      0.3607
0.628      0.2699      0.4137      0.1786      0.3585
0.629      0.2674      0.4119      0.1756      0.3564
0.630      0.2648      0.4101      0.1725      0.3542
0.631      0.2621      0.4082      0.1695      0.3519
0.632      0.2595      0.4063      0.1664      0.3498
0.633      0.2569      0.4045      0.1633      0.3475
0.634      0.2542      0.4026      0.1602      0.3453
0.635      0.2515      0.4007      0.1571      0.3429
0.636      0.2489      0.3988      0.1539      0.3406
0.637      0.2462      0.3969      0.1508      0.3383
0.638      0.2434      0.3949      0.1476      0.3359
0.639      0.2407      0.3930      0.1444      0.3335
0.640      0.2380      0.3910      0.1412      0.3311
0.641      0.2352      0.3891      0.1380      0.3287
0.642      0.2324      0.3871      0.1347      0.3263
0.643      0.2296      0.3851      0.1315      0.3238
0.644      0.2268      0.3831      0.1282      0.3214
0.645      0.2240      0.3811      0.1250      0.3190
0.646      0.2211      0.3791      0.1219      0.3165
0.647      0.2183      0.3771      0.1187      0.3141
0.648      0.2154      0.3750      0.1155      0.3116
0.649      0.2125      0.3730      0.1123      0.3091
0.650      0.2096      0.3709      0.1089      0.3066
0.651      0.2067      0.3689      0.1056      0.3041
0.652      0.2038      0.3668      0.1023      0.3016
0.653      0.2008      0.3647      0.0990      0.2991
0.654      0.1978      0.3626      0.0957      0.2966
0.655      0.1948      0.3604      0.0921      0.2940
0.656      0.1918      0.3583      0.0886      0.2914
0.657      0.1888      0.3562      0.0851      0.2889
0.658      0.1857      0.3540      0.0815      0.2863
0.659      0.1827      0.3518      0.0780      0.2836
0.660      0.1796      0.3496      0.0746      0.2810
0.661      0.1765      0.3474      0.0711      0.2783
0.662      0.1734      0.3452      0.0677      0.2757
0.663      0.1703      0.3430      0.0642      0.2730
0.664      0.1671      0.3408      0.0607      0.2703
0.665      0.1639      0.3385      0.0572      0.2676
0.666      0.1607      0.3363      0.0537      0.2649
0.667      0.1575      0.3340      0.0501      0.2621
0.668      0.1543      0.3317      0.0466      0.2594
0.669      0.1511      0.3294      0.0430      0.2566
0.670      0.1478      0.3271      0.0394      0.2538
0.671      0.1445      0.3247      0.0357      0.2511
0.672      0.1412      0.3224      0.0321      0.2483
0.673      0.1379      0.3200      0.0284      0.2456
0.674      0.1345      0.3176      0.0247      0.2428
0.675      0.1311      0.3152      0.0209      0.2400
0.676      0.1277      0.3128      0.0172      0.2372
0.677      0.1243      0.3104      0.0134      0.2344
0.678      0.1209      0.3080      0.0096      0.2316
0.679      0.1174      0.3055      0.0057      0.2287
0.680      0.1140      0.3031      0.0017      0.2258
0.681      0.1105      0.3006     -0.0024      0.2229
0.682      0.1069      0.2981     -0.0064      0.2200
0.683      0.1034      0.2956     -0.0105      0.2171
0.684      0.0998      0.2930     -0.0146      0.2141
0.685      0.0963      0.2905     -0.0186      0.2112
0.686      0.0926      0.2879     -0.0225      0.2082
0.687      0.0890      0.2854     -0.0266      0.2052
0.688      0.0854      0.2828     -0.0308      0.2020
0.689      0.0817      0.2802     -0.0351      0.1988
0.690      0.0780      0.2775     -0.0393      0.1956
0.691      0.0742      0.2749     -0.0436      0.1924
0.692      0.0705      0.2722     -0.0479      0.1892
0.693      0.0667      0.2695     -0.0523      0.1859
0.694      0.0629      0.2668     -0.0567      0.1826
0.695      0.0591      0.2641     -0.0611      0.1793
0.696      0.0552      0.2614     -0.0655      0.1760
0.697      0.0514      0.2586     -0.0700      0.1726
0.698      0.0475      0.2559     -0.0745      0.1693
0.699      0.0435      0.2531     -0.0790      0.1658
0.700      0.0396      0.2503     -0.0835      0.1624
0.701      0.0356      0.2475     -0.0881      0.1590
0.702      0.0316      0.2446     -0.0927      0.1555
0.703      0.0276      0.2417     -0.0974      0.1520
0.704      0.0235      0.2389     -0.1020      0.1484
0.705      0.0194      0.2360     -0.1068      0.1448
0.706      0.0153      0.2330     -0.1114      0.1413
0.707      0.0111      0.2301     -0.1159      0.1376
0.708      0.0070      0.2271     -0.1204      0.1340
0.709      0.0028      0.2242     -0.1250      0.1303
0.710     -0.0015      0.2212     -0.1296      0.1266
0.711     -0.0057      0.2181     -0.1342      0.1229
0.712     -0.0100      0.2151     -0.1390      0.1192
0.713     -0.0143      0.2120     -0.1441      0.1154
0.714     -0.0187      0.2089     -0.1492      0.1116
0.715     -0.0231      0.2058     -0.1543      0.1078
0.716     -0.0275      0.2027     -0.1591      0.1039
0.717     -0.0319      0.1995     -0.1640      0.1001
0.718     -0.0364      0.1964     -0.1689      0.0963
0.719     -0.0409      0.1932     -0.1739      0.0925
0.720     -0.0454      0.1900     -0.1791      0.0886
0.721     -0.0500      0.1867     -0.1843      0.0847
0.722     -0.0546      0.1834     -0.1895      0.0808
0.723     -0.0593      0.1802     -0.1948      0.0768
0.724     -0.0639      0.1768     -0.2001      0.0728
0.725     -0.0686      0.1735     -0.2054      0.0687
0.726     -0.0734      0.1701     -0.2108      0.0646
0.727     -0.0781      0.1668     -0.2162      0.0606
0.728     -0.0830      0.1633     -0.2217      0.0564
0.729     -0.0878      0.1599     -0.2272      0.0523
0.730     -0.0927      0.1564     -0.2328      0.0481
0.731     -0.0976      0.1530     -0.2384      0.0439
0.732     -0.1025      0.1494     -0.2440      0.0397
0.733     -0.1075      0.1459     -0.2497      0.0354
0.734     -0.1126      0.1423     -0.2554      0.0311
0.735     -0.1176      0.1387     -0.2612      0.0268
0.736     -0.1227      0.1351     -0.2670      0.0224
0.737     -0.1279      0.1315     -0.2728      0.0180
0.738     -0.1331      0.1278     -0.2787      0.0136
0.739     -0.1383      0.1241     -0.2847      0.0091
0.740     -0.1435      0.1203     -0.2906      0.0046
0.741     -0.1488      0.1166     -0.2967      0.0001
0.742     -0.1542      0.1128     -0.3028     -0.0045
0.743     -0.1596      0.1090     -0.3089     -0.0091
0.744     -0.1650      0.1051     -0.3151     -0.0137
0.745     -0.1705      0.1012     -0.3213     -0.0184
0.746     -0.1760      0.0973     -0.3276     -0.0231
0.747     -0.1815      0.0934     -0.3339     -0.0279
0.748     -0.1871      0.0894     -0.3403     -0.0327
0.749     -0.1928      0.0854     -0.3467     -0.0375
0.750     -0.1985      0.0814     -0.3532     -0.0424
0.751     -0.2042      0.0773     -0.3597     -0.0473
0.752     -0.2100      0.0732     -0.3663     -0.0522
0.753     -0.2158      0.0691     -0.3729     -0.0572
0.754     -0.2217      0.0649     -0.3796     -0.0622
0.755     -0.2276      0.0607     -0.3863     -0.0673
0.756     -0.2336      0.0564     -0.3931     -0.0724
0.757     -0.2396      0.0522     -0.4000     -0.0776
0.758     -0.2457      0.0479     -0.4069     -0.0827
0.759     -0.2518      0.0435     -0.4139     -0.0880
0.760     -0.2580      0.0391     -0.4209     -0.0933
0.761     -0.2642      0.0347     -0.4281     -0.0986
0.762     -0.2705      0.0303     -0.4354     -0.1040
0.763     -0.2768      0.0258     -0.4428     -0.1094
0.764     -0.2832      0.0212     -0.4503     -0.1148
0.765     -0.2896      0.0167     -0.4578     -0.1204
0.766     -0.2961      0.0121     -0.4654     -0.1261
0.767     -0.3027      0.0074     -0.4730     -0.1318
0.768     -0.3093      0.0027     -0.4807     -0.1376
0.769     -0.3160     -0.0020     -0.4885     -0.1434
0.770     -0.3227     -0.0068     -0.4963     -0.1493
0.771     -0.3295     -0.0116     -0.5039     -0.1552
0.772     -0.3363     -0.0164     -0.5115     -0.1612
0.773     -0.3432     -0.0213     -0.5192     -0.1672
0.774     -0.3502     -0.0263     -0.5270     -0.1733
0.775     -0.3572     -0.0312     -0.5348     -0.1794
0.776     -0.3643     -0.0363     -0.5427     -0.1856
0.777     -0.3714     -0.0413     -0.5506     -0.1919
0.778     -0.3786     -0.0465     -0.5587     -0.1982
0.779     -0.3859     -0.0516     -0.5668     -0.2045
0.780     -0.3932     -0.0568     -0.5749     -0.2110
0.781     -0.4007     -0.0621     -0.5833     -0.2174
0.782     -0.4081     -0.0674     -0.5918     -0.2240
0.783     -0.4157     -0.0728     -0.6004     -0.2306
0.784     -0.4233     -0.0782     -0.6090     -0.2372
0.785     -0.4310     -0.0836     -0.6178     -0.2440
0.786     -0.4388     -0.0891     -0.6266     -0.2508
0.787     -0.4466     -0.0947     -0.6355     -0.2576
0.788     -0.4545     -0.1003     -0.6445     -0.2645
0.789     -0.4625     -0.1060     -0.6536     -0.2715
0.790     -0.4705     -0.1117     -0.6628     -0.2785
0.791     -0.4787     -0.1175     -0.6721     -0.2857
0.792     -0.4869     -0.1233     -0.6814     -0.2928
0.793     -0.4952     -0.1292     -0.6909     -0.3001
0.794     -0.5036     -0.1351     -0.7004     -0.3074
0.795     -0.5120     -0.1411     -0.7100     -0.3146
0.796     -0.5205     -0.1472     -0.7197     -0.3219
0.797     -0.5292     -0.1533     -0.7295     -0.3293
0.798     -0.5379     -0.1595     -0.7396     -0.3366
0.799     -0.5467     -0.1657     -0.7498     -0.3441
0.800     -0.5556     -0.1720     -0.7601     -0.3516
0.801     -0.5645     -0.1784     -0.7705     -0.3592
0.802     -0.5736     -0.1848     -0.7810     -0.3669
0.803     -0.5827     -0.1913     -0.7916     -0.3747
0.804     -0.5920     -0.1979     -0.8024     -0.3825
0.805     -0.6013     -0.2045     -0.8132     -0.3905
0.806     -0.6108     -0.2112     -0.8242     -0.3985
0.807     -0.6203     -0.2180     -0.8352     -0.4066
0.808     -0.6299     -0.2248     -0.8461     -0.4149
0.809     -0.6397     -0.2317     -0.8570     -0.4235
0.810     -0.6495     -0.2387     -0.8680     -0.4321
0.811     -0.6595     -0.2457     -0.8791     -0.4407
0.812     -0.6695     -0.2529     -0.8907     -0.4492
0.813     -0.6797     -0.2601     -0.9025     -0.4578
0.814     -0.6899     -0.2674     -0.9143     -0.4664
0.815     -0.7003     -0.2747     -0.9262     -0.4751
0.816     -0.7108     -0.2822     -0.9381     -0.4839
0.817     -0.7214     -0.2897     -0.9501     -0.4927
0.818     -0.7321     -0.2973     -0.9623     -0.5017
0.819     -0.7430     -0.3050     -0.9746     -0.5107
0.820     -0.7539     -0.3128     -0.9870     -0.5199
0.821     -0.7650     -0.3206     -0.9996     -0.5293
0.822     -0.7762     -0.3286     -1.0123     -0.5388
0.823     -0.7876     -0.3366     -1.0252     -0.5484
0.824     -0.7990     -0.3448     -1.0382     -0.5582
0.825     -0.8106     -0.3530     -1.0514     -0.5680
0.826     -0.8223     -0.3613     -1.0647     -0.5779
0.827     -0.8342     -0.3697     -1.0782     -0.5880
0.828     -0.8462     -0.3782     -1.0918     -0.5982
0.829     -0.8583     -0.3869     -1.1056     -0.6085
0.830     -0.8706     -0.3956     -1.1195     -0.6189
0.831     -0.8831     -0.4044     -1.1336     -0.6294
0.832     -0.8956     -0.4133     -1.1479     -0.6401
0.833     -0.9084     -0.4223     -1.1623     -0.6509
0.834     -0.9212     -0.4315     -1.1769     -0.6618
0.835     -0.9343     -0.4407     -1.1917     -0.6729
0.836     -0.9475     -0.4501     -1.2067     -0.6839
0.837     -0.9608     -0.4596     -1.2219     -0.6952
0.838     -0.9744     -0.4692     -1.2372     -0.7065
0.839     -0.9880     -0.4789     -1.2528     -0.7181
0.840     -1.0019     -0.4887     -1.2685     -0.7297
0.841     -1.0159     -0.4987     -1.2844     -0.7415
0.842     -1.0302     -0.5088     -1.3006     -0.7537
0.843     -1.0445     -0.5190     -1.3169     -0.7660
0.844     -1.0591     -0.5293     -1.3335     -0.7784
0.845     -1.0739     -0.5398     -1.3504     -0.7911
0.846     -1.0889     -0.5504     -1.3676     -0.8039
0.847     -1.1040     -0.5612     -1.3851     -0.8168
0.848     -1.1194     -0.5721     -1.4028     -0.8299
0.849     -1.1349     -0.5831     -1.4207     -0.8431
0.850     -1.1507     -0.5943     -1.4389     -0.8568
0.851     -1.1667     -0.6056     -1.4573     -0.8704
0.852     -1.1829     -0.6171     -1.4760     -0.8843
0.853     -1.1993     -0.6288     -1.4949     -0.8983
0.854     -1.2159     -0.6406     -1.5140     -0.9125
0.855     -1.2328     -0.6525     -1.5334     -0.9270
0.856     -1.2499     -0.6647     -1.5528     -0.9416
0.857     -1.2672     -0.6770     -1.5724     -0.9564
0.858     -1.2848     -0.6895     -1.5924     -0.9715
0.859     -1.3026     -0.7021     -1.6126     -0.9867
0.860     -1.3207     -0.7149     -1.6331     -1.0022
0.861     -1.3391     -0.7280     -1.6539     -1.0179
0.862     -1.3577     -0.7412     -1.6750     -1.0338
0.863     -1.3766     -0.7546     -1.6964     -1.0500
0.864     -1.3957     -0.7682     -1.7184     -1.0663
0.865     -1.4152     -0.7820     -1.7408     -1.0830
0.866     -1.4349     -0.7960     -1.7635     -1.0999
0.867     -1.4550     -0.8102     -1.7865     -1.1170
0.868     -1.4753     -0.8246     -1.8099     -1.1344
0.869     -1.4960     -0.8393     -1.8337     -1.1521
0.870     -1.5169     -0.8542     -1.8578     -1.1700
0.871     -1.5382     -0.8693     -1.8823     -1.1884
0.872     -1.5598     -0.8846     -1.9072     -1.2072
0.873     -1.5818     -0.9002     -1.9324     -1.2262
0.874     -1.6041     -0.9160     -1.9581     -1.2456
0.875     -1.6268     -0.9321     -1.9842     -1.2653
0.876     -1.6498     -0.9485     -2.0107     -1.2853
0.877     -1.6732     -0.9651     -2.0376     -1.3052
0.878     -1.6970     -0.9820     -2.0650     -1.3255
0.879     -1.7212     -0.9991     -2.0928     -1.3460
0.880     -1.7458     -1.0166     -2.1211     -1.3669
0.881     -1.7708     -1.0343     -2.1498     -1.3882
0.882     -1.7963     -1.0524     -2.1791     -1.4098
0.883     -1.8221     -1.0707     -2.2088     -1.4317
0.884     -1.8484     -1.0894     -2.2391     -1.4541
0.885     -1.8752     -1.1084     -2.2699     -1.4769
0.886     -1.9024     -1.1277     -2.3012     -1.5001
0.887     -1.9302     -1.1474     -2.3331     -1.5239
0.888     -1.9584     -1.1674     -2.3655     -1.5482
0.889     -1.9871     -1.1878     -2.3986     -1.5728
0.890     -2.0163     -1.2085     -2.4322     -1.5979
0.891     -2.0461     -1.2297     -2.4664     -1.6235
0.892     -2.0764     -1.2512     -2.5013     -1.6496
0.893     -2.1073     -1.2731     -2.5369     -1.6761
0.894     -2.1388     -1.2955     -2.5731     -1.7031
0.895     -2.1709     -1.3182     -2.6100     -1.7307
0.896     -2.2036     -1.3414     -2.6476     -1.7588
0.897     -2.2369     -1.3651     -2.6859     -1.7874
0.898     -2.2709     -1.3892     -2.7250     -1.8166
0.899     -2.3056     -1.4138     -2.7649     -1.8464
0.900     -2.3410     -1.4389     -2.8055     -1.8767
0.901     -2.3770     -1.4645     -2.8470     -1.9077
0.902     -2.4138     -1.4906     -2.8894     -1.9393
0.903     -2.4514     -1.5172     -2.9326     -1.9716
0.904     -2.4897     -1.5444     -2.9767     -2.0045
0.905     -2.5289     -1.5722     -3.0217     -2.0381
0.906     -2.5689     -1.6006     -3.0677     -2.0723
0.907     -2.6097     -1.6296     -3.1147     -2.1072
0.908     -2.6515     -1.6592     -3.1627     -2.1429
0.909     -2.6941     -1.6895     -3.2117     -2.1793
0.910     -2.7377     -1.7204     -3.2619     -2.2166
0.911     -2.7823     -1.7520     -3.3131     -2.2547
0.912     -2.8279     -1.7844     -3.3656     -2.2936
0.913     -2.8745     -1.8175     -3.4192     -2.3335
0.914     -2.9222     -1.8513     -3.4741     -2.3743
0.915     -2.9711     -1.8860     -3.5303     -2.4160
0.916     -3.0211     -1.9215     -3.5878     -2.4588
0.917     -3.0723     -1.9578     -3.6467     -2.5025
0.918     -3.1248     -1.9951     -3.7071     -2.5474
0.919     -3.1785     -2.0332     -3.7689     -2.5933
0.920     -3.2336     -2.0723     -3.8320     -2.6404
0.921     -3.2901     -2.1124     -3.8967     -2.6887
0.922     -3.3481     -2.1535     -3.9630     -2.7382
0.923     -3.4075     -2.1957     -4.0309     -2.7890
0.924     -3.4686     -2.2390     -4.1005     -2.8411
0.925     -3.5312     -2.2834     -4.1720     -2.8947
0.926     -3.5956     -2.3291     -4.2455     -2.9498
0.927     -3.6617     -2.3760     -4.3209     -3.0061
0.928     -3.7296     -2.4242     -4.3983     -3.0642
0.929     -3.7994     -2.4738     -4.4779     -3.1239
0.930     -3.8713     -2.5248     -4.5598     -3.1853
0.931     -3.9452     -2.5772     -4.6441     -3.2485
0.932     -4.0213     -2.6312     -4.7310     -3.3135
0.933     -4.0997     -2.6868     -4.8204     -3.3805
0.934     -4.1804     -2.7441     -4.9126     -3.4495
0.935     -4.2637     -2.8032     -5.0076     -3.5206
0.936     -4.3495     -2.8641     -5.1055     -3.5939
0.937     -4.4381     -2.9269     -5.2066     -3.6696
0.938     -4.5295     -2.9918     -5.3110     -3.7477
0.939     -4.6239     -3.0588     -5.4187     -3.8284
0.940     -4.7215     -3.1280     -5.5301     -3.9118
0.941     -4.8224     -3.1996     -5.6452     -3.9980
0.942     -4.9267     -3.2736     -5.7643     -4.0872
0.943     -5.0347     -3.3503     -5.8876     -4.1795
0.944     -5.1466     -3.4297     -6.0151     -4.2751
0.945     -5.2625     -3.5119     -6.1472     -4.3741
0.946     -5.3827     -3.5972     -6.2841     -4.4769
0.947     -5.5075     -3.6858     -6.4263     -4.5835
0.948     -5.6371     -3.7777     -6.5739     -4.6942
0.949     -5.7717     -3.8732     -6.7272     -4.8093
0.950     -5.9117     -3.9726     -6.8868     -4.9289
0.951     -6.0575     -4.0760     -7.0528     -5.0536
0.952     -6.2093     -4.1837     -7.2257     -5.1836
0.953     -6.3676     -4.2961     -7.4060     -5.3190
0.954     -6.5328     -4.4133     -7.5942     -5.4604
0.955     -6.7052     -4.5357     -7.7907     -5.6080
0.956     -6.8856     -4.6636     -7.9961     -5.7623
0.957     -7.0743     -4.7975     -8.2111     -5.9238
0.958     -7.2721     -4.9378     -8.4363     -6.0930
0.959     -7.4794     -5.0850     -8.6726     -6.2705
0.960     -7.6971     -5.2395     -8.9206     -6.4568
0.961     -7.9260     -5.4019     -9.1813     -6.6527
0.962     -8.1670     -5.5729     -9.4558     -6.8589
0.963     -8.4210     -5.7531     -9.7451     -7.0762
0.964     -8.6890     -5.9433    -10.0505     -7.3056
0.965     -8.9724     -6.1444    -10.3733     -7.5482
0.966     -9.2725     -6.3573    -10.7151     -7.8049
0.967     -9.5908     -6.5831    -11.0777     -8.0773
0.968     -9.9289     -6.8231    -11.4629     -8.3667
0.969    -10.2888     -7.0785    -11.8734     -8.6747
0.970    -10.6728     -7.3509    -12.3122     -9.0033
0.971    -11.0832     -7.6422    -12.7812     -9.3545
0.972    -11.5230     -7.9542    -13.2837     -9.7309
0.973    -11.9953     -8.2893    -13.8234    -10.1351
0.974    -12.5040     -8.6503    -14.4046    -10.5704
0.975    -13.0533     -9.0401    -15.0324    -11.0405
0.976    -13.6485     -9.4624    -15.7125    -11.5495
0.977    -14.2954     -9.9214    -16.4517    -12.1020
0.978    -15.0010    -10.4221    -17.2580    -12.7044
0.979    -15.7739    -10.9705    -18.1412    -13.3642
0.980    -16.6241    -11.5738    -19.1135    -14.0907
0.981    -17.5639    -12.2406    -20.1875    -14.8944
0.982    -18.6080    -12.9814    -21.3796    -15.7873
0.983    -19.7748    -13.8095    -22.7123    -16.7835
0.984    -21.0876    -14.7410    -24.2108    -17.9042
0.985    -22.5755    -15.7967    -25.9091    -19.1742
0.986    -24.2759    -17.0032    -27.8499    -20.6258
0.987    -26.2378    -18.3955    -30.0892    -22.3038
0.988    -28.5268    -20.0196    -32.7020    -24.2623
0.989    -31.2320    -21.9390    -35.7935    -26.5769
0.990    -34.4783    -24.2425    -39.5036    -29.3545
0.991    -38.4459    -27.0579    -44.0377    -32.7493
0.992    -43.4051    -30.5769    -49.7051    -36.9923
0.993    -49.7817    -35.1013    -56.9927    -42.4456
0.994    -58.2838    -41.1338    -66.7085    -49.7134
0.995    -70.1870    -49.5807    -80.3124    -59.8875
0.996    -88.0419    -62.2493   -100.7159    -75.1503
0.997   -117.7975    -83.3635   -134.7230   -100.5839
0.998   -177.3136   -125.5911   -202.7291   -151.4597
0.999   -355.8714   -252.2870   -406.7769   -304.1228
