0.001    -60.6320    -92.5367    -80.9173    -40.1424
0.002    -29.8094    -45.7300    -39.9447    -19.5730
0.003    -19.5353    -30.1278    -26.2871    -12.7165
0.004    -14.3982    -22.3267    -19.4584     -9.2883
0.005    -11.3159    -17.6460    -15.3611     -7.2313
0.006     -9.2611    -14.5256    -12.6296     -5.8600
0.007     -7.7933    -12.2967    -10.6785     -4.8805
0.008     -6.6925    -10.6250     -9.2152     -4.1459
0.009     -5.8363     -9.3248     -8.0771     -3.5745
0.010     -5.1514     -8.2847     -7.1666     -3.1174
0.011     -4.5910     -7.4337     -6.4216     -2.7434
0.012     -4.1240     -6.7245     -5.8008     -2.4318
0.013     -3.7288     -6.1244     -5.2755     -2.1681
0.014     -3.3901     -5.6100     -4.8253     -1.9420
0.015     -3.0966     -5.1642     -4.4351     -1.7461
0.016     -2.8397     -4.7742     -4.0936     -1.5747
0.017     -2.6131     -4.4300     -3.7924     -1.4235
0.018     -2.4116     -4.1241     -3.5246     -1.2890
0.019     -2.2314     -3.8504     -3.2850     -1.1688
0.020     -2.0691     -3.6040     -3.0693     -1.0608
0.021     -1.9224     -3.3811     -2.8742     -0.9632
0.022     -1.7889     -3.1785     -2.6968     -0.8744
0.023     -1.6671     -2.9935     -2.5349     -0.7933
0.024     -1.5554     -2.8239     -2.3864     -0.7190
0.025     -1.4527     -2.6679     -2.2499     -0.6507
0.026     -1.3578     -2.5239     -2.1238     -0.5875
0.027     -1.2700     -2.3905     -2.0071     -0.5291
0.028     -1.1885     -2.2667     -1.8987     -0.4749
0.029     -1.1126     -2.1514     -1.7974     -0.4243
0.030     -1.0417     -2.0438     -1.7029     -0.3772
0.031     -0.9754     -1.9431     -1.6145     -0.3331
0.032     -0.9133     -1.8488     -1.5315     -0.2917
0.033     -0.8549     -1.7601     -1.4537     -0.2529
0.034     -0.8000     -1.6767     -1.3804     -0.2163
0.035     -0.7482     -1.5980     -1.3113     -0.1819
0.036     -0.6992     -1.5237     -1.2460     -0.1493
0.037     -0.6530     -1.4534     -1.1844     -0.1183
0.038     -0.6091     -1.3869     -1.1262     -0.0889
0.039     -0.5675     -1.3237     -1.0710     -0.0611
0.040     -0.5280     -1.2637     -1.0185     -0.0346
0.041     -0.4904     -1.2066     -0.9686     -0.0094
0.042     -0.4546     -1.1522     -0.9210      0.0146
0.043     -0.4205     -1.1004     -0.8757      0.0374
0.044     -0.3879     -1.0509     -0.8325      0.0592
0.045     -0.3568     -1.0037     -0.7911      0.0798
0.046     -0.3270     -0.9584     -0.7516      0.0996
0.047     -0.2985     -0.9151     -0.7137      0.1185
0.048     -0.2712     -0.8736     -0.6774      0.1366
0.049     -0.2449     -0.8338     -0.6426      0.1540
0.050     -0.2198     -0.7956     -0.6092      0.1707
0.051     -0.1956     -0.7589     -0.5771      0.1867
0.052     -0.1724     -0.7236     -0.5462      0.2021
0.053     -0.1500     -0.6896     -0.5165      0.2169
0.054     -0.1285     -0.6569     -0.4879      0.2312
0.055     -0.1077     -0.6254     -0.4604      0.2450
0.056     -0.0877     -0.5950     -0.4338      0.2582
0.057     -0.0684     -0.5657     -0.4081      0.2710
0.058     -0.0497     -0.5374     -0.3834      0.2834
0.059     -0.0317     -0.5100     -0.3592      0.2954
0.060     -0.0143     -0.4836     -0.3360      0.3069
0.061      0.0025     -0.4580     -0.3137      0.3181
0.062      0.0188     -0.4333     -0.2922      0.3289
0.063      0.0346     -0.4093     -0.2713      0.3393
0.064      0.0499     -0.3861     -0.2511      0.3495
0.065      0.0647     -0.3636     -0.2315      0.3593
0.066      0.0791     -0.3417     -0.2125      0.3688
0.067      0.0930     -0.3206     -0.1941      0.3781
0.068      0.1066     -0.3000     -0.1762      0.3871
0.069      0.1197     -0.2801     -0.1588      0.3958
0.070      0.1325     -0.2607     -0.1419      0.4042
0.071      0.1449     -0.2419     -0.1255      0.4125
0.072      0.1569     -0.2235     -0.1096      0.4204
0.073      0.1687     -0.2057     -0.0941      0.4282
0.074      0.1801     -0.1884     -0.0790      0.4358
0.075      0.1912     -0.1715     -0.0643      0.4432
0.076      0.2020     -0.1551     -0.0500      0.4504
0.077      0.2125     -0.1391     -0.0361      0.4574
0.078      0.2228     -0.1235     -0.0225      0.4642
0.079      0.2328     -0.1083     -0.0093      0.4708
0.080      0.2426     -0.0935      0.0036      0.4773
0.081      0.2521     -0.0791      0.0163      0.4837
0.082      0.2613     -0.0650      0.0286      0.4898
0.083      0.2704     -0.0512      0.0407      0.4959
0.084      0.2792     -0.0378      0.0527      0.5018
0.085      0.2879     -0.0247      0.0642      0.5075
0.086      0.2963     -0.0119      0.0753      0.5131
0.087      0.3046      0.0006      0.0862      0.5186
0.088      0.3126      0.0129      0.0968      0.5239
0.089      0.3205      0.0248      0.1072      0.5292
0.090      0.3282      0.0365      0.1174      0.5343
0.091      0.3357      0.0479      0.1275      0.5393
0.092      0.3431      0.0591      0.1372      0.5442
0.093      0.3503      0.0700      0.1468      0.5486
0.094      0.3573      0.0808      0.1562      0.5533
0.095      0.3642      0.0912      0.1662      0.5580
0.096      0.3710      0.1015      0.1753      0.5626
0.097      0.3776      0.1116      0.1841      0.5665
0.098      0.3841      0.1214      0.1942      0.5691
0.099      0.3904      0.1311      0.2027      0.5734
0.100      0.3967      0.1405      0.2137      0.5774
0.101      0.4028      0.1498      0.2218      0.5785
0.102      0.4088      0.1589      0.2329      0.5825
0.103      0.4146      0.1678      0.2408      0.5830
0.104      0.4204      0.1765      0.2501      0.5802
0.105      0.4260      0.1851      0.2611      0.5829
0.106      0.4316      0.1935      0.2742      0.5845
0.107      0.4370      0.2017      0.2830      0.5839
0.108      0.4423      0.2099      0.2936      0.5838
0.109      0.4476      0.2178      0.3066      0.5811
0.110      0.4527      0.2256      0.3166      0.5785
0.111      0.4578      0.2333      0.3292      0.5782
0.112      0.4627      0.2408      0.3419      0.5770
0.113      0.4676      0.2450      0.3527      0.5769
0.114      0.4695      0.2449      0.3612      0.5746
0.115      0.4690      0.2447      0.3611      0.5699
0.116      0.4685      0.2445      0.3620      0.5661
0.117      0.4681      0.2443      0.3622      0.5651
0.118      0.4676      0.2442      0.3654      0.5640
0.119      0.4671      0.2440      0.3664      0.5629
0.120      0.4666      0.2438      0.3658      0.5616
0.121      0.4661      0.2437      0.3646      0.5611
0.122      0.4656      0.2435      0.3651      0.5605
0.123      0.4651      0.2433      0.3647      0.5609
0.124      0.4646      0.2431      0.3647      0.5604
0.125      0.4641      0.2430      0.3649      0.5596
0.126      0.4636      0.2428      0.3643      0.5583
0.127      0.4631      0.2426      0.3638      0.5578
0.128      0.4626      0.2424      0.3633      0.5572
0.129      0.4621      0.2423      0.3628      0.5567
0.130      0.4616      0.2421      0.3623      0.5561
0.131      0.4611      0.2419      0.3618      0.5556
0.132      0.4606      0.2417      0.3613      0.5550
0.133      0.4601      0.2415      0.3603      0.5544
0.134      0.4596      0.2414      0.3597      0.5539
0.135      0.4591      0.2412      0.3591      0.5533
0.136      0.4586      0.2410      0.3585      0.5528
0.137      0.4581      0.2408      0.3580      0.5523
0.138      0.4576      0.2406      0.3576      0.5518
0.139      0.4571      0.2405      0.3572      0.5513
0.140      0.4566      0.2403      0.3568      0.5509
0.141      0.4561      0.2401      0.3563      0.5504
0.142      0.4555      0.2399      0.3559      0.5499
0.143      0.4550      0.2397      0.3553      0.5494
0.144      0.4545      0.2396      0.3548      0.5489
0.145      0.4540      0.2394      0.3544      0.5485
0.146      0.4535      0.2392      0.3539      0.5480
0.147      0.4530      0.2390      0.3533      0.5475
0.148      0.4524      0.2388      0.3528      0.5470
0.149      0.4519      0.2386      0.3522      0.5465
0.150      0.4514      0.2385      0.3517      0.5460
0.151      0.4509      0.2383      0.3512      0.5456
0.152      0.4503      0.2381      0.3506      0.5451
0.153      0.4498      0.2379      0.3501      0.5446
0.154      0.4493      0.2377      0.3496      0.5441
0.155      0.4487      0.2375      0.3492      0.5436
0.156      0.4482      0.2373      0.3488      0.5431
0.157      0.4477      0.2372      0.3483      0.5425
0.158      0.4471      0.2370      0.3477      0.5419
0.159      0.4466      0.2368      0.3471      0.5413
0.160      0.4461      0.2366      0.3464      0.5407
0.161      0.4455      0.2364      0.3458      0.5401
0.162      0.4450      0.2362      0.3452      0.5395
0.163      0.4445      0.2360      0.3445      0.5389
0.164      0.4439      0.2358      0.3440      0.5383
0.165      0.4434      0.2356      0.3434      0.5377
0.166      0.4428      0.2354      0.3428      0.5371
0.167      0.4423      0.2352      0.3423      0.5365
0.168      0.4417      0.2351      0.3417      0.5359
0.169      0.4412      0.2349      0.3413      0.5353
0.170      0.4406      0.2347      0.3409      0.5347
0.171      0.4401      0.2345      0.3405      0.5341
0.172      0.4395      0.2343      0.3400      0.5335
0.173      0.4390      0.2341      0.3396      0.5329
0.174      0.4384      0.2339      0.3392      0.5323
0.175      0.4379      0.2337      0.3387      0.5316
0.176      0.4373      0.2335      0.3382      0.5310
0.177      0.4367      0.2333      0.3376      0.5304
0.178      0.4362      0.2331      0.3370      0.5298
0.179      0.4356      0.2329      0.3365      0.5292
0.180      0.4351      0.2327      0.3359      0.5286
0.181      0.4345      0.2325      0.3352      0.5279
0.182      0.4339      0.2323      0.3345      0.5273
0.183      0.4334      0.2321      0.3340      0.5267
0.184      0.4328      0.2319      0.3335      0.5261
0.185      0.4322      0.2317      0.3330      0.5254
0.186      0.4317      0.2315      0.3325      0.5249
0.187      0.4311      0.2313      0.3319      0.5242
0.188      0.4305      0.2311      0.3313      0.5236
0.189      0.4299      0.2309      0.3307      0.5229
0.190      0.4294      0.2307      0.3301      0.5223
0.191      0.4288      0.2305      0.3296      0.5217
0.192      0.4282      0.2303      0.3290      0.5210
0.193      0.4276      0.2301      0.3285      0.5204
0.194      0.4270      0.2299      0.3281      0.5197
0.195      0.4264      0.2297      0.3274      0.5191
0.196      0.4259      0.2295      0.3268      0.5184
0.197      0.4253      0.2292      0.3262      0.5178
0.198      0.4247      0.2290      0.3256      0.5171
0.199      0.4241      0.2288      0.3250      0.5165
0.200      0.4235      0.2286      0.3243      0.5158
0.201      0.4229      0.2284      0.3237      0.5152
0.202      0.4223      0.2282      0.3231      0.5145
0.203      0.4217      0.2280      0.3224      0.5138
0.204      0.4211      0.2278      0.3218      0.5132
0.205      0.4205      0.2276      0.3212      0.5127
0.206      0.4199      0.2274      0.3206      0.5121
0.207      0.4193      0.2271      0.3200      0.5116
0.208      0.4187      0.2269      0.3194      0.5110
0.209      0.4181      0.2267      0.3188      0.5105
0.210      0.4175      0.2265      0.3182      0.5100
0.211      0.4169      0.2263      0.3176      0.5095
0.212      0.4163      0.2261      0.3170      0.5090
0.213      0.4157      0.2259      0.3164      0.5084
0.214      0.4151      0.2256      0.3157      0.5079
0.215      0.4144      0.2254      0.3151      0.5074
0.216      0.4138      0.2252      0.3145      0.5069
0.217      0.4132      0.2250      0.3139      0.5064
0.218      0.4126      0.2248      0.3132      0.5058
0.219      0.4120      0.2246      0.3126      0.5051
0.220      0.4113      0.2243      0.3120      0.5044
0.221      0.4107      0.2241      0.3114      0.5038
0.222      0.4101      0.2239      0.3107      0.5033
0.223      0.4095      0.2237      0.3101      0.5027
0.224      0.4088      0.2234      0.3095      0.5021
0.225      0.4082      0.2232      0.3089      0.5016
0.226      0.4076      0.2230      0.3083      0.5009
0.227      0.4069      0.2228      0.3076      0.5002
0.228      0.4063      0.2226      0.3070      0.4995
0.229      0.4057      0.2223      0.3064      0.4987
0.230      0.4050      0.2221      0.3058      0.4980
0.231      0.4044      0.2219      0.3051      0.4973
0.232      0.4037      0.2217      0.3045      0.4965
0.233      0.4031      0.2214      0.3039      0.4958
0.234      0.4025      0.2212      0.3032      0.4951
0.235      0.4018      0.2210      0.3026      0.4943
0.236      0.4012      0.2207      0.3020      0.4936
0.237      0.4005      0.2205      0.3013      0.4928
0.238      0.3999      0.2203      0.3007      0.4921
0.239      0.3992      0.2200      0.3000      0.4914
0.240      0.3986      0.2198      0.2994      0.4908
0.241      0.3979      0.2196      0.2988      0.4901
0.242      0.3972      0.2194      0.2981      0.4895
0.243      0.3966      0.2191      0.2975      0.4888
0.244      0.3959      0.2189      0.2968      0.4882
0.245      0.3952      0.2187      0.2962      0.4875
0.246      0.3946      0.2184      0.2955      0.4869
0.247      0.3939      0.2182      0.2949      0.4862
0.248      0.3932      0.2179      0.2942      0.4856
0.249      0.3926      0.2177      0.2935      0.4849
0.250      0.3919      0.2175      0.2929      0.4842
0.251      0.3912      0.2172      0.2922      0.4836
0.252      0.3905      0.2170      0.2916      0.4829
0.253      0.3899      0.2168      0.2909      0.4823
0.254      0.3892      0.2165      0.2902      0.4816
0.255      0.3885      0.2163      0.2896      0.4810
0.256      0.3878      0.2160      0.2889      0.4804
0.257      0.3871      0.2158      0.2882      0.4798
0.258      0.3864      0.2155      0.2877      0.4792
0.259      0.3858      0.2153      0.2871      0.4785
0.260      0.3851      0.2151      0.2866      0.4777
0.261      0.3844      0.2148      0.2860      0.4769
0.262      0.3837      0.2146      0.2853      0.4762
0.263      0.3830      0.2143      0.2846      0.4755
0.264      0.3823      0.2141      0.2838      0.4748
0.265      0.3816      0.2138      0.2830      0.4741
0.266      0.3809      0.2136      0.2822      0.4734
0.267      0.3802      0.2133      0.2814      0.4727
0.268      0.3795      0.2131      0.2807      0.4720
0.269      0.3788      0.2128      0.2800      0.4713
0.270      0.3780      0.2126      0.2793      0.4707
0.271      0.3773      0.2123      0.2786      0.4700
0.272      0.3766      0.2121      0.2779      0.4693
0.273      0.3759      0.2118      0.2772      0.4687
0.274      0.3752      0.2116      0.2765      0.4680
0.275      0.3745      0.2113      0.2758      0.4672
0.276      0.3737      0.2111      0.2751      0.4664
0.277      0.3730      0.2108      0.2744      0.4657
0.278      0.3723      0.2106      0.2737      0.4650
0.279      0.3716      0.2103      0.2729      0.4643
0.280      0.3708      0.2100      0.2724      0.4636
0.281      0.3701      0.2098      0.2718      0.4628
0.282      0.3694      0.2095      0.2711      0.4621
0.283      0.3686      0.2093      0.2704      0.4614
0.284      0.3679      0.2090      0.2697      0.4607
0.285      0.3671      0.2087      0.2689      0.4599
0.286      0.3664      0.2085      0.2682      0.4592
0.287      0.3657      0.2082      0.2675      0.4585
0.288      0.3649      0.2080      0.2667      0.4578
0.289      0.3642      0.2077      0.2660      0.4570
0.290      0.3634      0.2074      0.2652      0.4563
0.291      0.3627      0.2072      0.2645      0.4555
0.292      0.3619      0.2069      0.2638      0.4548
0.293      0.3611      0.2066      0.2630      0.4540
0.294      0.3604      0.2064      0.2621      0.4533
0.295      0.3596      0.2061      0.2613      0.4526
0.296      0.3589      0.2058      0.2605      0.4518
0.297      0.3581      0.2055      0.2597      0.4511
0.298      0.3573      0.2053      0.2590      0.4503
0.299      0.3566      0.2050      0.2582      0.4495
0.300      0.3558      0.2047      0.2574      0.4488
0.301      0.3550      0.2045      0.2565      0.4480
0.302      0.3542      0.2042      0.2557      0.4473
0.303      0.3535      0.2039      0.2548      0.4466
0.304      0.3527      0.2036      0.2540      0.4457
0.305      0.3519      0.2034      0.2532      0.4450
0.306      0.3511      0.2031      0.2524      0.4443
0.307      0.3503      0.2028      0.2516      0.4435
0.308      0.3495      0.2025      0.2510      0.4427
0.309      0.3487      0.2022      0.2502      0.4420
0.310      0.3479      0.2020      0.2495      0.4411
0.311      0.3471      0.2017      0.2488      0.4403
0.312      0.3463      0.2014      0.2481      0.4395
0.313      0.3455      0.2011      0.2473      0.4387
0.314      0.3447      0.2008      0.2466      0.4379
0.315      0.3439      0.2005      0.2458      0.4371
0.316      0.3431      0.2003      0.2451      0.4363
0.317      0.3423      0.2000      0.2443      0.4355
0.318      0.3415      0.1997      0.2435      0.4347
0.319      0.3407      0.1994      0.2427      0.4338
0.320      0.3399      0.1991      0.2419      0.4330
0.321      0.3390      0.1988      0.2410      0.4323
0.322      0.3382      0.1985      0.2402      0.4315
0.323      0.3374      0.1982      0.2394      0.4307
0.324      0.3366      0.1979      0.2386      0.4299
0.325      0.3357      0.1977      0.2378      0.4291
0.326      0.3349      0.1974      0.2370      0.4283
0.327      0.3340      0.1971      0.2362      0.4274
0.328      0.3332      0.1968      0.2353      0.4266
0.329      0.3324      0.1965      0.2345      0.4257
0.330      0.3315      0.1962      0.2337      0.4248
0.331      0.3307      0.1959      0.2329      0.4238
0.332      0.3298      0.1956      0.2320      0.4229
0.333      0.3290      0.1953      0.2312      0.4220
0.334      0.3281      0.1950      0.2303      0.4210
0.335      0.3273      0.1947      0.2292      0.4201
0.336      0.3264      0.1944      0.2283      0.4191
0.337      0.3256      0.1941      0.2274      0.4182
0.338      0.3247      0.1938      0.2267      0.4172
0.339      0.3238      0.1935      0.2259      0.4163
0.340      0.3230      0.1931      0.2252      0.4153
0.341      0.3221      0.1928      0.2243      0.4144
0.342      0.3212      0.1925      0.2233      0.4134
0.343      0.3203      0.1922      0.2223      0.4124
0.344      0.3194      0.1919      0.2213      0.4115
0.345      0.3186      0.1916      0.2205      0.4105
0.346      0.3177      0.1913      0.2196      0.4095
0.347      0.3168      0.1910      0.2186      0.4085
0.348      0.3159      0.1907      0.2176      0.4076
0.349      0.3150      0.1903      0.2167      0.4066
0.350      0.3141      0.1900      0.2158      0.4056
0.351      0.3132      0.1897      0.2149      0.4046
0.352      0.3123      0.1894      0.2140      0.4036
0.353      0.3114      0.1891      0.2131      0.4026
0.354      0.3105      0.1888      0.2121      0.4016
0.355      0.3096      0.1884      0.2112      0.4007
0.356      0.3087      0.1881      0.2102      0.3998
0.357      0.3078      0.1878      0.2092      0.3989
0.358      0.3068      0.1875      0.2083      0.3980
0.359      0.3059      0.1871      0.2074      0.3971
0.360      0.3050      0.1868      0.2066      0.3961
0.361      0.3041      0.1865      0.2056      0.3952
0.362      0.3031      0.1862      0.2046      0.3943
0.363      0.3022      0.1858      0.2036      0.3934
0.364      0.3013      0.1855      0.2026      0.3924
0.365      0.3003      0.1852      0.2016      0.3914
0.366      0.2994      0.1848      0.2006      0.3903
0.367      0.2984      0.1845      0.1996      0.3893
0.368      0.2975      0.1842      0.1988      0.3883
0.369      0.2965      0.1838      0.1976      0.3873
0.370      0.2956      0.1835      0.1965      0.3865
0.371      0.2946      0.1832      0.1954      0.3856
0.372      0.2937      0.1828      0.1944      0.3848
0.373      0.2927      0.1825      0.1934      0.3839
0.374      0.2917      0.1821      0.1923      0.3830
0.375      0.2908      0.1818      0.1913      0.3820
0.376      0.2898      0.1815      0.1902      0.3810
0.377      0.2888      0.1811      0.1892      0.3801
0.378      0.2878      0.1808      0.1881      0.3795
0.379      0.2869      0.1804      0.1868      0.3789
0.380      0.2859      0.1801      0.1856      0.3780
0.381      0.2849      0.1797      0.1845      0.3772
0.382      0.2839      0.1794      0.1835      0.3762
0.383      0.2829      0.1790      0.1825      0.3752
0.384      0.2819      0.1787      0.1816      0.3741
0.385      0.2809      0.1783      0.1807      0.3731
0.386      0.2799      0.1780      0.1796      0.3721
0.387      0.2789      0.1776      0.1785      0.3711
0.388      0.2779      0.1772      0.1774      0.3701
0.389      0.2769      0.1769      0.1764      0.3692
0.390      0.2759      0.1765      0.1754      0.3684
0.391      0.2748      0.1762      0.1743      0.3676
0.392      0.2738      0.1758      0.1733      0.3667
0.393      0.2728      0.1754      0.1723      0.3659
0.394      0.2718      0.1751      0.1712      0.3650
0.395      0.2707      0.1747      0.1701      0.3640
0.396      0.2697      0.1744      0.1690      0.3629
0.397      0.2686      0.1740      0.1678      0.3618
0.398      0.2676      0.1736      0.1666      0.3607
0.399      0.2665      0.1732      0.1654      0.3596
0.400      0.2655      0.1729      0.1642      0.3584
0.401      0.2644      0.1725      0.1632      0.3573
0.402      0.2634      0.1721      0.1622      0.3562
0.403      0.2623      0.1718      0.1612      0.3550
0.404      0.2613      0.1714      0.1603      0.3539
0.405      0.2602      0.1710      0.1593      0.3527
0.406      0.2591      0.1706      0.1583      0.3516
0.407      0.2580      0.1702      0.1572      0.3504
0.408      0.2570      0.1699      0.1560      0.3492
0.409      0.2559      0.1695      0.1548      0.3481
0.410      0.2548      0.1691      0.1536      0.3469
0.411      0.2537      0.1687      0.1524      0.3457
0.412      0.2526      0.1683      0.1512      0.3445
0.413      0.2515      0.1679      0.1501      0.3434
0.414      0.2504      0.1675      0.1490      0.3422
0.415      0.2493      0.1672      0.1479      0.3413
0.416      0.2482      0.1668      0.1469      0.3402
0.417      0.2471      0.1664      0.1458      0.3390
0.418      0.2459      0.1660      0.1447      0.3378
0.419      0.2448      0.1656      0.1437      0.3365
0.420      0.2437      0.1652      0.1426      0.3353
0.421      0.2426      0.1648      0.1415      0.3341
0.422      0.2414      0.1644      0.1404      0.3330
0.423      0.2403      0.1640      0.1393      0.3318
0.424      0.2392      0.1636      0.1382      0.3307
0.425      0.2380      0.1632      0.1371      0.3298
0.426      0.2369      0.1628      0.1359      0.3289
0.427      0.2357      0.1624      0.1346      0.3280
0.428      0.2346      0.1620      0.1332      0.3271
0.429      0.2334      0.1615      0.1318      0.3262
0.430      0.2322      0.1611      0.1305      0.3253
0.431      0.2311      0.1607      0.1291      0.3244
0.432      0.2299      0.1603      0.1277      0.3235
0.433      0.2287      0.1599      0.1263      0.3222
0.434      0.2275      0.1595      0.1249      0.3209
0.435      0.2263      0.1591      0.1236      0.3195
0.436      0.2252      0.1586      0.1223      0.3181
0.437      0.2240      0.1582      0.1213      0.3168
0.438      0.2228      0.1578      0.1198      0.3154
0.439      0.2216      0.1574      0.1183      0.3140
0.440      0.2204      0.1569      0.1168      0.3129
0.441      0.2191      0.1565      0.1153      0.3119
0.442      0.2179      0.1561      0.1138      0.3108
0.443      0.2167      0.1557      0.1123      0.3097
0.444      0.2155      0.1552      0.1108      0.3086
0.445      0.2143      0.1548      0.1094      0.3075
0.446      0.2130      0.1544      0.1080      0.3063
0.447      0.2118      0.1539      0.1067      0.3049
0.448      0.2105      0.1535      0.1053      0.3036
0.449      0.2093      0.1530      0.1043      0.3023
0.450      0.2080      0.1526      0.1030      0.3010
0.451      0.2068      0.1522      0.1016      0.2996
0.452      0.2055      0.1517      0.1000      0.2983
0.453      0.2043      0.1513      0.0985      0.2969
0.454      0.2030      0.1508      0.0969      0.2956
0.455      0.2017      0.1504      0.0956      0.2941
0.456      0.2004      0.1499      0.0943      0.2928
0.457      0.1992      0.1495      0.0928      0.2915
0.458      0.1979      0.1490      0.0913      0.2901
0.459      0.1966      0.1486      0.0898      0.2888
0.460      0.1953      0.1481      0.0883      0.2875
0.461      0.1940      0.1476      0.0869      0.2863
0.462      0.1927      0.1472      0.0855      0.2851
0.463      0.1913      0.1467      0.0841      0.2838
0.464      0.1900      0.1462      0.0827      0.2824
0.465      0.1887      0.1458      0.0813      0.2810
0.466      0.1874      0.1453      0.0800      0.2798
0.467      0.1860      0.1448      0.0788      0.2788
0.468      0.1847      0.1444      0.0775      0.2775
0.469      0.1834      0.1439      0.0761      0.2762
0.470      0.1820      0.1434      0.0747      0.2750
0.471      0.1807      0.1429      0.0733      0.2737
0.472      0.1793      0.1425      0.0719      0.2724
0.473      0.1779      0.1420      0.0704      0.2710
0.474      0.1766      0.1415      0.0690      0.2695
0.475      0.1752      0.1410      0.0675      0.2680
0.476      0.1738      0.1405      0.0661      0.2667
0.477      0.1724      0.1400      0.0648      0.2654
0.478      0.1711      0.1396      0.0634      0.2640
0.479      0.1697      0.1391      0.0621      0.2626
0.480      0.1683      0.1386      0.0607      0.2612
0.481      0.1669      0.1381      0.0591      0.2598
0.482      0.1654      0.1376      0.0574      0.2584
0.483      0.1640      0.1371      0.0558      0.2570
0.484      0.1626      0.1366      0.0543      0.2555
0.485      0.1612      0.1361      0.0528      0.2542
0.486      0.1597      0.1356      0.0513      0.2529
0.487      0.1583      0.1351      0.0498      0.2517
0.488      0.1569      0.1345      0.0483      0.2502
0.489      0.1554      0.1340      0.0467      0.2486
0.490      0.1540      0.1335      0.0452      0.2471
0.491      0.1525      0.1330      0.0435      0.2456
0.492      0.1510      0.1325      0.0416      0.2441
0.493      0.1496      0.1320      0.0401      0.2427
0.494      0.1481      0.1314      0.0386      0.2413
0.495      0.1466      0.1309      0.0366      0.2399
0.496      0.1451      0.1304      0.0347      0.2384
0.497      0.1436      0.1299      0.0333      0.2370
0.498      0.1421      0.1293      0.0321      0.2354
0.499      0.1406      0.1288      0.0304      0.2337
0.500      0.1391      0.1283      0.0290      0.2323
0.501      0.1376      0.1277      0.0271      0.2309
0.502      0.1360      0.1272      0.0253      0.2296
0.503      0.1345      0.1267      0.0237      0.2282
0.504      0.1330      0.1261      0.0219      0.2269
0.505      0.1314      0.1256      0.0200      0.2256
0.506      0.1299      0.1250      0.0181      0.2242
0.507      0.1283      0.1245      0.0162      0.2228
0.508      0.1268      0.1239      0.0145      0.2215
0.509      0.1252      0.1234      0.0128      0.2200
0.510      0.1236      0.1228      0.0109      0.2185
0.511      0.1220      0.1223      0.0089      0.2169
0.512      0.1204      0.1217      0.0070      0.2152
0.513      0.1188      0.1211      0.0050      0.2136
0.514      0.1172      0.1206      0.0031      0.2119
0.515      0.1156      0.1200      0.0011      0.2102
0.516      0.1140      0.1194     -0.0009      0.2085
0.517      0.1124      0.1189     -0.0029      0.2069
0.518      0.1108      0.1183     -0.0049      0.2053
0.519      0.1091      0.1177     -0.0067      0.2038
0.520      0.1075      0.1171     -0.0084      0.2022
0.521      0.1058      0.1165     -0.0104      0.2006
0.522      0.1042      0.1160     -0.0124      0.1990
0.523      0.1025      0.1154     -0.0141      0.1974
0.524      0.1009      0.1148     -0.0157      0.1958
0.525      0.0992      0.1142     -0.0173      0.1942
0.526      0.0975      0.1136     -0.0190      0.1925
0.527      0.0958      0.1130     -0.0206      0.1909
0.528      0.0941      0.1124     -0.0223      0.1893
0.529      0.0924      0.1118     -0.0240      0.1878
0.530      0.0907      0.1112     -0.0257      0.1863
0.531      0.0890      0.1106     -0.0276      0.1844
0.532      0.0872      0.1100     -0.0295      0.1827
0.533      0.0855      0.1094     -0.0315      0.1808
0.534      0.0838      0.1088     -0.0335      0.1789
0.535      0.0820      0.1081     -0.0355      0.1771
0.536      0.0802      0.1075     -0.0375      0.1752
0.537      0.0785      0.1069     -0.0396      0.1737
0.538      0.0767      0.1063     -0.0417      0.1723
0.539      0.0749      0.1056     -0.0439      0.1707
0.540      0.0731      0.1050     -0.0462      0.1687
0.541      0.0713      0.1044     -0.0484      0.1668
0.542      0.0695      0.1037     -0.0507      0.1652
0.543      0.0677      0.1031     -0.0529      0.1636
0.544      0.0659      0.1025     -0.0551      0.1620
0.545      0.0641      0.1018     -0.0570      0.1603
0.546      0.0622      0.1012     -0.0590      0.1587
0.547      0.0604      0.1005     -0.0609      0.1571
0.548      0.0586      0.0999     -0.0629      0.1554
0.549      0.0567      0.0992     -0.0649      0.1539
0.550      0.0548      0.0985     -0.0669      0.1523
0.551      0.0529      0.0979     -0.0689      0.1507
0.552      0.0511      0.0972     -0.0709      0.1489
0.553      0.0492      0.0965     -0.0731      0.1471
0.554      0.0473      0.0959     -0.0753      0.1454
0.555      0.0454      0.0952     -0.0775      0.1438
0.556      0.0434      0.0945     -0.0797      0.1421
0.557      0.0415      0.0938     -0.0819      0.1403
0.558      0.0396      0.0932     -0.0843      0.1386
0.559      0.0376      0.0925     -0.0867      0.1369
0.560      0.0357      0.0918     -0.0891      0.1352
0.561      0.0337      0.0911     -0.0915      0.1334
0.562      0.0317      0.0904     -0.0938      0.1317
0.563      0.0298      0.0897     -0.0957      0.1299
0.564      0.0278      0.0890     -0.0976      0.1282
0.565      0.0258      0.0883     -0.0995      0.1264
0.566      0.0238      0.0876     -0.1015      0.1246
0.567      0.0217      0.0869     -0.1034      0.1228
0.568      0.0197      0.0862     -0.1054      0.1210
0.569      0.0177      0.0854     -0.1073      0.1192
0.570      0.0156      0.0847     -0.1094      0.1172
0.571      0.0136      0.0840     -0.1113      0.1152
0.572      0.0115      0.0833     -0.1133      0.1132
0.573      0.0094      0.0825     -0.1154      0.1112
0.574      0.0073      0.0818     -0.1176      0.1092
0.575      0.0053      0.0811     -0.1197      0.1074
0.576      0.0031      0.0803     -0.1219      0.1058
0.577      0.0010      0.0796     -0.1241      0.1042
0.578     -0.0011      0.0788     -0.1264      0.1026
0.579     -0.0032      0.0781     -0.1286      0.1007
0.580     -0.0054      0.0773     -0.1308      0.0988
0.581     -0.0075      0.0765     -0.1331      0.0969
0.582     -0.0097      0.0758     -0.1353      0.0950
0.583     -0.0119      0.0750     -0.1376      0.0930
0.584     -0.0141      0.0742     -0.1399      0.0910
0.585     -0.0162      0.0735     -0.1423      0.0889
0.586     -0.0185      0.0727     -0.1446      0.0868
0.587     -0.0207      0.0719     -0.1470      0.0848
0.588     -0.0229      0.0711     -0.1493      0.0828
0.589     -0.0251      0.0703     -0.1517      0.0806
0.590     -0.0274      0.0695     -0.1541      0.0785
0.591     -0.0297      0.0687     -0.1565      0.0764
0.592     -0.0319      0.0679     -0.1589      0.0742
0.593     -0.0342      0.0671     -0.1613      0.0721
0.594     -0.0365      0.0663     -0.1638      0.0700
0.595     -0.0388      0.0655     -0.1662      0.0678
0.596     -0.0411      0.0647     -0.1687      0.0656
0.597     -0.0435      0.0639     -0.1711      0.0638
0.598     -0.0458      0.0630     -0.1736      0.0620
0.599     -0.0481      0.0622     -0.1761      0.0602
0.600     -0.0505      0.0614     -0.1786      0.0584
0.601     -0.0529      0.0605     -0.1814      0.0566
0.602     -0.0553      0.0597     -0.1839      0.0546
0.603     -0.0577      0.0589     -0.1862      0.0525
0.604     -0.0601      0.0580     -0.1888      0.0504
0.605     -0.0625      0.0571     -0.1918      0.0482
0.606     -0.0649      0.0563     -0.1949      0.0461
0.607     -0.0674      0.0554     -0.1979      0.0439
0.608     -0.0699      0.0546     -0.2009      0.0417
0.609     -0.0723      0.0537     -0.2040      0.0395
0.610     -0.0748      0.0528     -0.2071      0.0373
0.611     -0.0773      0.0519     -0.2102      0.0351
0.612     -0.0798      0.0510     -0.2129      0.0329
0.613     -0.0824      0.0501     -0.2154      0.0311
0.614     -0.0849      0.0492     -0.2179      0.0293
0.615     -0.0874      0.0483     -0.2214      0.0274
0.616     -0.0900      0.0474     -0.2247      0.0256
0.617     -0.0926      0.0465     -0.2273      0.0237
0.618     -0.0952      0.0456     -0.2300      0.0218
0.619     -0.0978      0.0447     -0.2332      0.0195
0.620     -0.1004      0.0438     -0.2364      0.0172
0.621     -0.1030      0.0428     -0.2396      0.0148
0.622     -0.1057      0.0419     -0.2429      0.0126
0.623     -0.1083      0.0410     -0.2462      0.0106
0.624     -0.1110      0.0400     -0.2495      0.0085
0.625     -0.1137      0.0391     -0.2530      0.0065
0.626     -0.1164      0.0381     -0.2566      0.0045
0.627     -0.1191      0.0372     -0.2601      0.0024
0.628     -0.1219      0.0362     -0.2637      0.0000
0.629     -0.1246      0.0352     -0.2673     -0.0024
0.630     -0.1274      0.0343     -0.2709     -0.0049
0.631     -0.1302      0.0333     -0.2745     -0.0074
0.632     -0.1329      0.0323     -0.2782     -0.0100
0.633     -0.1358      0.0313     -0.2818     -0.0123
0.634     -0.1386      0.0303     -0.2850     -0.0145
0.635     -0.1414      0.0293     -0.2881     -0.0166
0.636     -0.1443      0.0283     -0.2913     -0.0187
0.637     -0.1471      0.0273     -0.2945     -0.0211
0.638     -0.1500      0.0263     -0.2982     -0.0235
0.639     -0.1529      0.0252     -0.3020     -0.0260
0.640     -0.1558      0.0242     -0.3057     -0.0285
0.641     -0.1588      0.0232     -0.3089     -0.0310
0.642     -0.1617      0.0221     -0.3121     -0.0335
0.643     -0.1647      0.0211     -0.3153     -0.0360
0.644     -0.1677      0.0200     -0.3190     -0.0386
0.645     -0.1707      0.0190     -0.3227     -0.0411
0.646     -0.1737      0.0179     -0.3262     -0.0437
0.647     -0.1767      0.0168     -0.3295     -0.0463
0.648     -0.1798      0.0158     -0.3329     -0.0490
0.649     -0.1829      0.0147     -0.3363     -0.0515
0.650     -0.1859      0.0136     -0.3397     -0.0541
0.651     -0.1890      0.0125     -0.3431     -0.0568
0.652     -0.1922      0.0114     -0.3465     -0.0594
0.653     -0.1953      0.0103     -0.3500     -0.0621
0.654     -0.1985      0.0092     -0.3535     -0.0648
0.655     -0.2016      0.0081     -0.3570     -0.0675
0.656     -0.2048      0.0069     -0.3605     -0.0703
0.657     -0.2081      0.0058     -0.3641     -0.0730
0.658     -0.2113      0.0047     -0.3676     -0.0757
0.659     -0.2145      0.0035     -0.3712     -0.0785
0.660     -0.2178      0.0024     -0.3751     -0.0813
0.661     -0.2211      0.0012     -0.3790     -0.0840
0.662     -0.2244      0.0000     -0.3829     -0.0869
0.663     -0.2277     -0.0012     -0.3869     -0.0898
0.664     -0.2311     -0.0023     -0.3909     -0.0926
0.665     -0.2345     -0.0035     -0.3949     -0.0955
0.666     -0.2378     -0.0047     -0.3990     -0.0984
0.667     -0.2413     -0.0059     -0.4030     -0.1013
0.668     -0.2447     -0.0071     -0.4067     -0.1042
0.669     -0.2481     -0.0083     -0.4103     -0.1071
0.670     -0.2516     -0.0096     -0.4144     -0.1101
0.671     -0.2551     -0.0108     -0.4189     -0.1131
0.672     -0.2586     -0.0120     -0.4233     -0.1159
0.673     -0.2622     -0.0133     -0.4278     -0.1187
0.674     -0.2657     -0.0145     -0.4322     -0.1216
0.675     -0.2693     -0.0158     -0.4367     -0.1244
0.676     -0.2729     -0.0171     -0.4413     -0.1273
0.677     -0.2765     -0.0184     -0.4457     -0.1304
0.678     -0.2802     -0.0196     -0.4498     -0.1337
0.679     -0.2838     -0.0209     -0.4540     -0.1369
0.680     -0.2875     -0.0222     -0.4583     -0.1402
0.681     -0.2912     -0.0236     -0.4627     -0.1435
0.682     -0.2950     -0.0249     -0.4671     -0.1469
0.683     -0.2987     -0.0262     -0.4715     -0.1502
0.684     -0.3025     -0.0275     -0.4756     -0.1535
0.685     -0.3063     -0.0289     -0.4798     -0.1570
0.686     -0.3102     -0.0302     -0.4842     -0.1604
0.687     -0.3140     -0.0316     -0.4886     -0.1638
0.688     -0.3179     -0.0330     -0.4930     -0.1667
0.689     -0.3218     -0.0343     -0.4977     -0.1699
0.690     -0.3257     -0.0357     -0.5025     -0.1733
0.691     -0.3297     -0.0371     -0.5073     -0.1766
0.692     -0.3337     -0.0385     -0.5122     -0.1800
0.693     -0.3377     -0.0399     -0.5171     -0.1835
0.694     -0.3417     -0.0414     -0.5220     -0.1869
0.695     -0.3458     -0.0428     -0.5270     -0.1904
0.696     -0.3499     -0.0442     -0.5320     -0.1933
0.697     -0.3540     -0.0457     -0.5370     -0.1962
0.698     -0.3581     -0.0472     -0.5420     -0.1991
0.699     -0.3623     -0.0486     -0.5471     -0.2031
0.700     -0.3665     -0.0501     -0.5523     -0.2070
0.701     -0.3707     -0.0516     -0.5574     -0.2104
0.702     -0.3750     -0.0531     -0.5626     -0.2139
0.703     -0.3793     -0.0546     -0.5677     -0.2173
0.704     -0.3836     -0.0561     -0.5729     -0.2208
0.705     -0.3879     -0.0577     -0.5780     -0.2243
0.706     -0.3923     -0.0592     -0.5833     -0.2278
0.707     -0.3967     -0.0608     -0.5885     -0.2316
0.708     -0.4012     -0.0623     -0.5938     -0.2356
0.709     -0.4056     -0.0639     -0.5991     -0.2397
0.710     -0.4101     -0.0655     -0.6045     -0.2437
0.711     -0.4146     -0.0671     -0.6099     -0.2478
0.712     -0.4192     -0.0687     -0.6153     -0.2519
0.713     -0.4238     -0.0703     -0.6208     -0.2561
0.714     -0.4284     -0.0719     -0.6263     -0.2602
0.715     -0.4330     -0.0736     -0.6319     -0.2638
0.716     -0.4377     -0.0752     -0.6372     -0.2674
0.717     -0.4425     -0.0769     -0.6424     -0.2710
0.718     -0.4472     -0.0786     -0.6477     -0.2746
0.719     -0.4520     -0.0803     -0.6535     -0.2782
0.720     -0.4568     -0.0820     -0.6593     -0.2819
0.721     -0.4617     -0.0837     -0.6652     -0.2855
0.722     -0.4666     -0.0854     -0.6712     -0.2892
0.723     -0.4715     -0.0871     -0.6772     -0.2930
0.724     -0.4764     -0.0889     -0.6832     -0.2967
0.725     -0.4814     -0.0907     -0.6893     -0.3005
0.726     -0.4865     -0.0924     -0.6954     -0.3043
0.727     -0.4915     -0.0942     -0.7014     -0.3084
0.728     -0.4966     -0.0960     -0.7073     -0.3130
0.729     -0.5018     -0.0978     -0.7132     -0.3176
0.730     -0.5070     -0.0997     -0.7191     -0.3223
0.731     -0.5122     -0.1015     -0.7251     -0.3270
0.732     -0.5174     -0.1034     -0.7312     -0.3315
0.733     -0.5227     -0.1052     -0.7373     -0.3355
0.734     -0.5281     -0.1071     -0.7434     -0.3396
0.735     -0.5335     -0.1090     -0.7498     -0.3437
0.736     -0.5389     -0.1109     -0.7563     -0.3479
0.737     -0.5443     -0.1129     -0.7628     -0.3521
0.738     -0.5499     -0.1148     -0.7695     -0.3563
0.739     -0.5554     -0.1168     -0.7767     -0.3608
0.740     -0.5610     -0.1187     -0.7839     -0.3649
0.741     -0.5666     -0.1207     -0.7912     -0.3692
0.742     -0.5723     -0.1227     -0.7978     -0.3746
0.743     -0.5780     -0.1247     -0.8044     -0.3792
0.744     -0.5838     -0.1268     -0.8110     -0.3839
0.745     -0.5896     -0.1288     -0.8176     -0.3889
0.746     -0.5954     -0.1309     -0.8244     -0.3939
0.747     -0.6013     -0.1330     -0.8312     -0.3989
0.748     -0.6073     -0.1351     -0.8384     -0.4040
0.749     -0.6133     -0.1372     -0.8456     -0.4086
0.750     -0.6193     -0.1393     -0.8525     -0.4130
0.751     -0.6254     -0.1415     -0.8600     -0.4184
0.752     -0.6316     -0.1436     -0.8675     -0.4238
0.753     -0.6377     -0.1458     -0.8749     -0.4292
0.754     -0.6440     -0.1480     -0.8824     -0.4341
0.755     -0.6503     -0.1502     -0.8900     -0.4389
0.756     -0.6566     -0.1525     -0.8976     -0.4436
0.757     -0.6630     -0.1547     -0.9053     -0.4487
0.758     -0.6695     -0.1570     -0.9126     -0.4543
0.759     -0.6760     -0.1593     -0.9201     -0.4599
0.760     -0.6825     -0.1616     -0.9284     -0.4657
0.761     -0.6891     -0.1639     -0.9366     -0.4707
0.762     -0.6958     -0.1663     -0.9446     -0.4759
0.763     -0.7025     -0.1687     -0.9526     -0.4819
0.764     -0.7093     -0.1711     -0.9602     -0.4879
0.765     -0.7161     -0.1735     -0.9679     -0.4935
0.766     -0.7230     -0.1759     -0.9756     -0.4985
0.767     -0.7300     -0.1784     -0.9835     -0.5036
0.768     -0.7370     -0.1808     -0.9914     -0.5087
0.769     -0.7441     -0.1833     -0.9993     -0.5139
0.770     -0.7512     -0.1858     -1.0074     -0.5191
0.771     -0.7584     -0.1884     -1.0155     -0.5244
0.772     -0.7657     -0.1909     -1.0239     -0.5297
0.773     -0.7730     -0.1935     -1.0332     -0.5351
0.774     -0.7804     -0.1961     -1.0426     -0.5405
0.775     -0.7879     -0.1988     -1.0521     -0.5462
0.776     -0.7954     -0.2014     -1.0616     -0.5523
0.777     -0.8030     -0.2041     -1.0713     -0.5584
0.778     -0.8106     -0.2068     -1.0810     -0.5645
0.779     -0.8184     -0.2095     -1.0908     -0.5708
0.780     -0.8262     -0.2123     -1.1007     -0.5771
0.781     -0.8340     -0.2151     -1.1103     -0.5835
0.782     -0.8420     -0.2179     -1.1198     -0.5900
0.783     -0.8500     -0.2207     -1.1293     -0.5965
0.784     -0.8581     -0.2236     -1.1390     -0.6031
0.785     -0.8663     -0.2264     -1.1487     -0.6098
0.786     -0.8745     -0.2293     -1.1587     -0.6165
0.787     -0.8828     -0.2323     -1.1691     -0.6233
0.788     -0.8912     -0.2352     -1.1791     -0.6301
0.789     -0.8997     -0.2382     -1.1889     -0.6370
0.790     -0.9082     -0.2412     -1.1988     -0.6440
0.791     -0.9169     -0.2443     -1.2091     -0.6511
0.792     -0.9256     -0.2474     -1.2195     -0.6585
0.793     -0.9344     -0.2505     -1.2307     -0.6661
0.794     -0.9433     -0.2536     -1.2417     -0.6738
0.795     -0.9523     -0.2568     -1.2524     -0.6816
0.796     -0.9614     -0.2600     -1.2633     -0.6893
0.797     -0.9705     -0.2632     -1.2743     -0.6963
0.798     -0.9798     -0.2665     -1.2854     -0.7034
0.799     -0.9891     -0.2698     -1.2966     -0.7106
0.800     -0.9985     -0.2731     -1.3079     -0.7178
0.801     -1.0081     -0.2765     -1.3194     -0.7254
0.802     -1.0177     -0.2799     -1.3313     -0.7333
0.803     -1.0274     -0.2833     -1.3432     -0.7412
0.804     -1.0372     -0.2868     -1.3548     -0.7485
0.805     -1.0472     -0.2903     -1.3666     -0.7565
0.806     -1.0572     -0.2938     -1.3784     -0.7651
0.807     -1.0673     -0.2974     -1.3905     -0.7738
0.808     -1.0775     -0.3010     -1.4028     -0.7821
0.809     -1.0879     -0.3046     -1.4152     -0.7905
0.810     -1.0983     -0.3083     -1.4277     -0.7991
0.811     -1.1089     -0.3120     -1.4404     -0.8077
0.812     -1.1196     -0.3158     -1.4532     -0.8164
0.813     -1.1303     -0.3196     -1.4661     -0.8252
0.814     -1.1412     -0.3235     -1.4792     -0.8341
0.815     -1.1523     -0.3273     -1.4925     -0.8431
0.816     -1.1634     -0.3313     -1.5058     -0.8521
0.817     -1.1747     -0.3352     -1.5193     -0.8613
0.818     -1.1861     -0.3393     -1.5330     -0.8706
0.819     -1.1976     -0.3433     -1.5468     -0.8800
0.820     -1.2092     -0.3474     -1.5608     -0.8895
0.821     -1.2210     -0.3516     -1.5749     -0.8991
0.822     -1.2329     -0.3558     -1.5892     -0.9088
0.823     -1.2449     -0.3600     -1.6036     -0.9186
0.824     -1.2571     -0.3643     -1.6180     -0.9285
0.825     -1.2694     -0.3687     -1.6323     -0.9386
0.826     -1.2819     -0.3731     -1.6468     -0.9487
0.827     -1.2945     -0.3775     -1.6614     -0.9591
0.828     -1.3072     -0.3820     -1.6763     -0.9700
0.829     -1.3201     -0.3866     -1.6913     -0.9811
0.830     -1.3331     -0.3912     -1.7064     -0.9922
0.831     -1.3463     -0.3958     -1.7218     -1.0027
0.832     -1.3597     -0.4005     -1.7374     -1.0131
0.833     -1.3732     -0.4053     -1.7536     -1.0239
0.834     -1.3869     -0.4101     -1.7699     -1.0349
0.835     -1.4007     -0.4150     -1.7859     -1.0459
0.836     -1.4147     -0.4199     -1.8023     -1.0571
0.837     -1.4289     -0.4250     -1.8194     -1.0687
0.838     -1.4433     -0.4300     -1.8366     -1.0804
0.839     -1.4578     -0.4352     -1.8536     -1.0923
0.840     -1.4725     -0.4403     -1.8709     -1.1043
0.841     -1.4875     -0.4456     -1.8887     -1.1164
0.842     -1.5025     -0.4509     -1.9072     -1.1288
0.843     -1.5178     -0.4563     -1.9261     -1.1412
0.844     -1.5333     -0.4618     -1.9446     -1.1539
0.845     -1.5490     -0.4673     -1.9633     -1.1666
0.846     -1.5649     -0.4729     -1.9823     -1.1796
0.847     -1.5810     -0.4786     -2.0015     -1.1927
0.848     -1.5973     -0.4844     -2.0209     -1.2060
0.849     -1.6138     -0.4902     -2.0406     -1.2195
0.850     -1.6306     -0.4961     -2.0609     -1.2332
0.851     -1.6475     -0.5021     -2.0815     -1.2475
0.852     -1.6647     -0.5081     -2.1024     -1.2621
0.853     -1.6821     -0.5143     -2.1236     -1.2769
0.854     -1.6998     -0.5205     -2.1451     -1.2918
0.855     -1.7177     -0.5268     -2.1668     -1.3070
0.856     -1.7359     -0.5333     -2.1889     -1.3224
0.857     -1.7543     -0.5398     -2.2105     -1.3378
0.858     -1.7730     -0.5463     -2.2324     -1.3532
0.859     -1.7919     -0.5530     -2.2546     -1.3688
0.860     -1.8111     -0.5598     -2.2772     -1.3847
0.861     -1.8306     -0.5667     -2.3000     -1.4007
0.862     -1.8504     -0.5737     -2.3233     -1.4170
0.863     -1.8704     -0.5807     -2.3475     -1.4335
0.864     -1.8908     -0.5879     -2.3721     -1.4503
0.865     -1.9114     -0.5952     -2.3971     -1.4673
0.866     -1.9324     -0.6026     -2.4224     -1.4846
0.867     -1.9537     -0.6101     -2.4480     -1.5016
0.868     -1.9753     -0.6177     -2.4731     -1.5182
0.869     -1.9972     -0.6255     -2.4991     -1.5352
0.870     -2.0195     -0.6333     -2.5266     -1.5524
0.871     -2.0421     -0.6413     -2.5546     -1.5699
0.872     -2.0651     -0.6494     -2.5827     -1.5876
0.873     -2.0884     -0.6576     -2.6109     -1.6057
0.874     -2.1121     -0.6660     -2.6395     -1.6240
0.875     -2.1362     -0.6745     -2.6686     -1.6426
0.876     -2.1606     -0.6831     -2.6982     -1.6615
0.877     -2.1855     -0.6919     -2.7282     -1.6807
0.878     -2.2108     -0.7008     -2.7588     -1.7003
0.879     -2.2365     -0.7099     -2.7898     -1.7202
0.880     -2.2626     -0.7191     -2.8214     -1.7413
0.881     -2.2891     -0.7285     -2.8535     -1.7628
0.882     -2.3161     -0.7380     -2.8862     -1.7847
0.883     -2.3436     -0.7477     -2.9196     -1.8070
0.884     -2.3715     -0.7575     -2.9535     -1.8296
0.885     -2.4000     -0.7676     -2.9880     -1.8527
0.886     -2.4289     -0.7778     -3.0231     -1.8761
0.887     -2.4583     -0.7881     -3.0589     -1.9000
0.888     -2.4883     -0.7987     -3.0951     -1.9243
0.889     -2.5188     -0.8095     -3.1318     -1.9490
0.890     -2.5498     -0.8204     -3.1692     -1.9734
0.891     -2.5815     -0.8316     -3.2073     -1.9981
0.892     -2.6137     -0.8430     -3.2461     -2.0244
0.893     -2.6465     -0.8545     -3.2856     -2.0515
0.894     -2.6799     -0.8663     -3.3259     -2.0780
0.895     -2.7140     -0.8784     -3.3669     -2.1050
0.896     -2.7487     -0.8906     -3.4087     -2.1324
0.897     -2.7841     -0.9031     -3.4514     -2.1605
0.898     -2.8202     -0.9158     -3.4948     -2.1898
0.899     -2.8570     -0.9288     -3.5392     -2.2196
0.900     -2.8946     -0.9421     -3.5844     -2.2501
0.901     -2.9329     -0.9556     -3.6305     -2.2811
0.902     -2.9720     -0.9694     -3.6776     -2.3128
0.903     -3.0119     -0.9834     -3.7256     -2.3441
0.904     -3.0526     -0.9978     -3.7747     -2.3755
0.905     -3.0942     -1.0125     -3.8247     -2.4089
0.906     -3.1366     -1.0275     -3.8759     -2.4434
0.907     -3.1800     -1.0428     -3.9281     -2.4787
0.908     -3.2243     -1.0584     -3.9825     -2.5147
0.909     -3.2696     -1.0744     -4.0382     -2.5509
0.910     -3.3159     -1.0907     -4.0943     -2.5872
0.911     -3.3633     -1.1074     -4.1515     -2.6244
0.912     -3.4117     -1.1245     -4.2100     -2.6630
0.913     -3.4612     -1.1420     -4.2699     -2.7033
0.914     -3.5119     -1.1599     -4.3311     -2.7445
0.915     -3.5638     -1.1782     -4.3938     -2.7866
0.916     -3.6169     -1.1969     -4.4580     -2.8298
0.917     -3.6713     -1.2161     -4.5237     -2.8740
0.918     -3.7270     -1.2358     -4.5911     -2.9193
0.919     -3.7841     -1.2559     -4.6600     -2.9657
0.920     -3.8426     -1.2766     -4.7308     -3.0133
0.921     -3.9026     -1.2977     -4.8033     -3.0620
0.922     -3.9642     -1.3194     -4.8776     -3.1121
0.923     -4.0273     -1.3417     -4.9539     -3.1635
0.924     -4.0921     -1.3646     -5.0323     -3.2166
0.925     -4.1586     -1.3880     -5.1121     -3.2712
0.926     -4.2269     -1.4122     -5.1938     -3.3272
0.927     -4.2971     -1.4369     -5.2777     -3.3847
0.928     -4.3693     -1.4624     -5.3640     -3.4438
0.929     -4.4435     -1.4885     -5.4526     -3.5041
0.930     -4.5198     -1.5155     -5.5439     -3.5647
0.931     -4.5983     -1.5432     -5.6377     -3.6275
0.932     -4.6791     -1.5717     -5.7343     -3.6931
0.933     -4.7623     -1.6011     -5.8339     -3.7599
0.934     -4.8481     -1.6313     -5.9369     -3.8302
0.935     -4.9365     -1.6625     -6.0433     -3.9024
0.936     -5.0276     -1.6947     -6.1531     -3.9765
0.937     -5.1217     -1.7278     -6.2664     -4.0529
0.938     -5.2188     -1.7621     -6.3833     -4.1318
0.939     -5.3190     -1.7975     -6.5040     -4.2133
0.940     -5.4226     -1.8340     -6.6288     -4.2945
0.941     -5.5298     -1.8718     -6.7578     -4.3782
0.942     -5.6406     -1.9109     -6.8912     -4.4651
0.943     -5.7553     -1.9514     -7.0306     -4.5581
0.944     -5.8741     -1.9933     -7.1750     -4.6545
0.945     -5.9972     -2.0367     -7.3247     -4.7543
0.946     -6.1249     -2.0818     -7.4799     -4.8578
0.947     -6.2574     -2.1285     -7.6410     -4.9647
0.948     -6.3950     -2.1771     -7.8082     -5.0748
0.949     -6.5380     -2.2275     -7.9821     -5.1891
0.950     -6.6867     -2.2800     -8.1628     -5.3081
0.951     -6.8415     -2.3346     -8.3510     -5.4319
0.952     -7.0027     -2.3915     -8.5470     -5.5608
0.953     -7.1708     -2.4508     -8.7513     -5.6953
0.954     -7.3462     -2.5127     -8.9645     -5.8356
0.955     -7.5294     -2.5773     -9.1860     -5.9821
0.956     -7.7209     -2.6449     -9.4175     -6.1353
0.957     -7.9213     -2.7156     -9.6597     -6.2956
0.958     -8.1313     -2.7897     -9.9134     -6.4636
0.959     -8.3515     -2.8674    -10.1795     -6.6397
0.960     -8.5827     -2.9490    -10.4590     -6.8247
0.961     -8.8258     -3.0347    -10.7527     -7.0196
0.962     -9.0817     -3.1250    -11.0620     -7.2249
0.963     -9.3514     -3.2202    -11.3867     -7.4404
0.964     -9.6361     -3.3206    -11.7291     -7.6687
0.965     -9.9370     -3.4268    -12.0911     -7.9109
0.966    -10.2557     -3.5392    -12.4744     -8.1667
0.967    -10.5937     -3.6585    -12.8809     -8.4378
0.968    -10.9528     -3.7852    -13.3129     -8.7231
0.969    -11.3351     -3.9200    -13.7726     -9.0266
0.970    -11.7428     -4.0639    -14.2631     -9.3523
0.971    -12.1787     -4.2177    -14.7921     -9.7002
0.972    -12.6457     -4.3825    -15.3615    -10.0714
0.973    -13.1473     -4.5594    -15.9731    -10.4701
0.974    -13.6875     -4.7500    -16.6278    -10.9003
0.975    -14.2709     -4.9559    -17.3328    -11.3657
0.976    -14.9029     -5.1789    -18.0966    -11.8694
0.977    -15.5899     -5.4212    -18.9288    -12.4148
0.978    -16.3393     -5.6857    -19.8337    -13.0098
0.979    -17.1601     -5.9752    -20.8243    -13.6615
0.980    -18.0629     -6.2938    -21.9153    -14.3783
0.981    -19.0610     -6.6459    -23.1214    -15.1708
0.982    -20.1697     -7.0371    -24.4613    -16.0521
0.983    -21.4090     -7.4743    -25.9588    -17.0372
0.984    -22.8031     -7.9662    -27.6435    -18.1453
0.985    -24.3833     -8.5237    -29.5573    -19.4014
0.986    -26.1890     -9.1608    -31.7441    -20.8451
0.987    -28.2726     -9.8960    -34.2675    -22.5117
0.988    -30.7033    -10.7536    -37.2114    -24.4558
0.989    -33.5762    -11.7672    -40.6906    -26.7536
0.990    -37.0237    -12.9836    -44.8658    -29.5111
0.991    -41.2372    -14.4702    -49.9688    -32.8812
0.992    -46.5039    -16.3283    -56.3471    -37.0851
0.993    -53.2757    -18.7175    -64.5486    -42.4885
0.994    -62.3042    -21.9031    -75.4829    -49.6928
0.995    -74.9458    -26.3630    -90.7924    -59.7796
0.996    -93.9060    -33.0528   -113.7460    -74.9092
0.997   -125.5086    -44.2026   -151.9808   -100.1246
0.998   -188.7095    -66.5025   -228.4496   -150.5535
0.999   -378.3292   -133.4053   -457.8716   -301.8525
