0.001   -166.4180   -172.5498   -189.2852   -143.2794
0.002    -82.6650    -85.7306    -94.0945    -71.1162
0.003    -54.7473    -56.7908    -62.3643    -47.0618
0.004    -40.7885    -42.3210    -46.4992    -35.0346
0.005    -32.4132    -33.6390    -36.9801    -27.8183
0.006    -26.8297    -27.8511    -30.6340    -23.0075
0.007    -22.8414    -23.7168    -26.1012    -19.5711
0.008    -19.8503    -20.6161    -22.7015    -16.9939
0.009    -17.5238    -18.2045    -20.0573    -14.9893
0.010    -15.6626    -16.2752    -17.9420    -13.3857
0.011    -14.1398    -14.6967    -16.2112    -12.0736
0.012    -12.8708    -13.3812    -14.7689    -10.9803
0.013    -11.7971    -12.2681    -13.5485    -10.0551
0.014    -10.8767    -11.3141    -12.5025     -9.2621
0.015    -10.0791    -10.4872    -11.5959     -8.5748
0.016     -9.3811     -9.7637    -10.8027     -7.9735
0.017     -8.7653     -9.1254    -10.1027     -7.4418
0.018     -8.2179     -8.5579     -9.4800     -6.9690
0.019     -7.7281     -8.0502     -8.9226     -6.5459
0.020     -7.2873     -7.5933     -8.4209     -6.1652
0.021     -6.8885     -7.1798     -7.9669     -5.8203
0.022     -6.5259     -6.8040     -7.5542     -5.5058
0.023     -6.1949     -6.4608     -7.1775     -5.2186
0.024     -5.8914     -6.1463     -6.8321     -4.9554
0.025     -5.6122     -5.8569     -6.5143     -4.7133
0.026     -5.3545     -5.5897     -6.2210     -4.4897
0.027     -5.1159     -5.3424     -5.9494     -4.2827
0.028     -4.8944     -5.1127     -5.6972     -4.0907
0.029     -4.6881     -4.8989     -5.4624     -3.9133
0.030     -4.4955     -4.6993     -5.2433     -3.7477
0.031     -4.3154     -4.5126     -5.0383     -3.5928
0.032     -4.1466     -4.3375     -4.8461     -3.4475
0.033     -3.9879     -4.1731     -4.6656     -3.3111
0.034     -3.8387     -4.0184     -4.4956     -3.1827
0.035     -3.6979     -3.8724     -4.3357     -3.0616
0.036     -3.5649     -3.7346     -4.1851     -2.9473
0.037     -3.4392     -3.6043     -4.0427     -2.8387
0.038     -3.3201     -3.4808     -3.9078     -2.7356
0.039     -3.2070     -3.3636     -3.7797     -2.6376
0.040     -3.0997     -3.2523     -3.6581     -2.5444
0.041     -2.9975     -3.1464     -3.5424     -2.4557
0.042     -2.9002     -3.0456     -3.4323     -2.3712
0.043     -2.8075     -2.9494     -3.3272     -2.2907
0.044     -2.7190     -2.8577     -3.2270     -2.2138
0.045     -2.6344     -2.7700     -3.1311     -2.1403
0.046     -2.5534     -2.6861     -3.0395     -2.0701
0.047     -2.4760     -2.6058     -2.9517     -2.0028
0.048     -2.4017     -2.5288     -2.8676     -1.9383
0.049     -2.3305     -2.4550     -2.7870     -1.8765
0.050     -2.2621     -2.3841     -2.7095     -1.8171
0.051     -2.1964     -2.3160     -2.6350     -1.7601
0.052     -2.1333     -2.2505     -2.5630     -1.7052
0.053     -2.0725     -2.1875     -2.4937     -1.6528
0.054     -2.0140     -2.1269     -2.4270     -1.6025
0.055     -1.9576     -2.0684     -2.3627     -1.5540
0.056     -1.9032     -2.0120     -2.3008     -1.5072
0.057     -1.8507     -1.9576     -2.2409     -1.4621
0.058     -1.8000     -1.9051     -2.1832     -1.4185
0.059     -1.7511     -1.8544     -2.1274     -1.3764
0.060     -1.7038     -1.8053     -2.0735     -1.3357
0.061     -1.6580     -1.7579     -2.0213     -1.2963
0.062     -1.6137     -1.7120     -1.9708     -1.2582
0.063     -1.5708     -1.6675     -1.9219     -1.2213
0.064     -1.5293     -1.6244     -1.8746     -1.1856
0.065     -1.4890     -1.5827     -1.8285     -1.1509
0.066     -1.4500     -1.5422     -1.7837     -1.1174
0.067     -1.4121     -1.5030     -1.7402     -1.0848
0.068     -1.3753     -1.4648     -1.6981     -1.0530
0.069     -1.3396     -1.4278     -1.6571     -1.0221
0.070     -1.3049     -1.3919     -1.6180     -0.9921
0.071     -1.2712     -1.3570     -1.5800     -0.9630
0.072     -1.2385     -1.3230     -1.5427     -0.9346
0.073     -1.2066     -1.2899     -1.5063     -0.9070
0.074     -1.1756     -1.2578     -1.4709     -0.8802
0.075     -1.1454     -1.2265     -1.4363     -0.8541
0.076     -1.1160     -1.1961     -1.4026     -0.8287
0.077     -1.0874     -1.1664     -1.3697     -0.8039
0.078     -1.0595     -1.1375     -1.3380     -0.7802
0.079     -1.0323     -1.1093     -1.3074     -0.7573
0.080     -1.0058     -1.0818     -1.2771     -0.7349
0.081     -0.9800     -1.0550     -1.2476     -0.7130
0.082     -0.9548     -1.0289     -1.2188     -0.6914
0.083     -0.9302     -1.0034     -1.1907     -0.6702
0.084     -0.9061     -0.9785     -1.1633     -0.6495
0.085     -0.8827     -0.9541     -1.1365     -0.6294
0.086     -0.8598     -0.9304     -1.1103     -0.6096
0.087     -0.8374     -0.9072     -1.0848     -0.5903
0.088     -0.8155     -0.8845     -1.0598     -0.5711
0.089     -0.7941     -0.8623     -1.0354     -0.5523
0.090     -0.7732     -0.8407     -1.0115     -0.5340
0.091     -0.7527     -0.8195     -0.9882     -0.5160
0.092     -0.7327     -0.7987     -0.9653     -0.4985
0.093     -0.7131     -0.7784     -0.9430     -0.4813
0.094     -0.6940     -0.7586     -0.9211     -0.4645
0.095     -0.6752     -0.7391     -0.8997     -0.4481
0.096     -0.6569     -0.7201     -0.8787     -0.4325
0.097     -0.6389     -0.7014     -0.8582     -0.4173
0.098     -0.6213     -0.6832     -0.8381     -0.4024
0.099     -0.6040     -0.6653     -0.8184     -0.3878
0.100     -0.5871     -0.6477     -0.7991     -0.3735
0.101     -0.5705     -0.6305     -0.7801     -0.3594
0.102     -0.5542     -0.6137     -0.7616     -0.3457
0.103     -0.5383     -0.5971     -0.7434     -0.3322
0.104     -0.5226     -0.5809     -0.7255     -0.3190
0.105     -0.5073     -0.5650     -0.7080     -0.3060
0.106     -0.4923     -0.5494     -0.6908     -0.2930
0.107     -0.4775     -0.5341     -0.6740     -0.2802
0.108     -0.4630     -0.5191     -0.6574     -0.2676
0.109     -0.4488     -0.5044     -0.6412     -0.2552
0.110     -0.4348     -0.4899     -0.6254     -0.2431
0.111     -0.4211     -0.4756     -0.6098     -0.2312
0.112     -0.4076     -0.4617     -0.5945     -0.2195
0.113     -0.3944     -0.4480     -0.5795     -0.2080
0.114     -0.3814     -0.4345     -0.5648     -0.1968
0.115     -0.3686     -0.4212     -0.5503     -0.1857
0.116     -0.3560     -0.4082     -0.5361     -0.1748
0.117     -0.3437     -0.3954     -0.5221     -0.1641
0.118     -0.3315     -0.3829     -0.5084     -0.1535
0.119     -0.3196     -0.3705     -0.4948     -0.1432
0.120     -0.3079     -0.3583     -0.4816     -0.1330
0.121     -0.2964     -0.3464     -0.4685     -0.1230
0.122     -0.2850     -0.3346     -0.4556     -0.1131
0.123     -0.2738     -0.3230     -0.4430     -0.1034
0.124     -0.2629     -0.3116     -0.4305     -0.0939
0.125     -0.2521     -0.3004     -0.4183     -0.0845
0.126     -0.2414     -0.2894     -0.4061     -0.0753
0.127     -0.2310     -0.2786     -0.3942     -0.0662
0.128     -0.2206     -0.2679     -0.3825     -0.0573
0.129     -0.2105     -0.2574     -0.3710     -0.0485
0.130     -0.2005     -0.2470     -0.3596     -0.0398
0.131     -0.1907     -0.2368     -0.3485     -0.0313
0.132     -0.1810     -0.2268     -0.3374     -0.0231
0.133     -0.1715     -0.2169     -0.3263     -0.0150
0.134     -0.1621     -0.2071     -0.3155     -0.0070
0.135     -0.1528     -0.1975     -0.3047      0.0010
0.136     -0.1437     -0.1881     -0.2945      0.0088
0.137     -0.1347     -0.1788     -0.2845      0.0167
0.138     -0.1258     -0.1696     -0.2746      0.0244
0.139     -0.1171     -0.1605     -0.2648      0.0319
0.140     -0.1085     -0.1516     -0.2549      0.0394
0.141     -0.1000     -0.1428     -0.2452      0.0468
0.142     -0.0916     -0.1341     -0.2357      0.0541
0.143     -0.0834     -0.1256     -0.2262      0.0612
0.144     -0.0752     -0.1172     -0.2169      0.0683
0.145     -0.0672     -0.1088     -0.2078      0.0753
0.146     -0.0593     -0.1006     -0.1987      0.0821
0.147     -0.0515     -0.0926     -0.1898      0.0889
0.148     -0.0438     -0.0846     -0.1810      0.0956
0.149     -0.0362     -0.0767     -0.1723      0.1022
0.150     -0.0287     -0.0689     -0.1637      0.1087
0.151     -0.0213     -0.0613     -0.1553      0.1151
0.152     -0.0140     -0.0537     -0.1471      0.1215
0.153     -0.0068     -0.0462     -0.1390      0.1277
0.154      0.0003     -0.0389     -0.1309      0.1339
0.155      0.0073     -0.0316     -0.1228      0.1400
0.156      0.0142     -0.0244     -0.1148      0.1460
0.157      0.0211     -0.0173     -0.1069      0.1520
0.158      0.0278     -0.0103     -0.0992      0.1577
0.159      0.0345     -0.0034     -0.0915      0.1634
0.160      0.0411      0.0034     -0.0839      0.1690
0.161      0.0476      0.0102     -0.0765      0.1745
0.162      0.0540      0.0168     -0.0691      0.1799
0.163      0.0603      0.0234     -0.0619      0.1853
0.164      0.0666      0.0299     -0.0547      0.1906
0.165      0.0728      0.0363     -0.0478      0.1959
0.166      0.0789      0.0426     -0.0408      0.2011
0.167      0.0850      0.0489     -0.0338      0.2062
0.168      0.0909      0.0551     -0.0270      0.2112
0.169      0.0968      0.0612     -0.0202      0.2161
0.170      0.1027      0.0673     -0.0135      0.2210
0.171      0.1084      0.0732     -0.0069      0.2258
0.172      0.1141      0.0791     -0.0004      0.2306
0.173      0.1198      0.0850      0.0060      0.2353
0.174      0.1253      0.0907      0.0124      0.2399
0.175      0.1308      0.0964      0.0187      0.2445
0.176      0.1363      0.1021      0.0249      0.2492
0.177      0.1416      0.1077      0.0309      0.2539
0.178      0.1469      0.1132      0.0369      0.2586
0.179      0.1522      0.1186      0.0428      0.2632
0.180      0.1574      0.1240      0.0486      0.2676
0.181      0.1625      0.1293      0.0544      0.2720
0.182      0.1676      0.1346      0.0603      0.2763
0.183      0.1727      0.1398      0.0661      0.2806
0.184      0.1776      0.1450      0.0719      0.2849
0.185      0.1826      0.1501      0.0775      0.2892
0.186      0.1874      0.1551      0.0830      0.2934
0.187      0.1922      0.1601      0.0885      0.2976
0.188      0.1970      0.1651      0.0941      0.3017
0.189      0.2017      0.1699      0.0996      0.3058
0.190      0.2064      0.1748      0.1050      0.3099
0.191      0.2110      0.1796      0.1104      0.3139
0.192      0.2156      0.1843      0.1156      0.3178
0.193      0.2201      0.1890      0.1208      0.3217
0.194      0.2246      0.1936      0.1259      0.3256
0.195      0.2290      0.1982      0.1310      0.3295
0.196      0.2334      0.2028      0.1360      0.3332
0.197      0.2377      0.2072      0.1409      0.3368
0.198      0.2420      0.2117      0.1459      0.3404
0.199      0.2463      0.2161      0.1507      0.3441
0.200      0.2505      0.2205      0.1555      0.3478
0.201      0.2546      0.2248      0.1603      0.3514
0.202      0.2588      0.2291      0.1650      0.3550
0.203      0.2628      0.2333      0.1697      0.3586
0.204      0.2669      0.2375      0.1743      0.3621
0.205      0.2709      0.2416      0.1789      0.3656
0.206      0.2749      0.2458      0.1834      0.3690
0.207      0.2788      0.2498      0.1878      0.3724
0.208      0.2827      0.2539      0.1922      0.3758
0.209      0.2865      0.2579      0.1966      0.3792
0.210      0.2903      0.2618      0.2009      0.3825
0.211      0.2941      0.2657      0.2051      0.3858
0.212      0.2979      0.2696      0.2094      0.3890
0.213      0.3016      0.2735      0.2135      0.3922
0.214      0.3053      0.2773      0.2175      0.3953
0.215      0.3089      0.2810      0.2215      0.3984
0.216      0.3125      0.2848      0.2255      0.4014
0.217      0.3161      0.2885      0.2294      0.4044
0.218      0.3196      0.2922      0.2333      0.4074
0.219      0.3231      0.2958      0.2372      0.4104
0.220      0.3266      0.2994      0.2410      0.4133
0.221      0.3300      0.3030      0.2448      0.4163
0.222      0.3335      0.3065      0.2486      0.4193
0.223      0.3368      0.3100      0.2525      0.4222
0.224      0.3402      0.3135      0.2563      0.4251
0.225      0.3435      0.3169      0.2601      0.4280
0.226      0.3468      0.3203      0.2638      0.4309
0.227      0.3501      0.3237      0.2675      0.4337
0.228      0.3533      0.3271      0.2712      0.4366
0.229      0.3565      0.3304      0.2749      0.4394
0.230      0.3597      0.3337      0.2785      0.4421
0.231      0.3629      0.3370      0.2821      0.4449
0.232      0.3660      0.3402      0.2857      0.4476
0.233      0.3691      0.3434      0.2892      0.4503
0.234      0.3722      0.3466      0.2927      0.4530
0.235      0.3752      0.3498      0.2962      0.4556
0.236      0.3782      0.3529      0.2996      0.4582
0.237      0.3812      0.3560      0.3030      0.4609
0.238      0.3842      0.3591      0.3063      0.4635
0.239      0.3871      0.3621      0.3096      0.4660
0.240      0.3901      0.3652      0.3128      0.4685
0.241      0.3929      0.3682      0.3161      0.4710
0.242      0.3958      0.3711      0.3193      0.4735
0.243      0.3987      0.3741      0.3224      0.4760
0.244      0.4015      0.3770      0.3256      0.4785
0.245      0.4043      0.3799      0.3287      0.4809
0.246      0.4071      0.3828      0.3318      0.4833
0.247      0.4098      0.3857      0.3349      0.4857
0.248      0.4126      0.3885      0.3379      0.4881
0.249      0.4153      0.3913      0.3410      0.4905
0.250      0.4180      0.3941      0.3442      0.4928
0.251      0.4206      0.3969      0.3473      0.4951
0.252      0.4233      0.3996      0.3504      0.4974
0.253      0.4259      0.4023      0.3534      0.4997
0.254      0.4285      0.4050      0.3565      0.5020
0.255      0.4311      0.4077      0.3595      0.5043
0.256      0.4337      0.4104      0.3625      0.5065
0.257      0.4362      0.4130      0.3654      0.5087
0.258      0.4387      0.4156      0.3682      0.5109
0.259      0.4413      0.4182      0.3710      0.5131
0.260      0.4437      0.4208      0.3738      0.5152
0.261      0.4462      0.4234      0.3766      0.5174
0.262      0.4487      0.4259      0.3794      0.5195
0.263      0.4511      0.4284      0.3821      0.5217
0.264      0.4535      0.4309      0.3848      0.5239
0.265      0.4559      0.4334      0.3875      0.5260
0.266      0.4583      0.4359      0.3902      0.5282
0.267      0.4606      0.4383      0.3929      0.5303
0.268      0.4630      0.4408      0.3955      0.5325
0.269      0.4653      0.4432      0.3981      0.5345
0.270      0.4676      0.4456      0.4007      0.5365
0.271      0.4699      0.4479      0.4033      0.5384
0.272      0.4722      0.4503      0.4059      0.5403
0.273      0.4744      0.4526      0.4084      0.5423
0.274      0.4767      0.4549      0.4109      0.5442
0.275      0.4789      0.4572      0.4135      0.5461
0.276      0.4811      0.4595      0.4159      0.5480
0.277      0.4833      0.4618      0.4184      0.5499
0.278      0.4855      0.4641      0.4209      0.5518
0.279      0.4876      0.4663      0.4233      0.5536
0.280      0.4898      0.4685      0.4257      0.5555
0.281      0.4919      0.4707      0.4282      0.5575
0.282      0.4940      0.4729      0.4305      0.5594
0.283      0.4961      0.4751      0.4329      0.5613
0.284      0.4982      0.4773      0.4353      0.5631
0.285      0.5003      0.4794      0.4377      0.5649
0.286      0.5023      0.4815      0.4401      0.5667
0.287      0.5043      0.4836      0.4423      0.5685
0.288      0.5064      0.4857      0.4446      0.5703
0.289      0.5084      0.4878      0.4469      0.5721
0.290      0.5104      0.4899      0.4491      0.5739
0.291      0.5124      0.4920      0.4513      0.5757
0.292      0.5143      0.4940      0.4535      0.5774
0.293      0.5163      0.4960      0.4557      0.5791
0.294      0.5182      0.4981      0.4579      0.5808
0.295      0.5202      0.5001      0.4601      0.5825
0.296      0.5221      0.5020      0.4622      0.5842
0.297      0.5240      0.5040      0.4643      0.5858
0.298      0.5259      0.5060      0.4665      0.5875
0.299      0.5278      0.5079      0.4686      0.5891
0.300      0.5296      0.5099      0.4707      0.5906
0.301      0.5315      0.5118      0.4728      0.5922
0.302      0.5333      0.5137      0.4749      0.5937
0.303      0.5352      0.5156      0.4769      0.5953
0.304      0.5370      0.5175      0.4790      0.5968
0.305      0.5388      0.5194      0.4810      0.5983
0.306      0.5406      0.5212      0.4830      0.5999
0.307      0.5424      0.5231      0.4850      0.6015
0.308      0.5441      0.5249      0.4870      0.6030
0.309      0.5459      0.5267      0.4890      0.6045
0.310      0.5477      0.5285      0.4910      0.6060
0.311      0.5494      0.5303      0.4930      0.6075
0.312      0.5511      0.5321      0.4949      0.6090
0.313      0.5528      0.5339      0.4968      0.6105
0.314      0.5545      0.5357      0.4988      0.6120
0.315      0.5562      0.5374      0.5007      0.6136
0.316      0.5579      0.5392      0.5026      0.6151
0.317      0.5596      0.5409      0.5044      0.6166
0.318      0.5612      0.5426      0.5063      0.6181
0.319      0.5629      0.5443      0.5082      0.6196
0.320      0.5645      0.5460      0.5101      0.6211
0.321      0.5662      0.5477      0.5120      0.6225
0.322      0.5678      0.5494      0.5138      0.6240
0.323      0.5694      0.5511      0.5156      0.6254
0.324      0.5710      0.5527      0.5173      0.6268
0.325      0.5726      0.5544      0.5191      0.6281
0.326      0.5742      0.5560      0.5209      0.6295
0.327      0.5757      0.5577      0.5227      0.6308
0.328      0.5773      0.5593      0.5244      0.6321
0.329      0.5789      0.5609      0.5261      0.6334
0.330      0.5804      0.5625      0.5279      0.6347
0.331      0.5819      0.5641      0.5296      0.6360
0.332      0.5835      0.5657      0.5314      0.6373
0.333      0.5850      0.5672      0.5331      0.6386
0.334      0.5865      0.5688      0.5348      0.6397
0.335      0.5880      0.5703      0.5365      0.6410
0.336      0.5895      0.5719      0.5381      0.6423
0.337      0.5909      0.5734      0.5397      0.6436
0.338      0.5924      0.5749      0.5413      0.6449
0.339      0.5939      0.5765      0.5431      0.6461
0.340      0.5953      0.5780      0.5450      0.6473
0.341      0.5968      0.5795      0.5467      0.6485
0.342      0.5982      0.5809      0.5491      0.6491
0.343      0.5996      0.5824      0.5509      0.6499
0.344      0.6011      0.5839      0.5533      0.6511
0.345      0.6025      0.5854      0.5550      0.6520
0.346      0.6039      0.5868      0.5579      0.6526
0.347      0.6053      0.5883      0.5602      0.6535
0.348      0.6067      0.5897      0.5618      0.6534
0.349      0.6080      0.5911      0.5638      0.6542
0.350      0.6094      0.5926      0.5658      0.6548
0.351      0.6108      0.5940      0.5683      0.6558
0.352      0.6121      0.5954      0.5702      0.6560
0.353      0.6135      0.5968      0.5728      0.6562
0.354      0.6148      0.5982      0.5749      0.6574
0.355      0.6161      0.5995      0.5769      0.6570
0.356      0.6175      0.6009      0.5798      0.6569
0.357      0.6188      0.6023      0.5825      0.6571
0.358      0.6201      0.6036      0.5856      0.6578
0.359      0.6203      0.6050      0.5871      0.6573
0.360      0.6200      0.6063      0.5865      0.6553
0.361      0.6196      0.6077      0.5871      0.6548
0.362      0.6193      0.6076      0.5877      0.6534
0.363      0.6189      0.6072      0.5878      0.6526
0.364      0.6186      0.6069      0.5878      0.6519
0.365      0.6182      0.6065      0.5869      0.6512
0.366      0.6179      0.6061      0.5864      0.6511
0.367      0.6175      0.6057      0.5850      0.6512
0.368      0.6171      0.6054      0.5850      0.6504
0.369      0.6168      0.6050      0.5840      0.6500
0.370      0.6164      0.6046      0.5830      0.6498
0.371      0.6161      0.6042      0.5824      0.6501
0.372      0.6157      0.6038      0.5816      0.6507
0.373      0.6153      0.6035      0.5809      0.6508
0.374      0.6150      0.6031      0.5805      0.6507
0.375      0.6146      0.6027      0.5799      0.6506
0.376      0.6143      0.6023      0.5795      0.6504
0.377      0.6139      0.6019      0.5790      0.6502
0.378      0.6135      0.6015      0.5783      0.6499
0.379      0.6132      0.6012      0.5778      0.6497
0.380      0.6128      0.6008      0.5774      0.6494
0.381      0.6124      0.6004      0.5761      0.6491
0.382      0.6120      0.6000      0.5757      0.6490
0.383      0.6117      0.5996      0.5752      0.6486
0.384      0.6113      0.5992      0.5748      0.6484
0.385      0.6109      0.5988      0.5745      0.6481
0.386      0.6105      0.5984      0.5735      0.6478
0.387      0.6102      0.5980      0.5732      0.6474
0.388      0.6098      0.5976      0.5729      0.6470
0.389      0.6094      0.5972      0.5726      0.6466
0.390      0.6090      0.5968      0.5723      0.6462
0.391      0.6086      0.5964      0.5720      0.6459
0.392      0.6082      0.5960      0.5717      0.6455
0.393      0.6079      0.5956      0.5713      0.6452
0.394      0.6075      0.5952      0.5708      0.6449
0.395      0.6071      0.5947      0.5703      0.6446
0.396      0.6067      0.5943      0.5698      0.6443
0.397      0.6063      0.5939      0.5693      0.6440
0.398      0.6059      0.5935      0.5688      0.6436
0.399      0.6055      0.5931      0.5684      0.6432
0.400      0.6051      0.5927      0.5679      0.6428
0.401      0.6047      0.5923      0.5674      0.6425
0.402      0.6043      0.5918      0.5669      0.6421
0.403      0.6039      0.5914      0.5664      0.6418
0.404      0.6035      0.5910      0.5659      0.6415
0.405      0.6031      0.5906      0.5654      0.6412
0.406      0.6027      0.5901      0.5649      0.6409
0.407      0.6023      0.5897      0.5644      0.6406
0.408      0.6019      0.5893      0.5639      0.6404
0.409      0.6015      0.5889      0.5635      0.6401
0.410      0.6011      0.5884      0.5631      0.6397
0.411      0.6007      0.5880      0.5626      0.6394
0.412      0.6003      0.5876      0.5621      0.6391
0.413      0.5999      0.5871      0.5616      0.6388
0.414      0.5995      0.5867      0.5611      0.6384
0.415      0.5990      0.5863      0.5607      0.6380
0.416      0.5986      0.5858      0.5603      0.6376
0.417      0.5982      0.5854      0.5599      0.6372
0.418      0.5978      0.5849      0.5595      0.6368
0.419      0.5974      0.5845      0.5591      0.6364
0.420      0.5969      0.5840      0.5587      0.6360
0.421      0.5965      0.5836      0.5582      0.6357
0.422      0.5961      0.5831      0.5576      0.6355
0.423      0.5957      0.5827      0.5571      0.6352
0.424      0.5952      0.5822      0.5565      0.6350
0.425      0.5948      0.5818      0.5559      0.6347
0.426      0.5944      0.5813      0.5554      0.6344
0.427      0.5939      0.5809      0.5549      0.6340
0.428      0.5935      0.5804      0.5545      0.6337
0.429      0.5931      0.5800      0.5540      0.6333
0.430      0.5926      0.5795      0.5535      0.6329
0.431      0.5922      0.5790      0.5530      0.6325
0.432      0.5918      0.5786      0.5525      0.6321
0.433      0.5913      0.5781      0.5519      0.6317
0.434      0.5909      0.5776      0.5514      0.6313
0.435      0.5904      0.5772      0.5509      0.6309
0.436      0.5900      0.5767      0.5503      0.6305
0.437      0.5895      0.5762      0.5498      0.6301
0.438      0.5891      0.5757      0.5493      0.6297
0.439      0.5886      0.5753      0.5489      0.6293
0.440      0.5882      0.5748      0.5484      0.6289
0.441      0.5877      0.5743      0.5478      0.6285
0.442      0.5873      0.5738      0.5473      0.6281
0.443      0.5868      0.5733      0.5467      0.6277
0.444      0.5863      0.5729      0.5462      0.6273
0.445      0.5859      0.5724      0.5456      0.6268
0.446      0.5854      0.5719      0.5451      0.6264
0.447      0.5850      0.5714      0.5445      0.6260
0.448      0.5845      0.5709      0.5439      0.6256
0.449      0.5840      0.5704      0.5434      0.6252
0.450      0.5836      0.5699      0.5428      0.6248
0.451      0.5831      0.5694      0.5423      0.6243
0.452      0.5826      0.5689      0.5418      0.6239
0.453      0.5821      0.5684      0.5412      0.6235
0.454      0.5817      0.5679      0.5407      0.6231
0.455      0.5812      0.5674      0.5402      0.6226
0.456      0.5807      0.5669      0.5396      0.6222
0.457      0.5802      0.5664      0.5391      0.6218
0.458      0.5797      0.5659      0.5386      0.6213
0.459      0.5792      0.5654      0.5380      0.6209
0.460      0.5788      0.5648      0.5374      0.6205
0.461      0.5783      0.5643      0.5368      0.6201
0.462      0.5778      0.5638      0.5362      0.6197
0.463      0.5773      0.5633      0.5356      0.6193
0.464      0.5768      0.5628      0.5351      0.6189
0.465      0.5763      0.5622      0.5345      0.6185
0.466      0.5758      0.5617      0.5340      0.6181
0.467      0.5753      0.5612      0.5334      0.6177
0.468      0.5748      0.5607      0.5329      0.6173
0.469      0.5743      0.5601      0.5323      0.6169
0.470      0.5738      0.5596      0.5317      0.6164
0.471      0.5733      0.5591      0.5312      0.6160
0.472      0.5728      0.5585      0.5307      0.6156
0.473      0.5723      0.5580      0.5302      0.6151
0.474      0.5717      0.5574      0.5296      0.6147
0.475      0.5712      0.5569      0.5290      0.6143
0.476      0.5707      0.5563      0.5284      0.6139
0.477      0.5702      0.5558      0.5278      0.6134
0.478      0.5697      0.5552      0.5272      0.6130
0.479      0.5691      0.5547      0.5266      0.6126
0.480      0.5686      0.5541      0.5260      0.6121
0.481      0.5681      0.5536      0.5254      0.6117
0.482      0.5676      0.5530      0.5249      0.6113
0.483      0.5670      0.5525      0.5243      0.6108
0.484      0.5665      0.5519      0.5238      0.6104
0.485      0.5660      0.5513      0.5232      0.6099
0.486      0.5654      0.5508      0.5226      0.6095
0.487      0.5649      0.5502      0.5220      0.6091
0.488      0.5643      0.5496      0.5213      0.6087
0.489      0.5638      0.5490      0.5206      0.6084
0.490      0.5632      0.5485      0.5199      0.6079
0.491      0.5627      0.5479      0.5193      0.6074
0.492      0.5621      0.5473      0.5187      0.6069
0.493      0.5616      0.5467      0.5181      0.6064
0.494      0.5610      0.5461      0.5174      0.6059
0.495      0.5605      0.5456      0.5168      0.6054
0.496      0.5599      0.5450      0.5162      0.6050
0.497      0.5594      0.5444      0.5156      0.6046
0.498      0.5588      0.5438      0.5149      0.6042
0.499      0.5582      0.5432      0.5143      0.6038
0.500      0.5577      0.5426      0.5137      0.6034
0.501      0.5571      0.5420      0.5131      0.6028
0.502      0.5565      0.5414      0.5124      0.6023
0.503      0.5559      0.5408      0.5118      0.6017
0.504      0.5554      0.5402      0.5111      0.6012
0.505      0.5548      0.5395      0.5105      0.6007
0.506      0.5542      0.5389      0.5099      0.6002
0.507      0.5536      0.5383      0.5092      0.5997
0.508      0.5530      0.5377      0.5086      0.5992
0.509      0.5524      0.5371      0.5079      0.5988
0.510      0.5519      0.5364      0.5071      0.5983
0.511      0.5513      0.5358      0.5064      0.5978
0.512      0.5507      0.5352      0.5056      0.5973
0.513      0.5501      0.5346      0.5049      0.5968
0.514      0.5495      0.5339      0.5041      0.5963
0.515      0.5489      0.5333      0.5033      0.5958
0.516      0.5483      0.5326      0.5025      0.5953
0.517      0.5476      0.5320      0.5018      0.5948
0.518      0.5470      0.5314      0.5010      0.5943
0.519      0.5464      0.5307      0.5003      0.5938
0.520      0.5458      0.5301      0.4995      0.5933
0.521      0.5452      0.5294      0.4987      0.5928
0.522      0.5446      0.5287      0.4979      0.5922
0.523      0.5439      0.5281      0.4971      0.5915
0.524      0.5433      0.5274      0.4963      0.5910
0.525      0.5427      0.5268      0.4956      0.5905
0.526      0.5420      0.5261      0.4950      0.5900
0.527      0.5414      0.5254      0.4942      0.5895
0.528      0.5408      0.5247      0.4934      0.5890
0.529      0.5401      0.5241      0.4926      0.5886
0.530      0.5395      0.5234      0.4919      0.5880
0.531      0.5388      0.5227      0.4912      0.5875
0.532      0.5382      0.5220      0.4905      0.5870
0.533      0.5375      0.5213      0.4897      0.5865
0.534      0.5369      0.5206      0.4889      0.5860
0.535      0.5362      0.5200      0.4881      0.5855
0.536      0.5356      0.5193      0.4873      0.5849
0.537      0.5349      0.5186      0.4866      0.5843
0.538      0.5342      0.5179      0.4858      0.5837
0.539      0.5336      0.5171      0.4850      0.5832
0.540      0.5329      0.5164      0.4843      0.5826
0.541      0.5322      0.5157      0.4835      0.5821
0.542      0.5316      0.5150      0.4827      0.5816
0.543      0.5309      0.5143      0.4819      0.5810
0.544      0.5302      0.5136      0.4810      0.5804
0.545      0.5295      0.5128      0.4802      0.5798
0.546      0.5288      0.5121      0.4793      0.5792
0.547      0.5281      0.5114      0.4785      0.5786
0.548      0.5274      0.5107      0.4776      0.5781
0.549      0.5267      0.5099      0.4767      0.5776
0.550      0.5260      0.5092      0.4759      0.5770
0.551      0.5253      0.5084      0.4751      0.5765
0.552      0.5246      0.5077      0.4742      0.5759
0.553      0.5239      0.5069      0.4734      0.5754
0.554      0.5232      0.5062      0.4726      0.5748
0.555      0.5225      0.5054      0.4717      0.5743
0.556      0.5217      0.5047      0.4709      0.5737
0.557      0.5210      0.5039      0.4700      0.5732
0.558      0.5203      0.5031      0.4692      0.5726
0.559      0.5196      0.5024      0.4683      0.5721
0.560      0.5188      0.5016      0.4674      0.5715
0.561      0.5181      0.5008      0.4666      0.5709
0.562      0.5174      0.5000      0.4657      0.5704
0.563      0.5166      0.4992      0.4648      0.5698
0.564      0.5159      0.4985      0.4639      0.5692
0.565      0.5151      0.4977      0.4631      0.5687
0.566      0.5144      0.4969      0.4622      0.5681
0.567      0.5136      0.4961      0.4613      0.5675
0.568      0.5128      0.4953      0.4604      0.5669
0.569      0.5121      0.4945      0.4595      0.5663
0.570      0.5113      0.4936      0.4587      0.5657
0.571      0.5105      0.4928      0.4578      0.5650
0.572      0.5098      0.4920      0.4570      0.5643
0.573      0.5090      0.4912      0.4560      0.5635
0.574      0.5082      0.4904      0.4550      0.5629
0.575      0.5074      0.4895      0.4541      0.5624
0.576      0.5066      0.4887      0.4532      0.5617
0.577      0.5058      0.4879      0.4523      0.5610
0.578      0.5050      0.4870      0.4514      0.5603
0.579      0.5042      0.4862      0.4505      0.5596
0.580      0.5034      0.4853      0.4496      0.5590
0.581      0.5026      0.4845      0.4486      0.5585
0.582      0.5018      0.4836      0.4475      0.5579
0.583      0.5010      0.4827      0.4466      0.5573
0.584      0.5002      0.4819      0.4458      0.5568
0.585      0.4993      0.4810      0.4449      0.5562
0.586      0.4985      0.4801      0.4439      0.5556
0.587      0.4977      0.4793      0.4429      0.5550
0.588      0.4968      0.4784      0.4419      0.5544
0.589      0.4960      0.4775      0.4409      0.5537
0.590      0.4952      0.4766      0.4399      0.5530
0.591      0.4943      0.4757      0.4388      0.5524
0.592      0.4935      0.4748      0.4378      0.5517
0.593      0.4926      0.4739      0.4368      0.5510
0.594      0.4917      0.4730      0.4357      0.5503
0.595      0.4909      0.4721      0.4347      0.5497
0.596      0.4900      0.4711      0.4337      0.5490
0.597      0.4891      0.4702      0.4326      0.5483
0.598      0.4882      0.4693      0.4315      0.5477
0.599      0.4874      0.4684      0.4304      0.5471
0.600      0.4865      0.4674      0.4295      0.5465
0.601      0.4856      0.4665      0.4285      0.5459
0.602      0.4847      0.4655      0.4276      0.5452
0.603      0.4838      0.4646      0.4266      0.5445
0.604      0.4829      0.4636      0.4256      0.5437
0.605      0.4820      0.4627      0.4244      0.5430
0.606      0.4811      0.4617      0.4232      0.5424
0.607      0.4801      0.4607      0.4221      0.5418
0.608      0.4792      0.4598      0.4210      0.5412
0.609      0.4783      0.4588      0.4198      0.5404
0.610      0.4773      0.4578      0.4188      0.5397
0.611      0.4764      0.4568      0.4177      0.5390
0.612      0.4755      0.4558      0.4167      0.5383
0.613      0.4745      0.4548      0.4156      0.5376
0.614      0.4736      0.4538      0.4146      0.5367
0.615      0.4726      0.4528      0.4135      0.5359
0.616      0.4716      0.4518      0.4125      0.5350
0.617      0.4707      0.4507      0.4113      0.5342
0.618      0.4697      0.4497      0.4100      0.5334
0.619      0.4687      0.4487      0.4088      0.5327
0.620      0.4677      0.4477      0.4074      0.5320
0.621      0.4668      0.4466      0.4062      0.5313
0.622      0.4658      0.4456      0.4050      0.5306
0.623      0.4648      0.4445      0.4038      0.5299
0.624      0.4638      0.4434      0.4027      0.5291
0.625      0.4627      0.4424      0.4013      0.5283
0.626      0.4617      0.4413      0.4000      0.5275
0.627      0.4607      0.4402      0.3986      0.5267
0.628      0.4597      0.4391      0.3974      0.5259
0.629      0.4586      0.4381      0.3962      0.5251
0.630      0.4576      0.4370      0.3949      0.5242
0.631      0.4566      0.4359      0.3935      0.5234
0.632      0.4555      0.4348      0.3920      0.5225
0.633      0.4545      0.4336      0.3907      0.5217
0.634      0.4534      0.4325      0.3894      0.5208
0.635      0.4523      0.4314      0.3881      0.5200
0.636      0.4513      0.4303      0.3868      0.5191
0.637      0.4502      0.4291      0.3855      0.5182
0.638      0.4491      0.4280      0.3842      0.5173
0.639      0.4480      0.4268      0.3828      0.5164
0.640      0.4469      0.4257      0.3815      0.5154
0.641      0.4458      0.4245      0.3802      0.5144
0.642      0.4447      0.4233      0.3788      0.5134
0.643      0.4436      0.4222      0.3775      0.5124
0.644      0.4425      0.4210      0.3761      0.5115
0.645      0.4414      0.4198      0.3748      0.5106
0.646      0.4402      0.4186      0.3734      0.5097
0.647      0.4391      0.4174      0.3720      0.5088
0.648      0.4379      0.4162      0.3706      0.5079
0.649      0.4368      0.4150      0.3692      0.5071
0.650      0.4356      0.4137      0.3679      0.5062
0.651      0.4345      0.4125      0.3665      0.5054
0.652      0.4333      0.4113      0.3652      0.5045
0.653      0.4321      0.4100      0.3638      0.5034
0.654      0.4309      0.4088      0.3624      0.5024
0.655      0.4297      0.4075      0.3610      0.5014
0.656      0.4285      0.4063      0.3596      0.5005
0.657      0.4273      0.4050      0.3582      0.4995
0.658      0.4261      0.4037      0.3568      0.4986
0.659      0.4249      0.4024      0.3553      0.4976
0.660      0.4237      0.4011      0.3539      0.4966
0.661      0.4224      0.3998      0.3525      0.4957
0.662      0.4212      0.3985      0.3510      0.4947
0.663      0.4199      0.3972      0.3496      0.4937
0.664      0.4187      0.3959      0.3481      0.4928
0.665      0.4174      0.3945      0.3466      0.4918
0.666      0.4161      0.3932      0.3451      0.4908
0.667      0.4149      0.3918      0.3436      0.4898
0.668      0.4136      0.3905      0.3421      0.4887
0.669      0.4123      0.3891      0.3406      0.4877
0.670      0.4110      0.3877      0.3391      0.4866
0.671      0.4097      0.3863      0.3376      0.4856
0.672      0.4083      0.3849      0.3360      0.4845
0.673      0.4070      0.3835      0.3343      0.4835
0.674      0.4057      0.3821      0.3326      0.4824
0.675      0.4043      0.3807      0.3311      0.4814
0.676      0.4030      0.3793      0.3295      0.4803
0.677      0.4016      0.3779      0.3279      0.4794
0.678      0.4002      0.3764      0.3264      0.4784
0.679      0.3989      0.3750      0.3248      0.4774
0.680      0.3975      0.3735      0.3232      0.4764
0.681      0.3961      0.3720      0.3215      0.4754
0.682      0.3947      0.3705      0.3198      0.4745
0.683      0.3933      0.3690      0.3180      0.4735
0.684      0.3919      0.3675      0.3163      0.4724
0.685      0.3904      0.3660      0.3145      0.4714
0.686      0.3890      0.3645      0.3127      0.4704
0.687      0.3875      0.3630      0.3110      0.4694
0.688      0.3861      0.3614      0.3092      0.4684
0.689      0.3846      0.3599      0.3074      0.4673
0.690      0.3831      0.3583      0.3055      0.4663
0.691      0.3816      0.3568      0.3037      0.4653
0.692      0.3801      0.3552      0.3019      0.4642
0.693      0.3786      0.3536      0.3001      0.4631
0.694      0.3771      0.3520      0.2983      0.4619
0.695      0.3756      0.3504      0.2965      0.4608
0.696      0.3741      0.3488      0.2947      0.4597
0.697      0.3725      0.3471      0.2929      0.4585
0.698      0.3710      0.3455      0.2910      0.4571
0.699      0.3694      0.3438      0.2891      0.4557
0.700      0.3678      0.3422      0.2871      0.4543
0.701      0.3662      0.3405      0.2850      0.4528
0.702      0.3646      0.3388      0.2830      0.4515
0.703      0.3630      0.3371      0.2809      0.4502
0.704      0.3614      0.3354      0.2788      0.4488
0.705      0.3598      0.3337      0.2767      0.4475
0.706      0.3581      0.3320      0.2747      0.4462
0.707      0.3565      0.3302      0.2727      0.4449
0.708      0.3548      0.3284      0.2706      0.4436
0.709      0.3531      0.3267      0.2685      0.4423
0.710      0.3515      0.3249      0.2665      0.4411
0.711      0.3498      0.3231      0.2644      0.4398
0.712      0.3480      0.3213      0.2623      0.4385
0.713      0.3463      0.3195      0.2601      0.4372
0.714      0.3446      0.3176      0.2580      0.4359
0.715      0.3428      0.3158      0.2558      0.4346
0.716      0.3411      0.3139      0.2537      0.4333
0.717      0.3393      0.3121      0.2515      0.4320
0.718      0.3375      0.3102      0.2493      0.4306
0.719      0.3357      0.3083      0.2471      0.4293
0.720      0.3339      0.3064      0.2448      0.4279
0.721      0.3321      0.3045      0.2426      0.4265
0.722      0.3303      0.3025      0.2403      0.4252
0.723      0.3284      0.3006      0.2380      0.4238
0.724      0.3266      0.2986      0.2357      0.4224
0.725      0.3247      0.2966      0.2334      0.4210
0.726      0.3228      0.2946      0.2311      0.4195
0.727      0.3209      0.2926      0.2287      0.4181
0.728      0.3190      0.2906      0.2264      0.4167
0.729      0.3170      0.2886      0.2240      0.4152
0.730      0.3151      0.2865      0.2216      0.4138
0.731      0.3131      0.2844      0.2192      0.4121
0.732      0.3112      0.2824      0.2167      0.4105
0.733      0.3092      0.2803      0.2143      0.4088
0.734      0.3072      0.2781      0.2118      0.4072
0.735      0.3051      0.2760      0.2093      0.4056
0.736      0.3031      0.2739      0.2067      0.4041
0.737      0.3011      0.2717      0.2043      0.4025
0.738      0.2990      0.2695      0.2017      0.4009
0.739      0.2969      0.2673      0.1991      0.3993
0.740      0.2948      0.2651      0.1963      0.3979
0.741      0.2927      0.2629      0.1936      0.3965
0.742      0.2906      0.2606      0.1909      0.3951
0.743      0.2884      0.2583      0.1882      0.3937
0.744      0.2862      0.2561      0.1855      0.3921
0.745      0.2841      0.2538      0.1828      0.3905
0.746      0.2819      0.2514      0.1803      0.3888
0.747      0.2797      0.2491      0.1777      0.3872
0.748      0.2774      0.2467      0.1751      0.3854
0.749      0.2752      0.2444      0.1724      0.3836
0.750      0.2729      0.2420      0.1696      0.3817
0.751      0.2706      0.2396      0.1667      0.3798
0.752      0.2683      0.2371      0.1639      0.3779
0.753      0.2660      0.2347      0.1610      0.3760
0.754      0.2636      0.2322      0.1581      0.3740
0.755      0.2613      0.2297      0.1552      0.3722
0.756      0.2589      0.2272      0.1523      0.3704
0.757      0.2565      0.2247      0.1493      0.3686
0.758      0.2541      0.2221      0.1463      0.3667
0.759      0.2516      0.2195      0.1433      0.3648
0.760      0.2492      0.2169      0.1402      0.3630
0.761      0.2467      0.2143      0.1370      0.3611
0.762      0.2442      0.2117      0.1339      0.3592
0.763      0.2417      0.2090      0.1309      0.3572
0.764      0.2391      0.2063      0.1278      0.3551
0.765      0.2365      0.2036      0.1247      0.3531
0.766      0.2340      0.2009      0.1215      0.3511
0.767      0.2313      0.1981      0.1183      0.3491
0.768      0.2287      0.1953      0.1150      0.3470
0.769      0.2261      0.1925      0.1118      0.3448
0.770      0.2234      0.1897      0.1085      0.3427
0.771      0.2207      0.1868      0.1051      0.3405
0.772      0.2179      0.1840      0.1018      0.3384
0.773      0.2152      0.1811      0.0984      0.3362
0.774      0.2124      0.1781      0.0950      0.3340
0.775      0.2096      0.1752      0.0915      0.3317
0.776      0.2068      0.1722      0.0881      0.3295
0.777      0.2039      0.1692      0.0847      0.3272
0.778      0.2011      0.1661      0.0813      0.3251
0.779      0.1982      0.1631      0.0778      0.3230
0.780      0.1952      0.1600      0.0742      0.3208
0.781      0.1923      0.1569      0.0705      0.3184
0.782      0.1893      0.1537      0.0668      0.3160
0.783      0.1863      0.1505      0.0631      0.3136
0.784      0.1833      0.1473      0.0593      0.3114
0.785      0.1802      0.1441      0.0555      0.3091
0.786      0.1771      0.1408      0.0517      0.3069
0.787      0.1740      0.1375      0.0479      0.3046
0.788      0.1708      0.1342      0.0441      0.3023
0.789      0.1676      0.1308      0.0402      0.3000
0.790      0.1644      0.1275      0.0362      0.2976
0.791      0.1612      0.1240      0.0323      0.2952
0.792      0.1579      0.1206      0.0283      0.2928
0.793      0.1546      0.1171      0.0242      0.2904
0.794      0.1513      0.1136      0.0201      0.2880
0.795      0.1479      0.1100      0.0160      0.2855
0.796      0.1445      0.1064      0.0119      0.2830
0.797      0.1410      0.1028      0.0080      0.2805
0.798      0.1376      0.0991      0.0040      0.2780
0.799      0.1341      0.0954      0.0000      0.2753
0.800      0.1305      0.0917     -0.0042      0.2726
0.801      0.1269      0.0879     -0.0086      0.2699
0.802      0.1233      0.0841     -0.0131      0.2671
0.803      0.1197      0.0802     -0.0176      0.2643
0.804      0.1160      0.0763     -0.0221      0.2615
0.805      0.1123      0.0724     -0.0267      0.2586
0.806      0.1085      0.0684     -0.0314      0.2559
0.807      0.1047      0.0644     -0.0361      0.2530
0.808      0.1009      0.0604     -0.0408      0.2501
0.809      0.0970      0.0563     -0.0456      0.2472
0.810      0.0930      0.0521     -0.0505      0.2442
0.811      0.0891      0.0479     -0.0553      0.2413
0.812      0.0851      0.0437     -0.0603      0.2383
0.813      0.0810      0.0394     -0.0653      0.2353
0.814      0.0769      0.0351     -0.0703      0.2323
0.815      0.0728      0.0307     -0.0754      0.2294
0.816      0.0686      0.0263     -0.0806      0.2265
0.817      0.0644      0.0219     -0.0858      0.2234
0.818      0.0601      0.0173     -0.0910      0.2201
0.819      0.0558      0.0128     -0.0963      0.2168
0.820      0.0514      0.0082     -0.1018      0.2134
0.821      0.0470      0.0035     -0.1073      0.2100
0.822      0.0425     -0.0012     -0.1127      0.2066
0.823      0.0380     -0.0060     -0.1183      0.2033
0.824      0.0334     -0.0108     -0.1238      0.1998
0.825      0.0288     -0.0157     -0.1295      0.1964
0.826      0.0241     -0.0206     -0.1352      0.1929
0.827      0.0194     -0.0256     -0.1410      0.1894
0.828      0.0146     -0.0307     -0.1468      0.1858
0.829      0.0098     -0.0358     -0.1528      0.1822
0.830      0.0049     -0.0409     -0.1587      0.1786
0.831     -0.0001     -0.0462     -0.1648      0.1749
0.832     -0.0051     -0.0515     -0.1709      0.1711
0.833     -0.0102     -0.0568     -0.1771      0.1674
0.834     -0.0153     -0.0623     -0.1834      0.1635
0.835     -0.0205     -0.0677     -0.1898      0.1597
0.836     -0.0258     -0.0733     -0.1962      0.1557
0.837     -0.0311     -0.0789     -0.2027      0.1518
0.838     -0.0365     -0.0846     -0.2093      0.1478
0.839     -0.0419     -0.0904     -0.2160      0.1437
0.840     -0.0475     -0.0962     -0.2226      0.1396
0.841     -0.0531     -0.1021     -0.2292      0.1354
0.842     -0.0587     -0.1081     -0.2359      0.1312
0.843     -0.0645     -0.1142     -0.2427      0.1269
0.844     -0.0703     -0.1203     -0.2495      0.1226
0.845     -0.0762     -0.1265     -0.2565      0.1182
0.846     -0.0821     -0.1328     -0.2636      0.1138
0.847     -0.0882     -0.1392     -0.2707      0.1093
0.848     -0.0943     -0.1456     -0.2779      0.1047
0.849     -0.1005     -0.1522     -0.2853      0.1001
0.850     -0.1068     -0.1588     -0.2927      0.0954
0.851     -0.1132     -0.1656     -0.3003      0.0907
0.852     -0.1196     -0.1724     -0.3079      0.0859
0.853     -0.1262     -0.1793     -0.3156      0.0810
0.854     -0.1328     -0.1863     -0.3235      0.0760
0.855     -0.1395     -0.1934     -0.3314      0.0710
0.856     -0.1463     -0.2006     -0.3395      0.0660
0.857     -0.1533     -0.2079     -0.3477      0.0608
0.858     -0.1603     -0.2153     -0.3560      0.0556
0.859     -0.1674     -0.2228     -0.3644      0.0503
0.860     -0.1746     -0.2304     -0.3729      0.0449
0.861     -0.1819     -0.2381     -0.3816      0.0395
0.862     -0.1893     -0.2460     -0.3903      0.0339
0.863     -0.1969     -0.2539     -0.3992      0.0283
0.864     -0.2045     -0.2620     -0.4083      0.0227
0.865     -0.2123     -0.2702     -0.4175      0.0170
0.866     -0.2201     -0.2785     -0.4268      0.0113
0.867     -0.2281     -0.2869     -0.4366      0.0055
0.868     -0.2362     -0.2955     -0.4465     -0.0003
0.869     -0.2445     -0.3042     -0.4565     -0.0064
0.870     -0.2528     -0.3130     -0.4668     -0.0128
0.871     -0.2613     -0.3220     -0.4771     -0.0193
0.872     -0.2699     -0.3311     -0.4877     -0.0260
0.873     -0.2787     -0.3403     -0.4984     -0.0326
0.874     -0.2876     -0.3497     -0.5096     -0.0392
0.875     -0.2966     -0.3592     -0.5208     -0.0459
0.876     -0.3058     -0.3689     -0.5323     -0.0528
0.877     -0.3152     -0.3788     -0.5440     -0.0597
0.878     -0.3246     -0.3888     -0.5558     -0.0668
0.879     -0.3343     -0.3990     -0.5679     -0.0740
0.880     -0.3441     -0.4093     -0.5797     -0.0813
0.881     -0.3541     -0.4199     -0.5916     -0.0888
0.882     -0.3642     -0.4306     -0.6038     -0.0964
0.883     -0.3745     -0.4415     -0.6161     -0.1041
0.884     -0.3850     -0.4525     -0.6287     -0.1120
0.885     -0.3957     -0.4638     -0.6415     -0.1200
0.886     -0.4065     -0.4753     -0.6546     -0.1282
0.887     -0.4176     -0.4869     -0.6683     -0.1365
0.888     -0.4288     -0.4988     -0.6823     -0.1449
0.889     -0.4403     -0.5109     -0.6965     -0.1535
0.890     -0.4520     -0.5232     -0.7110     -0.1623
0.891     -0.4638     -0.5357     -0.7258     -0.1712
0.892     -0.4759     -0.5485     -0.7408     -0.1803
0.893     -0.4882     -0.5615     -0.7561     -0.1895
0.894     -0.5008     -0.5748     -0.7717     -0.1990
0.895     -0.5136     -0.5883     -0.7876     -0.2086
0.896     -0.5266     -0.6020     -0.8038     -0.2184
0.897     -0.5399     -0.6161     -0.8203     -0.2285
0.898     -0.5535     -0.6304     -0.8372     -0.2387
0.899     -0.5673     -0.6450     -0.8544     -0.2492
0.900     -0.5814     -0.6598     -0.8719     -0.2599
0.901     -0.5958     -0.6750     -0.8898     -0.2707
0.902     -0.6105     -0.6905     -0.9080     -0.2818
0.903     -0.6254     -0.7063     -0.9266     -0.2932
0.904     -0.6407     -0.7225     -0.9456     -0.3047
0.905     -0.6563     -0.7389     -0.9650     -0.3165
0.906     -0.6723     -0.7558     -0.9848     -0.3286
0.907     -0.6886     -0.7730     -1.0051     -0.3409
0.908     -0.7052     -0.7905     -1.0258     -0.3535
0.909     -0.7222     -0.8085     -1.0469     -0.3664
0.910     -0.7396     -0.8268     -1.0685     -0.3795
0.911     -0.7574     -0.8456     -1.0904     -0.3930
0.912     -0.7756     -0.8648     -1.1126     -0.4067
0.913     -0.7942     -0.8844     -1.1353     -0.4208
0.914     -0.8132     -0.9045     -1.1586     -0.4352
0.915     -0.8327     -0.9251     -1.1824     -0.4499
0.916     -0.8526     -0.9461     -1.2068     -0.4650
0.917     -0.8730     -0.9677     -1.2317     -0.4805
0.918     -0.8939     -0.9898     -1.2573     -0.4963
0.919     -0.9154     -1.0124     -1.2835     -0.5125
0.920     -0.9374     -1.0356     -1.3103     -0.5291
0.921     -0.9599     -1.0594     -1.3379     -0.5462
0.922     -0.9830     -1.0838     -1.3661     -0.5638
0.923     -1.0067     -1.1088     -1.3951     -0.5821
0.924     -1.0310     -1.1345     -1.4248     -0.6009
0.925     -1.0560     -1.1609     -1.4554     -0.6202
0.926     -1.0817     -1.1879     -1.4867     -0.6400
0.927     -1.1080     -1.2158     -1.5189     -0.6603
0.928     -1.1351     -1.2444     -1.5520     -0.6806
0.929     -1.1630     -1.2738     -1.5861     -0.7015
0.930     -1.1916     -1.3040     -1.6215     -0.7229
0.931     -1.2211     -1.3351     -1.6582     -0.7450
0.932     -1.2514     -1.3672     -1.6952     -0.7677
0.933     -1.2827     -1.4001     -1.7331     -0.7911
0.934     -1.3149     -1.4341     -1.7722     -0.8153
0.935     -1.3481     -1.4692     -1.8124     -0.8401
0.936     -1.3823     -1.5053     -1.8541     -0.8658
0.937     -1.4176     -1.5426     -1.8973     -0.8924
0.938     -1.4541     -1.5811     -1.9419     -0.9200
0.939     -1.4917     -1.6208     -1.9879     -0.9485
0.940     -1.5306     -1.6619     -2.0354     -0.9779
0.941     -1.5708     -1.7043     -2.0846     -1.0083
0.942     -1.6124     -1.7482     -2.1354     -1.0398
0.943     -1.6555     -1.7937     -2.1881     -1.0720
0.944     -1.7001     -1.8408     -2.2426     -1.1058
0.945     -1.7463     -1.8896     -2.2992     -1.1411
0.946     -1.7943     -1.9402     -2.3582     -1.1774
0.947     -1.8440     -1.9927     -2.4194     -1.2150
0.948     -1.8957     -2.0473     -2.4829     -1.2538
0.949     -1.9494     -2.1039     -2.5490     -1.2940
0.950     -2.0052     -2.1629     -2.6177     -1.3359
0.951     -2.0633     -2.2242     -2.6892     -1.3795
0.952     -2.1239     -2.2881     -2.7636     -1.4249
0.953     -2.1870     -2.3547     -2.8412     -1.4723
0.954     -2.2528     -2.4243     -2.9223     -1.5217
0.955     -2.3216     -2.4969     -3.0069     -1.5733
0.956     -2.3935     -2.5728     -3.0953     -1.6272
0.957     -2.4688     -2.6522     -3.1879     -1.6836
0.958     -2.5476     -2.7355     -3.2849     -1.7435
0.959     -2.6303     -2.8227     -3.3867     -1.8065
0.960     -2.7171     -2.9144     -3.4940     -1.8714
0.961     -2.8084     -3.0107     -3.6067     -1.9394
0.962     -2.9045     -3.1122     -3.7254     -2.0110
0.963     -3.0058     -3.2191     -3.8505     -2.0864
0.964     -3.1126     -3.3319     -3.9826     -2.1666
0.965     -3.2256     -3.4512     -4.1222     -2.2513
0.966     -3.3453     -3.5775     -4.2700     -2.3411
0.967     -3.4722     -3.7114     -4.4268     -2.4363
0.968     -3.6070     -3.8538     -4.5934     -2.5374
0.969     -3.7506     -4.0053     -4.7707     -2.6447
0.970     -3.9037     -4.1669     -4.9599     -2.7589
0.971     -4.0673     -4.3397     -5.1621     -2.8810
0.972     -4.2427     -4.5248     -5.3787     -3.0118
0.973     -4.4310     -4.7236     -5.6114     -3.1522
0.974     -4.6338     -4.9377     -5.8620     -3.3035
0.975     -4.8529     -5.1689     -6.1312     -3.4673
0.976     -5.0902     -5.4194     -6.4225     -3.6455
0.977     -5.3481     -5.6917     -6.7392     -3.8393
0.978     -5.6295     -5.9888     -7.0847     -4.0506
0.979     -5.9377     -6.3141     -7.4631     -4.2820
0.980     -6.2767     -6.6720     -7.8793     -4.5366
0.981     -6.6514     -7.0675     -8.3394     -4.8180
0.982     -7.0678     -7.5070     -8.8506     -5.1307
0.983     -7.5330     -7.9981     -9.4219     -5.4801
0.984     -8.0565     -8.5507    -10.0646     -5.8732
0.985     -8.6498     -9.1770    -10.7930     -6.3188
0.986     -9.3278     -9.8928    -11.6255     -6.8280
0.987    -10.1101    -10.7186    -12.5870     -7.4154
0.988    -11.0228    -11.6821    -13.7096     -8.1002
0.989    -12.1015    -12.8207    -15.0366     -8.9109
0.990    -13.3959    -14.1872    -16.6287     -9.8831
0.991    -14.9780    -15.8572    -18.5746    -11.0738
0.992    -16.9555    -17.9447    -21.0070    -12.5604
0.993    -19.4981    -20.6287    -24.1346    -14.4720
0.994    -22.8880    -24.2074    -28.3043    -17.0207
0.995    -27.6343    -29.2175    -34.1426    -20.5888
0.996    -34.7537    -36.7327    -42.8999    -25.9393
0.997    -46.6184    -49.2579    -57.4945    -34.8483
0.998    -70.3499    -74.3085    -86.6566    -52.6644
0.999   -141.5480   -149.4726   -174.1496   -106.1255
