0.001    -34.8749    -42.2280    -45.9085    -23.5989
0.002    -16.9373    -20.5988    -22.4527    -11.3028
0.003    -10.9581    -13.3891    -14.6341     -7.2041
0.004     -7.9684     -9.7842    -10.7247     -5.1548
0.005     -6.1747     -7.6213     -8.3791     -3.9252
0.006     -4.9788     -6.1794     -6.8154     -3.1054
0.007     -4.1247     -5.1494     -5.6979     -2.5199
0.008     -3.4840     -4.3769     -4.8579     -2.0809
0.009     -2.9858     -3.7761     -4.2046     -1.7411
0.010     -2.5872     -3.2955     -3.6819     -1.4693
0.011     -2.2610     -2.9022     -3.2547     -1.2469
0.012     -1.9892     -2.5745     -2.8996     -1.0616
0.013     -1.7593     -2.2972     -2.5991     -0.9048
0.014     -1.5621     -2.0595     -2.3415     -0.7704
0.015     -1.3913     -1.8535     -2.1183     -0.6539
0.016     -1.2418     -1.6733     -1.9229     -0.5520
0.017     -1.1099     -1.5143     -1.7507     -0.4621
0.018     -0.9927     -1.3729     -1.5976     -0.3821
0.019     -0.8878     -1.2464     -1.4606     -0.3101
0.020     -0.7934     -1.1326     -1.3373     -0.2447
0.021     -0.7080     -1.0296     -1.2257     -0.1854
0.022     -0.6303     -0.9359     -1.1243     -0.1314
0.023     -0.5594     -0.8504     -1.0314     -0.0822
0.024     -0.4944     -0.7721     -0.9462     -0.0370
0.025     -0.4346     -0.7000     -0.8681      0.0045
0.026     -0.3794     -0.6334     -0.7960      0.0429
0.027     -0.3283     -0.5718     -0.7292      0.0784
0.028     -0.2809     -0.5146     -0.6672      0.1114
0.029     -0.2367     -0.4613     -0.6095      0.1421
0.030     -0.1955     -0.4116     -0.5556      0.1707
0.031     -0.1569     -0.3651     -0.5052      0.1975
0.032     -0.1207     -0.3215     -0.4579      0.2227
0.033     -0.0868     -0.2805     -0.4135      0.2463
0.034     -0.0548     -0.2420     -0.3717      0.2683
0.035     -0.0246     -0.2056     -0.3323      0.2887
0.036      0.0038     -0.1713     -0.2951      0.3079
0.037      0.0308     -0.1388     -0.2599      0.3261
0.038      0.0563     -0.1080     -0.2266      0.3434
0.039      0.0805     -0.0788     -0.1950      0.3597
0.040      0.1035     -0.0511     -0.1649      0.3752
0.041      0.1254     -0.0247     -0.1363      0.3900
0.042      0.1462      0.0004     -0.1091      0.4041
0.043      0.1661      0.0243     -0.0831      0.4175
0.044      0.1850      0.0472     -0.0584      0.4303
0.045      0.2031      0.0691     -0.0347      0.4426
0.046      0.2205      0.0900     -0.0120      0.4543
0.047      0.2371      0.1100      0.0098      0.4656
0.048      0.2530      0.1291      0.0307      0.4765
0.049      0.2682      0.1475      0.0507      0.4871
0.050      0.2829      0.1652      0.0700      0.4972
0.051      0.2969      0.1821      0.0885      0.5069
0.052      0.3105      0.1985      0.1064      0.5162
0.053      0.3235      0.2142      0.1236      0.5250
0.054      0.3360      0.2293      0.1402      0.5335
0.055      0.3481      0.2438      0.1562      0.5417
0.056      0.3597      0.2579      0.1716      0.5496
0.057      0.3710      0.2714      0.1865      0.5572
0.058      0.3818      0.2845      0.2008      0.5648
0.059      0.3923      0.2972      0.2147      0.5721
0.060      0.4025      0.3094      0.2281      0.5792
0.061      0.4123      0.3212      0.2410      0.5861
0.062      0.4217      0.3326      0.2534      0.5927
0.063      0.4309      0.3437      0.2653      0.5991
0.064      0.4398      0.3544      0.2769      0.6053
0.065      0.4484      0.3648      0.2881      0.6113
0.066      0.4568      0.3749      0.2991      0.6171
0.067      0.4649      0.3847      0.3099      0.6227
0.068      0.4728      0.3942      0.3204      0.6281
0.069      0.4804      0.4034      0.3306      0.6334
0.070      0.4879      0.4124      0.3405      0.6385
0.071      0.4951      0.4211      0.3501      0.6435
0.072      0.5021      0.4295      0.3594      0.6483
0.073      0.5089      0.4378      0.3683      0.6530
0.074      0.5156      0.4458      0.3769      0.6575
0.075      0.5220      0.4536      0.3853      0.6619
0.076      0.5283      0.4612      0.3935      0.6661
0.077      0.5345      0.4686      0.4024      0.6703
0.078      0.5404      0.4758      0.4116      0.6743
0.079      0.5463      0.4828      0.4217      0.6780
0.080      0.5519      0.4896      0.4293      0.6784
0.081      0.5575      0.4963      0.4365      0.6806
0.082      0.5629      0.5028      0.4451      0.6814
0.083      0.5681      0.5092      0.4520      0.6823
0.084      0.5733      0.5154      0.4590      0.6844
0.085      0.5783      0.5214      0.4681      0.6861
0.086      0.5832      0.5273      0.4778      0.6896
0.087      0.5880      0.5331      0.4818      0.6927
0.088      0.5927      0.5388      0.4883      0.6958
0.089      0.5973      0.5443      0.4969      0.6979
0.090      0.6018      0.5497      0.5028      0.7012
0.091      0.6061      0.5495      0.5084      0.7075
0.092      0.6104      0.5494      0.5110      0.7087
0.093      0.6146      0.5492      0.5149      0.7121
0.094      0.6187      0.5491      0.5183      0.7180
0.095      0.6208      0.5489      0.5188      0.7218
0.096      0.6204      0.5488      0.5176      0.7217
0.097      0.6200      0.5486      0.5172      0.7230
0.098      0.6195      0.5484      0.5163      0.7269
0.099      0.6191      0.5483      0.5156      0.7281
0.100      0.6187      0.5481      0.5136      0.7283
0.101      0.6183      0.5479      0.5121      0.7293
0.102      0.6179      0.5478      0.5116      0.7300
0.103      0.6174      0.5476      0.5104      0.7297
0.104      0.6170      0.5475      0.5100      0.7306
0.105      0.6166      0.5473      0.5095      0.7302
0.106      0.6162      0.5471      0.5084      0.7303
0.107      0.6157      0.5470      0.5079      0.7300
0.108      0.6153      0.5468      0.5074      0.7297
0.109      0.6149      0.5466      0.5070      0.7294
0.110      0.6145      0.5465      0.5065      0.7292
0.111      0.6140      0.5463      0.5040      0.7289
0.112      0.6136      0.5461      0.5035      0.7285
0.113      0.6132      0.5460      0.5031      0.7280
0.114      0.6127      0.5458      0.5027      0.7275
0.115      0.6123      0.5457      0.5023      0.7270
0.116      0.6119      0.5455      0.5019      0.7265
0.117      0.6114      0.5453      0.5015      0.7259
0.118      0.6110      0.5451      0.5011      0.7254
0.119      0.6106      0.5450      0.5007      0.7249
0.120      0.6101      0.5448      0.5003      0.7244
0.121      0.6097      0.5446      0.4999      0.7240
0.122      0.6092      0.5445      0.4995      0.7238
0.123      0.6088      0.5443      0.4991      0.7235
0.124      0.6084      0.5441      0.4987      0.7233
0.125      0.6079      0.5440      0.4983      0.7230
0.126      0.6075      0.5438      0.4979      0.7228
0.127      0.6070      0.5436      0.4975      0.7225
0.128      0.6066      0.5435      0.4971      0.7223
0.129      0.6061      0.5433      0.4967      0.7220
0.130      0.6057      0.5431      0.4962      0.7217
0.131      0.6052      0.5429      0.4957      0.7215
0.132      0.6048      0.5428      0.4950      0.7212
0.133      0.6043      0.5426      0.4944      0.7210
0.134      0.6039      0.5424      0.4938      0.7206
0.135      0.6034      0.5422      0.4932      0.7202
0.136      0.6030      0.5421      0.4925      0.7197
0.137      0.6025      0.5419      0.4919      0.7193
0.138      0.6021      0.5417      0.4913      0.7188
0.139      0.6016      0.5415      0.4909      0.7183
0.140      0.6011      0.5414      0.4905      0.7180
0.141      0.6007      0.5412      0.4899      0.7177
0.142      0.6002      0.5410      0.4893      0.7174
0.143      0.5998      0.5408      0.4889      0.7170
0.144      0.5993      0.5407      0.4886      0.7164
0.145      0.5988      0.5405      0.4880      0.7159
0.146      0.5984      0.5403      0.4874      0.7154
0.147      0.5979      0.5401      0.4870      0.7149
0.148      0.5974      0.5399      0.4865      0.7143
0.149      0.5970      0.5398      0.4861      0.7138
0.150      0.5965      0.5396      0.4856      0.7133
0.151      0.5960      0.5394      0.4851      0.7127
0.152      0.5955      0.5392      0.4845      0.7122
0.153      0.5951      0.5390      0.4840      0.7118
0.154      0.5946      0.5389      0.4834      0.7113
0.155      0.5941      0.5387      0.4829      0.7109
0.156      0.5936      0.5385      0.4823      0.7105
0.157      0.5932      0.5383      0.4818      0.7101
0.158      0.5927      0.5381      0.4812      0.7097
0.159      0.5922      0.5379      0.4806      0.7093
0.160      0.5917      0.5378      0.4801      0.7089
0.161      0.5912      0.5376      0.4795      0.7086
0.162      0.5908      0.5374      0.4790      0.7082
0.163      0.5903      0.5372      0.4784      0.7078
0.164      0.5898      0.5370      0.4778      0.7074
0.165      0.5893      0.5368      0.4773      0.7070
0.166      0.5888      0.5366      0.4767      0.7066
0.167      0.5883      0.5364      0.4761      0.7062
0.168      0.5878      0.5363      0.4756      0.7058
0.169      0.5873      0.5361      0.4750      0.7054
0.170      0.5869      0.5359      0.4744      0.7050
0.171      0.5864      0.5357      0.4739      0.7045
0.172      0.5859      0.5355      0.4733      0.7040
0.173      0.5854      0.5353      0.4727      0.7036
0.174      0.5849      0.5351      0.4721      0.7032
0.175      0.5844      0.5349      0.4716      0.7028
0.176      0.5839      0.5347      0.4710      0.7024
0.177      0.5834      0.5345      0.4704      0.7021
0.178      0.5829      0.5343      0.4698      0.7017
0.179      0.5824      0.5342      0.4692      0.7013
0.180      0.5819      0.5340      0.4686      0.7010
0.181      0.5814      0.5338      0.4680      0.7005
0.182      0.5808      0.5336      0.4675      0.7001
0.183      0.5803      0.5334      0.4669      0.6998
0.184      0.5798      0.5332      0.4663      0.6994
0.185      0.5793      0.5330      0.4657      0.6990
0.186      0.5788      0.5328      0.4651      0.6986
0.187      0.5783      0.5326      0.4645      0.6982
0.188      0.5778      0.5324      0.4639      0.6978
0.189      0.5773      0.5322      0.4633      0.6974
0.190      0.5767      0.5320      0.4626      0.6970
0.191      0.5762      0.5318      0.4619      0.6966
0.192      0.5757      0.5316      0.4612      0.6961
0.193      0.5752      0.5314      0.4604      0.6957
0.194      0.5747      0.5312      0.4597      0.6951
0.195      0.5741      0.5310      0.4591      0.6946
0.196      0.5736      0.5308      0.4586      0.6941
0.197      0.5731      0.5306      0.4581      0.6936
0.198      0.5726      0.5304      0.4576      0.6931
0.199      0.5720      0.5302      0.4571      0.6927
0.200      0.5715      0.5300      0.4566      0.6922
0.201      0.5710      0.5298      0.4560      0.6918
0.202      0.5704      0.5296      0.4554      0.6914
0.203      0.5699      0.5294      0.4548      0.6909
0.204      0.5694      0.5292      0.4541      0.6905
0.205      0.5688      0.5290      0.4535      0.6901
0.206      0.5683      0.5287      0.4529      0.6896
0.207      0.5677      0.5285      0.4523      0.6892
0.208      0.5672      0.5283      0.4516      0.6887
0.209      0.5667      0.5281      0.4510      0.6883
0.210      0.5661      0.5279      0.4504      0.6879
0.211      0.5656      0.5277      0.4497      0.6874
0.212      0.5650      0.5275      0.4491      0.6870
0.213      0.5645      0.5273      0.4485      0.6865
0.214      0.5639      0.5271      0.4478      0.6861
0.215      0.5634      0.5269      0.4471      0.6856
0.216      0.5628      0.5267      0.4464      0.6852
0.217      0.5623      0.5264      0.4458      0.6847
0.218      0.5617      0.5262      0.4452      0.6842
0.219      0.5612      0.5260      0.4446      0.6837
0.220      0.5606      0.5258      0.4440      0.6832
0.221      0.5600      0.5256      0.4433      0.6827
0.222      0.5595      0.5254      0.4427      0.6822
0.223      0.5589      0.5252      0.4420      0.6816
0.224      0.5584      0.5249      0.4414      0.6811
0.225      0.5578      0.5247      0.4407      0.6806
0.226      0.5572      0.5245      0.4401      0.6800
0.227      0.5567      0.5243      0.4394      0.6794
0.228      0.5561      0.5241      0.4387      0.6788
0.229      0.5555      0.5238      0.4381      0.6782
0.230      0.5549      0.5236      0.4374      0.6777
0.231      0.5544      0.5234      0.4367      0.6771
0.232      0.5538      0.5232      0.4361      0.6765
0.233      0.5532      0.5230      0.4354      0.6759
0.234      0.5526      0.5227      0.4347      0.6753
0.235      0.5521      0.5225      0.4342      0.6747
0.236      0.5515      0.5223      0.4335      0.6743
0.237      0.5509      0.5221      0.4327      0.6740
0.238      0.5503      0.5218      0.4320      0.6736
0.239      0.5497      0.5216      0.4314      0.6731
0.240      0.5491      0.5214      0.4307      0.6725
0.241      0.5485      0.5212      0.4300      0.6720
0.242      0.5479      0.5209      0.4293      0.6714
0.243      0.5474      0.5207      0.4286      0.6709
0.244      0.5468      0.5205      0.4280      0.6703
0.245      0.5462      0.5203      0.4274      0.6696
0.246      0.5456      0.5200      0.4268      0.6690
0.247      0.5450      0.5198      0.4261      0.6684
0.248      0.5444      0.5196      0.4255      0.6677
0.249      0.5438      0.5193      0.4249      0.6671
0.250      0.5432      0.5191      0.4242      0.6664
0.251      0.5426      0.5189      0.4236      0.6658
0.252      0.5420      0.5186      0.4230      0.6653
0.253      0.5413      0.5184      0.4224      0.6649
0.254      0.5407      0.5182      0.4217      0.6645
0.255      0.5401      0.5179      0.4211      0.6641
0.256      0.5395      0.5177      0.4204      0.6636
0.257      0.5389      0.5175      0.4198      0.6631
0.258      0.5383      0.5172      0.4192      0.6626
0.259      0.5377      0.5170      0.4185      0.6620
0.260      0.5370      0.5168      0.4179      0.6614
0.261      0.5364      0.5165      0.4172      0.6608
0.262      0.5358      0.5163      0.4166      0.6602
0.263      0.5352      0.5160      0.4159      0.6596
0.264      0.5345      0.5158      0.4153      0.6590
0.265      0.5339      0.5156      0.4146      0.6584
0.266      0.5333      0.5153      0.4140      0.6578
0.267      0.5327      0.5151      0.4133      0.6572
0.268      0.5320      0.5148      0.4126      0.6566
0.269      0.5314      0.5146      0.4120      0.6560
0.270      0.5307      0.5143      0.4113      0.6555
0.271      0.5301      0.5141      0.4107      0.6549
0.272      0.5295      0.5138      0.4101      0.6544
0.273      0.5288      0.5136      0.4096      0.6539
0.274      0.5282      0.5134      0.4090      0.6535
0.275      0.5275      0.5131      0.4084      0.6530
0.276      0.5269      0.5129      0.4078      0.6525
0.277      0.5262      0.5126      0.4073      0.6520
0.278      0.5256      0.5124      0.4067      0.6515
0.279      0.5249      0.5121      0.4061      0.6510
0.280      0.5243      0.5119      0.4055      0.6506
0.281      0.5236      0.5116      0.4047      0.6501
0.282      0.5230      0.5114      0.4039      0.6496
0.283      0.5223      0.5111      0.4031      0.6491
0.284      0.5216      0.5108      0.4022      0.6486
0.285      0.5210      0.5106      0.4014      0.6481
0.286      0.5203      0.5103      0.4006      0.6476
0.287      0.5196      0.5101      0.3998      0.6471
0.288      0.5190      0.5098      0.3990      0.6466
0.289      0.5183      0.5096      0.3983      0.6461
0.290      0.5176      0.5093      0.3976      0.6455
0.291      0.5170      0.5090      0.3969      0.6448
0.292      0.5163      0.5088      0.3962      0.6440
0.293      0.5156      0.5085      0.3954      0.6432
0.294      0.5149      0.5083      0.3946      0.6425
0.295      0.5142      0.5080      0.3938      0.6417
0.296      0.5136      0.5077      0.3929      0.6409
0.297      0.5129      0.5075      0.3921      0.6402
0.298      0.5122      0.5072      0.3913      0.6397
0.299      0.5115      0.5069      0.3905      0.6391
0.300      0.5108      0.5067      0.3896      0.6385
0.301      0.5101      0.5064      0.3888      0.6379
0.302      0.5094      0.5061      0.3879      0.6373
0.303      0.5087      0.5059      0.3871      0.6367
0.304      0.5080      0.5056      0.3863      0.6361
0.305      0.5073      0.5053      0.3854      0.6355
0.306      0.5066      0.5051      0.3846      0.6350
0.307      0.5059      0.5048      0.3837      0.6344
0.308      0.5052      0.5045      0.3829      0.6338
0.309      0.5045      0.5042      0.3820      0.6332
0.310      0.5038      0.5040      0.3811      0.6326
0.311      0.5030      0.5037      0.3803      0.6319
0.312      0.5023      0.5034      0.3794      0.6313
0.313      0.5016      0.5031      0.3785      0.6307
0.314      0.5009      0.5029      0.3777      0.6301
0.315      0.5002      0.5026      0.3768      0.6295
0.316      0.4994      0.5023      0.3759      0.6289
0.317      0.4987      0.5020      0.3751      0.6282
0.318      0.4980      0.5018      0.3742      0.6274
0.319      0.4972      0.5015      0.3733      0.6267
0.320      0.4965      0.5012      0.3724      0.6260
0.321      0.4958      0.5009      0.3715      0.6252
0.322      0.4950      0.5006      0.3706      0.6246
0.323      0.4943      0.5003      0.3697      0.6240
0.324      0.4936      0.5001      0.3688      0.6234
0.325      0.4928      0.4998      0.3679      0.6228
0.326      0.4921      0.4995      0.3670      0.6222
0.327      0.4913      0.4992      0.3661      0.6216
0.328      0.4906      0.4989      0.3653      0.6210
0.329      0.4898      0.4986      0.3645      0.6204
0.330      0.4890      0.4983      0.3635      0.6198
0.331      0.4883      0.4980      0.3626      0.6192
0.332      0.4875      0.4977      0.3616      0.6186
0.333      0.4868      0.4975      0.3607      0.6180
0.334      0.4860      0.4972      0.3598      0.6173
0.335      0.4852      0.4969      0.3588      0.6165
0.336      0.4845      0.4966      0.3579      0.6156
0.337      0.4837      0.4963      0.3570      0.6148
0.338      0.4829      0.4960      0.3560      0.6140
0.339      0.4821      0.4957      0.3551      0.6132
0.340      0.4814      0.4954      0.3541      0.6123
0.341      0.4806      0.4951      0.3531      0.6115
0.342      0.4798      0.4948      0.3522      0.6108
0.343      0.4790      0.4945      0.3512      0.6103
0.344      0.4782      0.4942      0.3503      0.6097
0.345      0.4774      0.4939      0.3493      0.6092
0.346      0.4766      0.4936      0.3483      0.6086
0.347      0.4758      0.4933      0.3474      0.6080
0.348      0.4750      0.4930      0.3464      0.6074
0.349      0.4742      0.4926      0.3454      0.6069
0.350      0.4734      0.4923      0.3444      0.6063
0.351      0.4726      0.4920      0.3433      0.6058
0.352      0.4718      0.4917      0.3422      0.6052
0.353      0.4710      0.4914      0.3411      0.6046
0.354      0.4702      0.4911      0.3400      0.6041
0.355      0.4694      0.4908      0.3389      0.6035
0.356      0.4686      0.4905      0.3378      0.6028
0.357      0.4677      0.4901      0.3367      0.6020
0.358      0.4669      0.4898      0.3356      0.6011
0.359      0.4661      0.4895      0.3345      0.6002
0.360      0.4653      0.4892      0.3334      0.5993
0.361      0.4644      0.4889      0.3324      0.5987
0.362      0.4636      0.4886      0.3315      0.5981
0.363      0.4628      0.4882      0.3305      0.5975
0.364      0.4619      0.4879      0.3295      0.5970
0.365      0.4611      0.4876      0.3284      0.5964
0.366      0.4602      0.4873      0.3272      0.5958
0.367      0.4594      0.4869      0.3260      0.5951
0.368      0.4585      0.4866      0.3251      0.5944
0.369      0.4577      0.4863      0.3242      0.5937
0.370      0.4568      0.4860      0.3232      0.5929
0.371      0.4560      0.4856      0.3223      0.5922
0.372      0.4551      0.4853      0.3214      0.5914
0.373      0.4543      0.4850      0.3205      0.5906
0.374      0.4534      0.4846      0.3195      0.5899
0.375      0.4525      0.4843      0.3186      0.5891
0.376      0.4516      0.4840      0.3176      0.5883
0.377      0.4508      0.4836      0.3166      0.5877
0.378      0.4499      0.4833      0.3156      0.5871
0.379      0.4490      0.4830      0.3146      0.5863
0.380      0.4481      0.4826      0.3135      0.5856
0.381      0.4472      0.4823      0.3124      0.5848
0.382      0.4464      0.4819      0.3114      0.5841
0.383      0.4455      0.4816      0.3103      0.5833
0.384      0.4446      0.4813      0.3092      0.5826
0.385      0.4437      0.4809      0.3081      0.5818
0.386      0.4428      0.4806      0.3070      0.5811
0.387      0.4419      0.4802      0.3059      0.5803
0.388      0.4410      0.4799      0.3048      0.5794
0.389      0.4401      0.4795      0.3037      0.5785
0.390      0.4391      0.4792      0.3025      0.5775
0.391      0.4382      0.4788      0.3014      0.5768
0.392      0.4373      0.4785      0.3003      0.5762
0.393      0.4364      0.4781      0.2992      0.5757
0.394      0.4355      0.4778      0.2981      0.5749
0.395      0.4345      0.4774      0.2969      0.5741
0.396      0.4336      0.4770      0.2958      0.5733
0.397      0.4327      0.4767      0.2946      0.5729
0.398      0.4317      0.4763      0.2936      0.5725
0.399      0.4308      0.4760      0.2926      0.5721
0.400      0.4299      0.4756      0.2917      0.5715
0.401      0.4289      0.4752      0.2907      0.5706
0.402      0.4280      0.4749      0.2897      0.5697
0.403      0.4270      0.4745      0.2886      0.5690
0.404      0.4261      0.4741      0.2875      0.5685
0.405      0.4251      0.4738      0.2863      0.5679
0.406      0.4241      0.4734      0.2852      0.5674
0.407      0.4232      0.4730      0.2840      0.5669
0.408      0.4222      0.4727      0.2829      0.5663
0.409      0.4212      0.4723      0.2817      0.5658
0.410      0.4203      0.4719      0.2807      0.5652
0.411      0.4193      0.4715      0.2798      0.5644
0.412      0.4183      0.4712      0.2788      0.5637
0.413      0.4173      0.4708      0.2778      0.5629
0.414      0.4163      0.4704      0.2766      0.5621
0.415      0.4153      0.4700      0.2755      0.5613
0.416      0.4143      0.4696      0.2743      0.5605
0.417      0.4133      0.4693      0.2732      0.5597
0.418      0.4123      0.4689      0.2720      0.5589
0.419      0.4113      0.4685      0.2708      0.5585
0.420      0.4103      0.4681      0.2696      0.5580
0.421      0.4093      0.4677      0.2682      0.5576
0.422      0.4083      0.4673      0.2667      0.5571
0.423      0.4073      0.4669      0.2654      0.5567
0.424      0.4062      0.4665      0.2644      0.5558
0.425      0.4052      0.4661      0.2634      0.5549
0.426      0.4042      0.4657      0.2624      0.5540
0.427      0.4032      0.4654      0.2614      0.5530
0.428      0.4021      0.4650      0.2602      0.5521
0.429      0.4011      0.4646      0.2590      0.5511
0.430      0.4000      0.4642      0.2577      0.5502
0.431      0.3990      0.4638      0.2565      0.5492
0.432      0.3979      0.4633      0.2553      0.5482
0.433      0.3969      0.4629      0.2541      0.5473
0.434      0.3958      0.4625      0.2529      0.5463
0.435      0.3948      0.4621      0.2516      0.5453
0.436      0.3937      0.4617      0.2504      0.5444
0.437      0.3926      0.4613      0.2491      0.5434
0.438      0.3915      0.4609      0.2479      0.5424
0.439      0.3905      0.4605      0.2466      0.5416
0.440      0.3894      0.4601      0.2454      0.5407
0.441      0.3883      0.4596      0.2441      0.5399
0.442      0.3872      0.4592      0.2429      0.5390
0.443      0.3861      0.4588      0.2416      0.5381
0.444      0.3850      0.4584      0.2403      0.5372
0.445      0.3839      0.4580      0.2391      0.5364
0.446      0.3828      0.4575      0.2378      0.5355
0.447      0.3817      0.4571      0.2365      0.5346
0.448      0.3806      0.4567      0.2354      0.5337
0.449      0.3795      0.4563      0.2343      0.5328
0.450      0.3784      0.4558      0.2332      0.5320
0.451      0.3772      0.4554      0.2321      0.5311
0.452      0.3761      0.4550      0.2309      0.5302
0.453      0.3750      0.4545      0.2298      0.5293
0.454      0.3738      0.4541      0.2287      0.5284
0.455      0.3727      0.4537      0.2276      0.5275
0.456      0.3715      0.4532      0.2264      0.5265
0.457      0.3704      0.4528      0.2253      0.5256
0.458      0.3692      0.4523      0.2241      0.5247
0.459      0.3681      0.4519      0.2229      0.5238
0.460      0.3669      0.4514      0.2215      0.5229
0.461      0.3657      0.4510      0.2201      0.5219
0.462      0.3646      0.4505      0.2187      0.5210
0.463      0.3634      0.4501      0.2172      0.5202
0.464      0.3622      0.4496      0.2154      0.5195
0.465      0.3610      0.4492      0.2137      0.5188
0.466      0.3598      0.4487      0.2119      0.5180
0.467      0.3586      0.4483      0.2105      0.5173
0.468      0.3574      0.4478      0.2092      0.5165
0.469      0.3562      0.4473      0.2078      0.5155
0.470      0.3550      0.4469      0.2065      0.5144
0.471      0.3538      0.4464      0.2051      0.5133
0.472      0.3526      0.4459      0.2038      0.5122
0.473      0.3514      0.4455      0.2023      0.5111
0.474      0.3502      0.4450      0.2007      0.5100
0.475      0.3489      0.4445      0.1990      0.5089
0.476      0.3477      0.4441      0.1974      0.5078
0.477      0.3464      0.4436      0.1957      0.5067
0.478      0.3452      0.4431      0.1941      0.5056
0.479      0.3439      0.4426      0.1927      0.5046
0.480      0.3427      0.4421      0.1912      0.5037
0.481      0.3414      0.4417      0.1898      0.5027
0.482      0.3402      0.4412      0.1883      0.5016
0.483      0.3389      0.4407      0.1868      0.5006
0.484      0.3376      0.4402      0.1854      0.4994
0.485      0.3363      0.4397      0.1839      0.4982
0.486      0.3351      0.4392      0.1824      0.4970
0.487      0.3338      0.4387      0.1809      0.4958
0.488      0.3325      0.4382      0.1794      0.4947
0.489      0.3312      0.4377      0.1779      0.4940
0.490      0.3299      0.4372      0.1763      0.4934
0.491      0.3286      0.4367      0.1746      0.4924
0.492      0.3273      0.4362      0.1728      0.4914
0.493      0.3259      0.4357      0.1708      0.4902
0.494      0.3246      0.4352      0.1688      0.4889
0.495      0.3233      0.4347      0.1667      0.4878
0.496      0.3219      0.4342      0.1647      0.4870
0.497      0.3206      0.4337      0.1626      0.4861
0.498      0.3193      0.4331      0.1606      0.4850
0.499      0.3179      0.4326      0.1585      0.4840
0.500      0.3165      0.4321      0.1564      0.4829
0.501      0.3152      0.4316      0.1548      0.4818
0.502      0.3138      0.4311      0.1532      0.4808
0.503      0.3124      0.4305      0.1516      0.4801
0.504      0.3111      0.4300      0.1500      0.4793
0.505      0.3097      0.4295      0.1481      0.4785
0.506      0.3083      0.4289      0.1461      0.4777
0.507      0.3069      0.4284      0.1440      0.4766
0.508      0.3055      0.4279      0.1422      0.4755
0.509      0.3041      0.4273      0.1405      0.4744
0.510      0.3027      0.4268      0.1388      0.4734
0.511      0.3013      0.4262      0.1371      0.4726
0.512      0.2998      0.4257      0.1352      0.4718
0.513      0.2984      0.4251      0.1331      0.4708
0.514      0.2970      0.4246      0.1310      0.4695
0.515      0.2955      0.4240      0.1289      0.4681
0.516      0.2941      0.4235      0.1267      0.4668
0.517      0.2926      0.4229      0.1246      0.4654
0.518      0.2912      0.4224      0.1224      0.4641
0.519      0.2897      0.4218      0.1203      0.4627
0.520      0.2882      0.4212      0.1182      0.4614
0.521      0.2867      0.4207      0.1164      0.4602
0.522      0.2853      0.4201      0.1145      0.4590
0.523      0.2838      0.4195      0.1124      0.4578
0.524      0.2823      0.4189      0.1102      0.4566
0.525      0.2808      0.4184      0.1080      0.4553
0.526      0.2793      0.4178      0.1059      0.4541
0.527      0.2777      0.4172      0.1037      0.4529
0.528      0.2762      0.4166      0.1015      0.4516
0.529      0.2747      0.4160      0.0997      0.4504
0.530      0.2732      0.4154      0.0981      0.4491
0.531      0.2716      0.4148      0.0964      0.4479
0.532      0.2701      0.4143      0.0948      0.4466
0.533      0.2685      0.4137      0.0931      0.4454
0.534      0.2669      0.4131      0.0914      0.4441
0.535      0.2654      0.4125      0.0898      0.4428
0.536      0.2638      0.4118      0.0881      0.4415
0.537      0.2622      0.4112      0.0864      0.4402
0.538      0.2606      0.4106      0.0845      0.4389
0.539      0.2590      0.4100      0.0822      0.4376
0.540      0.2574      0.4094      0.0799      0.4363
0.541      0.2558      0.4088      0.0776      0.4350
0.542      0.2542      0.4082      0.0758      0.4337
0.543      0.2526      0.4075      0.0741      0.4324
0.544      0.2509      0.4069      0.0723      0.4311
0.545      0.2493      0.4063      0.0700      0.4297
0.546      0.2477      0.4057      0.0678      0.4284
0.547      0.2460      0.4050      0.0655      0.4270
0.548      0.2443      0.4044      0.0632      0.4257
0.549      0.2427      0.4037      0.0609      0.4243
0.550      0.2410      0.4031      0.0586      0.4230
0.551      0.2393      0.4025      0.0563      0.4216
0.552      0.2376      0.4018      0.0540      0.4205
0.553      0.2359      0.4011      0.0517      0.4189
0.554      0.2342      0.4005      0.0493      0.4176
0.555      0.2325      0.3998      0.0470      0.4162
0.556      0.2308      0.3992      0.0449      0.4148
0.557      0.2291      0.3985      0.0428      0.4135
0.558      0.2273      0.3978      0.0406      0.4121
0.559      0.2256      0.3972      0.0385      0.4107
0.560      0.2238      0.3965      0.0363      0.4093
0.561      0.2221      0.3958      0.0339      0.4079
0.562      0.2203      0.3952      0.0314      0.4065
0.563      0.2185      0.3945      0.0289      0.4051
0.564      0.2168      0.3938      0.0266      0.4037
0.565      0.2150      0.3931      0.0246      0.4023
0.566      0.2132      0.3924      0.0226      0.4008
0.567      0.2113      0.3917      0.0207      0.3994
0.568      0.2095      0.3910      0.0188      0.3985
0.569      0.2077      0.3903      0.0166      0.3975
0.570      0.2059      0.3896      0.0145      0.3962
0.571      0.2040      0.3889      0.0125      0.3946
0.572      0.2022      0.3882      0.0104      0.3930
0.573      0.2003      0.3875      0.0084      0.3913
0.574      0.1984      0.3868      0.0061      0.3896
0.575      0.1966      0.3860      0.0034      0.3879
0.576      0.1947      0.3853      0.0007      0.3862
0.577      0.1928      0.3846     -0.0018      0.3847
0.578      0.1909      0.3839     -0.0045      0.3831
0.579      0.1890      0.3831     -0.0074      0.3816
0.580      0.1871      0.3824     -0.0103      0.3801
0.581      0.1851      0.3816     -0.0131      0.3786
0.582      0.1832      0.3809     -0.0158      0.3770
0.583      0.1812      0.3801     -0.0186      0.3755
0.584      0.1793      0.3794     -0.0215      0.3739
0.585      0.1773      0.3786     -0.0243      0.3725
0.586      0.1753      0.3779     -0.0271      0.3709
0.587      0.1733      0.3771     -0.0300      0.3692
0.588      0.1713      0.3763     -0.0324      0.3676
0.589      0.1693      0.3756     -0.0349      0.3660
0.590      0.1673      0.3748     -0.0373      0.3644
0.591      0.1653      0.3740     -0.0398      0.3628
0.592      0.1632      0.3732     -0.0423      0.3612
0.593      0.1612      0.3725     -0.0448      0.3596
0.594      0.1591      0.3717     -0.0473      0.3580
0.595      0.1571      0.3709     -0.0498      0.3563
0.596      0.1550      0.3701     -0.0525      0.3547
0.597      0.1529      0.3693     -0.0555      0.3530
0.598      0.1508      0.3685     -0.0585      0.3513
0.599      0.1487      0.3677     -0.0616      0.3497
0.600      0.1466      0.3668     -0.0642      0.3480
0.601      0.1445      0.3660     -0.0666      0.3463
0.602      0.1423      0.3652     -0.0691      0.3446
0.603      0.1402      0.3644     -0.0721      0.3431
0.604      0.1380      0.3635     -0.0751      0.3417
0.605      0.1358      0.3627     -0.0781      0.3403
0.606      0.1336      0.3619     -0.0811      0.3390
0.607      0.1314      0.3610     -0.0841      0.3376
0.608      0.1292      0.3602     -0.0871      0.3362
0.609      0.1270      0.3593     -0.0899      0.3348
0.610      0.1248      0.3585     -0.0927      0.3334
0.611      0.1226      0.3576     -0.0955      0.3320
0.612      0.1203      0.3568     -0.0984      0.3304
0.613      0.1180      0.3559     -0.1012      0.3285
0.614      0.1158      0.3550     -0.1041      0.3267
0.615      0.1135      0.3541     -0.1070      0.3250
0.616      0.1112      0.3532     -0.1099      0.3235
0.617      0.1089      0.3524     -0.1128      0.3219
0.618      0.1065      0.3515     -0.1157      0.3203
0.619      0.1042      0.3506     -0.1186      0.3187
0.620      0.1019      0.3497     -0.1216      0.3172
0.621      0.0995      0.3488     -0.1245      0.3156
0.622      0.0971      0.3479     -0.1275      0.3140
0.623      0.0947      0.3469     -0.1305      0.3124
0.624      0.0923      0.3460     -0.1335      0.3107
0.625      0.0899      0.3451     -0.1371      0.3091
0.626      0.0875      0.3442     -0.1408      0.3075
0.627      0.0851      0.3432     -0.1442      0.3058
0.628      0.0826      0.3423     -0.1470      0.3042
0.629      0.0802      0.3413     -0.1499      0.3025
0.630      0.0777      0.3404     -0.1534      0.3008
0.631      0.0752      0.3394     -0.1570      0.2989
0.632      0.0727      0.3385     -0.1605      0.2967
0.633      0.0702      0.3375     -0.1641      0.2944
0.634      0.0676      0.3365     -0.1676      0.2921
0.635      0.0651      0.3356     -0.1712      0.2898
0.636      0.0625      0.3346     -0.1748      0.2874
0.637      0.0600      0.3336     -0.1785      0.2851
0.638      0.0574      0.3326     -0.1821      0.2829
0.639      0.0548      0.3316     -0.1858      0.2812
0.640      0.0522      0.3306     -0.1895      0.2795
0.641      0.0495      0.3296     -0.1932      0.2777
0.642      0.0469      0.3286     -0.1969      0.2760
0.643      0.0442      0.3275     -0.2007      0.2741
0.644      0.0415      0.3265     -0.2045      0.2718
0.645      0.0389      0.3255     -0.2083      0.2696
0.646      0.0362      0.3244     -0.2121      0.2678
0.647      0.0334      0.3234     -0.2155      0.2661
0.648      0.0307      0.3224     -0.2187      0.2643
0.649      0.0279      0.3213     -0.2220      0.2625
0.650      0.0252      0.3202     -0.2253      0.2607
0.651      0.0224      0.3192     -0.2286      0.2589
0.652      0.0196      0.3181     -0.2319      0.2571
0.653      0.0168      0.3170     -0.2353      0.2552
0.654      0.0140      0.3159     -0.2387      0.2534
0.655      0.0111      0.3148     -0.2421      0.2515
0.656      0.0082      0.3137     -0.2455      0.2497
0.657      0.0054      0.3126     -0.2489      0.2478
0.658      0.0025      0.3115     -0.2524      0.2459
0.659     -0.0005      0.3104     -0.2559      0.2440
0.660     -0.0034      0.3093     -0.2594      0.2421
0.661     -0.0063      0.3081     -0.2629      0.2402
0.662     -0.0093      0.3070     -0.2664      0.2382
0.663     -0.0123      0.3058     -0.2700      0.2363
0.664     -0.0153      0.3047     -0.2735      0.2343
0.665     -0.0183      0.3035     -0.2771      0.2324
0.666     -0.0213      0.3024     -0.2808      0.2304
0.667     -0.0244      0.3012     -0.2844      0.2284
0.668     -0.0275      0.3000     -0.2881      0.2264
0.669     -0.0306      0.2988     -0.2918      0.2245
0.670     -0.0337      0.2976     -0.2955      0.2224
0.671     -0.0368      0.2964     -0.2992      0.2203
0.672     -0.0400      0.2952     -0.3030      0.2182
0.673     -0.0431      0.2940     -0.3067      0.2157
0.674     -0.0463      0.2928     -0.3105      0.2131
0.675     -0.0495      0.2915     -0.3144      0.2104
0.676     -0.0528      0.2903     -0.3182      0.2078
0.677     -0.0560      0.2891     -0.3221      0.2051
0.678     -0.0593      0.2878     -0.3260      0.2024
0.679     -0.0626      0.2865     -0.3299      0.1997
0.680     -0.0659      0.2853     -0.3340      0.1970
0.681     -0.0692      0.2840     -0.3384      0.1943
0.682     -0.0726      0.2827     -0.3430      0.1921
0.683     -0.0759      0.2814     -0.3476      0.1893
0.684     -0.0793      0.2801     -0.3522      0.1864
0.685     -0.0827      0.2788     -0.3569      0.1835
0.686     -0.0862      0.2775     -0.3611      0.1805
0.687     -0.0896      0.2762     -0.3652      0.1776
0.688     -0.0931      0.2748     -0.3694      0.1747
0.689     -0.0966      0.2735     -0.3738      0.1718
0.690     -0.1001      0.2721     -0.3783      0.1694
0.691     -0.1037      0.2708     -0.3829      0.1672
0.692     -0.1073      0.2694     -0.3875      0.1649
0.693     -0.1109      0.2680     -0.3922      0.1626
0.694     -0.1145      0.2666     -0.3969      0.1604
0.695     -0.1181      0.2652     -0.4016      0.1580
0.696     -0.1218      0.2638     -0.4060      0.1557
0.697     -0.1255      0.2624     -0.4105      0.1534
0.698     -0.1292      0.2610     -0.4159      0.1510
0.699     -0.1329      0.2595     -0.4207      0.1487
0.700     -0.1367      0.2581     -0.4256      0.1463
0.701     -0.1405      0.2566     -0.4305      0.1434
0.702     -0.1443      0.2552     -0.4355      0.1403
0.703     -0.1481      0.2537     -0.4404      0.1372
0.704     -0.1520      0.2522     -0.4454      0.1340
0.705     -0.1559      0.2507     -0.4505      0.1308
0.706     -0.1598      0.2492     -0.4557      0.1276
0.707     -0.1638      0.2477     -0.4610      0.1250
0.708     -0.1677      0.2462     -0.4663      0.1224
0.709     -0.1717      0.2446     -0.4716      0.1198
0.710     -0.1758      0.2431     -0.4769      0.1171
0.711     -0.1798      0.2415     -0.4823      0.1145
0.712     -0.1839      0.2400     -0.4877      0.1118
0.713     -0.1880      0.2384     -0.4932      0.1091
0.714     -0.1922      0.2368     -0.4987      0.1063
0.715     -0.1963      0.2352     -0.5038      0.1036
0.716     -0.2005      0.2336     -0.5090      0.1008
0.717     -0.2048      0.2320     -0.5142      0.0981
0.718     -0.2090      0.2303     -0.5195      0.0953
0.719     -0.2133      0.2287     -0.5247      0.0924
0.720     -0.2176      0.2270     -0.5303      0.0896
0.721     -0.2220      0.2253     -0.5359      0.0867
0.722     -0.2264      0.2237     -0.5415      0.0838
0.723     -0.2308      0.2220     -0.5470      0.0809
0.724     -0.2352      0.2203     -0.5525      0.0780
0.725     -0.2397      0.2185     -0.5581      0.0751
0.726     -0.2442      0.2168     -0.5640      0.0721
0.727     -0.2488      0.2151     -0.5699      0.0691
0.728     -0.2533      0.2133     -0.5759      0.0661
0.729     -0.2579      0.2115     -0.5818      0.0631
0.730     -0.2626      0.2097     -0.5878      0.0601
0.731     -0.2673      0.2079     -0.5939      0.0569
0.732     -0.2720      0.2061     -0.6000      0.0538
0.733     -0.2767      0.2043     -0.6062      0.0507
0.734     -0.2815      0.2025     -0.6124      0.0475
0.735     -0.2863      0.2006     -0.6186      0.0444
0.736     -0.2912      0.1988     -0.6249      0.0412
0.737     -0.2961      0.1969     -0.6313      0.0379
0.738     -0.3010      0.1950     -0.6377      0.0344
0.739     -0.3060      0.1931     -0.6441      0.0306
0.740     -0.3110      0.1912     -0.6506      0.0268
0.741     -0.3161      0.1892     -0.6572      0.0230
0.742     -0.3211      0.1873     -0.6638      0.0193
0.743     -0.3263      0.1853     -0.6702      0.0159
0.744     -0.3314      0.1833     -0.6764      0.0126
0.745     -0.3366      0.1813     -0.6827      0.0093
0.746     -0.3419      0.1793     -0.6891      0.0059
0.747     -0.3472      0.1773     -0.6962      0.0024
0.748     -0.3525      0.1752     -0.7034     -0.0010
0.749     -0.3579      0.1732     -0.7106     -0.0045
0.750     -0.3633      0.1711     -0.7178     -0.0080
0.751     -0.3688      0.1690     -0.7252     -0.0119
0.752     -0.3743      0.1669     -0.7325     -0.0160
0.753     -0.3798      0.1647     -0.7399     -0.0195
0.754     -0.3854      0.1626     -0.7471     -0.0231
0.755     -0.3911      0.1604     -0.7545     -0.0274
0.756     -0.3967      0.1582     -0.7618     -0.0311
0.757     -0.4025      0.1560     -0.7693     -0.0347
0.758     -0.4083      0.1538     -0.7768     -0.0383
0.759     -0.4141      0.1516     -0.7843     -0.0419
0.760     -0.4200      0.1493     -0.7919     -0.0456
0.761     -0.4259      0.1470     -0.7996     -0.0493
0.762     -0.4319      0.1448     -0.8074     -0.0531
0.763     -0.4379      0.1424     -0.8152     -0.0579
0.764     -0.4440      0.1401     -0.8231     -0.0627
0.765     -0.4501      0.1378     -0.8310     -0.0675
0.766     -0.4563      0.1354     -0.8390     -0.0724
0.767     -0.4625      0.1330     -0.8471     -0.0774
0.768     -0.4688      0.1306     -0.8552     -0.0823
0.769     -0.4751      0.1281     -0.8632     -0.0874
0.770     -0.4815      0.1257     -0.8711     -0.0924
0.771     -0.4880      0.1232     -0.8790     -0.0975
0.772     -0.4945      0.1207     -0.8869     -0.1027
0.773     -0.5011      0.1182     -0.8950     -0.1079
0.774     -0.5077      0.1156     -0.9031     -0.1131
0.775     -0.5144      0.1131     -0.9117     -0.1184
0.776     -0.5211      0.1105     -0.9205     -0.1237
0.777     -0.5279      0.1079     -0.9295     -0.1290
0.778     -0.5348      0.1052     -0.9385     -0.1334
0.779     -0.5417      0.1026     -0.9476     -0.1378
0.780     -0.5487      0.0999     -0.9567     -0.1422
0.781     -0.5558      0.0972     -0.9657     -0.1467
0.782     -0.5629      0.0944     -0.9747     -0.1512
0.783     -0.5701      0.0917     -0.9837     -0.1558
0.784     -0.5773      0.0889     -0.9928     -0.1604
0.785     -0.5847      0.0861     -1.0020     -0.1650
0.786     -0.5920      0.0833     -1.0113     -0.1697
0.787     -0.5995      0.0804     -1.0207     -0.1745
0.788     -0.6070      0.0775     -1.0302     -0.1792
0.789     -0.6146      0.0746     -1.0398     -0.1841
0.790     -0.6223      0.0716     -1.0494     -0.1889
0.791     -0.6300      0.0687     -1.0597     -0.1939
0.792     -0.6379      0.0657     -1.0696     -0.1988
0.793     -0.6458      0.0626     -1.0795     -0.2038
0.794     -0.6537      0.0596     -1.0895     -0.2089
0.795     -0.6618      0.0565     -1.0995     -0.2140
0.796     -0.6699      0.0534     -1.1097     -0.2192
0.797     -0.6781      0.0502     -1.1200     -0.2244
0.798     -0.6864      0.0470     -1.1304     -0.2297
0.799     -0.6948      0.0438     -1.1412     -0.2350
0.800     -0.7032      0.0406     -1.1526     -0.2407
0.801     -0.7118      0.0373     -1.1642     -0.2473
0.802     -0.7204      0.0340     -1.1758     -0.2539
0.803     -0.7291      0.0306     -1.1876     -0.2606
0.804     -0.7379      0.0272     -1.1991     -0.2674
0.805     -0.7468      0.0238     -1.2103     -0.2742
0.806     -0.7558      0.0204     -1.2216     -0.2811
0.807     -0.7649      0.0169     -1.2330     -0.2881
0.808     -0.7741      0.0134     -1.2445     -0.2952
0.809     -0.7833      0.0098     -1.2562     -0.3023
0.810     -0.7927      0.0062     -1.2681     -0.3095
0.811     -0.8022      0.0026     -1.2805     -0.3168
0.812     -0.8117     -0.0011     -1.2931     -0.3237
0.813     -0.8214     -0.0048     -1.3053     -0.3301
0.814     -0.8312     -0.0086     -1.3175     -0.3366
0.815     -0.8410     -0.0123     -1.3298     -0.3432
0.816     -0.8510     -0.0162     -1.3423     -0.3498
0.817     -0.8611     -0.0201     -1.3549     -0.3565
0.818     -0.8713     -0.0240     -1.3677     -0.3633
0.819     -0.8817     -0.0279     -1.3806     -0.3702
0.820     -0.8921     -0.0319     -1.3936     -0.3772
0.821     -0.9026     -0.0360     -1.4068     -0.3842
0.822     -0.9133     -0.0401     -1.4201     -0.3918
0.823     -0.9241     -0.0442     -1.4336     -0.3996
0.824     -0.9350     -0.0484     -1.4472     -0.4075
0.825     -0.9460     -0.0527     -1.4614     -0.4155
0.826     -0.9572     -0.0569     -1.4766     -0.4236
0.827     -0.9685     -0.0613     -1.4920     -0.4318
0.828     -0.9799     -0.0657     -1.5076     -0.4401
0.829     -0.9915     -0.0701     -1.5229     -0.4485
0.830     -1.0032     -0.0746     -1.5374     -0.4570
0.831     -1.0150     -0.0791     -1.5521     -0.4655
0.832     -1.0270     -0.0837     -1.5670     -0.4742
0.833     -1.0391     -0.0884     -1.5821     -0.4830
0.834     -1.0514     -0.0931     -1.5974     -0.4919
0.835     -1.0638     -0.0979     -1.6128     -0.5009
0.836     -1.0763     -0.1027     -1.6284     -0.5100
0.837     -1.0890     -0.1076     -1.6443     -0.5193
0.838     -1.1019     -0.1125     -1.6603     -0.5286
0.839     -1.1150     -0.1175     -1.6765     -0.5381
0.840     -1.1281     -0.1226     -1.6929     -0.5476
0.841     -1.1415     -0.1277     -1.7095     -0.5566
0.842     -1.1550     -0.1329     -1.7264     -0.5655
0.843     -1.1687     -0.1382     -1.7434     -0.5753
0.844     -1.1826     -0.1435     -1.7607     -0.5854
0.845     -1.1967     -0.1489     -1.7782     -0.5956
0.846     -1.2109     -0.1544     -1.7959     -0.6060
0.847     -1.2253     -0.1599     -1.8151     -0.6165
0.848     -1.2400     -0.1655     -1.8347     -0.6272
0.849     -1.2548     -0.1712     -1.8545     -0.6380
0.850     -1.2698     -0.1770     -1.8746     -0.6489
0.851     -1.2850     -0.1828     -1.8941     -0.6600
0.852     -1.3004     -0.1887     -1.9130     -0.6713
0.853     -1.3160     -0.1947     -1.9322     -0.6826
0.854     -1.3319     -0.2008     -1.9516     -0.6936
0.855     -1.3479     -0.2070     -1.9713     -0.7039
0.856     -1.3642     -0.2132     -1.9912     -0.7143
0.857     -1.3807     -0.2195     -2.0119     -0.7248
0.858     -1.3975     -0.2260     -2.0333     -0.7354
0.859     -1.4144     -0.2325     -2.0550     -0.7463
0.860     -1.4317     -0.2391     -2.0771     -0.7572
0.861     -1.4491     -0.2458     -2.0994     -0.7684
0.862     -1.4668     -0.2526     -2.1221     -0.7799
0.863     -1.4848     -0.2595     -2.1451     -0.7932
0.864     -1.5031     -0.2665     -2.1684     -0.8066
0.865     -1.5216     -0.2736     -2.1921     -0.8202
0.866     -1.5404     -0.2808     -2.2161     -0.8340
0.867     -1.5594     -0.2882     -2.2405     -0.8481
0.868     -1.5788     -0.2956     -2.2653     -0.8623
0.869     -1.5985     -0.3031     -2.2905     -0.8768
0.870     -1.6184     -0.3108     -2.3160     -0.8915
0.871     -1.6387     -0.3186     -2.3419     -0.9064
0.872     -1.6593     -0.3265     -2.3683     -0.9215
0.873     -1.6802     -0.3345     -2.3950     -0.9369
0.874     -1.7014     -0.3427     -2.4222     -0.9525
0.875     -1.7230     -0.3510     -2.4503     -0.9684
0.876     -1.7450     -0.3594     -2.4793     -0.9846
0.877     -1.7672     -0.3679     -2.5088     -1.0010
0.878     -1.7899     -0.3766     -2.5388     -1.0176
0.879     -1.8129     -0.3855     -2.5692     -1.0346
0.880     -1.8363     -0.3945     -2.6002     -1.0504
0.881     -1.8601     -0.4036     -2.6317     -1.0662
0.882     -1.8843     -0.4129     -2.6637     -1.0823
0.883     -1.9090     -0.4224     -2.6962     -1.0987
0.884     -1.9340     -0.4320     -2.7294     -1.1154
0.885     -1.9595     -0.4418     -2.7631     -1.1324
0.886     -1.9854     -0.4517     -2.7974     -1.1497
0.887     -2.0118     -0.4618     -2.8318     -1.1673
0.888     -2.0387     -0.4722     -2.8654     -1.1852
0.889     -2.0660     -0.4827     -2.8996     -1.2034
0.890     -2.0939     -0.4933     -2.9344     -1.2219
0.891     -2.1222     -0.5042     -2.9699     -1.2408
0.892     -2.1511     -0.5153     -3.0060     -1.2601
0.893     -2.1805     -0.5266     -3.0428     -1.2797
0.894     -2.2105     -0.5381     -3.0803     -1.2997
0.895     -2.2410     -0.5498     -3.1186     -1.3221
0.896     -2.2721     -0.5618     -3.1599     -1.3448
0.897     -2.3039     -0.5740     -3.2019     -1.3664
0.898     -2.3362     -0.5864     -3.2448     -1.3881
0.899     -2.3692     -0.5991     -3.2886     -1.4102
0.900     -2.4029     -0.6120     -3.3332     -1.4327
0.901     -2.4372     -0.6252     -3.3787     -1.4556
0.902     -2.4723     -0.6386     -3.4251     -1.4791
0.903     -2.5080     -0.6524     -3.4725     -1.5030
0.904     -2.5445     -0.6664     -3.5209     -1.5274
0.905     -2.5818     -0.6807     -3.5703     -1.5524
0.906     -2.6199     -0.6953     -3.6207     -1.5781
0.907     -2.6587     -0.7102     -3.6723     -1.6055
0.908     -2.6985     -0.7255     -3.7226     -1.6336
0.909     -2.7391     -0.7411     -3.7741     -1.6623
0.910     -2.7806     -0.7570     -3.8267     -1.6916
0.911     -2.8230     -0.7733     -3.8805     -1.7216
0.912     -2.8664     -0.7900     -3.9355     -1.7522
0.913     -2.9108     -0.8070     -3.9920     -1.7836
0.914     -2.9563     -0.8245     -4.0512     -1.8156
0.915     -3.0028     -0.8423     -4.1118     -1.8485
0.916     -3.0504     -0.8606     -4.1739     -1.8821
0.917     -3.0991     -0.8793     -4.2375     -1.9165
0.918     -3.1491     -0.8985     -4.3026     -1.9515
0.919     -3.2002     -0.9181     -4.3683     -1.9861
0.920     -3.2527     -0.9383     -4.4346     -2.0216
0.921     -3.3065     -0.9589     -4.5025     -2.0580
0.922     -3.3617     -0.9801     -4.5721     -2.0953
0.923     -3.4183     -1.0018     -4.6451     -2.1336
0.924     -3.4763     -1.0241     -4.7189     -2.1729
0.925     -3.5360     -1.0470     -4.7941     -2.2133
0.926     -3.5972     -1.0705     -4.8714     -2.2547
0.927     -3.6601     -1.0947     -4.9507     -2.2974
0.928     -3.7248     -1.1195     -5.0323     -2.3435
0.929     -3.7913     -1.1451     -5.1161     -2.3909
0.930     -3.8597     -1.1713     -5.2024     -2.4396
0.931     -3.9301     -1.1984     -5.2911     -2.4898
0.932     -4.0025     -1.2262     -5.3825     -2.5414
0.933     -4.0772     -1.2548     -5.4766     -2.5946
0.934     -4.1540     -1.2843     -5.5735     -2.6494
0.935     -4.2333     -1.3147     -5.6734     -2.7059
0.936     -4.3150     -1.3461     -5.7765     -2.7641
0.937     -4.3993     -1.3785     -5.8828     -2.8242
0.938     -4.4863     -1.4119     -5.9929     -2.8862
0.939     -4.5762     -1.4464     -6.1087     -2.9503
0.940     -4.6691     -1.4821     -6.2285     -3.0165
0.941     -4.7651     -1.5189     -6.3523     -3.0849
0.942     -4.8644     -1.5571     -6.4803     -3.1557
0.943     -4.9672     -1.5966     -6.6128     -3.2290
0.944     -5.0737     -1.6374     -6.7501     -3.3049
0.945     -5.1841     -1.6798     -6.8924     -3.3836
0.946     -5.2986     -1.7238     -7.0399     -3.4652
0.947     -5.4173     -1.7694     -7.1930     -3.5498
0.948     -5.5407     -1.8167     -7.3520     -3.6377
0.949     -5.6689     -1.8659     -7.5157     -3.7291
0.950     -5.8022     -1.9171     -7.6854     -3.8241
0.951     -5.9409     -1.9704     -7.8621     -3.9230
0.952     -6.0854     -2.0259     -8.0461     -4.0254
0.953     -6.2361     -2.0837     -8.2412     -4.1318
0.954     -6.3933     -2.1441     -8.4461     -4.2428
0.955     -6.5576     -2.2071     -8.6601     -4.3588
0.956     -6.7292     -2.2730     -8.8839     -4.4801
0.957     -6.9089     -2.3420     -9.1158     -4.6069
0.958     -7.0971     -2.4143     -9.3584     -4.7399
0.959     -7.2945     -2.4901     -9.6129     -4.8793
0.960     -7.5018     -2.5697     -9.8800     -5.0256
0.961     -7.7197     -2.6533    -10.1580     -5.1795
0.962     -7.9491     -2.7414    -10.4505     -5.3415
0.963     -8.1908     -2.8342    -10.7588     -5.5122
0.964     -8.4460     -2.9322    -11.0842     -5.6924
0.965     -8.7158     -3.0358    -11.4312     -5.8830
0.966     -9.0015     -3.1455    -11.7997     -6.0847
0.967     -9.3045     -3.2618    -12.1906     -6.2987
0.968     -9.6264     -3.3854    -12.6059     -6.5260
0.969     -9.9690     -3.5169    -13.0479     -6.7679
0.970    -10.3345     -3.6573    -13.5195     -7.0261
0.971    -10.7253     -3.8073    -14.0235     -7.3020
0.972    -11.1439     -3.9680    -14.5636     -7.5976
0.973    -11.5936     -4.1407    -15.1437     -7.9152
0.974    -12.0778     -4.3266    -15.7683     -8.2571
0.975    -12.6007     -4.5273    -16.4430     -8.6264
0.976    -13.1673     -4.7449    -17.1739     -9.0265
0.977    -13.7831     -4.9813    -17.9683     -9.4614
0.978    -14.4549     -5.2392    -18.8349     -9.9358
0.979    -15.1907     -5.5217    -19.7841    -10.4554
0.980    -16.0000     -5.8324    -20.8282    -11.0227
0.981    -16.8946     -6.1759    -21.9823    -11.6491
0.982    -17.8886     -6.5575    -23.2645    -12.3400
0.983    -18.9994     -6.9840    -24.6899    -13.1121
0.984    -20.2491     -7.4639    -26.2922    -13.9807
0.985    -21.6656     -8.0077    -28.1083    -14.9652
0.986    -23.2843     -8.6291    -30.1837    -16.0903
0.987    -25.1520     -9.3463    -32.5785    -17.3884
0.988    -27.3309    -10.1828    -35.3722    -18.9029
0.989    -29.9063    -11.1716    -38.6741    -20.7069
0.990    -32.9968    -12.3581    -42.6368    -22.8749
0.991    -36.7737    -13.8082    -47.4792    -25.5244
0.992    -41.4949    -15.6209    -53.5327    -28.8358
0.993    -47.5649    -17.9514    -61.3154    -33.0937
0.994    -55.6583    -21.0590    -71.6927    -38.7708
0.995    -66.9899    -25.4096    -86.2215    -46.7193
0.996    -83.9862    -31.9350   -108.0134    -58.6412
0.997   -112.3130    -42.8116   -144.3343    -78.4865
0.998   -168.9722    -64.5631   -216.9764   -118.1744
0.999   -338.9675   -129.8247   -434.9348   -237.2402
