0.001    -96.1362    -96.1149   -109.3408    -81.5752
0.002    -47.6102    -47.5901    -54.1937    -40.3397
0.003    -31.4349    -31.4151    -35.8152    -26.5898
0.004    -23.3472    -23.3276    -26.6285    -19.7131
0.005    -18.4947    -18.4751    -21.1183    -15.5871
0.006    -15.2596    -15.2402    -17.4478    -12.8364
0.007    -12.9488    -12.9295    -14.8259    -10.8716
0.008    -11.2158    -11.1964    -12.8595     -9.3980
0.009     -9.8678     -9.8485    -11.3301     -8.2519
0.010     -8.7895     -8.7702    -10.1066     -7.3350
0.011     -7.9072     -7.8879     -9.1046     -6.5848
0.012     -7.1719     -7.1527     -8.2710     -5.9597
0.013     -6.5498     -6.5306     -7.5654     -5.4307
0.014     -6.0165     -5.9973     -6.9604     -4.9773
0.015     -5.5544     -5.5352     -6.4360     -4.5843
0.016     -5.1500     -5.1308     -5.9772     -4.2405
0.017     -4.7932     -4.7740     -5.5723     -3.9383
0.018     -4.4760     -4.4569     -5.2125     -3.6710
0.019     -4.1923     -4.1731     -4.8905     -3.4319
0.020     -3.9369     -3.9177     -4.5994     -3.2167
0.021     -3.7058     -3.6866     -4.3356     -3.0220
0.022     -3.4957     -3.4766     -4.0974     -2.8451
0.023     -3.3039     -3.2848     -3.8802     -2.6835
0.024     -3.1281     -3.1090     -3.6810     -2.5353
0.025     -2.9663     -2.9472     -3.4978     -2.3990
0.026     -2.8170     -2.7979     -3.3275     -2.2733
0.027     -2.6788     -2.6597     -3.1696     -2.1568
0.028     -2.5504     -2.5313     -3.0230     -2.0486
0.029     -2.4309     -2.4118     -2.8866     -1.9479
0.030     -2.3193     -2.3002     -2.7592     -1.8531
0.031     -2.2150     -2.1959     -2.6400     -1.7653
0.032     -2.1171     -2.0980     -2.5286     -1.6831
0.033     -2.0252     -2.0061     -2.4247     -1.6059
0.034     -1.9387     -1.9196     -2.3261     -1.5322
0.035     -1.8572     -1.8381     -2.2331     -1.4616
0.036     -1.7802     -1.7610     -2.1453     -1.3950
0.037     -1.7073     -1.6882     -2.0622     -1.3330
0.038     -1.6383     -1.6192     -1.9835     -1.2744
0.039     -1.5728     -1.5537     -1.9096     -1.2181
0.040     -1.5106     -1.4915     -1.8396     -1.1643
0.041     -1.4514     -1.4323     -1.7729     -1.1132
0.042     -1.3950     -1.3759     -1.7094     -1.0645
0.043     -1.3413     -1.3222     -1.6488     -1.0180
0.044     -1.2900     -1.2709     -1.5911     -0.9740
0.045     -1.2410     -1.2219     -1.5354     -0.9317
0.046     -1.1941     -1.1750     -1.4815     -0.8912
0.047     -1.1492     -1.1301     -1.4299     -0.8528
0.048     -1.1062     -1.0871     -1.3804     -0.8164
0.049     -1.0649     -1.0458     -1.3334     -0.7813
0.050     -1.0253     -1.0062     -1.2889     -0.7478
0.051     -0.9872     -0.9682     -1.2461     -0.7155
0.052     -0.9507     -0.9316     -1.2050     -0.6848
0.053     -0.9154     -0.8963     -1.1654     -0.6547
0.054     -0.8815     -0.8624     -1.1273     -0.6260
0.055     -0.8488     -0.8298     -1.0905     -0.5983
0.056     -0.8173     -0.7982     -1.0551     -0.5717
0.057     -0.7869     -0.7678     -1.0209     -0.5459
0.058     -0.7576     -0.7385     -0.9880     -0.5211
0.059     -0.7292     -0.7101     -0.9561     -0.4970
0.060     -0.7018     -0.6827     -0.9253     -0.4738
0.061     -0.6753     -0.6562     -0.8955     -0.4514
0.062     -0.6496     -0.6305     -0.8666     -0.4296
0.063     -0.6248     -0.6057     -0.8387     -0.4086
0.064     -0.6007     -0.5816     -0.8116     -0.3883
0.065     -0.5774     -0.5583     -0.7853     -0.3686
0.066     -0.5548     -0.5357     -0.7593     -0.3496
0.067     -0.5328     -0.5137     -0.7340     -0.3311
0.068     -0.5115     -0.4924     -0.7095     -0.3127
0.069     -0.4908     -0.4717     -0.6857     -0.2952
0.070     -0.4707     -0.4516     -0.6625     -0.2782
0.071     -0.4512     -0.4321     -0.6400     -0.2616
0.072     -0.4322     -0.4131     -0.6181     -0.2456
0.073     -0.4137     -0.3947     -0.5969     -0.2299
0.074     -0.3958     -0.3767     -0.5762     -0.2147
0.075     -0.3783     -0.3592     -0.5562     -0.1999
0.076     -0.3613     -0.3422     -0.5367     -0.1855
0.077     -0.3447     -0.3256     -0.5176     -0.1714
0.078     -0.3285     -0.3094     -0.4990     -0.1578
0.079     -0.3128     -0.2937     -0.4809     -0.1444
0.080     -0.2974     -0.2783     -0.4632     -0.1312
0.081     -0.2824     -0.2634     -0.4460     -0.1181
0.082     -0.2678     -0.2488     -0.4292     -0.1057
0.083     -0.2536     -0.2345     -0.4128     -0.0937
0.084     -0.2396     -0.2206     -0.3967     -0.0819
0.085     -0.2261     -0.2070     -0.3814     -0.0700
0.086     -0.2128     -0.1937     -0.3664     -0.0582
0.087     -0.1998     -0.1807     -0.3517     -0.0467
0.088     -0.1871     -0.1681     -0.3375     -0.0357
0.089     -0.1747     -0.1557     -0.3235     -0.0254
0.090     -0.1626     -0.1435     -0.3098     -0.0152
0.091     -0.1508     -0.1317     -0.2961     -0.0053
0.092     -0.1392     -0.1201     -0.2831      0.0044
0.093     -0.1278     -0.1088     -0.2703      0.0139
0.094     -0.1167     -0.0977     -0.2577      0.0232
0.095     -0.1059     -0.0868     -0.2451      0.0323
0.096     -0.0952     -0.0762     -0.2328      0.0412
0.097     -0.0848     -0.0657     -0.2208      0.0500
0.098     -0.0746     -0.0555     -0.2091      0.0585
0.099     -0.0646     -0.0455     -0.1975      0.0669
0.100     -0.0548     -0.0357     -0.1863      0.0752
0.101     -0.0452     -0.0261     -0.1757      0.0836
0.102     -0.0358     -0.0167     -0.1651      0.0915
0.103     -0.0265     -0.0074     -0.1547      0.0995
0.104     -0.0175      0.0016     -0.1447      0.1074
0.105     -0.0086      0.0105     -0.1349      0.1152
0.106      0.0001      0.0192     -0.1253      0.1228
0.107      0.0087      0.0278     -0.1158      0.1303
0.108      0.0171      0.0362     -0.1060      0.1377
0.109      0.0253      0.0444     -0.0964      0.1449
0.110      0.0334      0.0525     -0.0870      0.1520
0.111      0.0414      0.0605     -0.0778      0.1588
0.112      0.0492      0.0683     -0.0687      0.1653
0.113      0.0569      0.0759     -0.0598      0.1717
0.114      0.0644      0.0835     -0.0510      0.1781
0.115      0.0718      0.0909     -0.0424      0.1848
0.116      0.0791      0.0981     -0.0339      0.1913
0.117      0.0862      0.1053     -0.0256      0.1977
0.118      0.0933      0.1123     -0.0174      0.2038
0.119      0.1002      0.1192     -0.0094      0.2096
0.120      0.1070      0.1260     -0.0015      0.2152
0.121      0.1136      0.1327      0.0063      0.2212
0.122      0.1202      0.1393      0.0139      0.2272
0.123      0.1267      0.1458      0.0213      0.2329
0.124      0.1331      0.1521      0.0288      0.2382
0.125      0.1393      0.1584      0.0361      0.2435
0.126      0.1455      0.1645      0.0433      0.2486
0.127      0.1515      0.1706      0.0499      0.2537
0.128      0.1575      0.1766      0.0564      0.2588
0.129      0.1634      0.1825      0.0627      0.2637
0.130      0.1692      0.1882      0.0693      0.2687
0.131      0.1749      0.1939      0.0758      0.2736
0.132      0.1805      0.1996      0.0823      0.2785
0.133      0.1860      0.2051      0.0887      0.2833
0.134      0.1915      0.2105      0.0950      0.2881
0.135      0.1968      0.2159      0.1012      0.2929
0.136      0.2021      0.2212      0.1073      0.2976
0.137      0.2073      0.2264      0.1133      0.3023
0.138      0.2125      0.2315      0.1192      0.3069
0.139      0.2175      0.2366      0.1250      0.3115
0.140      0.2225      0.2416      0.1308      0.3159
0.141      0.2274      0.2465      0.1365      0.3203
0.142      0.2323      0.2513      0.1421      0.3247
0.143      0.2370      0.2561      0.1476      0.3290
0.144      0.2418      0.2608      0.1530      0.3332
0.145      0.2464      0.2655      0.1584      0.3374
0.146      0.2510      0.2701      0.1637      0.3415
0.147      0.2555      0.2746      0.1689      0.3455
0.148      0.2600      0.2790      0.1740      0.3495
0.149      0.2644      0.2834      0.1791      0.3535
0.150      0.2687      0.2878      0.1841      0.3574
0.151      0.2730      0.2921      0.1891      0.3612
0.152      0.2772      0.2963      0.1940      0.3650
0.153      0.2814      0.3005      0.1988      0.3688
0.154      0.2855      0.3046      0.2035      0.3725
0.155      0.2896      0.3087      0.2082      0.3759
0.156      0.2936      0.3127      0.2127      0.3793
0.157      0.2976      0.3166      0.2172      0.3826
0.158      0.3015      0.3205      0.2215      0.3859
0.159      0.3053      0.3244      0.2259      0.3891
0.160      0.3092      0.3282      0.2301      0.3923
0.161      0.3129      0.3320      0.2343      0.3955
0.162      0.3166      0.3357      0.2385      0.3986
0.163      0.3203      0.3394      0.2426      0.4017
0.164      0.3240      0.3430      0.2466      0.4047
0.165      0.3275      0.3466      0.2507      0.4076
0.166      0.3311      0.3501      0.2546      0.4104
0.167      0.3346      0.3536      0.2585      0.4133
0.168      0.3380      0.3571      0.2623      0.4161
0.169      0.3415      0.3605      0.2659      0.4188
0.170      0.3448      0.3639      0.2695      0.4216
0.171      0.3482      0.3672      0.2732      0.4245
0.172      0.3515      0.3705      0.2768      0.4274
0.173      0.3547      0.3738      0.2804      0.4301
0.174      0.3580      0.3770      0.2840      0.4326
0.175      0.3611      0.3802      0.2878      0.4351
0.176      0.3643      0.3834      0.2915      0.4375
0.177      0.3674      0.3865      0.2949      0.4399
0.178      0.3705      0.3896      0.2984      0.4423
0.179      0.3735      0.3926      0.3017      0.4447
0.180      0.3766      0.3956      0.3051      0.4472
0.181      0.3795      0.3986      0.3084      0.4496
0.182      0.3825      0.4015      0.3117      0.4519
0.183      0.3854      0.4045      0.3149      0.4543
0.184      0.3883      0.4073      0.3181      0.4566
0.185      0.3911      0.4102      0.3213      0.4589
0.186      0.3939      0.4130      0.3244      0.4613
0.187      0.3967      0.4158      0.3275      0.4638
0.188      0.3995      0.4186      0.3306      0.4663
0.189      0.4022      0.4213      0.3336      0.4688
0.190      0.4049      0.4240      0.3366      0.4712
0.191      0.4076      0.4267      0.3396      0.4738
0.192      0.4103      0.4293      0.3428      0.4763
0.193      0.4129      0.4319      0.3459      0.4788
0.194      0.4155      0.4345      0.3489      0.4809
0.195      0.4180      0.4371      0.3517      0.4831
0.196      0.4206      0.4396      0.3546      0.4854
0.197      0.4231      0.4421      0.3574      0.4876
0.198      0.4256      0.4446      0.3602      0.4898
0.199      0.4280      0.4471      0.3629      0.4919
0.200      0.4305      0.4495      0.3656      0.4939
0.201      0.4329      0.4519      0.3683      0.4960
0.202      0.4353      0.4543      0.3710      0.4980
0.203      0.4376      0.4567      0.3736      0.5000
0.204      0.4400      0.4590      0.3763      0.5021
0.205      0.4423      0.4614      0.3788      0.5041
0.206      0.4446      0.4637      0.3814      0.5061
0.207      0.4469      0.4659      0.3840      0.5082
0.208      0.4491      0.4682      0.3865      0.5102
0.209      0.4514      0.4704      0.3890      0.5121
0.210      0.4536      0.4726      0.3914      0.5141
0.211      0.4558      0.4748      0.3939      0.5160
0.212      0.4579      0.4770      0.3963      0.5180
0.213      0.4601      0.4792      0.3987      0.5199
0.214      0.4622      0.4813      0.4012      0.5217
0.215      0.4643      0.4834      0.4036      0.5236
0.216      0.4664      0.4855      0.4061      0.5255
0.217      0.4685      0.4875      0.4082      0.5273
0.218      0.4705      0.4896      0.4104      0.5291
0.219      0.4726      0.4916      0.4127      0.5309
0.220      0.4746      0.4936      0.4149      0.5327
0.221      0.4766      0.4956      0.4171      0.5345
0.222      0.4786      0.4976      0.4193      0.5362
0.223      0.4805      0.4996      0.4214      0.5380
0.224      0.4825      0.5015      0.4233      0.5397
0.225      0.4844      0.5035      0.4252      0.5414
0.226      0.4863      0.5054      0.4271      0.5430
0.227      0.4882      0.5073      0.4291      0.5446
0.228      0.4901      0.5091      0.4313      0.5463
0.229      0.4919      0.5110      0.4334      0.5480
0.230      0.4938      0.5128      0.4356      0.5496
0.231      0.4956      0.5147      0.4377      0.5513
0.232      0.4974      0.5165      0.4397      0.5529
0.233      0.4992      0.5183      0.4416      0.5545
0.234      0.5010      0.5200      0.4435      0.5561
0.235      0.5027      0.5218      0.4454      0.5576
0.236      0.5045      0.5236      0.4474      0.5592
0.237      0.5062      0.5253      0.4494      0.5607
0.238      0.5080      0.5270      0.4513      0.5622
0.239      0.5097      0.5287      0.4533      0.5638
0.240      0.5113      0.5304      0.4553      0.5653
0.241      0.5130      0.5321      0.4573      0.5667
0.242      0.5147      0.5338      0.4592      0.5682
0.243      0.5163      0.5354      0.4610      0.5697
0.244      0.5180      0.5370      0.4628      0.5711
0.245      0.5196      0.5387      0.4646      0.5726
0.246      0.5212      0.5403      0.4665      0.5740
0.247      0.5228      0.5419      0.4683      0.5754
0.248      0.5244      0.5435      0.4701      0.5769
0.249      0.5260      0.5450      0.4719      0.5784
0.250      0.5275      0.5466      0.4737      0.5798
0.251      0.5291      0.5481      0.4755      0.5813
0.252      0.5306      0.5497      0.4772      0.5827
0.253      0.5321      0.5512      0.4791      0.5840
0.254      0.5336      0.5527      0.4807      0.5854
0.255      0.5351      0.5542      0.4824      0.5867
0.256      0.5366      0.5557      0.4841      0.5882
0.257      0.5381      0.5572      0.4857      0.5896
0.258      0.5396      0.5586      0.4873      0.5911
0.259      0.5410      0.5601      0.4890      0.5924
0.260      0.5425      0.5615      0.4907      0.5937
0.261      0.5439      0.5629      0.4923      0.5949
0.262      0.5453      0.5644      0.4938      0.5962
0.263      0.5467      0.5658      0.4952      0.5973
0.264      0.5481      0.5672      0.4965      0.5984
0.265      0.5495      0.5686      0.4979      0.5996
0.266      0.5509      0.5699      0.4993      0.6009
0.267      0.5522      0.5713      0.5008      0.6021
0.268      0.5536      0.5727      0.5023      0.6034
0.269      0.5549      0.5740      0.5037      0.6046
0.270      0.5563      0.5753      0.5051      0.6059
0.271      0.5576      0.5767      0.5065      0.6070
0.272      0.5589      0.5780      0.5080      0.6081
0.273      0.5602      0.5793      0.5094      0.6092
0.274      0.5615      0.5806      0.5108      0.6103
0.275      0.5628      0.5819      0.5122      0.6114
0.276      0.5641      0.5832      0.5137      0.6125
0.277      0.5654      0.5844      0.5152      0.6136
0.278      0.5666      0.5857      0.5166      0.6147
0.279      0.5679      0.5869      0.5180      0.6158
0.280      0.5691      0.5882      0.5195      0.6169
0.281      0.5704      0.5894      0.5209      0.6180
0.282      0.5716      0.5906      0.5223      0.6190
0.283      0.5728      0.5919      0.5237      0.6201
0.284      0.5740      0.5931      0.5251      0.6211
0.285      0.5752      0.5943      0.5265      0.6222
0.286      0.5764      0.5954      0.5280      0.6232
0.287      0.5776      0.5966      0.5294      0.6242
0.288      0.5787      0.5978      0.5308      0.6253
0.289      0.5799      0.5990      0.5322      0.6263
0.290      0.5811      0.6001      0.5336      0.6273
0.291      0.5822      0.6013      0.5349      0.6283
0.292      0.5834      0.6024      0.5361      0.6293
0.293      0.5845      0.6036      0.5374      0.6303
0.294      0.5856      0.6047      0.5386      0.6313
0.295      0.5867      0.6058      0.5398      0.6322
0.296      0.5879      0.6069      0.5410      0.6332
0.297      0.5890      0.6080      0.5422      0.6342
0.298      0.5901      0.6091      0.5435      0.6351
0.299      0.5911      0.6102      0.5447      0.6361
0.300      0.5922      0.6113      0.5460      0.6370
0.301      0.5933      0.6124      0.5472      0.6379
0.302      0.5944      0.6134      0.5484      0.6389
0.303      0.5954      0.6145      0.5496      0.6399
0.304      0.5965      0.6155      0.5507      0.6409
0.305      0.5975      0.6166      0.5518      0.6417
0.306      0.5986      0.6176      0.5530      0.6427
0.307      0.5996      0.6187      0.5541      0.6437
0.308      0.6006      0.6197      0.5552      0.6447
0.309      0.6016      0.6207      0.5564      0.6457
0.310      0.6027      0.6217      0.5576      0.6466
0.311      0.6037      0.6227      0.5588      0.6475
0.312      0.6047      0.6237      0.5598      0.6483
0.313      0.6057      0.6247      0.5608      0.6491
0.314      0.6066      0.6257      0.5618      0.6500
0.315      0.6076      0.6267      0.5628      0.6510
0.316      0.6086      0.6277      0.5638      0.6519
0.317      0.6096      0.6286      0.5648      0.6529
0.318      0.6105      0.6296      0.5658      0.6538
0.319      0.6115      0.6306      0.5669      0.6548
0.320      0.6124      0.6315      0.5679      0.6556
0.321      0.6134      0.6324      0.5690      0.6565
0.322      0.6143      0.6334      0.5700      0.6573
0.323      0.6153      0.6343      0.5710      0.6581
0.324      0.6162      0.6352      0.5720      0.6590
0.325      0.6171      0.6362      0.5730      0.6598
0.326      0.6180      0.6371      0.5740      0.6606
0.327      0.6189      0.6380      0.5750      0.6614
0.328      0.6198      0.6389      0.5760      0.6623
0.329      0.6207      0.6398      0.5771      0.6631
0.330      0.6216      0.6407      0.5782      0.6639
0.331      0.6225      0.6416      0.5793      0.6647
0.332      0.6234      0.6425      0.5803      0.6655
0.333      0.6243      0.6433      0.5813      0.6662
0.334      0.6252      0.6442      0.5822      0.6670
0.335      0.6260      0.6451      0.5831      0.6678
0.336      0.6269      0.6459      0.5840      0.6686
0.337      0.6277      0.6468      0.5850      0.6694
0.338      0.6286      0.6477      0.5859      0.6701
0.339      0.6294      0.6485      0.5868      0.6709
0.340      0.6303      0.6493      0.5877      0.6716
0.341      0.6311      0.6502      0.5885      0.6722
0.342      0.6320      0.6510      0.5893      0.6729
0.343      0.6328      0.6518      0.5902      0.6736
0.344      0.6336      0.6527      0.5911      0.6743
0.345      0.6344      0.6535      0.5920      0.6749
0.346      0.6352      0.6543      0.5928      0.6756
0.347      0.6360      0.6551      0.5937      0.6764
0.348      0.6368      0.6559      0.5946      0.6771
0.349      0.6376      0.6567      0.5956      0.6779
0.350      0.6384      0.6575      0.5964      0.6786
0.351      0.6392      0.6583      0.5973      0.6794
0.352      0.6400      0.6591      0.5981      0.6801
0.353      0.6408      0.6599      0.5989      0.6808
0.354      0.6416      0.6606      0.5998      0.6815
0.355      0.6423      0.6614      0.6006      0.6823
0.356      0.6431      0.6622      0.6014      0.6831
0.357      0.6439      0.6629      0.6022      0.6838
0.358      0.6446      0.6637      0.6030      0.6845
0.359      0.6454      0.6644      0.6039      0.6852
0.360      0.6461      0.6652      0.6047      0.6859
0.361      0.6469      0.6659      0.6055      0.6866
0.362      0.6476      0.6667      0.6063      0.6873
0.363      0.6484      0.6674      0.6070      0.6880
0.364      0.6491      0.6682      0.6078      0.6888
0.365      0.6498      0.6689      0.6086      0.6895
0.366      0.6506      0.6696      0.6094      0.6902
0.367      0.6513      0.6703      0.6102      0.6909
0.368      0.6520      0.6711      0.6110      0.6915
0.369      0.6527      0.6718      0.6117      0.6922
0.370      0.6534      0.6725      0.6125      0.6928
0.371      0.6541      0.6732      0.6133      0.6935
0.372      0.6548      0.6739      0.6141      0.6942
0.373      0.6555      0.6746      0.6148      0.6948
0.374      0.6562      0.6753      0.6155      0.6955
0.375      0.6569      0.6760      0.6164      0.6961
0.376      0.6576      0.6767      0.6171      0.6968
0.377      0.6583      0.6774      0.6177      0.6972
0.378      0.6590      0.6780      0.6186      0.6977
0.379      0.6597      0.6787      0.6194      0.6984
0.380      0.6603      0.6794      0.6202      0.6990
0.381      0.6610      0.6801      0.6209      0.6996
0.382      0.6617      0.6807      0.6218      0.7002
0.383      0.6623      0.6814      0.6225      0.7007
0.384      0.6630      0.6820      0.6232      0.7013
0.385      0.6636      0.6827      0.6239      0.7019
0.386      0.6643      0.6834      0.6246      0.7022
0.387      0.6650      0.6840      0.6253      0.7017
0.388      0.6656      0.6847      0.6267      0.7019
0.389      0.6662      0.6853      0.6282      0.7024
0.390      0.6669      0.6859      0.6291      0.7030
0.391      0.6675      0.6866      0.6302      0.7033
0.392      0.6682      0.6872      0.6311      0.7034
0.393      0.6688      0.6878      0.6326      0.7038
0.394      0.6694      0.6885      0.6337      0.7046
0.395      0.6700      0.6891      0.6344      0.7048
0.396      0.6707      0.6897      0.6351      0.7056
0.397      0.6713      0.6903      0.6357      0.7067
0.398      0.6719      0.6909      0.6376      0.7070
0.399      0.6715      0.6916      0.6375      0.7069
0.400      0.6707      0.6922      0.6374      0.7065
0.401      0.6700      0.6915      0.6356      0.7067
0.402      0.6692      0.6908      0.6346      0.7064
0.403      0.6684      0.6901      0.6335      0.7058
0.404      0.6677      0.6894      0.6320      0.7051
0.405      0.6669      0.6887      0.6307      0.7047
0.406      0.6661      0.6881      0.6294      0.7048
0.407      0.6654      0.6874      0.6281      0.7053
0.408      0.6646      0.6867      0.6272      0.7050
0.409      0.6638      0.6860      0.6255      0.7042
0.410      0.6630      0.6853      0.6246      0.7036
0.411      0.6622      0.6846      0.6234      0.7041
0.412      0.6614      0.6839      0.6222      0.7040
0.413      0.6606      0.6832      0.6213      0.7036
0.414      0.6598      0.6825      0.6203      0.7029
0.415      0.6590      0.6818      0.6192      0.7024
0.416      0.6582      0.6810      0.6180      0.7023
0.417      0.6574      0.6803      0.6170      0.7018
0.418      0.6566      0.6796      0.6159      0.7012
0.419      0.6558      0.6789      0.6150      0.7004
0.420      0.6550      0.6782      0.6140      0.6997
0.421      0.6542      0.6774      0.6130      0.6993
0.422      0.6534      0.6767      0.6121      0.6987
0.423      0.6525      0.6760      0.6113      0.6980
0.424      0.6517      0.6753      0.6100      0.6973
0.425      0.6509      0.6745      0.6090      0.6966
0.426      0.6501      0.6738      0.6081      0.6959
0.427      0.6492      0.6730      0.6073      0.6952
0.428      0.6484      0.6723      0.6064      0.6945
0.429      0.6476      0.6716      0.6055      0.6937
0.430      0.6467      0.6708      0.6046      0.6930
0.431      0.6459      0.6701      0.6037      0.6923
0.432      0.6450      0.6693      0.6028      0.6916
0.433      0.6442      0.6685      0.6019      0.6909
0.434      0.6433      0.6678      0.6010      0.6901
0.435      0.6425      0.6670      0.6001      0.6894
0.436      0.6416      0.6663      0.5991      0.6887
0.437      0.6407      0.6655      0.5981      0.6879
0.438      0.6399      0.6647      0.5971      0.6872
0.439      0.6390      0.6640      0.5960      0.6865
0.440      0.6381      0.6632      0.5950      0.6857
0.441      0.6373      0.6624      0.5940      0.6849
0.442      0.6364      0.6616      0.5930      0.6842
0.443      0.6355      0.6608      0.5919      0.6834
0.444      0.6346      0.6601      0.5909      0.6826
0.445      0.6337      0.6593      0.5899      0.6819
0.446      0.6328      0.6585      0.5888      0.6811
0.447      0.6319      0.6577      0.5878      0.6803
0.448      0.6310      0.6569      0.5867      0.6795
0.449      0.6301      0.6561      0.5858      0.6787
0.450      0.6292      0.6553      0.5848      0.6780
0.451      0.6283      0.6545      0.5838      0.6771
0.452      0.6274      0.6537      0.5829      0.6763
0.453      0.6265      0.6529      0.5819      0.6754
0.454      0.6256      0.6520      0.5809      0.6745
0.455      0.6247      0.6512      0.5798      0.6737
0.456      0.6237      0.6504      0.5787      0.6728
0.457      0.6228      0.6496      0.5776      0.6719
0.458      0.6219      0.6487      0.5765      0.6711
0.459      0.6209      0.6479      0.5754      0.6703
0.460      0.6200      0.6471      0.5744      0.6695
0.461      0.6191      0.6462      0.5733      0.6687
0.462      0.6181      0.6454      0.5722      0.6679
0.463      0.6172      0.6446      0.5711      0.6671
0.464      0.6162      0.6437      0.5699      0.6662
0.465      0.6153      0.6429      0.5687      0.6653
0.466      0.6143      0.6420      0.5675      0.6644
0.467      0.6133      0.6412      0.5664      0.6636
0.468      0.6124      0.6403      0.5653      0.6627
0.469      0.6114      0.6394      0.5641      0.6619
0.470      0.6104      0.6386      0.5629      0.6611
0.471      0.6095      0.6377      0.5618      0.6603
0.472      0.6085      0.6368      0.5606      0.6594
0.473      0.6075      0.6360      0.5595      0.6586
0.474      0.6065      0.6351      0.5583      0.6577
0.475      0.6055      0.6342      0.5572      0.6569
0.476      0.6045      0.6333      0.5561      0.6561
0.477      0.6035      0.6324      0.5549      0.6552
0.478      0.6025      0.6315      0.5538      0.6544
0.479      0.6015      0.6306      0.5527      0.6536
0.480      0.6005      0.6297      0.5515      0.6527
0.481      0.5995      0.6288      0.5504      0.6519
0.482      0.5985      0.6279      0.5492      0.6510
0.483      0.5974      0.6270      0.5480      0.6501
0.484      0.5964      0.6261      0.5469      0.6493
0.485      0.5954      0.6252      0.5457      0.6485
0.486      0.5943      0.6243      0.5445      0.6476
0.487      0.5933      0.6234      0.5433      0.6467
0.488      0.5923      0.6224      0.5421      0.6459
0.489      0.5912      0.6215      0.5408      0.6450
0.490      0.5902      0.6206      0.5396      0.6442
0.491      0.5891      0.6196      0.5383      0.6433
0.492      0.5881      0.6187      0.5372      0.6424
0.493      0.5870      0.6177      0.5360      0.6415
0.494      0.5859      0.6168      0.5348      0.6406
0.495      0.5848      0.6158      0.5336      0.6398
0.496      0.5838      0.6149      0.5325      0.6389
0.497      0.5827      0.6139      0.5313      0.6380
0.498      0.5816      0.6130      0.5301      0.6371
0.499      0.5805      0.6120      0.5289      0.6362
0.500      0.5794      0.6110      0.5277      0.6353
0.501      0.5783      0.6100      0.5264      0.6344
0.502      0.5772      0.6091      0.5252      0.6335
0.503      0.5761      0.6081      0.5239      0.6326
0.504      0.5750      0.6071      0.5226      0.6317
0.505      0.5739      0.6061      0.5214      0.6308
0.506      0.5728      0.6051      0.5201      0.6299
0.507      0.5716      0.6041      0.5188      0.6290
0.508      0.5705      0.6031      0.5176      0.6281
0.509      0.5694      0.6021      0.5163      0.6271
0.510      0.5682      0.6011      0.5150      0.6262
0.511      0.5671      0.6001      0.5137      0.6253
0.512      0.5660      0.5991      0.5124      0.6243
0.513      0.5648      0.5980      0.5111      0.6233
0.514      0.5636      0.5970      0.5098      0.6222
0.515      0.5625      0.5960      0.5085      0.6212
0.516      0.5613      0.5949      0.5073      0.6201
0.517      0.5601      0.5939      0.5061      0.6191
0.518      0.5590      0.5928      0.5047      0.6181
0.519      0.5578      0.5918      0.5034      0.6172
0.520      0.5566      0.5907      0.5020      0.6163
0.521      0.5554      0.5897      0.5007      0.6153
0.522      0.5542      0.5886      0.4995      0.6142
0.523      0.5530      0.5876      0.4981      0.6131
0.524      0.5518      0.5865      0.4967      0.6120
0.525      0.5506      0.5854      0.4953      0.6108
0.526      0.5494      0.5843      0.4940      0.6098
0.527      0.5481      0.5832      0.4927      0.6088
0.528      0.5469      0.5821      0.4913      0.6078
0.529      0.5457      0.5811      0.4900      0.6067
0.530      0.5445      0.5800      0.4887      0.6057
0.531      0.5432      0.5788      0.4872      0.6047
0.532      0.5420      0.5777      0.4857      0.6036
0.533      0.5407      0.5766      0.4842      0.6026
0.534      0.5394      0.5755      0.4827      0.6015
0.535      0.5382      0.5744      0.4812      0.6004
0.536      0.5369      0.5733      0.4797      0.5994
0.537      0.5356      0.5721      0.4783      0.5984
0.538      0.5344      0.5710      0.4768      0.5974
0.539      0.5331      0.5698      0.4754      0.5964
0.540      0.5318      0.5687      0.4739      0.5953
0.541      0.5305      0.5675      0.4725      0.5942
0.542      0.5292      0.5664      0.4710      0.5931
0.543      0.5279      0.5652      0.4695      0.5920
0.544      0.5266      0.5641      0.4681      0.5909
0.545      0.5252      0.5629      0.4666      0.5898
0.546      0.5239      0.5617      0.4651      0.5887
0.547      0.5226      0.5605      0.4636      0.5875
0.548      0.5212      0.5593      0.4621      0.5864
0.549      0.5199      0.5581      0.4606      0.5853
0.550      0.5185      0.5569      0.4591      0.5841
0.551      0.5172      0.5557      0.4575      0.5830
0.552      0.5158      0.5545      0.4560      0.5818
0.553      0.5145      0.5533      0.4544      0.5806
0.554      0.5131      0.5521      0.4529      0.5795
0.555      0.5117      0.5509      0.4513      0.5783
0.556      0.5103      0.5496      0.4497      0.5771
0.557      0.5089      0.5484      0.4481      0.5759
0.558      0.5075      0.5471      0.4465      0.5747
0.559      0.5061      0.5459      0.4449      0.5735
0.560      0.5047      0.5446      0.4432      0.5724
0.561      0.5033      0.5434      0.4416      0.5712
0.562      0.5019      0.5421      0.4400      0.5700
0.563      0.5004      0.5408      0.4383      0.5688
0.564      0.4990      0.5396      0.4366      0.5676
0.565      0.4976      0.5383      0.4350      0.5664
0.566      0.4961      0.5370      0.4333      0.5651
0.567      0.4946      0.5357      0.4317      0.5639
0.568      0.4932      0.5344      0.4300      0.5627
0.569      0.4917      0.5331      0.4283      0.5615
0.570      0.4902      0.5318      0.4267      0.5602
0.571      0.4887      0.5305      0.4250      0.5589
0.572      0.4873      0.5291      0.4233      0.5575
0.573      0.4858      0.5278      0.4216      0.5562
0.574      0.4843      0.5265      0.4200      0.5550
0.575      0.4827      0.5251      0.4183      0.5537
0.576      0.4812      0.5238      0.4166      0.5524
0.577      0.4797      0.5224      0.4148      0.5511
0.578      0.4782      0.5210      0.4130      0.5497
0.579      0.4766      0.5197      0.4113      0.5484
0.580      0.4751      0.5183      0.4095      0.5470
0.581      0.4735      0.5169      0.4077      0.5457
0.582      0.4719      0.5155      0.4060      0.5443
0.583      0.4704      0.5141      0.4042      0.5429
0.584      0.4688      0.5127      0.4025      0.5415
0.585      0.4672      0.5113      0.4007      0.5401
0.586      0.4656      0.5099      0.3990      0.5387
0.587      0.4640      0.5085      0.3972      0.5373
0.588      0.4624      0.5070      0.3954      0.5359
0.589      0.4608      0.5056      0.3935      0.5347
0.590      0.4592      0.5042      0.3916      0.5334
0.591      0.4575      0.5027      0.3896      0.5321
0.592      0.4559      0.5013      0.3878      0.5308
0.593      0.4542      0.4998      0.3859      0.5294
0.594      0.4526      0.4983      0.3840      0.5280
0.595      0.4509      0.4968      0.3822      0.5268
0.596      0.4492      0.4953      0.3803      0.5255
0.597      0.4476      0.4939      0.3784      0.5242
0.598      0.4459      0.4924      0.3764      0.5229
0.599      0.4442      0.4908      0.3745      0.5215
0.600      0.4425      0.4893      0.3726      0.5200
0.601      0.4407      0.4878      0.3706      0.5185
0.602      0.4390      0.4863      0.3687      0.5170
0.603      0.4373      0.4847      0.3667      0.5156
0.604      0.4355      0.4832      0.3647      0.5141
0.605      0.4338      0.4816      0.3627      0.5125
0.606      0.4320      0.4801      0.3606      0.5110
0.607      0.4303      0.4785      0.3586      0.5095
0.608      0.4285      0.4769      0.3565      0.5080
0.609      0.4267      0.4753      0.3545      0.5064
0.610      0.4249      0.4737      0.3524      0.5049
0.611      0.4231      0.4721      0.3503      0.5034
0.612      0.4213      0.4705      0.3482      0.5018
0.613      0.4194      0.4689      0.3461      0.5002
0.614      0.4176      0.4673      0.3440      0.4986
0.615      0.4158      0.4656      0.3418      0.4971
0.616      0.4139      0.4640      0.3396      0.4955
0.617      0.4121      0.4623      0.3374      0.4940
0.618      0.4102      0.4607      0.3352      0.4925
0.619      0.4083      0.4590      0.3332      0.4910
0.620      0.4064      0.4573      0.3310      0.4895
0.621      0.4045      0.4556      0.3288      0.4878
0.622      0.4026      0.4539      0.3266      0.4860
0.623      0.4007      0.4522      0.3244      0.4843
0.624      0.3987      0.4505      0.3221      0.4827
0.625      0.3968      0.4488      0.3199      0.4811
0.626      0.3948      0.4470      0.3175      0.4793
0.627      0.3929      0.4453      0.3152      0.4775
0.628      0.3909      0.4435      0.3129      0.4758
0.629      0.3889      0.4418      0.3107      0.4742
0.630      0.3869      0.4400      0.3084      0.4726
0.631      0.3849      0.4382      0.3061      0.4710
0.632      0.3829      0.4364      0.3038      0.4694
0.633      0.3809      0.4346      0.3014      0.4677
0.634      0.3788      0.4328      0.2991      0.4661
0.635      0.3768      0.4310      0.2968      0.4645
0.636      0.3747      0.4291      0.2944      0.4628
0.637      0.3726      0.4273      0.2921      0.4611
0.638      0.3706      0.4254      0.2897      0.4594
0.639      0.3685      0.4236      0.2873      0.4575
0.640      0.3664      0.4217      0.2849      0.4557
0.641      0.3642      0.4198      0.2825      0.4538
0.642      0.3621      0.4179      0.2800      0.4520
0.643      0.3600      0.4160      0.2775      0.4501
0.644      0.3578      0.4141      0.2750      0.4482
0.645      0.3556      0.4122      0.2725      0.4463
0.646      0.3535      0.4103      0.2699      0.4444
0.647      0.3513      0.4083      0.2673      0.4424
0.648      0.3491      0.4063      0.2647      0.4406
0.649      0.3468      0.4044      0.2621      0.4388
0.650      0.3446      0.4024      0.2595      0.4370
0.651      0.3424      0.4004      0.2569      0.4353
0.652      0.3401      0.3984      0.2543      0.4335
0.653      0.3378      0.3964      0.2517      0.4317
0.654      0.3356      0.3944      0.2491      0.4297
0.655      0.3333      0.3923      0.2465      0.4277
0.656      0.3310      0.3903      0.2439      0.4257
0.657      0.3286      0.3882      0.2413      0.4236
0.658      0.3263      0.3861      0.2386      0.4216
0.659      0.3240      0.3840      0.2359      0.4198
0.660      0.3216      0.3819      0.2331      0.4178
0.661      0.3192      0.3798      0.2303      0.4159
0.662      0.3168      0.3777      0.2275      0.4140
0.663      0.3144      0.3756      0.2247      0.4121
0.664      0.3120      0.3734      0.2219      0.4099
0.665      0.3096      0.3713      0.2190      0.4077
0.666      0.3071      0.3691      0.2162      0.4055
0.667      0.3047      0.3669      0.2133      0.4033
0.668      0.3022      0.3647      0.2105      0.4011
0.669      0.2997      0.3625      0.2077      0.3989
0.670      0.2972      0.3602      0.2050      0.3966
0.671      0.2947      0.3580      0.2022      0.3944
0.672      0.2921      0.3558      0.1994      0.3921
0.673      0.2896      0.3535      0.1965      0.3898
0.674      0.2870      0.3512      0.1937      0.3875
0.675      0.2844      0.3489      0.1909      0.3852
0.676      0.2818      0.3466      0.1879      0.3829
0.677      0.2792      0.3443      0.1848      0.3807
0.678      0.2766      0.3419      0.1817      0.3784
0.679      0.2739      0.3396      0.1785      0.3762
0.680      0.2712      0.3372      0.1754      0.3739
0.681      0.2686      0.3348      0.1722      0.3716
0.682      0.2659      0.3324      0.1691      0.3693
0.683      0.2631      0.3300      0.1659      0.3670
0.684      0.2604      0.3276      0.1626      0.3647
0.685      0.2576      0.3251      0.1594      0.3624
0.686      0.2549      0.3227      0.1561      0.3600
0.687      0.2521      0.3202      0.1529      0.3576
0.688      0.2493      0.3177      0.1495      0.3553
0.689      0.2465      0.3152      0.1463      0.3530
0.690      0.2436      0.3127      0.1430      0.3508
0.691      0.2408      0.3101      0.1395      0.3485
0.692      0.2379      0.3076      0.1361      0.3462
0.693      0.2350      0.3050      0.1327      0.3439
0.694      0.2321      0.3024      0.1293      0.3415
0.695      0.2291      0.2998      0.1258      0.3392
0.696      0.2262      0.2972      0.1224      0.3367
0.697      0.2232      0.2945      0.1190      0.3342
0.698      0.2202      0.2919      0.1155      0.3316
0.699      0.2172      0.2892      0.1120      0.3290
0.700      0.2142      0.2865      0.1085      0.3264
0.701      0.2111      0.2838      0.1050      0.3237
0.702      0.2080      0.2810      0.1014      0.3211
0.703      0.2049      0.2783      0.0979      0.3184
0.704      0.2018      0.2755      0.0942      0.3157
0.705      0.1987      0.2727      0.0906      0.3130
0.706      0.1955      0.2699      0.0870      0.3103
0.707      0.1923      0.2671      0.0833      0.3076
0.708      0.1891      0.2643      0.0796      0.3048
0.709      0.1859      0.2614      0.0758      0.3020
0.710      0.1827      0.2585      0.0721      0.2992
0.711      0.1794      0.2556      0.0682      0.2964
0.712      0.1761      0.2527      0.0644      0.2936
0.713      0.1728      0.2497      0.0605      0.2907
0.714      0.1695      0.2468      0.0566      0.2878
0.715      0.1661      0.2438      0.0526      0.2849
0.716      0.1627      0.2408      0.0486      0.2820
0.717      0.1593      0.2378      0.0446      0.2791
0.718      0.1559      0.2347      0.0406      0.2761
0.719      0.1524      0.2316      0.0366      0.2732
0.720      0.1489      0.2285      0.0325      0.2702
0.721      0.1454      0.2254      0.0284      0.2671
0.722      0.1419      0.2223      0.0242      0.2641
0.723      0.1383      0.2191      0.0200      0.2610
0.724      0.1348      0.2159      0.0158      0.2580
0.725      0.1311      0.2127      0.0116      0.2550
0.726      0.1275      0.2095      0.0073      0.2520
0.727      0.1239      0.2062      0.0030      0.2490
0.728      0.1202      0.2030     -0.0013      0.2460
0.729      0.1164      0.1997     -0.0057      0.2429
0.730      0.1127      0.1963     -0.0101      0.2398
0.731      0.1089      0.1930     -0.0145      0.2368
0.732      0.1051      0.1896     -0.0190      0.2336
0.733      0.1013      0.1862     -0.0235      0.2305
0.734      0.0974      0.1828     -0.0280      0.2273
0.735      0.0936      0.1793     -0.0326      0.2241
0.736      0.0896      0.1759     -0.0372      0.2209
0.737      0.0857      0.1723     -0.0418      0.2177
0.738      0.0817      0.1688     -0.0465      0.2144
0.739      0.0777      0.1653     -0.0511      0.2110
0.740      0.0737      0.1617     -0.0557      0.2076
0.741      0.0696      0.1581     -0.0604      0.2041
0.742      0.0655      0.1544     -0.0650      0.2006
0.743      0.0614      0.1507     -0.0698      0.1970
0.744      0.0572      0.1470     -0.0745      0.1935
0.745      0.0530      0.1433     -0.0794      0.1899
0.746      0.0488      0.1396     -0.0842      0.1863
0.747      0.0445      0.1358     -0.0891      0.1826
0.748      0.0402      0.1320     -0.0940      0.1790
0.749      0.0359      0.1281     -0.0990      0.1753
0.750      0.0315      0.1242     -0.1040      0.1715
0.751      0.0271      0.1203     -0.1090      0.1678
0.752      0.0227      0.1164     -0.1141      0.1640
0.753      0.0182      0.1124     -0.1192      0.1601
0.754      0.0137      0.1084     -0.1244      0.1563
0.755      0.0092      0.1044     -0.1296      0.1524
0.756      0.0046      0.1003     -0.1348      0.1485
0.757      0.0000      0.0962     -0.1401      0.1445
0.758     -0.0047      0.0920     -0.1454      0.1405
0.759     -0.0094      0.0879     -0.1509      0.1365
0.760     -0.0141      0.0837     -0.1564      0.1325
0.761     -0.0189      0.0794     -0.1620      0.1286
0.762     -0.0237      0.0751     -0.1676      0.1246
0.763     -0.0286      0.0708     -0.1733      0.1206
0.764     -0.0335      0.0665     -0.1790      0.1165
0.765     -0.0384      0.0621     -0.1847      0.1125
0.766     -0.0434      0.0577     -0.1906      0.1083
0.767     -0.0484      0.0532     -0.1964      0.1042
0.768     -0.0535      0.0487     -0.2023      0.1000
0.769     -0.0586      0.0441     -0.2083      0.0958
0.770     -0.0638      0.0396     -0.2143      0.0915
0.771     -0.0690      0.0349     -0.2204      0.0872
0.772     -0.0742      0.0303     -0.2265      0.0829
0.773     -0.0795      0.0256     -0.2327      0.0785
0.774     -0.0848      0.0208     -0.2389      0.0741
0.775     -0.0902      0.0160     -0.2452      0.0697
0.776     -0.0957      0.0112     -0.2516      0.0652
0.777     -0.1011      0.0063     -0.2580      0.0606
0.778     -0.1067      0.0014     -0.2644      0.0561
0.779     -0.1123     -0.0035     -0.2709      0.0515
0.780     -0.1179     -0.0085     -0.2775      0.0468
0.781     -0.1236     -0.0136     -0.2842      0.0421
0.782     -0.1293     -0.0187     -0.2909      0.0374
0.783     -0.1351     -0.0238     -0.2976      0.0326
0.784     -0.1410     -0.0290     -0.3043      0.0278
0.785     -0.1469     -0.0343     -0.3111      0.0229
0.786     -0.1528     -0.0396     -0.3179      0.0178
0.787     -0.1588     -0.0449     -0.3247      0.0128
0.788     -0.1649     -0.0503     -0.3317      0.0078
0.789     -0.1710     -0.0557     -0.3387      0.0028
0.790     -0.1772     -0.0612     -0.3457     -0.0022
0.791     -0.1834     -0.0668     -0.3529     -0.0074
0.792     -0.1897     -0.0724     -0.3601     -0.0125
0.793     -0.1961     -0.0780     -0.3674     -0.0178
0.794     -0.2025     -0.0837     -0.3748     -0.0231
0.795     -0.2090     -0.0895     -0.3825     -0.0284
0.796     -0.2156     -0.0953     -0.3902     -0.0339
0.797     -0.2222     -0.1012     -0.3981     -0.0393
0.798     -0.2289     -0.1071     -0.4060     -0.0448
0.799     -0.2356     -0.1131     -0.4140     -0.0504
0.800     -0.2424     -0.1192     -0.4220     -0.0560
0.801     -0.2493     -0.1253     -0.4302     -0.0617
0.802     -0.2562     -0.1315     -0.4383     -0.0675
0.803     -0.2633     -0.1377     -0.4464     -0.0733
0.804     -0.2704     -0.1440     -0.4545     -0.0791
0.805     -0.2775     -0.1504     -0.4627     -0.0851
0.806     -0.2848     -0.1568     -0.4710     -0.0910
0.807     -0.2921     -0.1633     -0.4794     -0.0971
0.808     -0.2995     -0.1699     -0.4879     -0.1032
0.809     -0.3070     -0.1765     -0.4965     -0.1094
0.810     -0.3145     -0.1832     -0.5051     -0.1156
0.811     -0.3221     -0.1900     -0.5139     -0.1219
0.812     -0.3298     -0.1969     -0.5227     -0.1283
0.813     -0.3376     -0.2038     -0.5317     -0.1347
0.814     -0.3455     -0.2108     -0.5407     -0.1412
0.815     -0.3535     -0.2179     -0.5498     -0.1478
0.816     -0.3615     -0.2250     -0.5591     -0.1544
0.817     -0.3697     -0.2322     -0.5684     -0.1611
0.818     -0.3779     -0.2395     -0.5778     -0.1680
0.819     -0.3862     -0.2469     -0.5874     -0.1750
0.820     -0.3946     -0.2544     -0.5970     -0.1820
0.821     -0.4031     -0.2620     -0.6068     -0.1892
0.822     -0.4117     -0.2696     -0.6166     -0.1964
0.823     -0.4204     -0.2773     -0.6266     -0.2037
0.824     -0.4292     -0.2851     -0.6367     -0.2111
0.825     -0.4381     -0.2930     -0.6470     -0.2186
0.826     -0.4471     -0.3010     -0.6575     -0.2262
0.827     -0.4562     -0.3091     -0.6682     -0.2339
0.828     -0.4654     -0.3173     -0.6789     -0.2417
0.829     -0.4747     -0.3256     -0.6898     -0.2496
0.830     -0.4841     -0.3339     -0.7008     -0.2576
0.831     -0.4937     -0.3424     -0.7119     -0.2657
0.832     -0.5033     -0.3510     -0.7232     -0.2738
0.833     -0.5131     -0.3597     -0.7346     -0.2821
0.834     -0.5230     -0.3684     -0.7461     -0.2905
0.835     -0.5330     -0.3773     -0.7578     -0.2990
0.836     -0.5431     -0.3863     -0.7696     -0.3075
0.837     -0.5533     -0.3954     -0.7816     -0.3162
0.838     -0.5637     -0.4046     -0.7937     -0.3250
0.839     -0.5742     -0.4140     -0.8060     -0.3339
0.840     -0.5848     -0.4234     -0.8184     -0.3429
0.841     -0.5956     -0.4330     -0.8310     -0.3520
0.842     -0.6065     -0.4427     -0.8435     -0.3611
0.843     -0.6176     -0.4525     -0.8562     -0.3703
0.844     -0.6287     -0.4624     -0.8691     -0.3796
0.845     -0.6401     -0.4725     -0.8822     -0.3890
0.846     -0.6516     -0.4827     -0.8954     -0.3986
0.847     -0.6632     -0.4930     -0.9088     -0.4082
0.848     -0.6750     -0.5035     -0.9223     -0.4180
0.849     -0.6869     -0.5141     -0.9361     -0.4280
0.850     -0.6990     -0.5248     -0.9500     -0.4380
0.851     -0.7112     -0.5357     -0.9641     -0.4482
0.852     -0.7237     -0.5468     -0.9784     -0.4585
0.853     -0.7363     -0.5580     -0.9930     -0.4690
0.854     -0.7490     -0.5693     -1.0078     -0.4796
0.855     -0.7620     -0.5808     -1.0229     -0.4904
0.856     -0.7751     -0.5925     -1.0381     -0.5013
0.857     -0.7884     -0.6043     -1.0536     -0.5124
0.858     -0.8019     -0.6163     -1.0692     -0.5237
0.859     -0.8156     -0.6284     -1.0850     -0.5352
0.860     -0.8294     -0.6408     -1.1010     -0.5468
0.861     -0.8435     -0.6533     -1.1173     -0.5586
0.862     -0.8578     -0.6659     -1.1340     -0.5706
0.863     -0.8723     -0.6788     -1.1509     -0.5827
0.864     -0.8870     -0.6919     -1.1680     -0.5951
0.865     -0.9019     -0.7051     -1.1851     -0.6076
0.866     -0.9171     -0.7186     -1.2026     -0.6203
0.867     -0.9324     -0.7323     -1.2204     -0.6332
0.868     -0.9480     -0.7461     -1.2387     -0.6463
0.869     -0.9639     -0.7602     -1.2572     -0.6596
0.870     -0.9800     -0.7745     -1.2760     -0.6731
0.871     -0.9963     -0.7890     -1.2950     -0.6868
0.872     -1.0129     -0.8037     -1.3144     -0.7007
0.873     -1.0297     -0.8187     -1.3341     -0.7148
0.874     -1.0469     -0.8339     -1.3540     -0.7292
0.875     -1.0642     -0.8494     -1.3743     -0.7438
0.876     -1.0819     -0.8651     -1.3948     -0.7586
0.877     -1.0999     -0.8810     -1.4157     -0.7737
0.878     -1.1181     -0.8973     -1.4369     -0.7890
0.879     -1.1367     -0.9137     -1.4583     -0.8046
0.880     -1.1556     -0.9305     -1.4797     -0.8204
0.881     -1.1747     -0.9476     -1.5015     -0.8365
0.882     -1.1943     -0.9649     -1.5244     -0.8528
0.883     -1.2141     -0.9825     -1.5476     -0.8695
0.884     -1.2343     -1.0005     -1.5712     -0.8864
0.885     -1.2548     -1.0187     -1.5952     -0.9036
0.886     -1.2757     -1.0373     -1.6196     -0.9212
0.887     -1.2970     -1.0562     -1.6445     -0.9390
0.888     -1.3186     -1.0754     -1.6697     -0.9572
0.889     -1.3407     -1.0950     -1.6951     -0.9757
0.890     -1.3631     -1.1149     -1.7209     -0.9945
0.891     -1.3859     -1.1352     -1.7472     -1.0136
0.892     -1.4092     -1.1559     -1.7739     -1.0330
0.893     -1.4329     -1.1769     -1.8012     -1.0527
0.894     -1.4571     -1.1984     -1.8290     -1.0727
0.895     -1.4817     -1.2203     -1.8573     -1.0932
0.896     -1.5068     -1.2426     -1.8862     -1.1140
0.897     -1.5324     -1.2653     -1.9156     -1.1352
0.898     -1.5584     -1.2885     -1.9456     -1.1569
0.899     -1.5850     -1.3121     -1.9762     -1.1792
0.900     -1.6121     -1.3362     -2.0074     -1.2022
0.901     -1.6398     -1.3608     -2.0393     -1.2257
0.902     -1.6680     -1.3859     -2.0722     -1.2497
0.903     -1.6969     -1.4115     -2.1057     -1.2739
0.904     -1.7263     -1.4376     -2.1400     -1.2984
0.905     -1.7563     -1.4643     -2.1749     -1.3234
0.906     -1.7870     -1.4915     -2.2106     -1.3490
0.907     -1.8183     -1.5194     -2.2471     -1.3751
0.908     -1.8504     -1.5478     -2.2844     -1.4018
0.909     -1.8831     -1.5769     -2.3225     -1.4290
0.910     -1.9165     -1.6066     -2.3614     -1.4569
0.911     -1.9507     -1.6370     -2.4012     -1.4854
0.912     -1.9857     -1.6681     -2.4419     -1.5146
0.913     -2.0215     -1.6999     -2.4836     -1.5444
0.914     -2.0581     -1.7324     -2.5262     -1.5749
0.915     -2.0956     -1.7657     -2.5698     -1.6061
0.916     -2.1339     -1.7998     -2.6145     -1.6381
0.917     -2.1732     -1.8347     -2.6602     -1.6708
0.918     -2.2135     -1.8705     -2.7070     -1.7043
0.919     -2.2547     -1.9071     -2.7550     -1.7387
0.920     -2.2970     -1.9447     -2.8043     -1.7739
0.921     -2.3404     -1.9832     -2.8547     -1.8100
0.922     -2.3848     -2.0227     -2.9062     -1.8471
0.923     -2.4304     -2.0632     -2.9589     -1.8851
0.924     -2.4772     -2.1048     -3.0132     -1.9241
0.925     -2.5253     -2.1475     -3.0691     -1.9641
0.926     -2.5747     -2.1914     -3.1265     -2.0053
0.927     -2.6254     -2.2364     -3.1855     -2.0475
0.928     -2.6775     -2.2827     -3.2461     -2.0909
0.929     -2.7311     -2.3304     -3.3085     -2.1356
0.930     -2.7862     -2.3793     -3.3726     -2.1815
0.931     -2.8429     -2.4297     -3.4386     -2.2288
0.932     -2.9013     -2.4816     -3.5065     -2.2774
0.933     -2.9614     -2.5350     -3.5765     -2.3275
0.934     -3.0234     -2.5901     -3.6486     -2.3791
0.935     -3.0872     -2.6468     -3.7229     -2.4321
0.936     -3.1531     -2.7053     -3.7995     -2.4866
0.937     -3.2210     -2.7657     -3.8785     -2.5429
0.938     -3.2912     -2.8280     -3.9601     -2.6011
0.939     -3.3636     -2.8924     -4.0444     -2.6617
0.940     -3.4384     -2.9589     -4.1315     -2.7249
0.941     -3.5158     -3.0276     -4.2213     -2.7894
0.942     -3.5959     -3.0987     -4.3139     -2.8561
0.943     -3.6788     -3.1724     -4.4098     -2.9252
0.944     -3.7646     -3.2486     -4.5092     -2.9967
0.945     -3.8535     -3.3276     -4.6121     -3.0708
0.946     -3.9458     -3.4096     -4.7189     -3.1476
0.947     -4.0415     -3.4946     -4.8297     -3.2274
0.948     -4.1409     -3.5830     -4.9448     -3.3102
0.949     -4.2442     -3.6747     -5.0643     -3.3963
0.950     -4.3516     -3.7702     -5.1887     -3.4858
0.951     -4.4634     -3.8695     -5.3181     -3.5789
0.952     -4.5799     -3.9730     -5.4529     -3.6760
0.953     -4.7013     -4.0809     -5.5935     -3.7771
0.954     -4.8280     -4.1935     -5.7402     -3.8827
0.955     -4.9604     -4.3111     -5.8933     -3.9930
0.956     -5.0987     -4.4340     -6.0535     -4.1083
0.957     -5.2435     -4.5627     -6.2211     -4.2289
0.958     -5.3952     -4.6974     -6.3976     -4.3553
0.959     -5.5543     -4.8388     -6.5830     -4.4878
0.960     -5.7213     -4.9872     -6.7776     -4.6270
0.961     -5.8969     -5.1432     -6.9821     -4.7733
0.962     -6.0818     -5.3075     -7.1975     -4.9273
0.963     -6.2766     -5.4806     -7.4245     -5.0897
0.964     -6.4823     -5.6633     -7.6641     -5.2610
0.965     -6.6997     -5.8565     -7.9174     -5.4422
0.966     -6.9299     -6.0610     -8.1855     -5.6340
0.967     -7.1741     -6.2780     -8.4700     -5.8374
0.968     -7.4335     -6.5085     -8.7722     -6.0535
0.969     -7.7097     -6.7538     -9.0927     -6.2836
0.970     -8.0042     -7.0155     -9.4342     -6.5290
0.971     -8.3191     -7.2953     -9.7994     -6.7914
0.972     -8.6565     -7.5951    -10.1907     -7.0724
0.973     -9.0188     -7.9170    -10.6109     -7.3742
0.974     -9.4091     -8.2637    -11.0635     -7.6991
0.975     -9.8305     -8.6382    -11.5523     -8.0501
0.976    -10.2871     -9.0439    -12.0818     -8.4303
0.977    -10.7834     -9.4848    -12.6574     -8.8436
0.978    -11.3248     -9.9659    -13.2852     -9.2944
0.979    -11.9177    -10.4927    -13.9728     -9.7882
0.980    -12.5700    -11.0722    -14.7293    -10.3313
0.981    -13.2909    -11.7128    -15.5654    -10.9310
0.982    -14.0919    -12.4245    -16.4943    -11.5967
0.983    -14.9871    -13.2199    -17.5325    -12.3406
0.984    -15.9943    -14.1147    -18.7005    -13.1774
0.985    -17.1359    -15.1289    -20.0245    -14.1261
0.986    -18.4403    -16.2880    -21.5372    -15.2100
0.987    -19.9455    -17.6254    -23.2828    -16.4609
0.988    -21.7016    -19.1856    -25.3195    -17.9235
0.989    -23.7769    -21.0296    -27.7261    -19.6521
0.990    -26.2675    -23.2424    -30.6146    -21.7267
0.991    -29.3112    -25.9469    -34.1445    -24.2619
0.992    -33.1161    -29.3273    -38.5571    -27.4315
0.993    -38.0081    -33.6738    -44.2305    -31.5083
0.994    -44.5303    -39.4693    -51.7940    -36.9425
0.995    -53.6627    -47.5829    -62.3858    -44.5502
0.996    -67.3595    -59.7536    -78.2738    -55.9572
0.997    -90.1890    -80.0364   -104.7636    -74.9714
0.998   -135.8488   -120.6049   -157.7405   -113.0051
0.999   -272.8354   -242.3168   -316.6746   -227.0899
