0.001    -12.6784    -11.1278    -15.9902     -9.3280
0.002     -5.8399     -5.0651     -7.4955     -4.1653
0.003     -3.5604     -3.0442     -4.6639     -2.4454
0.004     -2.4207     -2.0338     -3.2476     -1.5854
0.005     -1.7368     -1.4275     -2.3986     -1.0695
0.006     -1.2809     -1.0233     -1.8323     -0.7255
0.007     -0.9553     -0.7346     -1.4278     -0.4793
0.008     -0.7110     -0.5181     -1.1244     -0.2944
0.009     -0.5211     -0.3497     -0.8883     -0.1506
0.010     -0.3691     -0.2150     -0.6991     -0.0355
0.011     -0.2448     -0.1047     -0.5441      0.0586
0.012     -0.1412     -0.0129     -0.4150      0.1366
0.013     -0.0535      0.0649     -0.3062      0.2025
0.014      0.0217      0.1315     -0.2127      0.2590
0.015      0.0868      0.1892     -0.1316      0.3084
0.016      0.1438      0.2397     -0.0607      0.3516
0.017      0.1941      0.2843      0.0019      0.3896
0.018      0.2388      0.3239      0.0574      0.4233
0.019      0.2788      0.3594      0.1071      0.4534
0.020      0.3147      0.3913      0.1519      0.4805
0.021      0.3473      0.4202      0.1925      0.5050
0.022      0.3769      0.4464      0.2294      0.5273
0.023      0.4039      0.4704      0.2631      0.5477
0.024      0.4287      0.4923      0.2940      0.5665
0.025      0.4515      0.5126      0.3224      0.5838
0.026      0.4726      0.5312      0.3486      0.5998
0.027      0.4920      0.5485      0.3729      0.6146
0.028      0.5101      0.5645      0.3955      0.6284
0.029      0.5270      0.5795      0.4198      0.6362
0.030      0.5427      0.5898      0.4484      0.6381
0.031      0.5438      0.5893      0.4571      0.6298
0.032      0.5433      0.5888      0.4585      0.6281
0.033      0.5427      0.5883      0.4579      0.6277
0.034      0.5422      0.5878      0.4574      0.6273
0.035      0.5417      0.5873      0.4568      0.6269
0.036      0.5412      0.5868      0.4562      0.6262
0.037      0.5407      0.5863      0.4556      0.6256
0.038      0.5401      0.5858      0.4550      0.6248
0.039      0.5396      0.5853      0.4544      0.6240
0.040      0.5391      0.5847      0.4538      0.6233
0.041      0.5385      0.5842      0.4533      0.6229
0.042      0.5380      0.5837      0.4527      0.6223
0.043      0.5375      0.5832      0.4521      0.6217
0.044      0.5370      0.5827      0.4515      0.6211
0.045      0.5364      0.5822      0.4509      0.6207
0.046      0.5359      0.5816      0.4503      0.6204
0.047      0.5354      0.5811      0.4497      0.6200
0.048      0.5348      0.5806      0.4491      0.6196
0.049      0.5343      0.5801      0.4485      0.6190
0.050      0.5337      0.5795      0.4479      0.6183
0.051      0.5332      0.5790      0.4473      0.6176
0.052      0.5327      0.5785      0.4467      0.6169
0.053      0.5321      0.5780      0.4461      0.6162
0.054      0.5316      0.5774      0.4456      0.6155
0.055      0.5310      0.5769      0.4452      0.6148
0.056      0.5305      0.5764      0.4448      0.6143
0.057      0.5300      0.5758      0.4444      0.6137
0.058      0.5294      0.5753      0.4440      0.6132
0.059      0.5289      0.5748      0.4436      0.6126
0.060      0.5283      0.5742      0.4432      0.6121
0.061      0.5278      0.5737      0.4428      0.6115
0.062      0.5272      0.5732      0.4424      0.6110
0.063      0.5267      0.5726      0.4420      0.6105
0.064      0.5261      0.5721      0.4414      0.6099
0.065      0.5255      0.5715      0.4408      0.6093
0.066      0.5250      0.5710      0.4402      0.6087
0.067      0.5244      0.5704      0.4396      0.6081
0.068      0.5239      0.5699      0.4391      0.6075
0.069      0.5233      0.5693      0.4387      0.6070
0.070      0.5228      0.5688      0.4379      0.6065
0.071      0.5222      0.5682      0.4372      0.6059
0.072      0.5216      0.5677      0.4366      0.6053
0.073      0.5211      0.5671      0.4360      0.6047
0.074      0.5205      0.5666      0.4354      0.6040
0.075      0.5199      0.5660      0.4348      0.6034
0.076      0.5194      0.5655      0.4342      0.6028
0.077      0.5188      0.5649      0.4336      0.6021
0.078      0.5182      0.5644      0.4332      0.6015
0.079      0.5176      0.5638      0.4327      0.6009
0.080      0.5171      0.5633      0.4324      0.6003
0.081      0.5165      0.5627      0.4321      0.5996
0.082      0.5159      0.5621      0.4318      0.5990
0.083      0.5153      0.5616      0.4315      0.5984
0.084      0.5148      0.5610      0.4310      0.5978
0.085      0.5142      0.5604      0.4304      0.5973
0.086      0.5136      0.5599      0.4298      0.5967
0.087      0.5130      0.5593      0.4292      0.5962
0.088      0.5124      0.5587      0.4288      0.5956
0.089      0.5119      0.5582      0.4283      0.5951
0.090      0.5113      0.5576      0.4279      0.5945
0.091      0.5107      0.5570      0.4275      0.5939
0.092      0.5101      0.5564      0.4270      0.5932
0.093      0.5095      0.5559      0.4266      0.5926
0.094      0.5089      0.5553      0.4261      0.5919
0.095      0.5083      0.5547      0.4257      0.5914
0.096      0.5077      0.5541      0.4252      0.5907
0.097      0.5071      0.5535      0.4248      0.5900
0.098      0.5065      0.5530      0.4243      0.5893
0.099      0.5059      0.5524      0.4237      0.5887
0.100      0.5053      0.5518      0.4230      0.5882
0.101      0.5047      0.5512      0.4223      0.5877
0.102      0.5041      0.5506      0.4216      0.5872
0.103      0.5035      0.5500      0.4209      0.5866
0.104      0.5029      0.5494      0.4202      0.5861
0.105      0.5023      0.5488      0.4194      0.5856
0.106      0.5017      0.5483      0.4189      0.5849
0.107      0.5011      0.5477      0.4184      0.5842
0.108      0.5005      0.5471      0.4176      0.5834
0.109      0.4999      0.5465      0.4169      0.5827
0.110      0.4993      0.5459      0.4162      0.5820
0.111      0.4987      0.5453      0.4158      0.5813
0.112      0.4980      0.5447      0.4153      0.5807
0.113      0.4974      0.5441      0.4149      0.5801
0.114      0.4968      0.5435      0.4144      0.5794
0.115      0.4962      0.5429      0.4137      0.5788
0.116      0.4956      0.5422      0.4130      0.5782
0.117      0.4949      0.5416      0.4122      0.5776
0.118      0.4943      0.5410      0.4115      0.5770
0.119      0.4937      0.5404      0.4108      0.5764
0.120      0.4931      0.5398      0.4101      0.5757
0.121      0.4924      0.5392      0.4093      0.5751
0.122      0.4918      0.5386      0.4086      0.5745
0.123      0.4912      0.5380      0.4079      0.5739
0.124      0.4905      0.5373      0.4071      0.5735
0.125      0.4899      0.5367      0.4064      0.5730
0.126      0.4893      0.5361      0.4057      0.5726
0.127      0.4886      0.5355      0.4049      0.5721
0.128      0.4880      0.5349      0.4042      0.5716
0.129      0.4874      0.5342      0.4035      0.5713
0.130      0.4867      0.5336      0.4027      0.5705
0.131      0.4861      0.5330      0.4020      0.5697
0.132      0.4854      0.5323      0.4012      0.5689
0.133      0.4848      0.5317      0.4005      0.5683
0.134      0.4841      0.5311      0.3997      0.5680
0.135      0.4835      0.5305      0.3990      0.5676
0.136      0.4828      0.5298      0.3982      0.5673
0.137      0.4822      0.5292      0.3975      0.5668
0.138      0.4815      0.5285      0.3967      0.5662
0.139      0.4809      0.5279      0.3960      0.5656
0.140      0.4802      0.5273      0.3953      0.5649
0.141      0.4796      0.5266      0.3946      0.5643
0.142      0.4789      0.5260      0.3940      0.5637
0.143      0.4782      0.5253      0.3935      0.5631
0.144      0.4776      0.5247      0.3926      0.5624
0.145      0.4769      0.5240      0.3918      0.5618
0.146      0.4763      0.5234      0.3911      0.5612
0.147      0.4756      0.5227      0.3904      0.5605
0.148      0.4749      0.5221      0.3897      0.5599
0.149      0.4743      0.5214      0.3890      0.5592
0.150      0.4736      0.5208      0.3883      0.5586
0.151      0.4729      0.5201      0.3875      0.5580
0.152      0.4722      0.5195      0.3869      0.5573
0.153      0.4716      0.5188      0.3864      0.5567
0.154      0.4709      0.5181      0.3858      0.5560
0.155      0.4702      0.5175      0.3853      0.5554
0.156      0.4695      0.5168      0.3847      0.5547
0.157      0.4688      0.5161      0.3839      0.5541
0.158      0.4681      0.5155      0.3831      0.5534
0.159      0.4675      0.5148      0.3822      0.5527
0.160      0.4668      0.5141      0.3814      0.5520
0.161      0.4661      0.5135      0.3806      0.5512
0.162      0.4654      0.5128      0.3798      0.5507
0.163      0.4647      0.5121      0.3790      0.5501
0.164      0.4640      0.5114      0.3783      0.5493
0.165      0.4633      0.5107      0.3776      0.5483
0.166      0.4626      0.5101      0.3768      0.5473
0.167      0.4619      0.5094      0.3761      0.5465
0.168      0.4612      0.5087      0.3754      0.5458
0.169      0.4605      0.5080      0.3747      0.5453
0.170      0.4598      0.5073      0.3739      0.5449
0.171      0.4591      0.5066      0.3733      0.5444
0.172      0.4584      0.5059      0.3726      0.5439
0.173      0.4577      0.5052      0.3718      0.5434
0.174      0.4570      0.5045      0.3710      0.5428
0.175      0.4563      0.5039      0.3703      0.5422
0.176      0.4555      0.5032      0.3698      0.5417
0.177      0.4548      0.5025      0.3693      0.5412
0.178      0.4541      0.5018      0.3689      0.5407
0.179      0.4534      0.5010      0.3684      0.5399
0.180      0.4527      0.5003      0.3678      0.5391
0.181      0.4519      0.4996      0.3670      0.5383
0.182      0.4512      0.4989      0.3662      0.5377
0.183      0.4505      0.4982      0.3656      0.5371
0.184      0.4498      0.4975      0.3650      0.5365
0.185      0.4490      0.4968      0.3645      0.5359
0.186      0.4483      0.4961      0.3636      0.5353
0.187      0.4476      0.4954      0.3628      0.5344
0.188      0.4468      0.4946      0.3620      0.5336
0.189      0.4461      0.4939      0.3612      0.5330
0.190      0.4454      0.4932      0.3603      0.5324
0.191      0.4446      0.4925      0.3595      0.5318
0.192      0.4439      0.4917      0.3590      0.5312
0.193      0.4431      0.4910      0.3581      0.5306
0.194      0.4424      0.4903      0.3571      0.5300
0.195      0.4416      0.4896      0.3562      0.5294
0.196      0.4409      0.4888      0.3553      0.5288
0.197      0.4401      0.4881      0.3545      0.5281
0.198      0.4394      0.4874      0.3537      0.5273
0.199      0.4386      0.4866      0.3528      0.5267
0.200      0.4379      0.4859      0.3520      0.5262
0.201      0.4371      0.4851      0.3511      0.5255
0.202      0.4363      0.4844      0.3503      0.5246
0.203      0.4356      0.4836      0.3494      0.5239
0.204      0.4348      0.4829      0.3485      0.5232
0.205      0.4340      0.4821      0.3477      0.5226
0.206      0.4333      0.4814      0.3468      0.5220
0.207      0.4325      0.4806      0.3460      0.5213
0.208      0.4317      0.4799      0.3451      0.5207
0.209      0.4309      0.4791      0.3442      0.5200
0.210      0.4302      0.4784      0.3434      0.5194
0.211      0.4294      0.4776      0.3425      0.5186
0.212      0.4286      0.4768      0.3416      0.5179
0.213      0.4278      0.4761      0.3407      0.5171
0.214      0.4270      0.4753      0.3399      0.5163
0.215      0.4262      0.4745      0.3390      0.5154
0.216      0.4255      0.4738      0.3381      0.5145
0.217      0.4247      0.4730      0.3372      0.5136
0.218      0.4239      0.4722      0.3363      0.5127
0.219      0.4231      0.4714      0.3354      0.5120
0.220      0.4223      0.4707      0.3345      0.5113
0.221      0.4215      0.4699      0.3337      0.5107
0.222      0.4207      0.4691      0.3328      0.5100
0.223      0.4199      0.4683      0.3320      0.5092
0.224      0.4191      0.4675      0.3310      0.5084
0.225      0.4183      0.4667      0.3301      0.5076
0.226      0.4175      0.4659      0.3291      0.5069
0.227      0.4166      0.4652      0.3282      0.5062
0.228      0.4158      0.4644      0.3273      0.5055
0.229      0.4150      0.4636      0.3264      0.5048
0.230      0.4142      0.4628      0.3255      0.5041
0.231      0.4134      0.4620      0.3246      0.5034
0.232      0.4125      0.4612      0.3237      0.5026
0.233      0.4117      0.4604      0.3227      0.5020
0.234      0.4109      0.4595      0.3218      0.5013
0.235      0.4101      0.4587      0.3209      0.5005
0.236      0.4092      0.4579      0.3200      0.4998
0.237      0.4084      0.4571      0.3191      0.4990
0.238      0.4076      0.4563      0.3182      0.4983
0.239      0.4067      0.4555      0.3174      0.4976
0.240      0.4059      0.4547      0.3165      0.4969
0.241      0.4050      0.4538      0.3157      0.4963
0.242      0.4042      0.4530      0.3148      0.4957
0.243      0.4034      0.4522      0.3138      0.4947
0.244      0.4025      0.4513      0.3129      0.4939
0.245      0.4017      0.4505      0.3121      0.4932
0.246      0.4008      0.4497      0.3112      0.4923
0.247      0.3999      0.4488      0.3101      0.4914
0.248      0.3991      0.4480      0.3092      0.4905
0.249      0.3982      0.4472      0.3083      0.4897
0.250      0.3974      0.4463      0.3073      0.4891
0.251      0.3965      0.4455      0.3060      0.4884
0.252      0.3956      0.4446      0.3049      0.4876
0.253      0.3948      0.4438      0.3042      0.4868
0.254      0.3939      0.4429      0.3030      0.4861
0.255      0.3930      0.4421      0.3018      0.4855
0.256      0.3921      0.4412      0.3006      0.4848
0.257      0.3913      0.4404      0.2997      0.4842
0.258      0.3904      0.4395      0.2989      0.4834
0.259      0.3895      0.4386      0.2982      0.4826
0.260      0.3886      0.4378      0.2971      0.4819
0.261      0.3877      0.4369      0.2960      0.4811
0.262      0.3868      0.4360      0.2949      0.4803
0.263      0.3859      0.4352      0.2939      0.4796
0.264      0.3850      0.4343      0.2929      0.4788
0.265      0.3841      0.4334      0.2921      0.4780
0.266      0.3832      0.4325      0.2913      0.4772
0.267      0.3823      0.4317      0.2905      0.4764
0.268      0.3814      0.4308      0.2897      0.4756
0.269      0.3805      0.4299      0.2888      0.4749
0.270      0.3796      0.4290      0.2880      0.4741
0.271      0.3787      0.4281      0.2870      0.4732
0.272      0.3778      0.4272      0.2859      0.4724
0.273      0.3769      0.4263      0.2848      0.4717
0.274      0.3759      0.4254      0.2837      0.4709
0.275      0.3750      0.4245      0.2826      0.4699
0.276      0.3741      0.4236      0.2815      0.4691
0.277      0.3732      0.4227      0.2804      0.4682
0.278      0.3722      0.4218      0.2793      0.4673
0.279      0.3713      0.4209      0.2782      0.4663
0.280      0.3704      0.4200      0.2770      0.4653
0.281      0.3694      0.4190      0.2759      0.4643
0.282      0.3685      0.4181      0.2748      0.4633
0.283      0.3675      0.4172      0.2736      0.4624
0.284      0.3666      0.4163      0.2725      0.4614
0.285      0.3657      0.4154      0.2714      0.4604
0.286      0.3647      0.4144      0.2704      0.4596
0.287      0.3637      0.4135      0.2695      0.4588
0.288      0.3628      0.4126      0.2686      0.4581
0.289      0.3618      0.4116      0.2677      0.4573
0.290      0.3609      0.4107      0.2666      0.4566
0.291      0.3599      0.4097      0.2654      0.4558
0.292      0.3589      0.4088      0.2642      0.4551
0.293      0.3580      0.4078      0.2630      0.4543
0.294      0.3570      0.4069      0.2618      0.4536
0.295      0.3560      0.4059      0.2605      0.4528
0.296      0.3550      0.4050      0.2594      0.4520
0.297      0.3541      0.4040      0.2583      0.4513
0.298      0.3531      0.4031      0.2571      0.4505
0.299      0.3521      0.4021      0.2559      0.4495
0.300      0.3511      0.4011      0.2547      0.4485
0.301      0.3501      0.4002      0.2534      0.4476
0.302      0.3491      0.3992      0.2522      0.4466
0.303      0.3481      0.3982      0.2509      0.4457
0.304      0.3471      0.3972      0.2498      0.4451
0.305      0.3461      0.3963      0.2487      0.4444
0.306      0.3451      0.3953      0.2477      0.4438
0.307      0.3441      0.3943      0.2466      0.4428
0.308      0.3431      0.3933      0.2456      0.4418
0.309      0.3420      0.3923      0.2445      0.4408
0.310      0.3410      0.3913      0.2435      0.4397
0.311      0.3400      0.3903      0.2424      0.4387
0.312      0.3390      0.3893      0.2413      0.4376
0.313      0.3380      0.3883      0.2401      0.4367
0.314      0.3369      0.3873      0.2387      0.4358
0.315      0.3359      0.3863      0.2372      0.4349
0.316      0.3349      0.3853      0.2357      0.4340
0.317      0.3338      0.3843      0.2342      0.4332
0.318      0.3328      0.3832      0.2327      0.4323
0.319      0.3317      0.3822      0.2315      0.4314
0.320      0.3307      0.3812      0.2304      0.4305
0.321      0.3296      0.3802      0.2292      0.4296
0.322      0.3286      0.3791      0.2281      0.4287
0.323      0.3275      0.3781      0.2270      0.4278
0.324      0.3264      0.3771      0.2258      0.4269
0.325      0.3254      0.3760      0.2247      0.4260
0.326      0.3243      0.3750      0.2235      0.4251
0.327      0.3232      0.3739      0.2223      0.4242
0.328      0.3222      0.3729      0.2211      0.4233
0.329      0.3211      0.3718      0.2200      0.4224
0.330      0.3200      0.3708      0.2189      0.4215
0.331      0.3189      0.3697      0.2177      0.4205
0.332      0.3178      0.3687      0.2164      0.4196
0.333      0.3167      0.3676      0.2151      0.4187
0.334      0.3157      0.3665      0.2138      0.4179
0.335      0.3146      0.3654      0.2125      0.4171
0.336      0.3135      0.3644      0.2112      0.4163
0.337      0.3124      0.3633      0.2099      0.4155
0.338      0.3112      0.3622      0.2086      0.4148
0.339      0.3101      0.3611      0.2073      0.4140
0.340      0.3090      0.3600      0.2060      0.4132
0.341      0.3079      0.3590      0.2048      0.4124
0.342      0.3068      0.3579      0.2036      0.4115
0.343      0.3057      0.3568      0.2024      0.4104
0.344      0.3045      0.3557      0.2012      0.4098
0.345      0.3034      0.3546      0.2001      0.4092
0.346      0.3023      0.3534      0.1989      0.4084
0.347      0.3011      0.3523      0.1975      0.4076
0.348      0.3000      0.3512      0.1961      0.4068
0.349      0.2988      0.3501      0.1945      0.4058
0.350      0.2977      0.3490      0.1928      0.4048
0.351      0.2965      0.3479      0.1912      0.4037
0.352      0.2954      0.3467      0.1898      0.4027
0.353      0.2942      0.3456      0.1884      0.4016
0.354      0.2931      0.3445      0.1870      0.4005
0.355      0.2919      0.3433      0.1857      0.3995
0.356      0.2907      0.3422      0.1843      0.3984
0.357      0.2896      0.3410      0.1829      0.3973
0.358      0.2884      0.3399      0.1813      0.3962
0.359      0.2872      0.3387      0.1796      0.3952
0.360      0.2860      0.3376      0.1780      0.3941
0.361      0.2848      0.3364      0.1763      0.3931
0.362      0.2836      0.3352      0.1746      0.3922
0.363      0.2824      0.3341      0.1734      0.3912
0.364      0.2812      0.3329      0.1722      0.3903
0.365      0.2800      0.3317      0.1710      0.3893
0.366      0.2788      0.3306      0.1697      0.3883
0.367      0.2776      0.3294      0.1682      0.3874
0.368      0.2764      0.3282      0.1667      0.3864
0.369      0.2752      0.3270      0.1652      0.3854
0.370      0.2740      0.3258      0.1637      0.3844
0.371      0.2727      0.3246      0.1622      0.3834
0.372      0.2715      0.3234      0.1606      0.3825
0.373      0.2703      0.3222      0.1591      0.3815
0.374      0.2690      0.3210      0.1572      0.3805
0.375      0.2678      0.3198      0.1555      0.3795
0.376      0.2666      0.3186      0.1541      0.3785
0.377      0.2653      0.3173      0.1526      0.3775
0.378      0.2640      0.3161      0.1512      0.3765
0.379      0.2628      0.3149      0.1495      0.3755
0.380      0.2615      0.3137      0.1479      0.3745
0.381      0.2603      0.3124      0.1464      0.3734
0.382      0.2590      0.3112      0.1450      0.3724
0.383      0.2577      0.3099      0.1435      0.3714
0.384      0.2564      0.3087      0.1419      0.3705
0.385      0.2552      0.3074      0.1403      0.3698
0.386      0.2539      0.3062      0.1387      0.3691
0.387      0.2526      0.3049      0.1371      0.3685
0.388      0.2513      0.3036      0.1354      0.3678
0.389      0.2500      0.3024      0.1340      0.3672
0.390      0.2487      0.3011      0.1327      0.3665
0.391      0.2474      0.2998      0.1310      0.3658
0.392      0.2461      0.2985      0.1292      0.3652
0.393      0.2447      0.2973      0.1273      0.3641
0.394      0.2434      0.2960      0.1258      0.3630
0.395      0.2421      0.2947      0.1244      0.3620
0.396      0.2408      0.2934      0.1230      0.3609
0.397      0.2394      0.2921      0.1215      0.3598
0.398      0.2381      0.2908      0.1201      0.3587
0.399      0.2368      0.2895      0.1184      0.3576
0.400      0.2354      0.2881      0.1166      0.3565
0.401      0.2341      0.2868      0.1148      0.3554
0.402      0.2327      0.2855      0.1130      0.3543
0.403      0.2313      0.2842      0.1115      0.3532
0.404      0.2300      0.2828      0.1099      0.3521
0.405      0.2286      0.2815      0.1082      0.3510
0.406      0.2272      0.2801      0.1064      0.3499
0.407      0.2258      0.2788      0.1046      0.3488
0.408      0.2245      0.2774      0.1028      0.3476
0.409      0.2231      0.2761      0.1010      0.3465
0.410      0.2217      0.2747      0.0992      0.3454
0.411      0.2203      0.2734      0.0975      0.3442
0.412      0.2189      0.2720      0.0958      0.3431
0.413      0.2175      0.2706      0.0942      0.3420
0.414      0.2161      0.2692      0.0927      0.3408
0.415      0.2146      0.2679      0.0911      0.3397
0.416      0.2132      0.2665      0.0895      0.3385
0.417      0.2118      0.2651      0.0879      0.3374
0.418      0.2104      0.2637      0.0863      0.3362
0.419      0.2089      0.2623      0.0847      0.3350
0.420      0.2075      0.2609      0.0831      0.3339
0.421      0.2060      0.2594      0.0810      0.3327
0.422      0.2046      0.2580      0.0788      0.3315
0.423      0.2031      0.2566      0.0767      0.3303
0.424      0.2017      0.2552      0.0749      0.3291
0.425      0.2002      0.2537      0.0731      0.3280
0.426      0.1987      0.2523      0.0714      0.3271
0.427      0.1972      0.2509      0.0693      0.3259
0.428      0.1958      0.2494      0.0675      0.3246
0.429      0.1943      0.2480      0.0657      0.3234
0.430      0.1928      0.2465      0.0639      0.3222
0.431      0.1913      0.2450      0.0621      0.3209
0.432      0.1898      0.2436      0.0603      0.3197
0.433      0.1883      0.2421      0.0584      0.3183
0.434      0.1868      0.2406      0.0565      0.3170
0.435      0.1852      0.2391      0.0547      0.3158
0.436      0.1837      0.2376      0.0529      0.3146
0.437      0.1822      0.2362      0.0511      0.3133
0.438      0.1807      0.2347      0.0492      0.3121
0.439      0.1791      0.2331      0.0470      0.3108
0.440      0.1776      0.2316      0.0451      0.3096
0.441      0.1760      0.2301      0.0433      0.3083
0.442      0.1745      0.2286      0.0415      0.3070
0.443      0.1729      0.2271      0.0397      0.3058
0.444      0.1713      0.2255      0.0379      0.3045
0.445      0.1697      0.2240      0.0360      0.3032
0.446      0.1682      0.2225      0.0339      0.3019
0.447      0.1666      0.2209      0.0318      0.3006
0.448      0.1650      0.2194      0.0296      0.2993
0.449      0.1634      0.2178      0.0274      0.2980
0.450      0.1618      0.2162      0.0252      0.2967
0.451      0.1602      0.2147      0.0231      0.2954
0.452      0.1586      0.2131      0.0209      0.2943
0.453      0.1569      0.2115      0.0188      0.2930
0.454      0.1553      0.2099      0.0168      0.2920
0.455      0.1537      0.2083      0.0148      0.2910
0.456      0.1520      0.2067      0.0127      0.2899
0.457      0.1504      0.2051      0.0105      0.2889
0.458      0.1487      0.2035      0.0084      0.2878
0.459      0.1471      0.2019      0.0062      0.2868
0.460      0.1454      0.2003      0.0040      0.2857
0.461      0.1438      0.1986      0.0018      0.2846
0.462      0.1421      0.1970     -0.0004      0.2836
0.463      0.1404      0.1953     -0.0026      0.2825
0.464      0.1387      0.1937     -0.0047      0.2814
0.465      0.1370      0.1920     -0.0068      0.2800
0.466      0.1353      0.1904     -0.0089      0.2786
0.467      0.1336      0.1887     -0.0110      0.2772
0.468      0.1319      0.1870     -0.0131      0.2761
0.469      0.1302      0.1854     -0.0153      0.2750
0.470      0.1285      0.1837     -0.0174      0.2738
0.471      0.1267      0.1820     -0.0196      0.2727
0.472      0.1250      0.1803     -0.0218      0.2714
0.473      0.1232      0.1786     -0.0239      0.2699
0.474      0.1215      0.1769     -0.0261      0.2687
0.475      0.1197      0.1751     -0.0283      0.2675
0.476      0.1180      0.1734     -0.0305      0.2664
0.477      0.1162      0.1717     -0.0328      0.2651
0.478      0.1144      0.1699     -0.0351      0.2635
0.479      0.1126      0.1682     -0.0375      0.2619
0.480      0.1108      0.1664     -0.0399      0.2603
0.481      0.1090      0.1647     -0.0423      0.2592
0.482      0.1072      0.1629     -0.0447      0.2581
0.483      0.1054      0.1612     -0.0471      0.2571
0.484      0.1036      0.1594     -0.0495      0.2560
0.485      0.1017      0.1576     -0.0521      0.2547
0.486      0.0999      0.1558     -0.0546      0.2532
0.487      0.0981      0.1540     -0.0572      0.2517
0.488      0.0962      0.1522     -0.0598      0.2502
0.489      0.0944      0.1504     -0.0620      0.2487
0.490      0.0925      0.1486     -0.0642      0.2474
0.491      0.0906      0.1467     -0.0666      0.2462
0.492      0.0887      0.1449     -0.0690      0.2447
0.493      0.0869      0.1430     -0.0712      0.2432
0.494      0.0850      0.1412     -0.0734      0.2418
0.495      0.0831      0.1393     -0.0756      0.2403
0.496      0.0812      0.1375     -0.0778      0.2388
0.497      0.0792      0.1356     -0.0800      0.2373
0.498      0.0773      0.1337     -0.0822      0.2358
0.499      0.0754      0.1318     -0.0845      0.2343
0.500      0.0734      0.1299     -0.0871      0.2328
0.501      0.0715      0.1280     -0.0896      0.2317
0.502      0.0695      0.1261     -0.0922      0.2306
0.503      0.0676      0.1242     -0.0947      0.2291
0.504      0.0656      0.1223     -0.0973      0.2274
0.505      0.0636      0.1204     -0.0999      0.2257
0.506      0.0616      0.1184     -0.1024      0.2241
0.507      0.0596      0.1165     -0.1050      0.2224
0.508      0.0576      0.1145     -0.1077      0.2207
0.509      0.0556      0.1125     -0.1103      0.2192
0.510      0.0536      0.1106     -0.1132      0.2178
0.511      0.0516      0.1086     -0.1162      0.2164
0.512      0.0496      0.1066     -0.1192      0.2150
0.513      0.0475      0.1046     -0.1218      0.2135
0.514      0.0455      0.1026     -0.1242      0.2121
0.515      0.0434      0.1006     -0.1267      0.2107
0.516      0.0413      0.0986     -0.1292      0.2092
0.517      0.0392      0.0965     -0.1317      0.2077
0.518      0.0372      0.0945     -0.1344      0.2061
0.519      0.0351      0.0925     -0.1371      0.2044
0.520      0.0330      0.0904     -0.1398      0.2027
0.521      0.0308      0.0883     -0.1426      0.2012
0.522      0.0287      0.0863     -0.1454      0.1997
0.523      0.0266      0.0842     -0.1481      0.1979
0.524      0.0245      0.0821     -0.1509      0.1960
0.525      0.0223      0.0800     -0.1537      0.1942
0.526      0.0201      0.0779     -0.1565      0.1927
0.527      0.0180      0.0758     -0.1593      0.1911
0.528      0.0158      0.0736     -0.1620      0.1896
0.529      0.0136      0.0715     -0.1647      0.1880
0.530      0.0114      0.0694     -0.1675      0.1862
0.531      0.0092      0.0672     -0.1703      0.1841
0.532      0.0070      0.0650     -0.1732      0.1820
0.533      0.0048      0.0629     -0.1761      0.1801
0.534      0.0025      0.0607     -0.1790      0.1783
0.535      0.0003      0.0585     -0.1820      0.1766
0.536     -0.0019      0.0563     -0.1849      0.1747
0.537     -0.0042      0.0541     -0.1879      0.1729
0.538     -0.0065      0.0519     -0.1909      0.1711
0.539     -0.0088      0.0496     -0.1939      0.1693
0.540     -0.0111      0.0474     -0.1969      0.1675
0.541     -0.0134      0.0452     -0.1999      0.1656
0.542     -0.0157      0.0429     -0.2029      0.1638
0.543     -0.0180      0.0406     -0.2060      0.1619
0.544     -0.0203      0.0384     -0.2090      0.1600
0.545     -0.0227      0.0361     -0.2121      0.1582
0.546     -0.0250      0.0338     -0.2151      0.1563
0.547     -0.0274      0.0315     -0.2180      0.1546
0.548     -0.0297      0.0291     -0.2208      0.1526
0.549     -0.0321      0.0268     -0.2237      0.1508
0.550     -0.0345      0.0245     -0.2265      0.1490
0.551     -0.0369      0.0221     -0.2293      0.1472
0.552     -0.0393      0.0198     -0.2320      0.1455
0.553     -0.0418      0.0174     -0.2348      0.1437
0.554     -0.0442      0.0150     -0.2377      0.1419
0.555     -0.0467      0.0126     -0.2405      0.1401
0.556     -0.0491      0.0102     -0.2433      0.1383
0.557     -0.0516      0.0078     -0.2462      0.1365
0.558     -0.0541      0.0054     -0.2490      0.1349
0.559     -0.0566      0.0030     -0.2519      0.1333
0.560     -0.0591      0.0005     -0.2548      0.1313
0.561     -0.0616     -0.0019     -0.2577      0.1292
0.562     -0.0641     -0.0044     -0.2606      0.1273
0.563     -0.0666     -0.0069     -0.2635      0.1254
0.564     -0.0692     -0.0094     -0.2668      0.1240
0.565     -0.0718     -0.0119     -0.2702      0.1226
0.566     -0.0743     -0.0144     -0.2736      0.1213
0.567     -0.0769     -0.0169     -0.2770      0.1199
0.568     -0.0795     -0.0195     -0.2804      0.1178
0.569     -0.0821     -0.0220     -0.2837      0.1158
0.570     -0.0847     -0.0246     -0.2869      0.1137
0.571     -0.0874     -0.0271     -0.2902      0.1117
0.572     -0.0900     -0.0297     -0.2935      0.1096
0.573     -0.0927     -0.0323     -0.2968      0.1075
0.574     -0.0954     -0.0349     -0.3001      0.1055
0.575     -0.0980     -0.0376     -0.3034      0.1034
0.576     -0.1007     -0.0402     -0.3068      0.1013
0.577     -0.1034     -0.0428     -0.3101      0.0995
0.578     -0.1062     -0.0455     -0.3135      0.0977
0.579     -0.1089     -0.0482     -0.3169      0.0958
0.580     -0.1116     -0.0508     -0.3206      0.0938
0.581     -0.1144     -0.0535     -0.3242      0.0916
0.582     -0.1172     -0.0563     -0.3276      0.0895
0.583     -0.1200     -0.0590     -0.3310      0.0873
0.584     -0.1228     -0.0617     -0.3344      0.0851
0.585     -0.1256     -0.0645     -0.3378      0.0829
0.586     -0.1284     -0.0672     -0.3413      0.0809
0.587     -0.1313     -0.0700     -0.3447      0.0789
0.588     -0.1341     -0.0728     -0.3482      0.0769
0.589     -0.1370     -0.0756     -0.3520      0.0749
0.590     -0.1399     -0.0784     -0.3554      0.0728
0.591     -0.1428     -0.0812     -0.3590      0.0708
0.592     -0.1457     -0.0841     -0.3628      0.0687
0.593     -0.1486     -0.0869     -0.3667      0.0667
0.594     -0.1515     -0.0898     -0.3706      0.0646
0.595     -0.1545     -0.0927     -0.3746      0.0625
0.596     -0.1575     -0.0956     -0.3785      0.0604
0.597     -0.1604     -0.0985     -0.3825      0.0583
0.598     -0.1634     -0.1014     -0.3865      0.0561
0.599     -0.1665     -0.1044     -0.3905      0.0540
0.600     -0.1695     -0.1073     -0.3946      0.0519
0.601     -0.1725     -0.1103     -0.3987      0.0497
0.602     -0.1756     -0.1133     -0.4027      0.0475
0.603     -0.1787     -0.1163     -0.4068      0.0454
0.604     -0.1818     -0.1193     -0.4110      0.0432
0.605     -0.1849     -0.1224     -0.4151      0.0410
0.606     -0.1880     -0.1254     -0.4193      0.0388
0.607     -0.1911     -0.1285     -0.4235      0.0368
0.608     -0.1943     -0.1316     -0.4277      0.0347
0.609     -0.1975     -0.1347     -0.4318      0.0326
0.610     -0.2006     -0.1378     -0.4358      0.0306
0.611     -0.2038     -0.1409     -0.4398      0.0280
0.612     -0.2071     -0.1440     -0.4438      0.0254
0.613     -0.2103     -0.1472     -0.4478      0.0230
0.614     -0.2135     -0.1504     -0.4518      0.0207
0.615     -0.2168     -0.1536     -0.4559      0.0184
0.616     -0.2201     -0.1568     -0.4600      0.0160
0.617     -0.2234     -0.1600     -0.4641      0.0137
0.618     -0.2267     -0.1633     -0.4682      0.0114
0.619     -0.2301     -0.1665     -0.4724      0.0090
0.620     -0.2334     -0.1698     -0.4766      0.0066
0.621     -0.2368     -0.1731     -0.4810      0.0042
0.622     -0.2402     -0.1764     -0.4855      0.0018
0.623     -0.2436     -0.1797     -0.4901     -0.0006
0.624     -0.2470     -0.1831     -0.4946     -0.0030
0.625     -0.2505     -0.1864     -0.4993     -0.0055
0.626     -0.2539     -0.1898     -0.5039     -0.0079
0.627     -0.2574     -0.1932     -0.5086     -0.0104
0.628     -0.2609     -0.1966     -0.5132     -0.0128
0.629     -0.2644     -0.2001     -0.5178     -0.0153
0.630     -0.2680     -0.2035     -0.5222     -0.0177
0.631     -0.2715     -0.2070     -0.5267     -0.0202
0.632     -0.2751     -0.2105     -0.5312     -0.0226
0.633     -0.2787     -0.2140     -0.5357     -0.0251
0.634     -0.2823     -0.2176     -0.5404     -0.0276
0.635     -0.2860     -0.2211     -0.5453     -0.0301
0.636     -0.2896     -0.2247     -0.5501     -0.0326
0.637     -0.2933     -0.2283     -0.5551     -0.0351
0.638     -0.2970     -0.2319     -0.5600     -0.0377
0.639     -0.3007     -0.2355     -0.5649     -0.0402
0.640     -0.3045     -0.2392     -0.5699     -0.0428
0.641     -0.3082     -0.2428     -0.5750     -0.0454
0.642     -0.3120     -0.2465     -0.5800     -0.0480
0.643     -0.3158     -0.2502     -0.5851     -0.0506
0.644     -0.3196     -0.2540     -0.5902     -0.0532
0.645     -0.3235     -0.2577     -0.5953     -0.0559
0.646     -0.3273     -0.2615     -0.6005     -0.0585
0.647     -0.3312     -0.2653     -0.6057     -0.0612
0.648     -0.3351     -0.2691     -0.6109     -0.0639
0.649     -0.3391     -0.2730     -0.6161     -0.0666
0.650     -0.3430     -0.2768     -0.6214     -0.0693
0.651     -0.3470     -0.2807     -0.6267     -0.0721
0.652     -0.3510     -0.2846     -0.6320     -0.0748
0.653     -0.3550     -0.2886     -0.6374     -0.0776
0.654     -0.3591     -0.2925     -0.6428     -0.0803
0.655     -0.3631     -0.2965     -0.6482     -0.0831
0.656     -0.3672     -0.3005     -0.6537     -0.0860
0.657     -0.3713     -0.3045     -0.6592     -0.0888
0.658     -0.3755     -0.3086     -0.6647     -0.0916
0.659     -0.3797     -0.3126     -0.6701     -0.0945
0.660     -0.3838     -0.3167     -0.6751     -0.0974
0.661     -0.3881     -0.3208     -0.6801     -0.1003
0.662     -0.3923     -0.3250     -0.6851     -0.1032
0.663     -0.3966     -0.3291     -0.6904     -0.1061
0.664     -0.4009     -0.3333     -0.6963     -0.1091
0.665     -0.4052     -0.3375     -0.7022     -0.1120
0.666     -0.4095     -0.3418     -0.7082     -0.1150
0.667     -0.4139     -0.3461     -0.7141     -0.1180
0.668     -0.4183     -0.3504     -0.7198     -0.1211
0.669     -0.4227     -0.3547     -0.7255     -0.1241
0.670     -0.4272     -0.3590     -0.7312     -0.1271
0.671     -0.4316     -0.3634     -0.7367     -0.1302
0.672     -0.4361     -0.3678     -0.7422     -0.1333
0.673     -0.4407     -0.3722     -0.7477     -0.1364
0.674     -0.4452     -0.3767     -0.7537     -0.1396
0.675     -0.4498     -0.3811     -0.7599     -0.1427
0.676     -0.4544     -0.3856     -0.7662     -0.1459
0.677     -0.4591     -0.3902     -0.7725     -0.1491
0.678     -0.4637     -0.3947     -0.7788     -0.1523
0.679     -0.4684     -0.3993     -0.7850     -0.1555
0.680     -0.4732     -0.4040     -0.7912     -0.1588
0.681     -0.4779     -0.4086     -0.7974     -0.1620
0.682     -0.4827     -0.4133     -0.8039     -0.1653
0.683     -0.4875     -0.4180     -0.8104     -0.1686
0.684     -0.4924     -0.4227     -0.8169     -0.1720
0.685     -0.4973     -0.4275     -0.8235     -0.1753
0.686     -0.5022     -0.4323     -0.8301     -0.1787
0.687     -0.5071     -0.4371     -0.8368     -0.1821
0.688     -0.5121     -0.4420     -0.8435     -0.1855
0.689     -0.5171     -0.4469     -0.8503     -0.1890
0.690     -0.5221     -0.4518     -0.8571     -0.1924
0.691     -0.5272     -0.4567     -0.8639     -0.1959
0.692     -0.5323     -0.4617     -0.8708     -0.1995
0.693     -0.5375     -0.4668     -0.8778     -0.2031
0.694     -0.5426     -0.4718     -0.8847     -0.2068
0.695     -0.5478     -0.4769     -0.8918     -0.2105
0.696     -0.5531     -0.4820     -0.8988     -0.2142
0.697     -0.5584     -0.4872     -0.9060     -0.2179
0.698     -0.5637     -0.4923     -0.9131     -0.2217
0.699     -0.5690     -0.4976     -0.9203     -0.2255
0.700     -0.5744     -0.5028     -0.9276     -0.2293
0.701     -0.5798     -0.5081     -0.9349     -0.2332
0.702     -0.5853     -0.5134     -0.9423     -0.2370
0.703     -0.5907     -0.5188     -0.9497     -0.2412
0.704     -0.5963     -0.5242     -0.9572     -0.2455
0.705     -0.6018     -0.5296     -0.9647     -0.2498
0.706     -0.6074     -0.5351     -0.9722     -0.2541
0.707     -0.6131     -0.5406     -0.9798     -0.2585
0.708     -0.6188     -0.5462     -0.9875     -0.2629
0.709     -0.6245     -0.5518     -0.9951     -0.2673
0.710     -0.6302     -0.5574     -1.0023     -0.2718
0.711     -0.6360     -0.5630     -1.0096     -0.2762
0.712     -0.6419     -0.5687     -1.0169     -0.2802
0.713     -0.6477     -0.5745     -1.0243     -0.2842
0.714     -0.6537     -0.5803     -1.0324     -0.2883
0.715     -0.6596     -0.5861     -1.0408     -0.2924
0.716     -0.6656     -0.5919     -1.0493     -0.2965
0.717     -0.6717     -0.5979     -1.0579     -0.3006
0.718     -0.6778     -0.6038     -1.0661     -0.3048
0.719     -0.6839     -0.6098     -1.0741     -0.3090
0.720     -0.6901     -0.6158     -1.0821     -0.3133
0.721     -0.6963     -0.6219     -1.0903     -0.3175
0.722     -0.7026     -0.6280     -1.0984     -0.3218
0.723     -0.7089     -0.6342     -1.1066     -0.3261
0.724     -0.7152     -0.6404     -1.1149     -0.3305
0.725     -0.7216     -0.6466     -1.1233     -0.3349
0.726     -0.7281     -0.6529     -1.1319     -0.3393
0.727     -0.7346     -0.6593     -1.1407     -0.3438
0.728     -0.7411     -0.6657     -1.1495     -0.3482
0.729     -0.7477     -0.6721     -1.1584     -0.3528
0.730     -0.7543     -0.6786     -1.1673     -0.3573
0.731     -0.7610     -0.6851     -1.1763     -0.3619
0.732     -0.7678     -0.6917     -1.1854     -0.3666
0.733     -0.7746     -0.6983     -1.1945     -0.3714
0.734     -0.7814     -0.7050     -1.2037     -0.3762
0.735     -0.7883     -0.7118     -1.2130     -0.3811
0.736     -0.7952     -0.7185     -1.2223     -0.3861
0.737     -0.8022     -0.7254     -1.2318     -0.3910
0.738     -0.8093     -0.7323     -1.2411     -0.3960
0.739     -0.8164     -0.7392     -1.2499     -0.4011
0.740     -0.8236     -0.7462     -1.2589     -0.4062
0.741     -0.8308     -0.7532     -1.2678     -0.4113
0.742     -0.8380     -0.7603     -1.2769     -0.4164
0.743     -0.8454     -0.7675     -1.2860     -0.4216
0.744     -0.8528     -0.7747     -1.2952     -0.4269
0.745     -0.8602     -0.7820     -1.3045     -0.4322
0.746     -0.8677     -0.7893     -1.3138     -0.4375
0.747     -0.8753     -0.7967     -1.3235     -0.4429
0.748     -0.8829     -0.8041     -1.3334     -0.4481
0.749     -0.8906     -0.8116     -1.3434     -0.4531
0.750     -0.8983     -0.8192     -1.3535     -0.4582
0.751     -0.9061     -0.8268     -1.3637     -0.4633
0.752     -0.9140     -0.8345     -1.3740     -0.4684
0.753     -0.9219     -0.8423     -1.3843     -0.4736
0.754     -0.9299     -0.8501     -1.3947     -0.4789
0.755     -0.9380     -0.8580     -1.4052     -0.4841
0.756     -0.9461     -0.8659     -1.4158     -0.4895
0.757     -0.9543     -0.8739     -1.4265     -0.4949
0.758     -0.9626     -0.8820     -1.4373     -0.5012
0.759     -0.9709     -0.8901     -1.4481     -0.5073
0.760     -0.9793     -0.8983     -1.4591     -0.5129
0.761     -0.9878     -0.9066     -1.4701     -0.5185
0.762     -0.9963     -0.9149     -1.4814     -0.5242
0.763     -1.0049     -0.9233     -1.4931     -0.5299
0.764     -1.0136     -0.9318     -1.5049     -0.5357
0.765     -1.0224     -0.9404     -1.5168     -0.5415
0.766     -1.0312     -0.9490     -1.5287     -0.5473
0.767     -1.0401     -0.9577     -1.5408     -0.5533
0.768     -1.0491     -0.9665     -1.5530     -0.5594
0.769     -1.0582     -0.9753     -1.5653     -0.5660
0.770     -1.0673     -0.9843     -1.5772     -0.5727
0.771     -1.0765     -0.9933     -1.5888     -0.5784
0.772     -1.0858     -1.0024     -1.6011     -0.5846
0.773     -1.0952     -1.0115     -1.6139     -0.5910
0.774     -1.1047     -1.0208     -1.6269     -0.5975
0.775     -1.1143     -1.0301     -1.6395     -0.6041
0.776     -1.1239     -1.0395     -1.6520     -0.6107
0.777     -1.1336     -1.0490     -1.6647     -0.6173
0.778     -1.1434     -1.0586     -1.6775     -0.6241
0.779     -1.1533     -1.0683     -1.6904     -0.6309
0.780     -1.1633     -1.0781     -1.7034     -0.6377
0.781     -1.1734     -1.0879     -1.7165     -0.6446
0.782     -1.1836     -1.0979     -1.7297     -0.6516
0.783     -1.1939     -1.1079     -1.7431     -0.6586
0.784     -1.2042     -1.1180     -1.7566     -0.6658
0.785     -1.2147     -1.1282     -1.7702     -0.6729
0.786     -1.2252     -1.1386     -1.7839     -0.6802
0.787     -1.2359     -1.1490     -1.7978     -0.6875
0.788     -1.2467     -1.1595     -1.8121     -0.6948
0.789     -1.2575     -1.1701     -1.8265     -0.7023
0.790     -1.2685     -1.1808     -1.8410     -0.7098
0.791     -1.2796     -1.1916     -1.8557     -0.7174
0.792     -1.2907     -1.2025     -1.8705     -0.7251
0.793     -1.3020     -1.2135     -1.8855     -0.7328
0.794     -1.3134     -1.2247     -1.9006     -0.7406
0.795     -1.3249     -1.2359     -1.9158     -0.7485
0.796     -1.3365     -1.2473     -1.9312     -0.7565
0.797     -1.3483     -1.2587     -1.9468     -0.7645
0.798     -1.3601     -1.2703     -1.9625     -0.7726
0.799     -1.3721     -1.2820     -1.9783     -0.7805
0.800     -1.3842     -1.2938     -1.9947     -0.7883
0.801     -1.3964     -1.3057     -2.0113     -0.7961
0.802     -1.4087     -1.3178     -2.0281     -0.8040
0.803     -1.4212     -1.3299     -2.0450     -0.8120
0.804     -1.4338     -1.3422     -2.0615     -0.8204
0.805     -1.4465     -1.3546     -2.0782     -0.8294
0.806     -1.4593     -1.3672     -2.0950     -0.8385
0.807     -1.4723     -1.3798     -2.1120     -0.8477
0.808     -1.4854     -1.3927     -2.1292     -0.8570
0.809     -1.4987     -1.4056     -2.1465     -0.8664
0.810     -1.5120     -1.4187     -2.1641     -0.8758
0.811     -1.5256     -1.4319     -2.1818     -0.8854
0.812     -1.5392     -1.4452     -2.1999     -0.8951
0.813     -1.5531     -1.4587     -2.2182     -0.9049
0.814     -1.5670     -1.4724     -2.2367     -0.9148
0.815     -1.5812     -1.4862     -2.2555     -0.9248
0.816     -1.5954     -1.5001     -2.2744     -0.9349
0.817     -1.6099     -1.5142     -2.2935     -0.9451
0.818     -1.6244     -1.5285     -2.3128     -0.9554
0.819     -1.6392     -1.5429     -2.3324     -0.9658
0.820     -1.6541     -1.5574     -2.3522     -0.9764
0.821     -1.6692     -1.5722     -2.3722     -0.9871
0.822     -1.6844     -1.5871     -2.3924     -0.9979
0.823     -1.6999     -1.6021     -2.4128     -1.0088
0.824     -1.7155     -1.6174     -2.4335     -1.0198
0.825     -1.7312     -1.6328     -2.4544     -1.0310
0.826     -1.7472     -1.6484     -2.4756     -1.0423
0.827     -1.7633     -1.6641     -2.4969     -1.0537
0.828     -1.7797     -1.6801     -2.5186     -1.0653
0.829     -1.7962     -1.6962     -2.5405     -1.0770
0.830     -1.8129     -1.7125     -2.5626     -1.0888
0.831     -1.8298     -1.7290     -2.5851     -1.1008
0.832     -1.8469     -1.7458     -2.6077     -1.1129
0.833     -1.8642     -1.7627     -2.6307     -1.1251
0.834     -1.8818     -1.7798     -2.6534     -1.1373
0.835     -1.8995     -1.7971     -2.6761     -1.1494
0.836     -1.9175     -1.8147     -2.6990     -1.1617
0.837     -1.9356     -1.8324     -2.7223     -1.1741
0.838     -1.9540     -1.8504     -2.7458     -1.1867
0.839     -1.9727     -1.8686     -2.7698     -1.1995
0.840     -1.9915     -1.8870     -2.7953     -1.2124
0.841     -2.0106     -1.9057     -2.8210     -1.2255
0.842     -2.0300     -1.9246     -2.8471     -1.2387
0.843     -2.0496     -1.9437     -2.8736     -1.2521
0.844     -2.0694     -1.9631     -2.9004     -1.2657
0.845     -2.0895     -1.9827     -2.9275     -1.2795
0.846     -2.1098     -2.0026     -2.9547     -1.2934
0.847     -2.1305     -2.0227     -2.9817     -1.3075
0.848     -2.1514     -2.0431     -3.0092     -1.3218
0.849     -2.1725     -2.0638     -3.0369     -1.3367
0.850     -2.1940     -2.0847     -3.0651     -1.3524
0.851     -2.2157     -2.1060     -3.0936     -1.3678
0.852     -2.2377     -2.1275     -3.1225     -1.3829
0.853     -2.2601     -2.1493     -3.1518     -1.3983
0.854     -2.2827     -2.1714     -3.1815     -1.4138
0.855     -2.3057     -2.1938     -3.2116     -1.4296
0.856     -2.3289     -2.2166     -3.2421     -1.4456
0.857     -2.3525     -2.2396     -3.2731     -1.4618
0.858     -2.3765     -2.2630     -3.3045     -1.4783
0.859     -2.4007     -2.2867     -3.3363     -1.4950
0.860     -2.4253     -2.3107     -3.3686     -1.5119
0.861     -2.4503     -2.3351     -3.4014     -1.5291
0.862     -2.4756     -2.3599     -3.4346     -1.5468
0.863     -2.5013     -2.3850     -3.4683     -1.5647
0.864     -2.5274     -2.4104     -3.5025     -1.5829
0.865     -2.5539     -2.4363     -3.5372     -1.6014
0.866     -2.5807     -2.4625     -3.5725     -1.6201
0.867     -2.6080     -2.4891     -3.6082     -1.6391
0.868     -2.6357     -2.5162     -3.6445     -1.6584
0.869     -2.6638     -2.5436     -3.6814     -1.6781
0.870     -2.6923     -2.5715     -3.7188     -1.6980
0.871     -2.7213     -2.5998     -3.7568     -1.7182
0.872     -2.7507     -2.6285     -3.7954     -1.7387
0.873     -2.7806     -2.6577     -3.8347     -1.7596
0.874     -2.8110     -2.6874     -3.8745     -1.7809
0.875     -2.8418     -2.7175     -3.9150     -1.8031
0.876     -2.8732     -2.7481     -3.9561     -1.8256
0.877     -2.9050     -2.7792     -3.9979     -1.8485
0.878     -2.9374     -2.8109     -4.0404     -1.8718
0.879     -2.9703     -2.8430     -4.0835     -1.8955
0.880     -3.0038     -2.8757     -4.1274     -1.9195
0.881     -3.0378     -2.9089     -4.1721     -1.9440
0.882     -3.0724     -2.9427     -4.2175     -1.9688
0.883     -3.1076     -2.9771     -4.2636     -1.9942
0.884     -3.1434     -3.0121     -4.3106     -2.0199
0.885     -3.1798     -3.0477     -4.3584     -2.0461
0.886     -3.2169     -3.0839     -4.4070     -2.0727
0.887     -3.2546     -3.1207     -4.4564     -2.0998
0.888     -3.2930     -3.1582     -4.5063     -2.1274
0.889     -3.3321     -3.1964     -4.5571     -2.1555
0.890     -3.3719     -3.2352     -4.6088     -2.1823
0.891     -3.4124     -3.2748     -4.6615     -2.2097
0.892     -3.4537     -3.3151     -4.7151     -2.2375
0.893     -3.4957     -3.3562     -4.7703     -2.2659
0.894     -3.5385     -3.3980     -4.8276     -2.2947
0.895     -3.5822     -3.4407     -4.8859     -2.3242
0.896     -3.6267     -3.4841     -4.9446     -2.3542
0.897     -3.6720     -3.5284     -5.0041     -2.3848
0.898     -3.7183     -3.5736     -5.0648     -2.4160
0.899     -3.7655     -3.6197     -5.1267     -2.4478
0.900     -3.8136     -3.6667     -5.1898     -2.4802
0.901     -3.8626     -3.7146     -5.2546     -2.5145
0.902     -3.9127     -3.7635     -5.3208     -2.5494
0.903     -3.9638     -3.8134     -5.3884     -2.5851
0.904     -4.0160     -3.8644     -5.4574     -2.6215
0.905     -4.0693     -3.9164     -5.5278     -2.6586
0.906     -4.1237     -3.9696     -5.5997     -2.6966
0.907     -4.1793     -4.0239     -5.6732     -2.7354
0.908     -4.2361     -4.0793     -5.7483     -2.7750
0.909     -4.2941     -4.1360     -5.8250     -2.8155
0.910     -4.3534     -4.1940     -5.9034     -2.8569
0.911     -4.4141     -4.2532     -5.9836     -2.8992
0.912     -4.4761     -4.3138     -6.0656     -2.9426
0.913     -4.5396     -4.3758     -6.1495     -2.9875
0.914     -4.6045     -4.4392     -6.2354     -3.0322
0.915     -4.6710     -4.5042     -6.3232     -3.0784
0.916     -4.7390     -4.5706     -6.4132     -3.1259
0.917     -4.8087     -4.6387     -6.5053     -3.1745
0.918     -4.8801     -4.7084     -6.5997     -3.2243
0.919     -4.9533     -4.7799     -6.6964     -3.2754
0.920     -5.0282     -4.8531     -6.7961     -3.3277
0.921     -5.1051     -4.9282     -6.8986     -3.3813
0.922     -5.1840     -5.0052     -7.0037     -3.4363
0.923     -5.2649     -5.0842     -7.1116     -3.4925
0.924     -5.3479     -5.1653     -7.2223     -3.5497
0.925     -5.4332     -5.2486     -7.3360     -3.6085
0.926     -5.5207     -5.3341     -7.4527     -3.6688
0.927     -5.6106     -5.4220     -7.5726     -3.7308
0.928     -5.7031     -5.5122     -7.6959     -3.7945
0.929     -5.7981     -5.6051     -7.8226     -3.8601
0.930     -5.8959     -5.7006     -7.9530     -3.9275
0.931     -5.9965     -5.7988     -8.0857     -3.9968
0.932     -6.1000     -5.9000     -8.2208     -4.0682
0.933     -6.2067     -6.0041     -8.3599     -4.1417
0.934     -6.3166     -6.1115     -8.5032     -4.2175
0.935     -6.4298     -6.2221     -8.6509     -4.2955
0.936     -6.5466     -6.3362     -8.8033     -4.3761
0.937     -6.6671     -6.4539     -8.9622     -4.4591
0.938     -6.7915     -6.5754     -9.1266     -4.5449
0.939     -6.9200     -6.7008     -9.2964     -4.6335
0.940     -7.0527     -6.8305     -9.4719     -4.7250
0.941     -7.1900     -6.9646     -9.6534     -4.8196
0.942     -7.3320     -7.1033     -9.8411     -4.9175
0.943     -7.4789     -7.2468    -10.0354     -5.0188
0.944     -7.6312     -7.3955    -10.2366     -5.1237
0.945     -7.7889     -7.5496    -10.4452     -5.2325
0.946     -7.9525     -7.7094    -10.6614     -5.3453
0.947     -8.1223     -7.8752    -10.8859     -5.4623
0.948     -8.2986     -8.0474    -11.1190     -5.5838
0.949     -8.4818     -8.2263    -11.3612     -5.7101
0.950     -8.6723     -8.4124    -11.6131     -5.8415
0.951     -8.8706     -8.6061    -11.8752     -5.9802
0.952     -9.0772     -8.8079    -12.1483     -6.1248
0.953     -9.2926     -9.0183    -12.4331     -6.2756
0.954     -9.5173     -9.2378    -12.7302     -6.4329
0.955     -9.7521     -9.4670    -13.0405     -6.5972
0.956     -9.9974     -9.7067    -13.3649     -6.7690
0.957    -10.2542     -9.9576    -13.7044     -6.9488
0.958    -10.5233    -10.2204    -14.0601     -7.1372
0.959    -10.8055    -10.4960    -14.4331     -7.3347
0.960    -11.1017    -10.7853    -14.8247     -7.5421
0.961    -11.4132    -11.0895    -15.2365     -7.7602
0.962    -11.7410    -11.4098    -15.6699     -7.9897
0.963    -12.0866    -11.7473    -16.1268     -8.2316
0.964    -12.4514    -12.1036    -16.6090     -8.4870
0.965    -12.8370    -12.4802    -17.1188     -8.7570
0.966    -13.2453    -12.8790    -17.6585     -9.0428
0.967    -13.6783    -13.3020    -18.2311     -9.3460
0.968    -14.1385    -13.7514    -18.8393     -9.6681
0.969    -14.6282    -14.2298    -19.4868    -10.0110
0.970    -15.1507    -14.7401    -20.1775    -10.3768
0.971    -15.7092    -15.2857    -20.9158    -10.7667
0.972    -16.3076    -15.8701    -21.7069    -11.1780
0.973    -16.9502    -16.4978    -22.5565    -11.6197
0.974    -17.6424    -17.1739    -23.4715    -12.0954
0.975    -18.3899    -17.9040    -24.4598    -12.6093
0.976    -19.1997    -18.6950    -25.5303    -13.1695
0.977    -20.0799    -19.5547    -26.6940    -13.7836
0.978    -21.0401    -20.4926    -27.9634    -14.4536
0.979    -22.0917    -21.5198    -29.3536    -15.1872
0.980    -23.2486    -22.6498    -30.8830    -15.9943
0.981    -24.5273    -23.8987    -32.5736    -16.8865
0.982    -25.9479    -25.2864    -34.4516    -17.8775
0.983    -27.5358    -26.8372    -36.5508    -18.9854
0.984    -29.3221    -28.5820    -38.9123    -20.2317
0.985    -31.3467    -30.5594    -41.5888    -21.6444
0.986    -33.6603    -32.8194    -44.6475    -23.2583
0.987    -36.3300    -35.4270    -48.1769    -25.1209
0.988    -39.4446    -38.4690    -52.2942    -27.2940
0.989    -43.1253    -42.0644    -57.1605    -29.8617
0.990    -47.5427    -46.3788    -63.0000    -32.9438
0.991    -52.9414    -51.6520    -70.1373    -36.7104
0.992    -59.6894    -58.2431    -79.0584    -41.4182
0.993    -68.3659    -66.7178    -90.5282    -47.4714
0.994    -79.9345    -78.0175   -105.8221    -55.5423
0.995    -96.1306    -93.8372   -127.2342    -66.8269
0.996   -120.4249   -117.5671   -159.3513    -83.7533
0.997   -160.9158   -157.1141   -212.8789   -111.9642
0.998   -241.8988   -236.2132   -319.9446   -168.3874
0.999   -484.8579   -473.5205   -641.1323   -337.6581
