VUOTO            
YYYYMMDD00              
YYYYMMDD              
 1- 1 Valle Aosta          
Prec 6h med -98 -98 -98 -98 -98 -98 -98 -98 -98 -98 -98 -98
Prec 6h max -98 -98 -98 -98 -98 -98 -98 -98 -98 -98 -98 -98
Prec 12h med -98 -98 -98 -98 -98 -98 -98 -98 -98 -98 -98 -98
Prec 12h max -98 -98 -98 -98 -98 -98 -98 -98 -98 -98 -98 -98
Prec 24h med -98 -98 -98 -98 -98 -98 -98 -98 -98 -98 -98 -98
Prec 24h max -98 -98 -98 -98 -98 -98 -98 -98 -98 -98 -98 -98
Prec 48h med -98 -98 -98 -98 -98 -98 -98 -98 -98 -98 -98 -98
Copertura nuv med -98 -98 -98 -98 -98 -98 -98 -98 -98 -98 -98 -98
Quota neve med -98 -98 -98 -98 -98 -98 -98 -98 -98 -98 -98 -98
Zero termico med -98 -98 -98 -98 -98 -98 -98 -98 -98 -98 -98 -98
Whiting med -98 -98 -98 -98 -98 -98 -98 -98 -98 -98 -98 -98 -98
CAPE med -98 -98 -98 -98 -98 -98 -98 -98 -98 -98 -98 -98 -98
Lifted index med -98 -98 -98 -98 -98 -98 -98 -98 -98 -98 -98 -98
Sweat index med -98 -98 -98 -98 -98 -98 -98 -98 -98 -98 -98 -98
Vento 1500m int -98 -98 -98 -98 -98 -98 -98 -98 -98 -98 -98 -98
Vento 1500m dir -98 -98 -98 -98 -98 -98 -98 -98 -98 -98 -98 -98
Vento 3000m int -98 -98 -98 -98 -98 -98 -98 -98 -98 -98 -98 -98
Vento 3000m dir -98 -98 -98 -98 -98 -98 -98 -98 -98 -98 -98 -98
 2- 10 FVG S          
Prec 6h med -98 -98 -98 -98 -98 -98 -98 -98 -98 -98 -98 -98
Prec 6h max -98 -98 -98 -98 -98 -98 -98 -98 -98 -98 -98 -98
Prec 12h med -98 -98 -98 -98 -98 -98 -98 -98 -98 -98 -98 -98
Prec 12h max -98 -98 -98 -98 -98 -98 -98 -98 -98 -98 -98 -98
Prec 24h med -98 -98 -98 -98 -98 -98 -98 -98 -98 -98 -98 -98
Prec 24h max -98 -98 -98 -98 -98 -98 -98 -98 -98 -98 -98 -98
Prec 48h med -98 -98 -98 -98 -98 -98 -98 -98 -98 -98 -98 -98
Copertura nuv med -98 -98 -98 -98 -98 -98 -98 -98 -98 -98 -98 -98
Quota neve med -98 -98 -98 -98 -98 -98 -98 -98 -98 -98 -98 -98
Zero termico med -98 -98 -98 -98 -98 -98 -98 -98 -98 -98 -98 -98
Whiting med -98 -98 -98 -98 -98 -98 -98 -98 -98 -98 -98 -98 -98
CAPE med -98 -98 -98 -98 -98 -98 -98 -98 -98 -98 -98 -98 -98
Lifted index med -98 -98 -98 -98 -98 -98 -98 -98 -98 -98 -98 -98
Sweat index med -98 -98 -98 -98 -98 -98 -98 -98 -98 -98 -98 -98
Vento 1500m int -98 -98 -98 -98 -98 -98 -98 -98 -98 -98 -98 -98
Vento 1500m dir -98 -98 -98 -98 -98 -98 -98 -98 -98 -98 -98 -98
Vento 3000m int -98 -98 -98 -98 -98 -98 -98 -98 -98 -98 -98 -98
Vento 3000m dir -98 -98 -98 -98 -98 -98 -98 -98 -98 -98 -98 -98
 3- 11 Lombardia O          
Prec 6h med -98 -98 -98 -98 -98 -98 -98 -98 -98 -98 -98 -98
Prec 6h max -98 -98 -98 -98 -98 -98 -98 -98 -98 -98 -98 -98
Prec 12h med -98 -98 -98 -98 -98 -98 -98 -98 -98 -98 -98 -98
Prec 12h max -98 -98 -98 -98 -98 -98 -98 -98 -98 -98 -98 -98
Prec 24h med -98 -98 -98 -98 -98 -98 -98 -98 -98 -98 -98 -98
Prec 24h max -98 -98 -98 -98 -98 -98 -98 -98 -98 -98 -98 -98
Prec 48h med -98 -98 -98 -98 -98 -98 -98 -98 -98 -98 -98 -98
Copertura nuv med -98 -98 -98 -98 -98 -98 -98 -98 -98 -98 -98 -98
Quota neve med -98 -98 -98 -98 -98 -98 -98 -98 -98 -98 -98 -98
Zero termico med -98 -98 -98 -98 -98 -98 -98 -98 -98 -98 -98 -98
Whiting med -98 -98 -98 -98 -98 -98 -98 -98 -98 -98 -98 -98 -98
CAPE med -98 -98 -98 -98 -98 -98 -98 -98 -98 -98 -98 -98 -98
Lifted index med -98 -98 -98 -98 -98 -98 -98 -98 -98 -98 -98 -98
Sweat index med -98 -98 -98 -98 -98 -98 -98 -98 -98 -98 -98 -98
Vento 1500m int -98 -98 -98 -98 -98 -98 -98 -98 -98 -98 -98 -98
Vento 1500m dir -98 -98 -98 -98 -98 -98 -98 -98 -98 -98 -98 -98
Vento 3000m int -98 -98 -98 -98 -98 -98 -98 -98 -98 -98 -98 -98
Vento 3000m dir -98 -98 -98 -98 -98 -98 -98 -98 -98 -98 -98 -98
 4- 12 Lombardia E          
Prec 6h med -98 -98 -98 -98 -98 -98 -98 -98 -98 -98 -98 -98
Prec 6h max -98 -98 -98 -98 -98 -98 -98 -98 -98 -98 -98 -98
Prec 12h med -98 -98 -98 -98 -98 -98 -98 -98 -98 -98 -98 -98
Prec 12h max -98 -98 -98 -98 -98 -98 -98 -98 -98 -98 -98 -98
Prec 24h med -98 -98 -98 -98 -98 -98 -98 -98 -98 -98 -98 -98
Prec 24h max -98 -98 -98 -98 -98 -98 -98 -98 -98 -98 -98 -98
Prec 48h med -98 -98 -98 -98 -98 -98 -98 -98 -98 -98 -98 -98
Copertura nuv med -98 -98 -98 -98 -98 -98 -98 -98 -98 -98 -98 -98
Quota neve med -98 -98 -98 -98 -98 -98 -98 -98 -98 -98 -98 -98
Zero termico med -98 -98 -98 -98 -98 -98 -98 -98 -98 -98 -98 -98
Whiting med -98 -98 -98 -98 -98 -98 -98 -98 -98 -98 -98 -98 -98
CAPE med -98 -98 -98 -98 -98 -98 -98 -98 -98 -98 -98 -98 -98
Lifted index med -98 -98 -98 -98 -98 -98 -98 -98 -98 -98 -98 -98
Sweat index med -98 -98 -98 -98 -98 -98 -98 -98 -98 -98 -98 -98
Vento 1500m int -98 -98 -98 -98 -98 -98 -98 -98 -98 -98 -98 -98
Vento 1500m dir -98 -98 -98 -98 -98 -98 -98 -98 -98 -98 -98 -98
Vento 3000m int -98 -98 -98 -98 -98 -98 -98 -98 -98 -98 -98 -98
Vento 3000m dir -98 -98 -98 -98 -98 -98 -98 -98 -98 -98 -98 -98
 5- 13 veneto SE          
Prec 6h med -98 -98 -98 -98 -98 -98 -98 -98 -98 -98 -98 -98
Prec 6h max -98 -98 -98 -98 -98 -98 -98 -98 -98 -98 -98 -98
Prec 12h med -98 -98 -98 -98 -98 -98 -98 -98 -98 -98 -98 -98
Prec 12h max -98 -98 -98 -98 -98 -98 -98 -98 -98 -98 -98 -98
Prec 24h med -98 -98 -98 -98 -98 -98 -98 -98 -98 -98 -98 -98
Prec 24h max -98 -98 -98 -98 -98 -98 -98 -98 -98 -98 -98 -98
Prec 48h med -98 -98 -98 -98 -98 -98 -98 -98 -98 -98 -98 -98
Copertura nuv med -98 -98 -98 -98 -98 -98 -98 -98 -98 -98 -98 -98
Quota neve med -98 -98 -98 -98 -98 -98 -98 -98 -98 -98 -98 -98
Zero termico med -98 -98 -98 -98 -98 -98 -98 -98 -98 -98 -98 -98
Whiting med -98 -98 -98 -98 -98 -98 -98 -98 -98 -98 -98 -98 -98
CAPE med -98 -98 -98 -98 -98 -98 -98 -98 -98 -98 -98 -98 -98
Lifted index med -98 -98 -98 -98 -98 -98 -98 -98 -98 -98 -98 -98
Sweat index med -98 -98 -98 -98 -98 -98 -98 -98 -98 -98 -98 -98
Vento 1500m int -98 -98 -98 -98 -98 -98 -98 -98 -98 -98 -98 -98
Vento 1500m dir -98 -98 -98 -98 -98 -98 -98 -98 -98 -98 -98 -98
Vento 3000m int -98 -98 -98 -98 -98 -98 -98 -98 -98 -98 -98 -98
Vento 3000m dir -98 -98 -98 -98 -98 -98 -98 -98 -98 -98 -98 -98
 6- 14 piemonte SW          
Prec 6h med -98 -98 -98 -98 -98 -98 -98 -98 -98 -98 -98 -98
Prec 6h max -98 -98 -98 -98 -98 -98 -98 -98 -98 -98 -98 -98
Prec 12h med -98 -98 -98 -98 -98 -98 -98 -98 -98 -98 -98 -98
Prec 12h max -98 -98 -98 -98 -98 -98 -98 -98 -98 -98 -98 -98
Prec 24h med -98 -98 -98 -98 -98 -98 -98 -98 -98 -98 -98 -98
Prec 24h max -98 -98 -98 -98 -98 -98 -98 -98 -98 -98 -98 -98
Prec 48h med -98 -98 -98 -98 -98 -98 -98 -98 -98 -98 -98 -98
Copertura nuv med -98 -98 -98 -98 -98 -98 -98 -98 -98 -98 -98 -98
Quota neve med -98 -98 -98 -98 -98 -98 -98 -98 -98 -98 -98 -98
Zero termico med -98 -98 -98 -98 -98 -98 -98 -98 -98 -98 -98 -98
Whiting med -98 -98 -98 -98 -98 -98 -98 -98 -98 -98 -98 -98 -98
CAPE med -98 -98 -98 -98 -98 -98 -98 -98 -98 -98 -98 -98 -98
Lifted index med -98 -98 -98 -98 -98 -98 -98 -98 -98 -98 -98 -98
Sweat index med -98 -98 -98 -98 -98 -98 -98 -98 -98 -98 -98 -98
Vento 1500m int -98 -98 -98 -98 -98 -98 -98 -98 -98 -98 -98 -98
Vento 1500m dir -98 -98 -98 -98 -98 -98 -98 -98 -98 -98 -98 -98
Vento 3000m int -98 -98 -98 -98 -98 -98 -98 -98 -98 -98 -98 -98
Vento 3000m dir -98 -98 -98 -98 -98 -98 -98 -98 -98 -98 -98 -98
 7- 15 piemonte centrale          
Prec 6h med -98 -98 -98 -98 -98 -98 -98 -98 -98 -98 -98 -98
Prec 6h max -98 -98 -98 -98 -98 -98 -98 -98 -98 -98 -98 -98
Prec 12h med -98 -98 -98 -98 -98 -98 -98 -98 -98 -98 -98 -98
Prec 12h max -98 -98 -98 -98 -98 -98 -98 -98 -98 -98 -98 -98
Prec 24h med -98 -98 -98 -98 -98 -98 -98 -98 -98 -98 -98 -98
Prec 24h max -98 -98 -98 -98 -98 -98 -98 -98 -98 -98 -98 -98
Prec 48h med -98 -98 -98 -98 -98 -98 -98 -98 -98 -98 -98 -98
Copertura nuv med -98 -98 -98 -98 -98 -98 -98 -98 -98 -98 -98 -98
Quota neve med -98 -98 -98 -98 -98 -98 -98 -98 -98 -98 -98 -98
Zero termico med -98 -98 -98 -98 -98 -98 -98 -98 -98 -98 -98 -98
Whiting med -98 -98 -98 -98 -98 -98 -98 -98 -98 -98 -98 -98 -98
CAPE med -98 -98 -98 -98 -98 -98 -98 -98 -98 -98 -98 -98 -98
Lifted index med -98 -98 -98 -98 -98 -98 -98 -98 -98 -98 -98 -98
Sweat index med -98 -98 -98 -98 -98 -98 -98 -98 -98 -98 -98 -98
Vento 1500m int -98 -98 -98 -98 -98 -98 -98 -98 -98 -98 -98 -98
Vento 1500m dir -98 -98 -98 -98 -98 -98 -98 -98 -98 -98 -98 -98
Vento 3000m int -98 -98 -98 -98 -98 -98 -98 -98 -98 -98 -98 -98
Vento 3000m dir -98 -98 -98 -98 -98 -98 -98 -98 -98 -98 -98 -98
 8- 16 piemonte SE - lombardia SW       
Prec 6h med -98 -98 -98 -98 -98 -98 -98 -98 -98 -98 -98 -98
Prec 6h max -98 -98 -98 -98 -98 -98 -98 -98 -98 -98 -98 -98
Prec 12h med -98 -98 -98 -98 -98 -98 -98 -98 -98 -98 -98 -98
Prec 12h max -98 -98 -98 -98 -98 -98 -98 -98 -98 -98 -98 -98
Prec 24h med -98 -98 -98 -98 -98 -98 -98 -98 -98 -98 -98 -98
Prec 24h max -98 -98 -98 -98 -98 -98 -98 -98 -98 -98 -98 -98
Prec 48h med -98 -98 -98 -98 -98 -98 -98 -98 -98 -98 -98 -98
Copertura nuv med -98 -98 -98 -98 -98 -98 -98 -98 -98 -98 -98 -98
Quota neve med -98 -98 -98 -98 -98 -98 -98 -98 -98 -98 -98 -98
Zero termico med -98 -98 -98 -98 -98 -98 -98 -98 -98 -98 -98 -98
Whiting med -98 -98 -98 -98 -98 -98 -98 -98 -98 -98 -98 -98 -98
CAPE med -98 -98 -98 -98 -98 -98 -98 -98 -98 -98 -98 -98 -98
Lifted index med -98 -98 -98 -98 -98 -98 -98 -98 -98 -98 -98 -98
Sweat index med -98 -98 -98 -98 -98 -98 -98 -98 -98 -98 -98 -98
Vento 1500m int -98 -98 -98 -98 -98 -98 -98 -98 -98 -98 -98 -98
Vento 1500m dir -98 -98 -98 -98 -98 -98 -98 -98 -98 -98 -98 -98
Vento 3000m int -98 -98 -98 -98 -98 -98 -98 -98 -98 -98 -98 -98
Vento 3000m dir -98 -98 -98 -98 -98 -98 -98 -98 -98 -98 -98 -98
 9- 17 Emilia NW          
Prec 6h med -98 -98 -98 -98 -98 -98 -98 -98 -98 -98 -98 -98
Prec 6h max -98 -98 -98 -98 -98 -98 -98 -98 -98 -98 -98 -98
Prec 12h med -98 -98 -98 -98 -98 -98 -98 -98 -98 -98 -98 -98
Prec 12h max -98 -98 -98 -98 -98 -98 -98 -98 -98 -98 -98 -98
Prec 24h med -98 -98 -98 -98 -98 -98 -98 -98 -98 -98 -98 -98
Prec 24h max -98 -98 -98 -98 -98 -98 -98 -98 -98 -98 -98 -98
Prec 48h med -98 -98 -98 -98 -98 -98 -98 -98 -98 -98 -98 -98
Copertura nuv med -98 -98 -98 -98 -98 -98 -98 -98 -98 -98 -98 -98
Quota neve med -98 -98 -98 -98 -98 -98 -98 -98 -98 -98 -98 -98
Zero termico med -98 -98 -98 -98 -98 -98 -98 -98 -98 -98 -98 -98
Whiting med -98 -98 -98 -98 -98 -98 -98 -98 -98 -98 -98 -98 -98
CAPE med -98 -98 -98 -98 -98 -98 -98 -98 -98 -98 -98 -98 -98
Lifted index med -98 -98 -98 -98 -98 -98 -98 -98 -98 -98 -98 -98
Sweat index med -98 -98 -98 -98 -98 -98 -98 -98 -98 -98 -98 -98
Vento 1500m int -98 -98 -98 -98 -98 -98 -98 -98 -98 -98 -98 -98
Vento 1500m dir -98 -98 -98 -98 -98 -98 -98 -98 -98 -98 -98 -98
Vento 3000m int -98 -98 -98 -98 -98 -98 -98 -98 -98 -98 -98 -98
Vento 3000m dir -98 -98 -98 -98 -98 -98 -98 -98 -98 -98 -98 -98
 10- 18 Romagna N          
Prec 6h med -98 -98 -98 -98 -98 -98 -98 -98 -98 -98 -98 -98
Prec 6h max -98 -98 -98 -98 -98 -98 -98 -98 -98 -98 -98 -98
Prec 12h med -98 -98 -98 -98 -98 -98 -98 -98 -98 -98 -98 -98
Prec 12h max -98 -98 -98 -98 -98 -98 -98 -98 -98 -98 -98 -98
Prec 24h med -98 -98 -98 -98 -98 -98 -98 -98 -98 -98 -98 -98
Prec 24h max -98 -98 -98 -98 -98 -98 -98 -98 -98 -98 -98 -98
Prec 48h med -98 -98 -98 -98 -98 -98 -98 -98 -98 -98 -98 -98
Copertura nuv med -98 -98 -98 -98 -98 -98 -98 -98 -98 -98 -98 -98
Quota neve med -98 -98 -98 -98 -98 -98 -98 -98 -98 -98 -98 -98
Zero termico med -98 -98 -98 -98 -98 -98 -98 -98 -98 -98 -98 -98
Whiting med -98 -98 -98 -98 -98 -98 -98 -98 -98 -98 -98 -98 -98
CAPE med -98 -98 -98 -98 -98 -98 -98 -98 -98 -98 -98 -98 -98
Lifted index med -98 -98 -98 -98 -98 -98 -98 -98 -98 -98 -98 -98
Sweat index med -98 -98 -98 -98 -98 -98 -98 -98 -98 -98 -98 -98
Vento 1500m int -98 -98 -98 -98 -98 -98 -98 -98 -98 -98 -98 -98
Vento 1500m dir -98 -98 -98 -98 -98 -98 -98 -98 -98 -98 -98 -98
Vento 3000m int -98 -98 -98 -98 -98 -98 -98 -98 -98 -98 -98 -98
Vento 3000m dir -98 -98 -98 -98 -98 -98 -98 -98 -98 -98 -98 -98
 11- 19 Piemonte SE - Liguria N       
Prec 6h med -98 -98 -98 -98 -98 -98 -98 -98 -98 -98 -98 -98
Prec 6h max -98 -98 -98 -98 -98 -98 -98 -98 -98 -98 -98 -98
Prec 12h med -98 -98 -98 -98 -98 -98 -98 -98 -98 -98 -98 -98
Prec 12h max -98 -98 -98 -98 -98 -98 -98 -98 -98 -98 -98 -98
Prec 24h med -98 -98 -98 -98 -98 -98 -98 -98 -98 -98 -98 -98
Prec 24h max -98 -98 -98 -98 -98 -98 -98 -98 -98 -98 -98 -98
Prec 48h med -98 -98 -98 -98 -98 -98 -98 -98 -98 -98 -98 -98
Copertura nuv med -98 -98 -98 -98 -98 -98 -98 -98 -98 -98 -98 -98
Quota neve med -98 -98 -98 -98 -98 -98 -98 -98 -98 -98 -98 -98
Zero termico med -98 -98 -98 -98 -98 -98 -98 -98 -98 -98 -98 -98
Whiting med -98 -98 -98 -98 -98 -98 -98 -98 -98 -98 -98 -98 -98
CAPE med -98 -98 -98 -98 -98 -98 -98 -98 -98 -98 -98 -98 -98
Lifted index med -98 -98 -98 -98 -98 -98 -98 -98 -98 -98 -98 -98
Sweat index med -98 -98 -98 -98 -98 -98 -98 -98 -98 -98 -98 -98
Vento 1500m int -98 -98 -98 -98 -98 -98 -98 -98 -98 -98 -98 -98
Vento 1500m dir -98 -98 -98 -98 -98 -98 -98 -98 -98 -98 -98 -98
Vento 3000m int -98 -98 -98 -98 -98 -98 -98 -98 -98 -98 -98 -98
Vento 3000m dir -98 -98 -98 -98 -98 -98 -98 -98 -98 -98 -98 -98
 12- 2 Piemonte NW          
Prec 6h med -98 -98 -98 -98 -98 -98 -98 -98 -98 -98 -98 -98
Prec 6h max -98 -98 -98 -98 -98 -98 -98 -98 -98 -98 -98 -98
Prec 12h med -98 -98 -98 -98 -98 -98 -98 -98 -98 -98 -98 -98
Prec 12h max -98 -98 -98 -98 -98 -98 -98 -98 -98 -98 -98 -98
Prec 24h med -98 -98 -98 -98 -98 -98 -98 -98 -98 -98 -98 -98
Prec 24h max -98 -98 -98 -98 -98 -98 -98 -98 -98 -98 -98 -98
Prec 48h med -98 -98 -98 -98 -98 -98 -98 -98 -98 -98 -98 -98
Copertura nuv med -98 -98 -98 -98 -98 -98 -98 -98 -98 -98 -98 -98
Quota neve med -98 -98 -98 -98 -98 -98 -98 -98 -98 -98 -98 -98
Zero termico med -98 -98 -98 -98 -98 -98 -98 -98 -98 -98 -98 -98
Whiting med -98 -98 -98 -98 -98 -98 -98 -98 -98 -98 -98 -98 -98
CAPE med -98 -98 -98 -98 -98 -98 -98 -98 -98 -98 -98 -98 -98
Lifted index med -98 -98 -98 -98 -98 -98 -98 -98 -98 -98 -98 -98
Sweat index med -98 -98 -98 -98 -98 -98 -98 -98 -98 -98 -98 -98
Vento 1500m int -98 -98 -98 -98 -98 -98 -98 -98 -98 -98 -98 -98
Vento 1500m dir -98 -98 -98 -98 -98 -98 -98 -98 -98 -98 -98 -98
Vento 3000m int -98 -98 -98 -98 -98 -98 -98 -98 -98 -98 -98 -98
Vento 3000m dir -98 -98 -98 -98 -98 -98 -98 -98 -98 -98 -98 -98
 13- 20 Emilia SW          
Prec 6h med -98 -98 -98 -98 -98 -98 -98 -98 -98 -98 -98 -98
Prec 6h max -98 -98 -98 -98 -98 -98 -98 -98 -98 -98 -98 -98
Prec 12h med -98 -98 -98 -98 -98 -98 -98 -98 -98 -98 -98 -98
Prec 12h max -98 -98 -98 -98 -98 -98 -98 -98 -98 -98 -98 -98
Prec 24h med -98 -98 -98 -98 -98 -98 -98 -98 -98 -98 -98 -98
Prec 24h max -98 -98 -98 -98 -98 -98 -98 -98 -98 -98 -98 -98
Prec 48h med -98 -98 -98 -98 -98 -98 -98 -98 -98 -98 -98 -98
Copertura nuv med -98 -98 -98 -98 -98 -98 -98 -98 -98 -98 -98 -98
Quota neve med -98 -98 -98 -98 -98 -98 -98 -98 -98 -98 -98 -98
Zero termico med -98 -98 -98 -98 -98 -98 -98 -98 -98 -98 -98 -98
Whiting med -98 -98 -98 -98 -98 -98 -98 -98 -98 -98 -98 -98 -98
CAPE med -98 -98 -98 -98 -98 -98 -98 -98 -98 -98 -98 -98 -98
Lifted index med -98 -98 -98 -98 -98 -98 -98 -98 -98 -98 -98 -98
Sweat index med -98 -98 -98 -98 -98 -98 -98 -98 -98 -98 -98 -98
Vento 1500m int -98 -98 -98 -98 -98 -98 -98 -98 -98 -98 -98 -98
Vento 1500m dir -98 -98 -98 -98 -98 -98 -98 -98 -98 -98 -98 -98
Vento 3000m int -98 -98 -98 -98 -98 -98 -98 -98 -98 -98 -98 -98
Vento 3000m dir -98 -98 -98 -98 -98 -98 -98 -98 -98 -98 -98 -98
 14- 21 EmRom centroS          
Prec 6h med -98 -98 -98 -98 -98 -98 -98 -98 -98 -98 -98 -98
Prec 6h max -98 -98 -98 -98 -98 -98 -98 -98 -98 -98 -98 -98
Prec 12h med -98 -98 -98 -98 -98 -98 -98 -98 -98 -98 -98 -98
Prec 12h max -98 -98 -98 -98 -98 -98 -98 -98 -98 -98 -98 -98
Prec 24h med -98 -98 -98 -98 -98 -98 -98 -98 -98 -98 -98 -98
Prec 24h max -98 -98 -98 -98 -98 -98 -98 -98 -98 -98 -98 -98
Prec 48h med -98 -98 -98 -98 -98 -98 -98 -98 -98 -98 -98 -98
Copertura nuv med -98 -98 -98 -98 -98 -98 -98 -98 -98 -98 -98 -98
Quota neve med -98 -98 -98 -98 -98 -98 -98 -98 -98 -98 -98 -98
Zero termico med -98 -98 -98 -98 -98 -98 -98 -98 -98 -98 -98 -98
Whiting med -98 -98 -98 -98 -98 -98 -98 -98 -98 -98 -98 -98 -98
CAPE med -98 -98 -98 -98 -98 -98 -98 -98 -98 -98 -98 -98 -98
Lifted index med -98 -98 -98 -98 -98 -98 -98 -98 -98 -98 -98 -98
Sweat index med -98 -98 -98 -98 -98 -98 -98 -98 -98 -98 -98 -98
Vento 1500m int -98 -98 -98 -98 -98 -98 -98 -98 -98 -98 -98 -98
Vento 1500m dir -98 -98 -98 -98 -98 -98 -98 -98 -98 -98 -98 -98
Vento 3000m int -98 -98 -98 -98 -98 -98 -98 -98 -98 -98 -98 -98
Vento 3000m dir -98 -98 -98 -98 -98 -98 -98 -98 -98 -98 -98 -98
 15- 22 Romagna - Marche N        
Prec 6h med -98 -98 -98 -98 -98 -98 -98 -98 -98 -98 -98 -98
Prec 6h max -98 -98 -98 -98 -98 -98 -98 -98 -98 -98 -98 -98
Prec 12h med -98 -98 -98 -98 -98 -98 -98 -98 -98 -98 -98 -98
Prec 12h max -98 -98 -98 -98 -98 -98 -98 -98 -98 -98 -98 -98
Prec 24h med -98 -98 -98 -98 -98 -98 -98 -98 -98 -98 -98 -98
Prec 24h max -98 -98 -98 -98 -98 -98 -98 -98 -98 -98 -98 -98
Prec 48h med -98 -98 -98 -98 -98 -98 -98 -98 -98 -98 -98 -98
Copertura nuv med -98 -98 -98 -98 -98 -98 -98 -98 -98 -98 -98 -98
Quota neve med -98 -98 -98 -98 -98 -98 -98 -98 -98 -98 -98 -98
Zero termico med -98 -98 -98 -98 -98 -98 -98 -98 -98 -98 -98 -98
Whiting med -98 -98 -98 -98 -98 -98 -98 -98 -98 -98 -98 -98 -98
CAPE med -98 -98 -98 -98 -98 -98 -98 -98 -98 -98 -98 -98 -98
Lifted index med -98 -98 -98 -98 -98 -98 -98 -98 -98 -98 -98 -98
Sweat index med -98 -98 -98 -98 -98 -98 -98 -98 -98 -98 -98 -98
Vento 1500m int -98 -98 -98 -98 -98 -98 -98 -98 -98 -98 -98 -98
Vento 1500m dir -98 -98 -98 -98 -98 -98 -98 -98 -98 -98 -98 -98
Vento 3000m int -98 -98 -98 -98 -98 -98 -98 -98 -98 -98 -98 -98
Vento 3000m dir -98 -98 -98 -98 -98 -98 -98 -98 -98 -98 -98 -98
 16- 23 Liguria Centro - W        
Prec 6h med -98 -98 -98 -98 -98 -98 -98 -98 -98 -98 -98 -98
Prec 6h max -98 -98 -98 -98 -98 -98 -98 -98 -98 -98 -98 -98
Prec 12h med -98 -98 -98 -98 -98 -98 -98 -98 -98 -98 -98 -98
Prec 12h max -98 -98 -98 -98 -98 -98 -98 -98 -98 -98 -98 -98
Prec 24h med -98 -98 -98 -98 -98 -98 -98 -98 -98 -98 -98 -98
Prec 24h max -98 -98 -98 -98 -98 -98 -98 -98 -98 -98 -98 -98
Prec 48h med -98 -98 -98 -98 -98 -98 -98 -98 -98 -98 -98 -98
Copertura nuv med -98 -98 -98 -98 -98 -98 -98 -98 -98 -98 -98 -98
Quota neve med -98 -98 -98 -98 -98 -98 -98 -98 -98 -98 -98 -98
Zero termico med -98 -98 -98 -98 -98 -98 -98 -98 -98 -98 -98 -98
Whiting med -98 -98 -98 -98 -98 -98 -98 -98 -98 -98 -98 -98 -98
CAPE med -98 -98 -98 -98 -98 -98 -98 -98 -98 -98 -98 -98 -98
Lifted index med -98 -98 -98 -98 -98 -98 -98 -98 -98 -98 -98 -98
Sweat index med -98 -98 -98 -98 -98 -98 -98 -98 -98 -98 -98 -98
Vento 1500m int -98 -98 -98 -98 -98 -98 -98 -98 -98 -98 -98 -98
Vento 1500m dir -98 -98 -98 -98 -98 -98 -98 -98 -98 -98 -98 -98
Vento 3000m int -98 -98 -98 -98 -98 -98 -98 -98 -98 -98 -98 -98
Vento 3000m dir -98 -98 -98 -98 -98 -98 -98 -98 -98 -98 -98 -98
 17- 24 Liguria E - Toscana N       
Prec 6h med -98 -98 -98 -98 -98 -98 -98 -98 -98 -98 -98 -98
Prec 6h max -98 -98 -98 -98 -98 -98 -98 -98 -98 -98 -98 -98
Prec 12h med -98 -98 -98 -98 -98 -98 -98 -98 -98 -98 -98 -98
Prec 12h max -98 -98 -98 -98 -98 -98 -98 -98 -98 -98 -98 -98
Prec 24h med -98 -98 -98 -98 -98 -98 -98 -98 -98 -98 -98 -98
Prec 24h max -98 -98 -98 -98 -98 -98 -98 -98 -98 -98 -98 -98
Prec 48h med -98 -98 -98 -98 -98 -98 -98 -98 -98 -98 -98 -98
Copertura nuv med -98 -98 -98 -98 -98 -98 -98 -98 -98 -98 -98 -98
Quota neve med -98 -98 -98 -98 -98 -98 -98 -98 -98 -98 -98 -98
Zero termico med -98 -98 -98 -98 -98 -98 -98 -98 -98 -98 -98 -98
Whiting med -98 -98 -98 -98 -98 -98 -98 -98 -98 -98 -98 -98 -98
CAPE med -98 -98 -98 -98 -98 -98 -98 -98 -98 -98 -98 -98 -98
Lifted index med -98 -98 -98 -98 -98 -98 -98 -98 -98 -98 -98 -98
Sweat index med -98 -98 -98 -98 -98 -98 -98 -98 -98 -98 -98 -98
Vento 1500m int -98 -98 -98 -98 -98 -98 -98 -98 -98 -98 -98 -98
Vento 1500m dir -98 -98 -98 -98 -98 -98 -98 -98 -98 -98 -98 -98
Vento 3000m int -98 -98 -98 -98 -98 -98 -98 -98 -98 -98 -98 -98
Vento 3000m dir -98 -98 -98 -98 -98 -98 -98 -98 -98 -98 -98 -98
 18- 25 Toscana NE          
Prec 6h med -98 -98 -98 -98 -98 -98 -98 -98 -98 -98 -98 -98
Prec 6h max -98 -98 -98 -98 -98 -98 -98 -98 -98 -98 -98 -98
Prec 12h med -98 -98 -98 -98 -98 -98 -98 -98 -98 -98 -98 -98
Prec 12h max -98 -98 -98 -98 -98 -98 -98 -98 -98 -98 -98 -98
Prec 24h med -98 -98 -98 -98 -98 -98 -98 -98 -98 -98 -98 -98
Prec 24h max -98 -98 -98 -98 -98 -98 -98 -98 -98 -98 -98 -98
Prec 48h med -98 -98 -98 -98 -98 -98 -98 -98 -98 -98 -98 -98
Copertura nuv med -98 -98 -98 -98 -98 -98 -98 -98 -98 -98 -98 -98
Quota neve med -98 -98 -98 -98 -98 -98 -98 -98 -98 -98 -98 -98
Zero termico med -98 -98 -98 -98 -98 -98 -98 -98 -98 -98 -98 -98
Whiting med -98 -98 -98 -98 -98 -98 -98 -98 -98 -98 -98 -98 -98
CAPE med -98 -98 -98 -98 -98 -98 -98 -98 -98 -98 -98 -98 -98
Lifted index med -98 -98 -98 -98 -98 -98 -98 -98 -98 -98 -98 -98
Sweat index med -98 -98 -98 -98 -98 -98 -98 -98 -98 -98 -98 -98
Vento 1500m int -98 -98 -98 -98 -98 -98 -98 -98 -98 -98 -98 -98
Vento 1500m dir -98 -98 -98 -98 -98 -98 -98 -98 -98 -98 -98 -98
Vento 3000m int -98 -98 -98 -98 -98 -98 -98 -98 -98 -98 -98 -98
Vento 3000m dir -98 -98 -98 -98 -98 -98 -98 -98 -98 -98 -98 -98
 19- 26 Toscana NW          
Prec 6h med -98 -98 -98 -98 -98 -98 -98 -98 -98 -98 -98 -98
Prec 6h max -98 -98 -98 -98 -98 -98 -98 -98 -98 -98 -98 -98
Prec 12h med -98 -98 -98 -98 -98 -98 -98 -98 -98 -98 -98 -98
Prec 12h max -98 -98 -98 -98 -98 -98 -98 -98 -98 -98 -98 -98
Prec 24h med -98 -98 -98 -98 -98 -98 -98 -98 -98 -98 -98 -98
Prec 24h max -98 -98 -98 -98 -98 -98 -98 -98 -98 -98 -98 -98
Prec 48h med -98 -98 -98 -98 -98 -98 -98 -98 -98 -98 -98 -98
Copertura nuv med -98 -98 -98 -98 -98 -98 -98 -98 -98 -98 -98 -98
Quota neve med -98 -98 -98 -98 -98 -98 -98 -98 -98 -98 -98 -98
Zero termico med -98 -98 -98 -98 -98 -98 -98 -98 -98 -98 -98 -98
Whiting med -98 -98 -98 -98 -98 -98 -98 -98 -98 -98 -98 -98 -98
CAPE med -98 -98 -98 -98 -98 -98 -98 -98 -98 -98 -98 -98 -98
Lifted index med -98 -98 -98 -98 -98 -98 -98 -98 -98 -98 -98 -98
Sweat index med -98 -98 -98 -98 -98 -98 -98 -98 -98 -98 -98 -98
Vento 1500m int -98 -98 -98 -98 -98 -98 -98 -98 -98 -98 -98 -98
Vento 1500m dir -98 -98 -98 -98 -98 -98 -98 -98 -98 -98 -98 -98
Vento 3000m int -98 -98 -98 -98 -98 -98 -98 -98 -98 -98 -98 -98
Vento 3000m dir -98 -98 -98 -98 -98 -98 -98 -98 -98 -98 -98 -98
 20- 27E Toscana SE - Umbria NW       
Prec 6h med -98 -98 -98 -98 -98 -98 -98 -98 -98 -98 -98 -98
Prec 6h max -98 -98 -98 -98 -98 -98 -98 -98 -98 -98 -98 -98
Prec 12h med -98 -98 -98 -98 -98 -98 -98 -98 -98 -98 -98 -98
Prec 12h max -98 -98 -98 -98 -98 -98 -98 -98 -98 -98 -98 -98
Prec 24h med -98 -98 -98 -98 -98 -98 -98 -98 -98 -98 -98 -98
Prec 24h max -98 -98 -98 -98 -98 -98 -98 -98 -98 -98 -98 -98
Prec 48h med -98 -98 -98 -98 -98 -98 -98 -98 -98 -98 -98 -98
Copertura nuv med -98 -98 -98 -98 -98 -98 -98 -98 -98 -98 -98 -98
Quota neve med -98 -98 -98 -98 -98 -98 -98 -98 -98 -98 -98 -98
Zero termico med -98 -98 -98 -98 -98 -98 -98 -98 -98 -98 -98 -98
Whiting med -98 -98 -98 -98 -98 -98 -98 -98 -98 -98 -98 -98 -98
CAPE med -98 -98 -98 -98 -98 -98 -98 -98 -98 -98 -98 -98 -98
Lifted index med -98 -98 -98 -98 -98 -98 -98 -98 -98 -98 -98 -98
Sweat index med -98 -98 -98 -98 -98 -98 -98 -98 -98 -98 -98 -98
Vento 1500m int -98 -98 -98 -98 -98 -98 -98 -98 -98 -98 -98 -98
Vento 1500m dir -98 -98 -98 -98 -98 -98 -98 -98 -98 -98 -98 -98
Vento 3000m int -98 -98 -98 -98 -98 -98 -98 -98 -98 -98 -98 -98
Vento 3000m dir -98 -98 -98 -98 -98 -98 -98 -98 -98 -98 -98 -98
 21- 27W Toscana Centro S         
Prec 6h med -98 -98 -98 -98 -98 -98 -98 -98 -98 -98 -98 -98
Prec 6h max -98 -98 -98 -98 -98 -98 -98 -98 -98 -98 -98 -98
Prec 12h med -98 -98 -98 -98 -98 -98 -98 -98 -98 -98 -98 -98
Prec 12h max -98 -98 -98 -98 -98 -98 -98 -98 -98 -98 -98 -98
Prec 24h med -98 -98 -98 -98 -98 -98 -98 -98 -98 -98 -98 -98
Prec 24h max -98 -98 -98 -98 -98 -98 -98 -98 -98 -98 -98 -98
Prec 48h med -98 -98 -98 -98 -98 -98 -98 -98 -98 -98 -98 -98
Copertura nuv med -98 -98 -98 -98 -98 -98 -98 -98 -98 -98 -98 -98
Quota neve med -98 -98 -98 -98 -98 -98 -98 -98 -98 -98 -98 -98
Zero termico med -98 -98 -98 -98 -98 -98 -98 -98 -98 -98 -98 -98
Whiting med -98 -98 -98 -98 -98 -98 -98 -98 -98 -98 -98 -98 -98
CAPE med -98 -98 -98 -98 -98 -98 -98 -98 -98 -98 -98 -98 -98
Lifted index med -98 -98 -98 -98 -98 -98 -98 -98 -98 -98 -98 -98
Sweat index med -98 -98 -98 -98 -98 -98 -98 -98 -98 -98 -98 -98
Vento 1500m int -98 -98 -98 -98 -98 -98 -98 -98 -98 -98 -98 -98
Vento 1500m dir -98 -98 -98 -98 -98 -98 -98 -98 -98 -98 -98 -98
Vento 3000m int -98 -98 -98 -98 -98 -98 -98 -98 -98 -98 -98 -98
Vento 3000m dir -98 -98 -98 -98 -98 -98 -98 -98 -98 -98 -98 -98
 22- 28 Umbria N          
Prec 6h med -98 -98 -98 -98 -98 -98 -98 -98 -98 -98 -98 -98
Prec 6h max -98 -98 -98 -98 -98 -98 -98 -98 -98 -98 -98 -98
Prec 12h med -98 -98 -98 -98 -98 -98 -98 -98 -98 -98 -98 -98
Prec 12h max -98 -98 -98 -98 -98 -98 -98 -98 -98 -98 -98 -98
Prec 24h med -98 -98 -98 -98 -98 -98 -98 -98 -98 -98 -98 -98
Prec 24h max -98 -98 -98 -98 -98 -98 -98 -98 -98 -98 -98 -98
Prec 48h med -98 -98 -98 -98 -98 -98 -98 -98 -98 -98 -98 -98
Copertura nuv med -98 -98 -98 -98 -98 -98 -98 -98 -98 -98 -98 -98
Quota neve med -98 -98 -98 -98 -98 -98 -98 -98 -98 -98 -98 -98
Zero termico med -98 -98 -98 -98 -98 -98 -98 -98 -98 -98 -98 -98
Whiting med -98 -98 -98 -98 -98 -98 -98 -98 -98 -98 -98 -98 -98
CAPE med -98 -98 -98 -98 -98 -98 -98 -98 -98 -98 -98 -98 -98
Lifted index med -98 -98 -98 -98 -98 -98 -98 -98 -98 -98 -98 -98
Sweat index med -98 -98 -98 -98 -98 -98 -98 -98 -98 -98 -98 -98
Vento 1500m int -98 -98 -98 -98 -98 -98 -98 -98 -98 -98 -98 -98
Vento 1500m dir -98 -98 -98 -98 -98 -98 -98 -98 -98 -98 -98 -98
Vento 3000m int -98 -98 -98 -98 -98 -98 -98 -98 -98 -98 -98 -98
Vento 3000m dir -98 -98 -98 -98 -98 -98 -98 -98 -98 -98 -98 -98
 23- 29 Marche W          
Prec 6h med -98 -98 -98 -98 -98 -98 -98 -98 -98 -98 -98 -98
Prec 6h max -98 -98 -98 -98 -98 -98 -98 -98 -98 -98 -98 -98
Prec 12h med -98 -98 -98 -98 -98 -98 -98 -98 -98 -98 -98 -98
Prec 12h max -98 -98 -98 -98 -98 -98 -98 -98 -98 -98 -98 -98
Prec 24h med -98 -98 -98 -98 -98 -98 -98 -98 -98 -98 -98 -98
Prec 24h max -98 -98 -98 -98 -98 -98 -98 -98 -98 -98 -98 -98
Prec 48h med -98 -98 -98 -98 -98 -98 -98 -98 -98 -98 -98 -98
Copertura nuv med -98 -98 -98 -98 -98 -98 -98 -98 -98 -98 -98 -98
Quota neve med -98 -98 -98 -98 -98 -98 -98 -98 -98 -98 -98 -98
Zero termico med -98 -98 -98 -98 -98 -98 -98 -98 -98 -98 -98 -98
Whiting med -98 -98 -98 -98 -98 -98 -98 -98 -98 -98 -98 -98 -98
CAPE med -98 -98 -98 -98 -98 -98 -98 -98 -98 -98 -98 -98 -98
Lifted index med -98 -98 -98 -98 -98 -98 -98 -98 -98 -98 -98 -98
Sweat index med -98 -98 -98 -98 -98 -98 -98 -98 -98 -98 -98 -98
Vento 1500m int -98 -98 -98 -98 -98 -98 -98 -98 -98 -98 -98 -98
Vento 1500m dir -98 -98 -98 -98 -98 -98 -98 -98 -98 -98 -98 -98
Vento 3000m int -98 -98 -98 -98 -98 -98 -98 -98 -98 -98 -98 -98
Vento 3000m dir -98 -98 -98 -98 -98 -98 -98 -98 -98 -98 -98 -98
 24- 3 Piemonte NE          
Prec 6h med -98 -98 -98 -98 -98 -98 -98 -98 -98 -98 -98 -98
Prec 6h max -98 -98 -98 -98 -98 -98 -98 -98 -98 -98 -98 -98
Prec 12h med -98 -98 -98 -98 -98 -98 -98 -98 -98 -98 -98 -98
Prec 12h max -98 -98 -98 -98 -98 -98 -98 -98 -98 -98 -98 -98
Prec 24h med -98 -98 -98 -98 -98 -98 -98 -98 -98 -98 -98 -98
Prec 24h max -98 -98 -98 -98 -98 -98 -98 -98 -98 -98 -98 -98
Prec 48h med -98 -98 -98 -98 -98 -98 -98 -98 -98 -98 -98 -98
Copertura nuv med -98 -98 -98 -98 -98 -98 -98 -98 -98 -98 -98 -98
Quota neve med -98 -98 -98 -98 -98 -98 -98 -98 -98 -98 -98 -98
Zero termico med -98 -98 -98 -98 -98 -98 -98 -98 -98 -98 -98 -98
Whiting med -98 -98 -98 -98 -98 -98 -98 -98 -98 -98 -98 -98 -98
CAPE med -98 -98 -98 -98 -98 -98 -98 -98 -98 -98 -98 -98 -98
Lifted index med -98 -98 -98 -98 -98 -98 -98 -98 -98 -98 -98 -98
Sweat index med -98 -98 -98 -98 -98 -98 -98 -98 -98 -98 -98 -98
Vento 1500m int -98 -98 -98 -98 -98 -98 -98 -98 -98 -98 -98 -98
Vento 1500m dir -98 -98 -98 -98 -98 -98 -98 -98 -98 -98 -98 -98
Vento 3000m int -98 -98 -98 -98 -98 -98 -98 -98 -98 -98 -98 -98
Vento 3000m dir -98 -98 -98 -98 -98 -98 -98 -98 -98 -98 -98 -98
 25- 30 Marche S - Abruzzo E       
Prec 6h med -98 -98 -98 -98 -98 -98 -98 -98 -98 -98 -98 -98
Prec 6h max -98 -98 -98 -98 -98 -98 -98 -98 -98 -98 -98 -98
Prec 12h med -98 -98 -98 -98 -98 -98 -98 -98 -98 -98 -98 -98
Prec 12h max -98 -98 -98 -98 -98 -98 -98 -98 -98 -98 -98 -98
Prec 24h med -98 -98 -98 -98 -98 -98 -98 -98 -98 -98 -98 -98
Prec 24h max -98 -98 -98 -98 -98 -98 -98 -98 -98 -98 -98 -98
Prec 48h med -98 -98 -98 -98 -98 -98 -98 -98 -98 -98 -98 -98
Copertura nuv med -98 -98 -98 -98 -98 -98 -98 -98 -98 -98 -98 -98
Quota neve med -98 -98 -98 -98 -98 -98 -98 -98 -98 -98 -98 -98
Zero termico med -98 -98 -98 -98 -98 -98 -98 -98 -98 -98 -98 -98
Whiting med -98 -98 -98 -98 -98 -98 -98 -98 -98 -98 -98 -98 -98
CAPE med -98 -98 -98 -98 -98 -98 -98 -98 -98 -98 -98 -98 -98
Lifted index med -98 -98 -98 -98 -98 -98 -98 -98 -98 -98 -98 -98
Sweat index med -98 -98 -98 -98 -98 -98 -98 -98 -98 -98 -98 -98
Vento 1500m int -98 -98 -98 -98 -98 -98 -98 -98 -98 -98 -98 -98
Vento 1500m dir -98 -98 -98 -98 -98 -98 -98 -98 -98 -98 -98 -98
Vento 3000m int -98 -98 -98 -98 -98 -98 -98 -98 -98 -98 -98 -98
Vento 3000m dir -98 -98 -98 -98 -98 -98 -98 -98 -98 -98 -98 -98
 26- 31 Toscana SW          
Prec 6h med -98 -98 -98 -98 -98 -98 -98 -98 -98 -98 -98 -98
Prec 6h max -98 -98 -98 -98 -98 -98 -98 -98 -98 -98 -98 -98
Prec 12h med -98 -98 -98 -98 -98 -98 -98 -98 -98 -98 -98 -98
Prec 12h max -98 -98 -98 -98 -98 -98 -98 -98 -98 -98 -98 -98
Prec 24h med -98 -98 -98 -98 -98 -98 -98 -98 -98 -98 -98 -98
Prec 24h max -98 -98 -98 -98 -98 -98 -98 -98 -98 -98 -98 -98
Prec 48h med -98 -98 -98 -98 -98 -98 -98 -98 -98 -98 -98 -98
Copertura nuv med -98 -98 -98 -98 -98 -98 -98 -98 -98 -98 -98 -98
Quota neve med -98 -98 -98 -98 -98 -98 -98 -98 -98 -98 -98 -98
Zero termico med -98 -98 -98 -98 -98 -98 -98 -98 -98 -98 -98 -98
Whiting med -98 -98 -98 -98 -98 -98 -98 -98 -98 -98 -98 -98 -98
CAPE med -98 -98 -98 -98 -98 -98 -98 -98 -98 -98 -98 -98 -98
Lifted index med -98 -98 -98 -98 -98 -98 -98 -98 -98 -98 -98 -98
Sweat index med -98 -98 -98 -98 -98 -98 -98 -98 -98 -98 -98 -98
Vento 1500m int -98 -98 -98 -98 -98 -98 -98 -98 -98 -98 -98 -98
Vento 1500m dir -98 -98 -98 -98 -98 -98 -98 -98 -98 -98 -98 -98
Vento 3000m int -98 -98 -98 -98 -98 -98 -98 -98 -98 -98 -98 -98
Vento 3000m dir -98 -98 -98 -98 -98 -98 -98 -98 -98 -98 -98 -98
 27- 32 Lazio NW          
Prec 6h med -98 -98 -98 -98 -98 -98 -98 -98 -98 -98 -98 -98
Prec 6h max -98 -98 -98 -98 -98 -98 -98 -98 -98 -98 -98 -98
Prec 12h med -98 -98 -98 -98 -98 -98 -98 -98 -98 -98 -98 -98
Prec 12h max -98 -98 -98 -98 -98 -98 -98 -98 -98 -98 -98 -98
Prec 24h med -98 -98 -98 -98 -98 -98 -98 -98 -98 -98 -98 -98
Prec 24h max -98 -98 -98 -98 -98 -98 -98 -98 -98 -98 -98 -98
Prec 48h med -98 -98 -98 -98 -98 -98 -98 -98 -98 -98 -98 -98
Copertura nuv med -98 -98 -98 -98 -98 -98 -98 -98 -98 -98 -98 -98
Quota neve med -98 -98 -98 -98 -98 -98 -98 -98 -98 -98 -98 -98
Zero termico med -98 -98 -98 -98 -98 -98 -98 -98 -98 -98 -98 -98
Whiting med -98 -98 -98 -98 -98 -98 -98 -98 -98 -98 -98 -98 -98
CAPE med -98 -98 -98 -98 -98 -98 -98 -98 -98 -98 -98 -98 -98
Lifted index med -98 -98 -98 -98 -98 -98 -98 -98 -98 -98 -98 -98
Sweat index med -98 -98 -98 -98 -98 -98 -98 -98 -98 -98 -98 -98
Vento 1500m int -98 -98 -98 -98 -98 -98 -98 -98 -98 -98 -98 -98
Vento 1500m dir -98 -98 -98 -98 -98 -98 -98 -98 -98 -98 -98 -98
Vento 3000m int -98 -98 -98 -98 -98 -98 -98 -98 -98 -98 -98 -98
Vento 3000m dir -98 -98 -98 -98 -98 -98 -98 -98 -98 -98 -98 -98
 28- 33 Lazio NE - Umbria W       
Prec 6h med -98 -98 -98 -98 -98 -98 -98 -98 -98 -98 -98 -98
Prec 6h max -98 -98 -98 -98 -98 -98 -98 -98 -98 -98 -98 -98
Prec 12h med -98 -98 -98 -98 -98 -98 -98 -98 -98 -98 -98 -98
Prec 12h max -98 -98 -98 -98 -98 -98 -98 -98 -98 -98 -98 -98
Prec 24h med -98 -98 -98 -98 -98 -98 -98 -98 -98 -98 -98 -98
Prec 24h max -98 -98 -98 -98 -98 -98 -98 -98 -98 -98 -98 -98
Prec 48h med -98 -98 -98 -98 -98 -98 -98 -98 -98 -98 -98 -98
Copertura nuv med -98 -98 -98 -98 -98 -98 -98 -98 -98 -98 -98 -98
Quota neve med -98 -98 -98 -98 -98 -98 -98 -98 -98 -98 -98 -98
Zero termico med -98 -98 -98 -98 -98 -98 -98 -98 -98 -98 -98 -98
Whiting med -98 -98 -98 -98 -98 -98 -98 -98 -98 -98 -98 -98 -98
CAPE med -98 -98 -98 -98 -98 -98 -98 -98 -98 -98 -98 -98 -98
Lifted index med -98 -98 -98 -98 -98 -98 -98 -98 -98 -98 -98 -98
Sweat index med -98 -98 -98 -98 -98 -98 -98 -98 -98 -98 -98 -98
Vento 1500m int -98 -98 -98 -98 -98 -98 -98 -98 -98 -98 -98 -98
Vento 1500m dir -98 -98 -98 -98 -98 -98 -98 -98 -98 -98 -98 -98
Vento 3000m int -98 -98 -98 -98 -98 -98 -98 -98 -98 -98 -98 -98
Vento 3000m dir -98 -98 -98 -98 -98 -98 -98 -98 -98 -98 -98 -98
 29- 34 Lazio E - Umbria S       
Prec 6h med -98 -98 -98 -98 -98 -98 -98 -98 -98 -98 -98 -98
Prec 6h max -98 -98 -98 -98 -98 -98 -98 -98 -98 -98 -98 -98
Prec 12h med -98 -98 -98 -98 -98 -98 -98 -98 -98 -98 -98 -98
Prec 12h max -98 -98 -98 -98 -98 -98 -98 -98 -98 -98 -98 -98
Prec 24h med -98 -98 -98 -98 -98 -98 -98 -98 -98 -98 -98 -98
Prec 24h max -98 -98 -98 -98 -98 -98 -98 -98 -98 -98 -98 -98
Prec 48h med -98 -98 -98 -98 -98 -98 -98 -98 -98 -98 -98 -98
Copertura nuv med -98 -98 -98 -98 -98 -98 -98 -98 -98 -98 -98 -98
Quota neve med -98 -98 -98 -98 -98 -98 -98 -98 -98 -98 -98 -98
Zero termico med -98 -98 -98 -98 -98 -98 -98 -98 -98 -98 -98 -98
Whiting med -98 -98 -98 -98 -98 -98 -98 -98 -98 -98 -98 -98 -98
CAPE med -98 -98 -98 -98 -98 -98 -98 -98 -98 -98 -98 -98 -98
Lifted index med -98 -98 -98 -98 -98 -98 -98 -98 -98 -98 -98 -98
Sweat index med -98 -98 -98 -98 -98 -98 -98 -98 -98 -98 -98 -98
Vento 1500m int -98 -98 -98 -98 -98 -98 -98 -98 -98 -98 -98 -98
Vento 1500m dir -98 -98 -98 -98 -98 -98 -98 -98 -98 -98 -98 -98
Vento 3000m int -98 -98 -98 -98 -98 -98 -98 -98 -98 -98 -98 -98
Vento 3000m dir -98 -98 -98 -98 -98 -98 -98 -98 -98 -98 -98 -98
 30- 35 Abruzzo W          
Prec 6h med -98 -98 -98 -98 -98 -98 -98 -98 -98 -98 -98 -98
Prec 6h max -98 -98 -98 -98 -98 -98 -98 -98 -98 -98 -98 -98
Prec 12h med -98 -98 -98 -98 -98 -98 -98 -98 -98 -98 -98 -98
Prec 12h max -98 -98 -98 -98 -98 -98 -98 -98 -98 -98 -98 -98
Prec 24h med -98 -98 -98 -98 -98 -98 -98 -98 -98 -98 -98 -98
Prec 24h max -98 -98 -98 -98 -98 -98 -98 -98 -98 -98 -98 -98
Prec 48h med -98 -98 -98 -98 -98 -98 -98 -98 -98 -98 -98 -98
Copertura nuv med -98 -98 -98 -98 -98 -98 -98 -98 -98 -98 -98 -98
Quota neve med -98 -98 -98 -98 -98 -98 -98 -98 -98 -98 -98 -98
Zero termico med -98 -98 -98 -98 -98 -98 -98 -98 -98 -98 -98 -98
Whiting med -98 -98 -98 -98 -98 -98 -98 -98 -98 -98 -98 -98 -98
CAPE med -98 -98 -98 -98 -98 -98 -98 -98 -98 -98 -98 -98 -98
Lifted index med -98 -98 -98 -98 -98 -98 -98 -98 -98 -98 -98 -98
Sweat index med -98 -98 -98 -98 -98 -98 -98 -98 -98 -98 -98 -98
Vento 1500m int -98 -98 -98 -98 -98 -98 -98 -98 -98 -98 -98 -98
Vento 1500m dir -98 -98 -98 -98 -98 -98 -98 -98 -98 -98 -98 -98
Vento 3000m int -98 -98 -98 -98 -98 -98 -98 -98 -98 -98 -98 -98
Vento 3000m dir -98 -98 -98 -98 -98 -98 -98 -98 -98 -98 -98 -98
 31- 36 Lazio Roma          
Prec 6h med -98 -98 -98 -98 -98 -98 -98 -98 -98 -98 -98 -98
Prec 6h max -98 -98 -98 -98 -98 -98 -98 -98 -98 -98 -98 -98
Prec 12h med -98 -98 -98 -98 -98 -98 -98 -98 -98 -98 -98 -98
Prec 12h max -98 -98 -98 -98 -98 -98 -98 -98 -98 -98 -98 -98
Prec 24h med -98 -98 -98 -98 -98 -98 -98 -98 -98 -98 -98 -98
Prec 24h max -98 -98 -98 -98 -98 -98 -98 -98 -98 -98 -98 -98
Prec 48h med -98 -98 -98 -98 -98 -98 -98 -98 -98 -98 -98 -98
Copertura nuv med -98 -98 -98 -98 -98 -98 -98 -98 -98 -98 -98 -98
Quota neve med -98 -98 -98 -98 -98 -98 -98 -98 -98 -98 -98 -98
Zero termico med -98 -98 -98 -98 -98 -98 -98 -98 -98 -98 -98 -98
Whiting med -98 -98 -98 -98 -98 -98 -98 -98 -98 -98 -98 -98 -98
CAPE med -98 -98 -98 -98 -98 -98 -98 -98 -98 -98 -98 -98 -98
Lifted index med -98 -98 -98 -98 -98 -98 -98 -98 -98 -98 -98 -98
Sweat index med -98 -98 -98 -98 -98 -98 -98 -98 -98 -98 -98 -98
Vento 1500m int -98 -98 -98 -98 -98 -98 -98 -98 -98 -98 -98 -98
Vento 1500m dir -98 -98 -98 -98 -98 -98 -98 -98 -98 -98 -98 -98
Vento 3000m int -98 -98 -98 -98 -98 -98 -98 -98 -98 -98 -98 -98
Vento 3000m dir -98 -98 -98 -98 -98 -98 -98 -98 -98 -98 -98 -98
 32- 37 Lazio SE          
Prec 6h med -98 -98 -98 -98 -98 -98 -98 -98 -98 -98 -98 -98
Prec 6h max -98 -98 -98 -98 -98 -98 -98 -98 -98 -98 -98 -98
Prec 12h med -98 -98 -98 -98 -98 -98 -98 -98 -98 -98 -98 -98
Prec 12h max -98 -98 -98 -98 -98 -98 -98 -98 -98 -98 -98 -98
Prec 24h med -98 -98 -98 -98 -98 -98 -98 -98 -98 -98 -98 -98
Prec 24h max -98 -98 -98 -98 -98 -98 -98 -98 -98 -98 -98 -98
Prec 48h med -98 -98 -98 -98 -98 -98 -98 -98 -98 -98 -98 -98
Copertura nuv med -98 -98 -98 -98 -98 -98 -98 -98 -98 -98 -98 -98
Quota neve med -98 -98 -98 -98 -98 -98 -98 -98 -98 -98 -98 -98
Zero termico med -98 -98 -98 -98 -98 -98 -98 -98 -98 -98 -98 -98
Whiting med -98 -98 -98 -98 -98 -98 -98 -98 -98 -98 -98 -98 -98
CAPE med -98 -98 -98 -98 -98 -98 -98 -98 -98 -98 -98 -98 -98
Lifted index med -98 -98 -98 -98 -98 -98 -98 -98 -98 -98 -98 -98
Sweat index med -98 -98 -98 -98 -98 -98 -98 -98 -98 -98 -98 -98
Vento 1500m int -98 -98 -98 -98 -98 -98 -98 -98 -98 -98 -98 -98
Vento 1500m dir -98 -98 -98 -98 -98 -98 -98 -98 -98 -98 -98 -98
Vento 3000m int -98 -98 -98 -98 -98 -98 -98 -98 -98 -98 -98 -98
Vento 3000m dir -98 -98 -98 -98 -98 -98 -98 -98 -98 -98 -98 -98
 33- 38 Abruzzo S - Molise W       
Prec 6h med -98 -98 -98 -98 -98 -98 -98 -98 -98 -98 -98 -98
Prec 6h max -98 -98 -98 -98 -98 -98 -98 -98 -98 -98 -98 -98
Prec 12h med -98 -98 -98 -98 -98 -98 -98 -98 -98 -98 -98 -98
Prec 12h max -98 -98 -98 -98 -98 -98 -98 -98 -98 -98 -98 -98
Prec 24h med -98 -98 -98 -98 -98 -98 -98 -98 -98 -98 -98 -98
Prec 24h max -98 -98 -98 -98 -98 -98 -98 -98 -98 -98 -98 -98
Prec 48h med -98 -98 -98 -98 -98 -98 -98 -98 -98 -98 -98 -98
Copertura nuv med -98 -98 -98 -98 -98 -98 -98 -98 -98 -98 -98 -98
Quota neve med -98 -98 -98 -98 -98 -98 -98 -98 -98 -98 -98 -98
Zero termico med -98 -98 -98 -98 -98 -98 -98 -98 -98 -98 -98 -98
Whiting med -98 -98 -98 -98 -98 -98 -98 -98 -98 -98 -98 -98 -98
CAPE med -98 -98 -98 -98 -98 -98 -98 -98 -98 -98 -98 -98 -98
Lifted index med -98 -98 -98 -98 -98 -98 -98 -98 -98 -98 -98 -98
Sweat index med -98 -98 -98 -98 -98 -98 -98 -98 -98 -98 -98 -98
Vento 1500m int -98 -98 -98 -98 -98 -98 -98 -98 -98 -98 -98 -98
Vento 1500m dir -98 -98 -98 -98 -98 -98 -98 -98 -98 -98 -98 -98
Vento 3000m int -98 -98 -98 -98 -98 -98 -98 -98 -98 -98 -98 -98
Vento 3000m dir -98 -98 -98 -98 -98 -98 -98 -98 -98 -98 -98 -98
 34- 39 Abruzzo SE - Molise E       
Prec 6h med -98 -98 -98 -98 -98 -98 -98 -98 -98 -98 -98 -98
Prec 6h max -98 -98 -98 -98 -98 -98 -98 -98 -98 -98 -98 -98
Prec 12h med -98 -98 -98 -98 -98 -98 -98 -98 -98 -98 -98 -98
Prec 12h max -98 -98 -98 -98 -98 -98 -98 -98 -98 -98 -98 -98
Prec 24h med -98 -98 -98 -98 -98 -98 -98 -98 -98 -98 -98 -98
Prec 24h max -98 -98 -98 -98 -98 -98 -98 -98 -98 -98 -98 -98
Prec 48h med -98 -98 -98 -98 -98 -98 -98 -98 -98 -98 -98 -98
Copertura nuv med -98 -98 -98 -98 -98 -98 -98 -98 -98 -98 -98 -98
Quota neve med -98 -98 -98 -98 -98 -98 -98 -98 -98 -98 -98 -98
Zero termico med -98 -98 -98 -98 -98 -98 -98 -98 -98 -98 -98 -98
Whiting med -98 -98 -98 -98 -98 -98 -98 -98 -98 -98 -98 -98 -98
CAPE med -98 -98 -98 -98 -98 -98 -98 -98 -98 -98 -98 -98 -98
Lifted index med -98 -98 -98 -98 -98 -98 -98 -98 -98 -98 -98 -98
Sweat index med -98 -98 -98 -98 -98 -98 -98 -98 -98 -98 -98 -98
Vento 1500m int -98 -98 -98 -98 -98 -98 -98 -98 -98 -98 -98 -98
Vento 1500m dir -98 -98 -98 -98 -98 -98 -98 -98 -98 -98 -98 -98
Vento 3000m int -98 -98 -98 -98 -98 -98 -98 -98 -98 -98 -98 -98
Vento 3000m dir -98 -98 -98 -98 -98 -98 -98 -98 -98 -98 -98 -98
 35- 4 Piemonte N - Lombardia NW       
Prec 6h med -98 -98 -98 -98 -98 -98 -98 -98 -98 -98 -98 -98
Prec 6h max -98 -98 -98 -98 -98 -98 -98 -98 -98 -98 -98 -98
Prec 12h med -98 -98 -98 -98 -98 -98 -98 -98 -98 -98 -98 -98
Prec 12h max -98 -98 -98 -98 -98 -98 -98 -98 -98 -98 -98 -98
Prec 24h med -98 -98 -98 -98 -98 -98 -98 -98 -98 -98 -98 -98
Prec 24h max -98 -98 -98 -98 -98 -98 -98 -98 -98 -98 -98 -98
Prec 48h med -98 -98 -98 -98 -98 -98 -98 -98 -98 -98 -98 -98
Copertura nuv med -98 -98 -98 -98 -98 -98 -98 -98 -98 -98 -98 -98
Quota neve med -98 -98 -98 -98 -98 -98 -98 -98 -98 -98 -98 -98
Zero termico med -98 -98 -98 -98 -98 -98 -98 -98 -98 -98 -98 -98
Whiting med -98 -98 -98 -98 -98 -98 -98 -98 -98 -98 -98 -98 -98
CAPE med -98 -98 -98 -98 -98 -98 -98 -98 -98 -98 -98 -98 -98
Lifted index med -98 -98 -98 -98 -98 -98 -98 -98 -98 -98 -98 -98
Sweat index med -98 -98 -98 -98 -98 -98 -98 -98 -98 -98 -98 -98
Vento 1500m int -98 -98 -98 -98 -98 -98 -98 -98 -98 -98 -98 -98
Vento 1500m dir -98 -98 -98 -98 -98 -98 -98 -98 -98 -98 -98 -98
Vento 3000m int -98 -98 -98 -98 -98 -98 -98 -98 -98 -98 -98 -98
Vento 3000m dir -98 -98 -98 -98 -98 -98 -98 -98 -98 -98 -98 -98
 36- 40 Lazio SW          
Prec 6h med -98 -98 -98 -98 -98 -98 -98 -98 -98 -98 -98 -98
Prec 6h max -98 -98 -98 -98 -98 -98 -98 -98 -98 -98 -98 -98
Prec 12h med -98 -98 -98 -98 -98 -98 -98 -98 -98 -98 -98 -98
Prec 12h max -98 -98 -98 -98 -98 -98 -98 -98 -98 -98 -98 -98
Prec 24h med -98 -98 -98 -98 -98 -98 -98 -98 -98 -98 -98 -98
Prec 24h max -98 -98 -98 -98 -98 -98 -98 -98 -98 -98 -98 -98
Prec 48h med -98 -98 -98 -98 -98 -98 -98 -98 -98 -98 -98 -98
Copertura nuv med -98 -98 -98 -98 -98 -98 -98 -98 -98 -98 -98 -98
Quota neve med -98 -98 -98 -98 -98 -98 -98 -98 -98 -98 -98 -98
Zero termico med -98 -98 -98 -98 -98 -98 -98 -98 -98 -98 -98 -98
Whiting med -98 -98 -98 -98 -98 -98 -98 -98 -98 -98 -98 -98 -98
CAPE med -98 -98 -98 -98 -98 -98 -98 -98 -98 -98 -98 -98 -98
Lifted index med -98 -98 -98 -98 -98 -98 -98 -98 -98 -98 -98 -98
Sweat index med -98 -98 -98 -98 -98 -98 -98 -98 -98 -98 -98 -98
Vento 1500m int -98 -98 -98 -98 -98 -98 -98 -98 -98 -98 -98 -98
Vento 1500m dir -98 -98 -98 -98 -98 -98 -98 -98 -98 -98 -98 -98
Vento 3000m int -98 -98 -98 -98 -98 -98 -98 -98 -98 -98 -98 -98
Vento 3000m dir -98 -98 -98 -98 -98 -98 -98 -98 -98 -98 -98 -98
 37- 41 Campania NW          
Prec 6h med -98 -98 -98 -98 -98 -98 -98 -98 -98 -98 -98 -98
Prec 6h max -98 -98 -98 -98 -98 -98 -98 -98 -98 -98 -98 -98
Prec 12h med -98 -98 -98 -98 -98 -98 -98 -98 -98 -98 -98 -98
Prec 12h max -98 -98 -98 -98 -98 -98 -98 -98 -98 -98 -98 -98
Prec 24h med -98 -98 -98 -98 -98 -98 -98 -98 -98 -98 -98 -98
Prec 24h max -98 -98 -98 -98 -98 -98 -98 -98 -98 -98 -98 -98
Prec 48h med -98 -98 -98 -98 -98 -98 -98 -98 -98 -98 -98 -98
Copertura nuv med -98 -98 -98 -98 -98 -98 -98 -98 -98 -98 -98 -98
Quota neve med -98 -98 -98 -98 -98 -98 -98 -98 -98 -98 -98 -98
Zero termico med -98 -98 -98 -98 -98 -98 -98 -98 -98 -98 -98 -98
Whiting med -98 -98 -98 -98 -98 -98 -98 -98 -98 -98 -98 -98 -98
CAPE med -98 -98 -98 -98 -98 -98 -98 -98 -98 -98 -98 -98 -98
Lifted index med -98 -98 -98 -98 -98 -98 -98 -98 -98 -98 -98 -98
Sweat index med -98 -98 -98 -98 -98 -98 -98 -98 -98 -98 -98 -98
Vento 1500m int -98 -98 -98 -98 -98 -98 -98 -98 -98 -98 -98 -98
Vento 1500m dir -98 -98 -98 -98 -98 -98 -98 -98 -98 -98 -98 -98
Vento 3000m int -98 -98 -98 -98 -98 -98 -98 -98 -98 -98 -98 -98
Vento 3000m dir -98 -98 -98 -98 -98 -98 -98 -98 -98 -98 -98 -98
 38- 42 Campania N - Lazio SE       
Prec 6h med -98 -98 -98 -98 -98 -98 -98 -98 -98 -98 -98 -98
Prec 6h max -98 -98 -98 -98 -98 -98 -98 -98 -98 -98 -98 -98
Prec 12h med -98 -98 -98 -98 -98 -98 -98 -98 -98 -98 -98 -98
Prec 12h max -98 -98 -98 -98 -98 -98 -98 -98 -98 -98 -98 -98
Prec 24h med -98 -98 -98 -98 -98 -98 -98 -98 -98 -98 -98 -98
Prec 24h max -98 -98 -98 -98 -98 -98 -98 -98 -98 -98 -98 -98
Prec 48h med -98 -98 -98 -98 -98 -98 -98 -98 -98 -98 -98 -98
Copertura nuv med -98 -98 -98 -98 -98 -98 -98 -98 -98 -98 -98 -98
Quota neve med -98 -98 -98 -98 -98 -98 -98 -98 -98 -98 -98 -98
Zero termico med -98 -98 -98 -98 -98 -98 -98 -98 -98 -98 -98 -98
Whiting med -98 -98 -98 -98 -98 -98 -98 -98 -98 -98 -98 -98 -98
CAPE med -98 -98 -98 -98 -98 -98 -98 -98 -98 -98 -98 -98 -98
Lifted index med -98 -98 -98 -98 -98 -98 -98 -98 -98 -98 -98 -98
Sweat index med -98 -98 -98 -98 -98 -98 -98 -98 -98 -98 -98 -98
Vento 1500m int -98 -98 -98 -98 -98 -98 -98 -98 -98 -98 -98 -98
Vento 1500m dir -98 -98 -98 -98 -98 -98 -98 -98 -98 -98 -98 -98
Vento 3000m int -98 -98 -98 -98 -98 -98 -98 -98 -98 -98 -98 -98
Vento 3000m dir -98 -98 -98 -98 -98 -98 -98 -98 -98 -98 -98 -98
 39- 43E Puglia NW          
Prec 6h med -98 -98 -98 -98 -98 -98 -98 -98 -98 -98 -98 -98
Prec 6h max -98 -98 -98 -98 -98 -98 -98 -98 -98 -98 -98 -98
Prec 12h med -98 -98 -98 -98 -98 -98 -98 -98 -98 -98 -98 -98
Prec 12h max -98 -98 -98 -98 -98 -98 -98 -98 -98 -98 -98 -98
Prec 24h med -98 -98 -98 -98 -98 -98 -98 -98 -98 -98 -98 -98
Prec 24h max -98 -98 -98 -98 -98 -98 -98 -98 -98 -98 -98 -98
Prec 48h med -98 -98 -98 -98 -98 -98 -98 -98 -98 -98 -98 -98
Copertura nuv med -98 -98 -98 -98 -98 -98 -98 -98 -98 -98 -98 -98
Quota neve med -98 -98 -98 -98 -98 -98 -98 -98 -98 -98 -98 -98
Zero termico med -98 -98 -98 -98 -98 -98 -98 -98 -98 -98 -98 -98
Whiting med -98 -98 -98 -98 -98 -98 -98 -98 -98 -98 -98 -98 -98
CAPE med -98 -98 -98 -98 -98 -98 -98 -98 -98 -98 -98 -98 -98
Lifted index med -98 -98 -98 -98 -98 -98 -98 -98 -98 -98 -98 -98
Sweat index med -98 -98 -98 -98 -98 -98 -98 -98 -98 -98 -98 -98
Vento 1500m int -98 -98 -98 -98 -98 -98 -98 -98 -98 -98 -98 -98
Vento 1500m dir -98 -98 -98 -98 -98 -98 -98 -98 -98 -98 -98 -98
Vento 3000m int -98 -98 -98 -98 -98 -98 -98 -98 -98 -98 -98 -98
Vento 3000m dir -98 -98 -98 -98 -98 -98 -98 -98 -98 -98 -98 -98
 40- 43W Campania NE          
Prec 6h med -98 -98 -98 -98 -98 -98 -98 -98 -98 -98 -98 -98
Prec 6h max -98 -98 -98 -98 -98 -98 -98 -98 -98 -98 -98 -98
Prec 12h med -98 -98 -98 -98 -98 -98 -98 -98 -98 -98 -98 -98
Prec 12h max -98 -98 -98 -98 -98 -98 -98 -98 -98 -98 -98 -98
Prec 24h med -98 -98 -98 -98 -98 -98 -98 -98 -98 -98 -98 -98
Prec 24h max -98 -98 -98 -98 -98 -98 -98 -98 -98 -98 -98 -98
Prec 48h med -98 -98 -98 -98 -98 -98 -98 -98 -98 -98 -98 -98
Copertura nuv med -98 -98 -98 -98 -98 -98 -98 -98 -98 -98 -98 -98
Quota neve med -98 -98 -98 -98 -98 -98 -98 -98 -98 -98 -98 -98
Zero termico med -98 -98 -98 -98 -98 -98 -98 -98 -98 -98 -98 -98
Whiting med -98 -98 -98 -98 -98 -98 -98 -98 -98 -98 -98 -98 -98
CAPE med -98 -98 -98 -98 -98 -98 -98 -98 -98 -98 -98 -98 -98
Lifted index med -98 -98 -98 -98 -98 -98 -98 -98 -98 -98 -98 -98
Sweat index med -98 -98 -98 -98 -98 -98 -98 -98 -98 -98 -98 -98
Vento 1500m int -98 -98 -98 -98 -98 -98 -98 -98 -98 -98 -98 -98
Vento 1500m dir -98 -98 -98 -98 -98 -98 -98 -98 -98 -98 -98 -98
Vento 3000m int -98 -98 -98 -98 -98 -98 -98 -98 -98 -98 -98 -98
Vento 3000m dir -98 -98 -98 -98 -98 -98 -98 -98 -98 -98 -98 -98
 41- 44 Puglia N          
Prec 6h med -98 -98 -98 -98 -98 -98 -98 -98 -98 -98 -98 -98
Prec 6h max -98 -98 -98 -98 -98 -98 -98 -98 -98 -98 -98 -98
Prec 12h med -98 -98 -98 -98 -98 -98 -98 -98 -98 -98 -98 -98
Prec 12h max -98 -98 -98 -98 -98 -98 -98 -98 -98 -98 -98 -98
Prec 24h med -98 -98 -98 -98 -98 -98 -98 -98 -98 -98 -98 -98
Prec 24h max -98 -98 -98 -98 -98 -98 -98 -98 -98 -98 -98 -98
Prec 48h med -98 -98 -98 -98 -98 -98 -98 -98 -98 -98 -98 -98
Copertura nuv med -98 -98 -98 -98 -98 -98 -98 -98 -98 -98 -98 -98
Quota neve med -98 -98 -98 -98 -98 -98 -98 -98 -98 -98 -98 -98
Zero termico med -98 -98 -98 -98 -98 -98 -98 -98 -98 -98 -98 -98
Whiting med -98 -98 -98 -98 -98 -98 -98 -98 -98 -98 -98 -98 -98
CAPE med -98 -98 -98 -98 -98 -98 -98 -98 -98 -98 -98 -98 -98
Lifted index med -98 -98 -98 -98 -98 -98 -98 -98 -98 -98 -98 -98
Sweat index med -98 -98 -98 -98 -98 -98 -98 -98 -98 -98 -98 -98
Vento 1500m int -98 -98 -98 -98 -98 -98 -98 -98 -98 -98 -98 -98
Vento 1500m dir -98 -98 -98 -98 -98 -98 -98 -98 -98 -98 -98 -98
Vento 3000m int -98 -98 -98 -98 -98 -98 -98 -98 -98 -98 -98 -98
Vento 3000m dir -98 -98 -98 -98 -98 -98 -98 -98 -98 -98 -98 -98
 42- 45 Campania S - Basilicata W       
Prec 6h med -98 -98 -98 -98 -98 -98 -98 -98 -98 -98 -98 -98
Prec 6h max -98 -98 -98 -98 -98 -98 -98 -98 -98 -98 -98 -98
Prec 12h med -98 -98 -98 -98 -98 -98 -98 -98 -98 -98 -98 -98
Prec 12h max -98 -98 -98 -98 -98 -98 -98 -98 -98 -98 -98 -98
Prec 24h med -98 -98 -98 -98 -98 -98 -98 -98 -98 -98 -98 -98
Prec 24h max -98 -98 -98 -98 -98 -98 -98 -98 -98 -98 -98 -98
Prec 48h med -98 -98 -98 -98 -98 -98 -98 -98 -98 -98 -98 -98
Copertura nuv med -98 -98 -98 -98 -98 -98 -98 -98 -98 -98 -98 -98
Quota neve med -98 -98 -98 -98 -98 -98 -98 -98 -98 -98 -98 -98
Zero termico med -98 -98 -98 -98 -98 -98 -98 -98 -98 -98 -98 -98
Whiting med -98 -98 -98 -98 -98 -98 -98 -98 -98 -98 -98 -98 -98
CAPE med -98 -98 -98 -98 -98 -98 -98 -98 -98 -98 -98 -98 -98
Lifted index med -98 -98 -98 -98 -98 -98 -98 -98 -98 -98 -98 -98
Sweat index med -98 -98 -98 -98 -98 -98 -98 -98 -98 -98 -98 -98
Vento 1500m int -98 -98 -98 -98 -98 -98 -98 -98 -98 -98 -98 -98
Vento 1500m dir -98 -98 -98 -98 -98 -98 -98 -98 -98 -98 -98 -98
Vento 3000m int -98 -98 -98 -98 -98 -98 -98 -98 -98 -98 -98 -98
Vento 3000m dir -98 -98 -98 -98 -98 -98 -98 -98 -98 -98 -98 -98
 43- 46N Puglia NW - Basilicata N       
Prec 6h med -98 -98 -98 -98 -98 -98 -98 -98 -98 -98 -98 -98
Prec 6h max -98 -98 -98 -98 -98 -98 -98 -98 -98 -98 -98 -98
Prec 12h med -98 -98 -98 -98 -98 -98 -98 -98 -98 -98 -98 -98
Prec 12h max -98 -98 -98 -98 -98 -98 -98 -98 -98 -98 -98 -98
Prec 24h med -98 -98 -98 -98 -98 -98 -98 -98 -98 -98 -98 -98
Prec 24h max -98 -98 -98 -98 -98 -98 -98 -98 -98 -98 -98 -98
Prec 48h med -98 -98 -98 -98 -98 -98 -98 -98 -98 -98 -98 -98
Copertura nuv med -98 -98 -98 -98 -98 -98 -98 -98 -98 -98 -98 -98
Quota neve med -98 -98 -98 -98 -98 -98 -98 -98 -98 -98 -98 -98
Zero termico med -98 -98 -98 -98 -98 -98 -98 -98 -98 -98 -98 -98
Whiting med -98 -98 -98 -98 -98 -98 -98 -98 -98 -98 -98 -98 -98
CAPE med -98 -98 -98 -98 -98 -98 -98 -98 -98 -98 -98 -98 -98
Lifted index med -98 -98 -98 -98 -98 -98 -98 -98 -98 -98 -98 -98
Sweat index med -98 -98 -98 -98 -98 -98 -98 -98 -98 -98 -98 -98
Vento 1500m int -98 -98 -98 -98 -98 -98 -98 -98 -98 -98 -98 -98
Vento 1500m dir -98 -98 -98 -98 -98 -98 -98 -98 -98 -98 -98 -98
Vento 3000m int -98 -98 -98 -98 -98 -98 -98 -98 -98 -98 -98 -98
Vento 3000m dir -98 -98 -98 -98 -98 -98 -98 -98 -98 -98 -98 -98
 44- 46S Puglia Centro W - Basilicata Centro      
Prec 6h med -98 -98 -98 -98 -98 -98 -98 -98 -98 -98 -98 -98
Prec 6h max -98 -98 -98 -98 -98 -98 -98 -98 -98 -98 -98 -98
Prec 12h med -98 -98 -98 -98 -98 -98 -98 -98 -98 -98 -98 -98
Prec 12h max -98 -98 -98 -98 -98 -98 -98 -98 -98 -98 -98 -98
Prec 24h med -98 -98 -98 -98 -98 -98 -98 -98 -98 -98 -98 -98
Prec 24h max -98 -98 -98 -98 -98 -98 -98 -98 -98 -98 -98 -98
Prec 48h med -98 -98 -98 -98 -98 -98 -98 -98 -98 -98 -98 -98
Copertura nuv med -98 -98 -98 -98 -98 -98 -98 -98 -98 -98 -98 -98
Quota neve med -98 -98 -98 -98 -98 -98 -98 -98 -98 -98 -98 -98
Zero termico med -98 -98 -98 -98 -98 -98 -98 -98 -98 -98 -98 -98
Whiting med -98 -98 -98 -98 -98 -98 -98 -98 -98 -98 -98 -98 -98
CAPE med -98 -98 -98 -98 -98 -98 -98 -98 -98 -98 -98 -98 -98
Lifted index med -98 -98 -98 -98 -98 -98 -98 -98 -98 -98 -98 -98
Sweat index med -98 -98 -98 -98 -98 -98 -98 -98 -98 -98 -98 -98
Vento 1500m int -98 -98 -98 -98 -98 -98 -98 -98 -98 -98 -98 -98
Vento 1500m dir -98 -98 -98 -98 -98 -98 -98 -98 -98 -98 -98 -98
Vento 3000m int -98 -98 -98 -98 -98 -98 -98 -98 -98 -98 -98 -98
Vento 3000m dir -98 -98 -98 -98 -98 -98 -98 -98 -98 -98 -98 -98
 45- 47 Puglia Centro E         
Prec 6h med -98 -98 -98 -98 -98 -98 -98 -98 -98 -98 -98 -98
Prec 6h max -98 -98 -98 -98 -98 -98 -98 -98 -98 -98 -98 -98
Prec 12h med -98 -98 -98 -98 -98 -98 -98 -98 -98 -98 -98 -98
Prec 12h max -98 -98 -98 -98 -98 -98 -98 -98 -98 -98 -98 -98
Prec 24h med -98 -98 -98 -98 -98 -98 -98 -98 -98 -98 -98 -98
Prec 24h max -98 -98 -98 -98 -98 -98 -98 -98 -98 -98 -98 -98
Prec 48h med -98 -98 -98 -98 -98 -98 -98 -98 -98 -98 -98 -98
Copertura nuv med -98 -98 -98 -98 -98 -98 -98 -98 -98 -98 -98 -98
Quota neve med -98 -98 -98 -98 -98 -98 -98 -98 -98 -98 -98 -98
Zero termico med -98 -98 -98 -98 -98 -98 -98 -98 -98 -98 -98 -98
Whiting med -98 -98 -98 -98 -98 -98 -98 -98 -98 -98 -98 -98 -98
CAPE med -98 -98 -98 -98 -98 -98 -98 -98 -98 -98 -98 -98 -98
Lifted index med -98 -98 -98 -98 -98 -98 -98 -98 -98 -98 -98 -98
Sweat index med -98 -98 -98 -98 -98 -98 -98 -98 -98 -98 -98 -98
Vento 1500m int -98 -98 -98 -98 -98 -98 -98 -98 -98 -98 -98 -98
Vento 1500m dir -98 -98 -98 -98 -98 -98 -98 -98 -98 -98 -98 -98
Vento 3000m int -98 -98 -98 -98 -98 -98 -98 -98 -98 -98 -98 -98
Vento 3000m dir -98 -98 -98 -98 -98 -98 -98 -98 -98 -98 -98 -98
 46- 48 Puglia SW - Basilicata S       
Prec 6h med -98 -98 -98 -98 -98 -98 -98 -98 -98 -98 -98 -98
Prec 6h max -98 -98 -98 -98 -98 -98 -98 -98 -98 -98 -98 -98
Prec 12h med -98 -98 -98 -98 -98 -98 -98 -98 -98 -98 -98 -98
Prec 12h max -98 -98 -98 -98 -98 -98 -98 -98 -98 -98 -98 -98
Prec 24h med -98 -98 -98 -98 -98 -98 -98 -98 -98 -98 -98 -98
Prec 24h max -98 -98 -98 -98 -98 -98 -98 -98 -98 -98 -98 -98
Prec 48h med -98 -98 -98 -98 -98 -98 -98 -98 -98 -98 -98 -98
Copertura nuv med -98 -98 -98 -98 -98 -98 -98 -98 -98 -98 -98 -98
Quota neve med -98 -98 -98 -98 -98 -98 -98 -98 -98 -98 -98 -98
Zero termico med -98 -98 -98 -98 -98 -98 -98 -98 -98 -98 -98 -98
Whiting med -98 -98 -98 -98 -98 -98 -98 -98 -98 -98 -98 -98 -98
CAPE med -98 -98 -98 -98 -98 -98 -98 -98 -98 -98 -98 -98 -98
Lifted index med -98 -98 -98 -98 -98 -98 -98 -98 -98 -98 -98 -98
Sweat index med -98 -98 -98 -98 -98 -98 -98 -98 -98 -98 -98 -98
Vento 1500m int -98 -98 -98 -98 -98 -98 -98 -98 -98 -98 -98 -98
Vento 1500m dir -98 -98 -98 -98 -98 -98 -98 -98 -98 -98 -98 -98
Vento 3000m int -98 -98 -98 -98 -98 -98 -98 -98 -98 -98 -98 -98
Vento 3000m dir -98 -98 -98 -98 -98 -98 -98 -98 -98 -98 -98 -98
 47- 49 Puglia SE          
Prec 6h med -98 -98 -98 -98 -98 -98 -98 -98 -98 -98 -98 -98
Prec 6h max -98 -98 -98 -98 -98 -98 -98 -98 -98 -98 -98 -98
Prec 12h med -98 -98 -98 -98 -98 -98 -98 -98 -98 -98 -98 -98
Prec 12h max -98 -98 -98 -98 -98 -98 -98 -98 -98 -98 -98 -98
Prec 24h med -98 -98 -98 -98 -98 -98 -98 -98 -98 -98 -98 -98
Prec 24h max -98 -98 -98 -98 -98 -98 -98 -98 -98 -98 -98 -98
Prec 48h med -98 -98 -98 -98 -98 -98 -98 -98 -98 -98 -98 -98
Copertura nuv med -98 -98 -98 -98 -98 -98 -98 -98 -98 -98 -98 -98
Quota neve med -98 -98 -98 -98 -98 -98 -98 -98 -98 -98 -98 -98
Zero termico med -98 -98 -98 -98 -98 -98 -98 -98 -98 -98 -98 -98
Whiting med -98 -98 -98 -98 -98 -98 -98 -98 -98 -98 -98 -98 -98
CAPE med -98 -98 -98 -98 -98 -98 -98 -98 -98 -98 -98 -98 -98
Lifted index med -98 -98 -98 -98 -98 -98 -98 -98 -98 -98 -98 -98
Sweat index med -98 -98 -98 -98 -98 -98 -98 -98 -98 -98 -98 -98
Vento 1500m int -98 -98 -98 -98 -98 -98 -98 -98 -98 -98 -98 -98
Vento 1500m dir -98 -98 -98 -98 -98 -98 -98 -98 -98 -98 -98 -98
Vento 3000m int -98 -98 -98 -98 -98 -98 -98 -98 -98 -98 -98 -98
Vento 3000m dir -98 -98 -98 -98 -98 -98 -98 -98 -98 -98 -98 -98
 48- 5 Lombardia NE          
Prec 6h med -98 -98 -98 -98 -98 -98 -98 -98 -98 -98 -98 -98
Prec 6h max -98 -98 -98 -98 -98 -98 -98 -98 -98 -98 -98 -98
Prec 12h med -98 -98 -98 -98 -98 -98 -98 -98 -98 -98 -98 -98
Prec 12h max -98 -98 -98 -98 -98 -98 -98 -98 -98 -98 -98 -98
Prec 24h med -98 -98 -98 -98 -98 -98 -98 -98 -98 -98 -98 -98
Prec 24h max -98 -98 -98 -98 -98 -98 -98 -98 -98 -98 -98 -98
Prec 48h med -98 -98 -98 -98 -98 -98 -98 -98 -98 -98 -98 -98
Copertura nuv med -98 -98 -98 -98 -98 -98 -98 -98 -98 -98 -98 -98
Quota neve med -98 -98 -98 -98 -98 -98 -98 -98 -98 -98 -98 -98
Zero termico med -98 -98 -98 -98 -98 -98 -98 -98 -98 -98 -98 -98
Whiting med -98 -98 -98 -98 -98 -98 -98 -98 -98 -98 -98 -98 -98
CAPE med -98 -98 -98 -98 -98 -98 -98 -98 -98 -98 -98 -98 -98
Lifted index med -98 -98 -98 -98 -98 -98 -98 -98 -98 -98 -98 -98
Sweat index med -98 -98 -98 -98 -98 -98 -98 -98 -98 -98 -98 -98
Vento 1500m int -98 -98 -98 -98 -98 -98 -98 -98 -98 -98 -98 -98
Vento 1500m dir -98 -98 -98 -98 -98 -98 -98 -98 -98 -98 -98 -98
Vento 3000m int -98 -98 -98 -98 -98 -98 -98 -98 -98 -98 -98 -98
Vento 3000m dir -98 -98 -98 -98 -98 -98 -98 -98 -98 -98 -98 -98
 49- 50N Calabria NW          
Prec 6h med -98 -98 -98 -98 -98 -98 -98 -98 -98 -98 -98 -98
Prec 6h max -98 -98 -98 -98 -98 -98 -98 -98 -98 -98 -98 -98
Prec 12h med -98 -98 -98 -98 -98 -98 -98 -98 -98 -98 -98 -98
Prec 12h max -98 -98 -98 -98 -98 -98 -98 -98 -98 -98 -98 -98
Prec 24h med -98 -98 -98 -98 -98 -98 -98 -98 -98 -98 -98 -98
Prec 24h max -98 -98 -98 -98 -98 -98 -98 -98 -98 -98 -98 -98
Prec 48h med -98 -98 -98 -98 -98 -98 -98 -98 -98 -98 -98 -98
Copertura nuv med -98 -98 -98 -98 -98 -98 -98 -98 -98 -98 -98 -98
Quota neve med -98 -98 -98 -98 -98 -98 -98 -98 -98 -98 -98 -98
Zero termico med -98 -98 -98 -98 -98 -98 -98 -98 -98 -98 -98 -98
Whiting med -98 -98 -98 -98 -98 -98 -98 -98 -98 -98 -98 -98 -98
CAPE med -98 -98 -98 -98 -98 -98 -98 -98 -98 -98 -98 -98 -98
Lifted index med -98 -98 -98 -98 -98 -98 -98 -98 -98 -98 -98 -98
Sweat index med -98 -98 -98 -98 -98 -98 -98 -98 -98 -98 -98 -98
Vento 1500m int -98 -98 -98 -98 -98 -98 -98 -98 -98 -98 -98 -98
Vento 1500m dir -98 -98 -98 -98 -98 -98 -98 -98 -98 -98 -98 -98
Vento 3000m int -98 -98 -98 -98 -98 -98 -98 -98 -98 -98 -98 -98
Vento 3000m dir -98 -98 -98 -98 -98 -98 -98 -98 -98 -98 -98 -98
 50- 51 Calabria NE          
Prec 6h med -98 -98 -98 -98 -98 -98 -98 -98 -98 -98 -98 -98
Prec 6h max -98 -98 -98 -98 -98 -98 -98 -98 -98 -98 -98 -98
Prec 12h med -98 -98 -98 -98 -98 -98 -98 -98 -98 -98 -98 -98
Prec 12h max -98 -98 -98 -98 -98 -98 -98 -98 -98 -98 -98 -98
Prec 24h med -98 -98 -98 -98 -98 -98 -98 -98 -98 -98 -98 -98
Prec 24h max -98 -98 -98 -98 -98 -98 -98 -98 -98 -98 -98 -98
Prec 48h med -98 -98 -98 -98 -98 -98 -98 -98 -98 -98 -98 -98
Copertura nuv med -98 -98 -98 -98 -98 -98 -98 -98 -98 -98 -98 -98
Quota neve med -98 -98 -98 -98 -98 -98 -98 -98 -98 -98 -98 -98
Zero termico med -98 -98 -98 -98 -98 -98 -98 -98 -98 -98 -98 -98
Whiting med -98 -98 -98 -98 -98 -98 -98 -98 -98 -98 -98 -98 -98
CAPE med -98 -98 -98 -98 -98 -98 -98 -98 -98 -98 -98 -98 -98
Lifted index med -98 -98 -98 -98 -98 -98 -98 -98 -98 -98 -98 -98
Sweat index med -98 -98 -98 -98 -98 -98 -98 -98 -98 -98 -98 -98
Vento 1500m int -98 -98 -98 -98 -98 -98 -98 -98 -98 -98 -98 -98
Vento 1500m dir -98 -98 -98 -98 -98 -98 -98 -98 -98 -98 -98 -98
Vento 3000m int -98 -98 -98 -98 -98 -98 -98 -98 -98 -98 -98 -98
Vento 3000m dir -98 -98 -98 -98 -98 -98 -98 -98 -98 -98 -98 -98
 51- 52 Calabria Centro E         
Prec 6h med -98 -98 -98 -98 -98 -98 -98 -98 -98 -98 -98 -98
Prec 6h max -98 -98 -98 -98 -98 -98 -98 -98 -98 -98 -98 -98
Prec 12h med -98 -98 -98 -98 -98 -98 -98 -98 -98 -98 -98 -98
Prec 12h max -98 -98 -98 -98 -98 -98 -98 -98 -98 -98 -98 -98
Prec 24h med -98 -98 -98 -98 -98 -98 -98 -98 -98 -98 -98 -98
Prec 24h max -98 -98 -98 -98 -98 -98 -98 -98 -98 -98 -98 -98
Prec 48h med -98 -98 -98 -98 -98 -98 -98 -98 -98 -98 -98 -98
Copertura nuv med -98 -98 -98 -98 -98 -98 -98 -98 -98 -98 -98 -98
Quota neve med -98 -98 -98 -98 -98 -98 -98 -98 -98 -98 -98 -98
Zero termico med -98 -98 -98 -98 -98 -98 -98 -98 -98 -98 -98 -98
Whiting med -98 -98 -98 -98 -98 -98 -98 -98 -98 -98 -98 -98 -98
CAPE med -98 -98 -98 -98 -98 -98 -98 -98 -98 -98 -98 -98 -98
Lifted index med -98 -98 -98 -98 -98 -98 -98 -98 -98 -98 -98 -98
Sweat index med -98 -98 -98 -98 -98 -98 -98 -98 -98 -98 -98 -98
Vento 1500m int -98 -98 -98 -98 -98 -98 -98 -98 -98 -98 -98 -98
Vento 1500m dir -98 -98 -98 -98 -98 -98 -98 -98 -98 -98 -98 -98
Vento 3000m int -98 -98 -98 -98 -98 -98 -98 -98 -98 -98 -98 -98
Vento 3000m dir -98 -98 -98 -98 -98 -98 -98 -98 -98 -98 -98 -98
 52- 53 Calabria SE          
Prec 6h med -98 -98 -98 -98 -98 -98 -98 -98 -98 -98 -98 -98
Prec 6h max -98 -98 -98 -98 -98 -98 -98 -98 -98 -98 -98 -98
Prec 12h med -98 -98 -98 -98 -98 -98 -98 -98 -98 -98 -98 -98
Prec 12h max -98 -98 -98 -98 -98 -98 -98 -98 -98 -98 -98 -98
Prec 24h med -98 -98 -98 -98 -98 -98 -98 -98 -98 -98 -98 -98
Prec 24h max -98 -98 -98 -98 -98 -98 -98 -98 -98 -98 -98 -98
Prec 48h med -98 -98 -98 -98 -98 -98 -98 -98 -98 -98 -98 -98
Copertura nuv med -98 -98 -98 -98 -98 -98 -98 -98 -98 -98 -98 -98
Quota neve med -98 -98 -98 -98 -98 -98 -98 -98 -98 -98 -98 -98
Zero termico med -98 -98 -98 -98 -98 -98 -98 -98 -98 -98 -98 -98
Whiting med -98 -98 -98 -98 -98 -98 -98 -98 -98 -98 -98 -98 -98
CAPE med -98 -98 -98 -98 -98 -98 -98 -98 -98 -98 -98 -98 -98
Lifted index med -98 -98 -98 -98 -98 -98 -98 -98 -98 -98 -98 -98
Sweat index med -98 -98 -98 -98 -98 -98 -98 -98 -98 -98 -98 -98
Vento 1500m int -98 -98 -98 -98 -98 -98 -98 -98 -98 -98 -98 -98
Vento 1500m dir -98 -98 -98 -98 -98 -98 -98 -98 -98 -98 -98 -98
Vento 3000m int -98 -98 -98 -98 -98 -98 -98 -98 -98 -98 -98 -98
Vento 3000m dir -98 -98 -98 -98 -98 -98 -98 -98 -98 -98 -98 -98
 53- 53W Calabria SW          
Prec 6h med -98 -98 -98 -98 -98 -98 -98 -98 -98 -98 -98 -98
Prec 6h max -98 -98 -98 -98 -98 -98 -98 -98 -98 -98 -98 -98
Prec 12h med -98 -98 -98 -98 -98 -98 -98 -98 -98 -98 -98 -98
Prec 12h max -98 -98 -98 -98 -98 -98 -98 -98 -98 -98 -98 -98
Prec 24h med -98 -98 -98 -98 -98 -98 -98 -98 -98 -98 -98 -98
Prec 24h max -98 -98 -98 -98 -98 -98 -98 -98 -98 -98 -98 -98
Prec 48h med -98 -98 -98 -98 -98 -98 -98 -98 -98 -98 -98 -98
Copertura nuv med -98 -98 -98 -98 -98 -98 -98 -98 -98 -98 -98 -98
Quota neve med -98 -98 -98 -98 -98 -98 -98 -98 -98 -98 -98 -98
Zero termico med -98 -98 -98 -98 -98 -98 -98 -98 -98 -98 -98 -98
Whiting med -98 -98 -98 -98 -98 -98 -98 -98 -98 -98 -98 -98 -98
CAPE med -98 -98 -98 -98 -98 -98 -98 -98 -98 -98 -98 -98 -98
Lifted index med -98 -98 -98 -98 -98 -98 -98 -98 -98 -98 -98 -98
Sweat index med -98 -98 -98 -98 -98 -98 -98 -98 -98 -98 -98 -98
Vento 1500m int -98 -98 -98 -98 -98 -98 -98 -98 -98 -98 -98 -98
Vento 1500m dir -98 -98 -98 -98 -98 -98 -98 -98 -98 -98 -98 -98
Vento 3000m int -98 -98 -98 -98 -98 -98 -98 -98 -98 -98 -98 -98
Vento 3000m dir -98 -98 -98 -98 -98 -98 -98 -98 -98 -98 -98 -98
 54- 54 Sicilia W          
Prec 6h med -98 -98 -98 -98 -98 -98 -98 -98 -98 -98 -98 -98
Prec 6h max -98 -98 -98 -98 -98 -98 -98 -98 -98 -98 -98 -98
Prec 12h med -98 -98 -98 -98 -98 -98 -98 -98 -98 -98 -98 -98
Prec 12h max -98 -98 -98 -98 -98 -98 -98 -98 -98 -98 -98 -98
Prec 24h med -98 -98 -98 -98 -98 -98 -98 -98 -98 -98 -98 -98
Prec 24h max -98 -98 -98 -98 -98 -98 -98 -98 -98 -98 -98 -98
Prec 48h med -98 -98 -98 -98 -98 -98 -98 -98 -98 -98 -98 -98
Copertura nuv med -98 -98 -98 -98 -98 -98 -98 -98 -98 -98 -98 -98
Quota neve med -98 -98 -98 -98 -98 -98 -98 -98 -98 -98 -98 -98
Zero termico med -98 -98 -98 -98 -98 -98 -98 -98 -98 -98 -98 -98
Whiting med -98 -98 -98 -98 -98 -98 -98 -98 -98 -98 -98 -98 -98
CAPE med -98 -98 -98 -98 -98 -98 -98 -98 -98 -98 -98 -98 -98
Lifted index med -98 -98 -98 -98 -98 -98 -98 -98 -98 -98 -98 -98
Sweat index med -98 -98 -98 -98 -98 -98 -98 -98 -98 -98 -98 -98
Vento 1500m int -98 -98 -98 -98 -98 -98 -98 -98 -98 -98 -98 -98
Vento 1500m dir -98 -98 -98 -98 -98 -98 -98 -98 -98 -98 -98 -98
Vento 3000m int -98 -98 -98 -98 -98 -98 -98 -98 -98 -98 -98 -98
Vento 3000m dir -98 -98 -98 -98 -98 -98 -98 -98 -98 -98 -98 -98
 55- 55 Sicilia Centro N         
Prec 6h med -98 -98 -98 -98 -98 -98 -98 -98 -98 -98 -98 -98
Prec 6h max -98 -98 -98 -98 -98 -98 -98 -98 -98 -98 -98 -98
Prec 12h med -98 -98 -98 -98 -98 -98 -98 -98 -98 -98 -98 -98
Prec 12h max -98 -98 -98 -98 -98 -98 -98 -98 -98 -98 -98 -98
Prec 24h med -98 -98 -98 -98 -98 -98 -98 -98 -98 -98 -98 -98
Prec 24h max -98 -98 -98 -98 -98 -98 -98 -98 -98 -98 -98 -98
Prec 48h med -98 -98 -98 -98 -98 -98 -98 -98 -98 -98 -98 -98
Copertura nuv med -98 -98 -98 -98 -98 -98 -98 -98 -98 -98 -98 -98
Quota neve med -98 -98 -98 -98 -98 -98 -98 -98 -98 -98 -98 -98
Zero termico med -98 -98 -98 -98 -98 -98 -98 -98 -98 -98 -98 -98
Whiting med -98 -98 -98 -98 -98 -98 -98 -98 -98 -98 -98 -98 -98
CAPE med -98 -98 -98 -98 -98 -98 -98 -98 -98 -98 -98 -98 -98
Lifted index med -98 -98 -98 -98 -98 -98 -98 -98 -98 -98 -98 -98
Sweat index med -98 -98 -98 -98 -98 -98 -98 -98 -98 -98 -98 -98
Vento 1500m int -98 -98 -98 -98 -98 -98 -98 -98 -98 -98 -98 -98
Vento 1500m dir -98 -98 -98 -98 -98 -98 -98 -98 -98 -98 -98 -98
Vento 3000m int -98 -98 -98 -98 -98 -98 -98 -98 -98 -98 -98 -98
Vento 3000m dir -98 -98 -98 -98 -98 -98 -98 -98 -98 -98 -98 -98
 56- 56N Sicilia NE          
Prec 6h med -98 -98 -98 -98 -98 -98 -98 -98 -98 -98 -98 -98
Prec 6h max -98 -98 -98 -98 -98 -98 -98 -98 -98 -98 -98 -98
Prec 12h med -98 -98 -98 -98 -98 -98 -98 -98 -98 -98 -98 -98
Prec 12h max -98 -98 -98 -98 -98 -98 -98 -98 -98 -98 -98 -98
Prec 24h med -98 -98 -98 -98 -98 -98 -98 -98 -98 -98 -98 -98
Prec 24h max -98 -98 -98 -98 -98 -98 -98 -98 -98 -98 -98 -98
Prec 48h med -98 -98 -98 -98 -98 -98 -98 -98 -98 -98 -98 -98
Copertura nuv med -98 -98 -98 -98 -98 -98 -98 -98 -98 -98 -98 -98
Quota neve med -98 -98 -98 -98 -98 -98 -98 -98 -98 -98 -98 -98
Zero termico med -98 -98 -98 -98 -98 -98 -98 -98 -98 -98 -98 -98
Whiting med -98 -98 -98 -98 -98 -98 -98 -98 -98 -98 -98 -98 -98
CAPE med -98 -98 -98 -98 -98 -98 -98 -98 -98 -98 -98 -98 -98
Lifted index med -98 -98 -98 -98 -98 -98 -98 -98 -98 -98 -98 -98
Sweat index med -98 -98 -98 -98 -98 -98 -98 -98 -98 -98 -98 -98
Vento 1500m int -98 -98 -98 -98 -98 -98 -98 -98 -98 -98 -98 -98
Vento 1500m dir -98 -98 -98 -98 -98 -98 -98 -98 -98 -98 -98 -98
Vento 3000m int -98 -98 -98 -98 -98 -98 -98 -98 -98 -98 -98 -98
Vento 3000m dir -98 -98 -98 -98 -98 -98 -98 -98 -98 -98 -98 -98
 57- 56S Sicilia E          
Prec 6h med -98 -98 -98 -98 -98 -98 -98 -98 -98 -98 -98 -98
Prec 6h max -98 -98 -98 -98 -98 -98 -98 -98 -98 -98 -98 -98
Prec 12h med -98 -98 -98 -98 -98 -98 -98 -98 -98 -98 -98 -98
Prec 12h max -98 -98 -98 -98 -98 -98 -98 -98 -98 -98 -98 -98
Prec 24h med -98 -98 -98 -98 -98 -98 -98 -98 -98 -98 -98 -98
Prec 24h max -98 -98 -98 -98 -98 -98 -98 -98 -98 -98 -98 -98
Prec 48h med -98 -98 -98 -98 -98 -98 -98 -98 -98 -98 -98 -98
Copertura nuv med -98 -98 -98 -98 -98 -98 -98 -98 -98 -98 -98 -98
Quota neve med -98 -98 -98 -98 -98 -98 -98 -98 -98 -98 -98 -98
Zero termico med -98 -98 -98 -98 -98 -98 -98 -98 -98 -98 -98 -98
Whiting med -98 -98 -98 -98 -98 -98 -98 -98 -98 -98 -98 -98 -98
CAPE med -98 -98 -98 -98 -98 -98 -98 -98 -98 -98 -98 -98 -98
Lifted index med -98 -98 -98 -98 -98 -98 -98 -98 -98 -98 -98 -98
Sweat index med -98 -98 -98 -98 -98 -98 -98 -98 -98 -98 -98 -98
Vento 1500m int -98 -98 -98 -98 -98 -98 -98 -98 -98 -98 -98 -98
Vento 1500m dir -98 -98 -98 -98 -98 -98 -98 -98 -98 -98 -98 -98
Vento 3000m int -98 -98 -98 -98 -98 -98 -98 -98 -98 -98 -98 -98
Vento 3000m dir -98 -98 -98 -98 -98 -98 -98 -98 -98 -98 -98 -98
 58- 57 Sicilia Centro S         
Prec 6h med -98 -98 -98 -98 -98 -98 -98 -98 -98 -98 -98 -98
Prec 6h max -98 -98 -98 -98 -98 -98 -98 -98 -98 -98 -98 -98
Prec 12h med -98 -98 -98 -98 -98 -98 -98 -98 -98 -98 -98 -98
Prec 12h max -98 -98 -98 -98 -98 -98 -98 -98 -98 -98 -98 -98
Prec 24h med -98 -98 -98 -98 -98 -98 -98 -98 -98 -98 -98 -98
Prec 24h max -98 -98 -98 -98 -98 -98 -98 -98 -98 -98 -98 -98
Prec 48h med -98 -98 -98 -98 -98 -98 -98 -98 -98 -98 -98 -98
Copertura nuv med -98 -98 -98 -98 -98 -98 -98 -98 -98 -98 -98 -98
Quota neve med -98 -98 -98 -98 -98 -98 -98 -98 -98 -98 -98 -98
Zero termico med -98 -98 -98 -98 -98 -98 -98 -98 -98 -98 -98 -98
Whiting med -98 -98 -98 -98 -98 -98 -98 -98 -98 -98 -98 -98 -98
CAPE med -98 -98 -98 -98 -98 -98 -98 -98 -98 -98 -98 -98 -98
Lifted index med -98 -98 -98 -98 -98 -98 -98 -98 -98 -98 -98 -98
Sweat index med -98 -98 -98 -98 -98 -98 -98 -98 -98 -98 -98 -98
Vento 1500m int -98 -98 -98 -98 -98 -98 -98 -98 -98 -98 -98 -98
Vento 1500m dir -98 -98 -98 -98 -98 -98 -98 -98 -98 -98 -98 -98
Vento 3000m int -98 -98 -98 -98 -98 -98 -98 -98 -98 -98 -98 -98
Vento 3000m dir -98 -98 -98 -98 -98 -98 -98 -98 -98 -98 -98 -98
 59- 58 Sicilia Centro          
Prec 6h med -98 -98 -98 -98 -98 -98 -98 -98 -98 -98 -98 -98
Prec 6h max -98 -98 -98 -98 -98 -98 -98 -98 -98 -98 -98 -98
Prec 12h med -98 -98 -98 -98 -98 -98 -98 -98 -98 -98 -98 -98
Prec 12h max -98 -98 -98 -98 -98 -98 -98 -98 -98 -98 -98 -98
Prec 24h med -98 -98 -98 -98 -98 -98 -98 -98 -98 -98 -98 -98
Prec 24h max -98 -98 -98 -98 -98 -98 -98 -98 -98 -98 -98 -98
Prec 48h med -98 -98 -98 -98 -98 -98 -98 -98 -98 -98 -98 -98
Copertura nuv med -98 -98 -98 -98 -98 -98 -98 -98 -98 -98 -98 -98
Quota neve med -98 -98 -98 -98 -98 -98 -98 -98 -98 -98 -98 -98
Zero termico med -98 -98 -98 -98 -98 -98 -98 -98 -98 -98 -98 -98
Whiting med -98 -98 -98 -98 -98 -98 -98 -98 -98 -98 -98 -98 -98
CAPE med -98 -98 -98 -98 -98 -98 -98 -98 -98 -98 -98 -98 -98
Lifted index med -98 -98 -98 -98 -98 -98 -98 -98 -98 -98 -98 -98
Sweat index med -98 -98 -98 -98 -98 -98 -98 -98 -98 -98 -98 -98
Vento 1500m int -98 -98 -98 -98 -98 -98 -98 -98 -98 -98 -98 -98
Vento 1500m dir -98 -98 -98 -98 -98 -98 -98 -98 -98 -98 -98 -98
Vento 3000m int -98 -98 -98 -98 -98 -98 -98 -98 -98 -98 -98 -98
Vento 3000m dir -98 -98 -98 -98 -98 -98 -98 -98 -98 -98 -98 -98
 60- 59 Sicilia SE          
Prec 6h med -98 -98 -98 -98 -98 -98 -98 -98 -98 -98 -98 -98
Prec 6h max -98 -98 -98 -98 -98 -98 -98 -98 -98 -98 -98 -98
Prec 12h med -98 -98 -98 -98 -98 -98 -98 -98 -98 -98 -98 -98
Prec 12h max -98 -98 -98 -98 -98 -98 -98 -98 -98 -98 -98 -98
Prec 24h med -98 -98 -98 -98 -98 -98 -98 -98 -98 -98 -98 -98
Prec 24h max -98 -98 -98 -98 -98 -98 -98 -98 -98 -98 -98 -98
Prec 48h med -98 -98 -98 -98 -98 -98 -98 -98 -98 -98 -98 -98
Copertura nuv med -98 -98 -98 -98 -98 -98 -98 -98 -98 -98 -98 -98
Quota neve med -98 -98 -98 -98 -98 -98 -98 -98 -98 -98 -98 -98
Zero termico med -98 -98 -98 -98 -98 -98 -98 -98 -98 -98 -98 -98
Whiting med -98 -98 -98 -98 -98 -98 -98 -98 -98 -98 -98 -98 -98
CAPE med -98 -98 -98 -98 -98 -98 -98 -98 -98 -98 -98 -98 -98
Lifted index med -98 -98 -98 -98 -98 -98 -98 -98 -98 -98 -98 -98
Sweat index med -98 -98 -98 -98 -98 -98 -98 -98 -98 -98 -98 -98
Vento 1500m int -98 -98 -98 -98 -98 -98 -98 -98 -98 -98 -98 -98
Vento 1500m dir -98 -98 -98 -98 -98 -98 -98 -98 -98 -98 -98 -98
Vento 3000m int -98 -98 -98 -98 -98 -98 -98 -98 -98 -98 -98 -98
Vento 3000m dir -98 -98 -98 -98 -98 -98 -98 -98 -98 -98 -98 -98
 61- 6 Lombardia Centro E         
Prec 6h med -98 -98 -98 -98 -98 -98 -98 -98 -98 -98 -98 -98
Prec 6h max -98 -98 -98 -98 -98 -98 -98 -98 -98 -98 -98 -98
Prec 12h med -98 -98 -98 -98 -98 -98 -98 -98 -98 -98 -98 -98
Prec 12h max -98 -98 -98 -98 -98 -98 -98 -98 -98 -98 -98 -98
Prec 24h med -98 -98 -98 -98 -98 -98 -98 -98 -98 -98 -98 -98
Prec 24h max -98 -98 -98 -98 -98 -98 -98 -98 -98 -98 -98 -98
Prec 48h med -98 -98 -98 -98 -98 -98 -98 -98 -98 -98 -98 -98
Copertura nuv med -98 -98 -98 -98 -98 -98 -98 -98 -98 -98 -98 -98
Quota neve med -98 -98 -98 -98 -98 -98 -98 -98 -98 -98 -98 -98
Zero termico med -98 -98 -98 -98 -98 -98 -98 -98 -98 -98 -98 -98
Whiting med -98 -98 -98 -98 -98 -98 -98 -98 -98 -98 -98 -98 -98
CAPE med -98 -98 -98 -98 -98 -98 -98 -98 -98 -98 -98 -98 -98
Lifted index med -98 -98 -98 -98 -98 -98 -98 -98 -98 -98 -98 -98
Sweat index med -98 -98 -98 -98 -98 -98 -98 -98 -98 -98 -98 -98
Vento 1500m int -98 -98 -98 -98 -98 -98 -98 -98 -98 -98 -98 -98
Vento 1500m dir -98 -98 -98 -98 -98 -98 -98 -98 -98 -98 -98 -98
Vento 3000m int -98 -98 -98 -98 -98 -98 -98 -98 -98 -98 -98 -98
Vento 3000m dir -98 -98 -98 -98 -98 -98 -98 -98 -98 -98 -98 -98
 62- 60 Sardegna NW          
Prec 6h med -98 -98 -98 -98 -98 -98 -98 -98 -98 -98 -98 -98
Prec 6h max -98 -98 -98 -98 -98 -98 -98 -98 -98 -98 -98 -98
Prec 12h med -98 -98 -98 -98 -98 -98 -98 -98 -98 -98 -98 -98
Prec 12h max -98 -98 -98 -98 -98 -98 -98 -98 -98 -98 -98 -98
Prec 24h med -98 -98 -98 -98 -98 -98 -98 -98 -98 -98 -98 -98
Prec 24h max -98 -98 -98 -98 -98 -98 -98 -98 -98 -98 -98 -98
Prec 48h med -98 -98 -98 -98 -98 -98 -98 -98 -98 -98 -98 -98
Copertura nuv med -98 -98 -98 -98 -98 -98 -98 -98 -98 -98 -98 -98
Quota neve med -98 -98 -98 -98 -98 -98 -98 -98 -98 -98 -98 -98
Zero termico med -98 -98 -98 -98 -98 -98 -98 -98 -98 -98 -98 -98
Whiting med -98 -98 -98 -98 -98 -98 -98 -98 -98 -98 -98 -98 -98
CAPE med -98 -98 -98 -98 -98 -98 -98 -98 -98 -98 -98 -98 -98
Lifted index med -98 -98 -98 -98 -98 -98 -98 -98 -98 -98 -98 -98
Sweat index med -98 -98 -98 -98 -98 -98 -98 -98 -98 -98 -98 -98
Vento 1500m int -98 -98 -98 -98 -98 -98 -98 -98 -98 -98 -98 -98
Vento 1500m dir -98 -98 -98 -98 -98 -98 -98 -98 -98 -98 -98 -98
Vento 3000m int -98 -98 -98 -98 -98 -98 -98 -98 -98 -98 -98 -98
Vento 3000m dir -98 -98 -98 -98 -98 -98 -98 -98 -98 -98 -98 -98
 63- 61 Sardegna NE          
Prec 6h med -98 -98 -98 -98 -98 -98 -98 -98 -98 -98 -98 -98
Prec 6h max -98 -98 -98 -98 -98 -98 -98 -98 -98 -98 -98 -98
Prec 12h med -98 -98 -98 -98 -98 -98 -98 -98 -98 -98 -98 -98
Prec 12h max -98 -98 -98 -98 -98 -98 -98 -98 -98 -98 -98 -98
Prec 24h med -98 -98 -98 -98 -98 -98 -98 -98 -98 -98 -98 -98
Prec 24h max -98 -98 -98 -98 -98 -98 -98 -98 -98 -98 -98 -98
Prec 48h med -98 -98 -98 -98 -98 -98 -98 -98 -98 -98 -98 -98
Copertura nuv med -98 -98 -98 -98 -98 -98 -98 -98 -98 -98 -98 -98
Quota neve med -98 -98 -98 -98 -98 -98 -98 -98 -98 -98 -98 -98
Zero termico med -98 -98 -98 -98 -98 -98 -98 -98 -98 -98 -98 -98
Whiting med -98 -98 -98 -98 -98 -98 -98 -98 -98 -98 -98 -98 -98
CAPE med -98 -98 -98 -98 -98 -98 -98 -98 -98 -98 -98 -98 -98
Lifted index med -98 -98 -98 -98 -98 -98 -98 -98 -98 -98 -98 -98
Sweat index med -98 -98 -98 -98 -98 -98 -98 -98 -98 -98 -98 -98
Vento 1500m int -98 -98 -98 -98 -98 -98 -98 -98 -98 -98 -98 -98
Vento 1500m dir -98 -98 -98 -98 -98 -98 -98 -98 -98 -98 -98 -98
Vento 3000m int -98 -98 -98 -98 -98 -98 -98 -98 -98 -98 -98 -98
Vento 3000m dir -98 -98 -98 -98 -98 -98 -98 -98 -98 -98 -98 -98
 64- 62 Sardegna Centro W         
Prec 6h med -98 -98 -98 -98 -98 -98 -98 -98 -98 -98 -98 -98
Prec 6h max -98 -98 -98 -98 -98 -98 -98 -98 -98 -98 -98 -98
Prec 12h med -98 -98 -98 -98 -98 -98 -98 -98 -98 -98 -98 -98
Prec 12h max -98 -98 -98 -98 -98 -98 -98 -98 -98 -98 -98 -98
Prec 24h med -98 -98 -98 -98 -98 -98 -98 -98 -98 -98 -98 -98
Prec 24h max -98 -98 -98 -98 -98 -98 -98 -98 -98 -98 -98 -98
Prec 48h med -98 -98 -98 -98 -98 -98 -98 -98 -98 -98 -98 -98
Copertura nuv med -98 -98 -98 -98 -98 -98 -98 -98 -98 -98 -98 -98
Quota neve med -98 -98 -98 -98 -98 -98 -98 -98 -98 -98 -98 -98
Zero termico med -98 -98 -98 -98 -98 -98 -98 -98 -98 -98 -98 -98
Whiting med -98 -98 -98 -98 -98 -98 -98 -98 -98 -98 -98 -98 -98
CAPE med -98 -98 -98 -98 -98 -98 -98 -98 -98 -98 -98 -98 -98
Lifted index med -98 -98 -98 -98 -98 -98 -98 -98 -98 -98 -98 -98
Sweat index med -98 -98 -98 -98 -98 -98 -98 -98 -98 -98 -98 -98
Vento 1500m int -98 -98 -98 -98 -98 -98 -98 -98 -98 -98 -98 -98
Vento 1500m dir -98 -98 -98 -98 -98 -98 -98 -98 -98 -98 -98 -98
Vento 3000m int -98 -98 -98 -98 -98 -98 -98 -98 -98 -98 -98 -98
Vento 3000m dir -98 -98 -98 -98 -98 -98 -98 -98 -98 -98 -98 -98
 65- 63 Sardegna E          
Prec 6h med -98 -98 -98 -98 -98 -98 -98 -98 -98 -98 -98 -98
Prec 6h max -98 -98 -98 -98 -98 -98 -98 -98 -98 -98 -98 -98
Prec 12h med -98 -98 -98 -98 -98 -98 -98 -98 -98 -98 -98 -98
Prec 12h max -98 -98 -98 -98 -98 -98 -98 -98 -98 -98 -98 -98
Prec 24h med -98 -98 -98 -98 -98 -98 -98 -98 -98 -98 -98 -98
Prec 24h max -98 -98 -98 -98 -98 -98 -98 -98 -98 -98 -98 -98
Prec 48h med -98 -98 -98 -98 -98 -98 -98 -98 -98 -98 -98 -98
Copertura nuv med -98 -98 -98 -98 -98 -98 -98 -98 -98 -98 -98 -98
Quota neve med -98 -98 -98 -98 -98 -98 -98 -98 -98 -98 -98 -98
Zero termico med -98 -98 -98 -98 -98 -98 -98 -98 -98 -98 -98 -98
Whiting med -98 -98 -98 -98 -98 -98 -98 -98 -98 -98 -98 -98 -98
CAPE med -98 -98 -98 -98 -98 -98 -98 -98 -98 -98 -98 -98 -98
Lifted index med -98 -98 -98 -98 -98 -98 -98 -98 -98 -98 -98 -98
Sweat index med -98 -98 -98 -98 -98 -98 -98 -98 -98 -98 -98 -98
Vento 1500m int -98 -98 -98 -98 -98 -98 -98 -98 -98 -98 -98 -98
Vento 1500m dir -98 -98 -98 -98 -98 -98 -98 -98 -98 -98 -98 -98
Vento 3000m int -98 -98 -98 -98 -98 -98 -98 -98 -98 -98 -98 -98
Vento 3000m dir -98 -98 -98 -98 -98 -98 -98 -98 -98 -98 -98 -98
 66- 64 Sardegna S          
Prec 6h med -98 -98 -98 -98 -98 -98 -98 -98 -98 -98 -98 -98
Prec 6h max -98 -98 -98 -98 -98 -98 -98 -98 -98 -98 -98 -98
Prec 12h med -98 -98 -98 -98 -98 -98 -98 -98 -98 -98 -98 -98
Prec 12h max -98 -98 -98 -98 -98 -98 -98 -98 -98 -98 -98 -98
Prec 24h med -98 -98 -98 -98 -98 -98 -98 -98 -98 -98 -98 -98
Prec 24h max -98 -98 -98 -98 -98 -98 -98 -98 -98 -98 -98 -98
Prec 48h med -98 -98 -98 -98 -98 -98 -98 -98 -98 -98 -98 -98
Copertura nuv med -98 -98 -98 -98 -98 -98 -98 -98 -98 -98 -98 -98
Quota neve med -98 -98 -98 -98 -98 -98 -98 -98 -98 -98 -98 -98
Zero termico med -98 -98 -98 -98 -98 -98 -98 -98 -98 -98 -98 -98
Whiting med -98 -98 -98 -98 -98 -98 -98 -98 -98 -98 -98 -98 -98
CAPE med -98 -98 -98 -98 -98 -98 -98 -98 -98 -98 -98 -98 -98
Lifted index med -98 -98 -98 -98 -98 -98 -98 -98 -98 -98 -98 -98
Sweat index med -98 -98 -98 -98 -98 -98 -98 -98 -98 -98 -98 -98
Vento 1500m int -98 -98 -98 -98 -98 -98 -98 -98 -98 -98 -98 -98
Vento 1500m dir -98 -98 -98 -98 -98 -98 -98 -98 -98 -98 -98 -98
Vento 3000m int -98 -98 -98 -98 -98 -98 -98 -98 -98 -98 -98 -98
Vento 3000m dir -98 -98 -98 -98 -98 -98 -98 -98 -98 -98 -98 -98
 67- 7 Trentino           
Prec 6h med -98 -98 -98 -98 -98 -98 -98 -98 -98 -98 -98 -98
Prec 6h max -98 -98 -98 -98 -98 -98 -98 -98 -98 -98 -98 -98
Prec 12h med -98 -98 -98 -98 -98 -98 -98 -98 -98 -98 -98 -98
Prec 12h max -98 -98 -98 -98 -98 -98 -98 -98 -98 -98 -98 -98
Prec 24h med -98 -98 -98 -98 -98 -98 -98 -98 -98 -98 -98 -98
Prec 24h max -98 -98 -98 -98 -98 -98 -98 -98 -98 -98 -98 -98
Prec 48h med -98 -98 -98 -98 -98 -98 -98 -98 -98 -98 -98 -98
Copertura nuv med -98 -98 -98 -98 -98 -98 -98 -98 -98 -98 -98 -98
Quota neve med -98 -98 -98 -98 -98 -98 -98 -98 -98 -98 -98 -98
Zero termico med -98 -98 -98 -98 -98 -98 -98 -98 -98 -98 -98 -98
Whiting med -98 -98 -98 -98 -98 -98 -98 -98 -98 -98 -98 -98 -98
CAPE med -98 -98 -98 -98 -98 -98 -98 -98 -98 -98 -98 -98 -98
Lifted index med -98 -98 -98 -98 -98 -98 -98 -98 -98 -98 -98 -98
Sweat index med -98 -98 -98 -98 -98 -98 -98 -98 -98 -98 -98 -98
Vento 1500m int -98 -98 -98 -98 -98 -98 -98 -98 -98 -98 -98 -98
Vento 1500m dir -98 -98 -98 -98 -98 -98 -98 -98 -98 -98 -98 -98
Vento 3000m int -98 -98 -98 -98 -98 -98 -98 -98 -98 -98 -98 -98
Vento 3000m dir -98 -98 -98 -98 -98 -98 -98 -98 -98 -98 -98 -98
 68- 8 Alto Adige          
Prec 6h med -98 -98 -98 -98 -98 -98 -98 -98 -98 -98 -98 -98
Prec 6h max -98 -98 -98 -98 -98 -98 -98 -98 -98 -98 -98 -98
Prec 12h med -98 -98 -98 -98 -98 -98 -98 -98 -98 -98 -98 -98
Prec 12h max -98 -98 -98 -98 -98 -98 -98 -98 -98 -98 -98 -98
Prec 24h med -98 -98 -98 -98 -98 -98 -98 -98 -98 -98 -98 -98
Prec 24h max -98 -98 -98 -98 -98 -98 -98 -98 -98 -98 -98 -98
Prec 48h med -98 -98 -98 -98 -98 -98 -98 -98 -98 -98 -98 -98
Copertura nuv med -98 -98 -98 -98 -98 -98 -98 -98 -98 -98 -98 -98
Quota neve med -98 -98 -98 -98 -98 -98 -98 -98 -98 -98 -98 -98
Zero termico med -98 -98 -98 -98 -98 -98 -98 -98 -98 -98 -98 -98
Whiting med -98 -98 -98 -98 -98 -98 -98 -98 -98 -98 -98 -98 -98
CAPE med -98 -98 -98 -98 -98 -98 -98 -98 -98 -98 -98 -98 -98
Lifted index med -98 -98 -98 -98 -98 -98 -98 -98 -98 -98 -98 -98
Sweat index med -98 -98 -98 -98 -98 -98 -98 -98 -98 -98 -98 -98
Vento 1500m int -98 -98 -98 -98 -98 -98 -98 -98 -98 -98 -98 -98
Vento 1500m dir -98 -98 -98 -98 -98 -98 -98 -98 -98 -98 -98 -98
Vento 3000m int -98 -98 -98 -98 -98 -98 -98 -98 -98 -98 -98 -98
Vento 3000m dir -98 -98 -98 -98 -98 -98 -98 -98 -98 -98 -98 -98
 69- 9 Veneto E - FVG N       
Prec 6h med -98 -98 -98 -98 -98 -98 -98 -98 -98 -98 -98 -98
Prec 6h max -98 -98 -98 -98 -98 -98 -98 -98 -98 -98 -98 -98
Prec 12h med -98 -98 -98 -98 -98 -98 -98 -98 -98 -98 -98 -98
Prec 12h max -98 -98 -98 -98 -98 -98 -98 -98 -98 -98 -98 -98
Prec 24h med -98 -98 -98 -98 -98 -98 -98 -98 -98 -98 -98 -98
Prec 24h max -98 -98 -98 -98 -98 -98 -98 -98 -98 -98 -98 -98
Prec 48h med -98 -98 -98 -98 -98 -98 -98 -98 -98 -98 -98 -98
Copertura nuv med -98 -98 -98 -98 -98 -98 -98 -98 -98 -98 -98 -98
Quota neve med -98 -98 -98 -98 -98 -98 -98 -98 -98 -98 -98 -98
Zero termico med -98 -98 -98 -98 -98 -98 -98 -98 -98 -98 -98 -98
Whiting med -98 -98 -98 -98 -98 -98 -98 -98 -98 -98 -98 -98 -98
CAPE med -98 -98 -98 -98 -98 -98 -98 -98 -98 -98 -98 -98 -98
Lifted index med -98 -98 -98 -98 -98 -98 -98 -98 -98 -98 -98 -98
Sweat index med -98 -98 -98 -98 -98 -98 -98 -98 -98 -98 -98 -98
Vento 1500m int -98 -98 -98 -98 -98 -98 -98 -98 -98 -98 -98 -98
Vento 1500m dir -98 -98 -98 -98 -98 -98 -98 -98 -98 -98 -98 -98
Vento 3000m int -98 -98 -98 -98 -98 -98 -98 -98 -98 -98 -98 -98
Vento 3000m dir -98 -98 -98 -98 -98 -98 -98 -98 -98 -98 -98 -98
 70- 50S Calabria Centro W         
Prec 6h med -98 -98 -98 -98 -98 -98 -98 -98 -98 -98 -98 -98
Prec 6h max -98 -98 -98 -98 -98 -98 -98 -98 -98 -98 -98 -98
Prec 12h med -98 -98 -98 -98 -98 -98 -98 -98 -98 -98 -98 -98
Prec 12h max -98 -98 -98 -98 -98 -98 -98 -98 -98 -98 -98 -98
Prec 24h med -98 -98 -98 -98 -98 -98 -98 -98 -98 -98 -98 -98
Prec 24h max -98 -98 -98 -98 -98 -98 -98 -98 -98 -98 -98 -98
Prec 48h med -98 -98 -98 -98 -98 -98 -98 -98 -98 -98 -98 -98
Copertura nuv med -98 -98 -98 -98 -98 -98 -98 -98 -98 -98 -98 -98
Quota neve med -98 -98 -98 -98 -98 -98 -98 -98 -98 -98 -98 -98
Zero termico med -98 -98 -98 -98 -98 -98 -98 -98 -98 -98 -98 -98
Whiting med -98 -98 -98 -98 -98 -98 -98 -98 -98 -98 -98 -98 -98
CAPE med -98 -98 -98 -98 -98 -98 -98 -98 -98 -98 -98 -98 -98
Lifted index med -98 -98 -98 -98 -98 -98 -98 -98 -98 -98 -98 -98
Sweat index med -98 -98 -98 -98 -98 -98 -98 -98 -98 -98 -98 -98
Vento 1500m int -98 -98 -98 -98 -98 -98 -98 -98 -98 -98 -98 -98
Vento 1500m dir -98 -98 -98 -98 -98 -98 -98 -98 -98 -98 -98 -98
Vento 3000m int -98 -98 -98 -98 -98 -98 -98 -98 -98 -98 -98 -98
Vento 3000m dir -98 -98 -98 -98 -98 -98 -98 -98 -98 -98 -98 -98
