0.001    -18.8304    -19.7706    -25.7123    -12.2745
0.002     -8.9161     -9.3868    -12.3530     -5.6421
0.003     -5.6114     -5.9255     -7.8999     -3.4313
0.004     -3.9590     -4.1949     -5.6734     -2.3259
0.005     -2.9676     -3.1565     -4.3374     -1.6627
0.006     -2.3066     -2.4643     -3.4468     -1.2207
0.007     -1.8345     -1.9698     -2.8106     -0.9050
0.008     -1.4804     -1.5989     -2.3335     -0.6683
0.009     -1.2050     -1.3105     -1.9626     -0.4841
0.010     -0.9847     -1.0797     -1.6656     -0.3368
0.011     -0.8044     -0.8910     -1.4227     -0.2163
0.012     -0.6542     -0.7336     -1.2203     -0.1159
0.013     -0.5271     -0.6005     -1.0490     -0.0311
0.014     -0.4182     -0.4864     -0.9022      0.0415
0.015     -0.3238     -0.3875     -0.7749      0.1044
0.016     -0.2411     -0.3010     -0.6636      0.1595
0.017     -0.1682     -0.2246     -0.5654      0.2081
0.018     -0.1034     -0.1567     -0.4781      0.2513
0.019     -0.0455     -0.0960     -0.3999      0.2900
0.020      0.0067     -0.0414     -0.3296      0.3248
0.021      0.0539      0.0081     -0.2660      0.3562
0.022      0.0969      0.0530     -0.2082      0.3848
0.023      0.1360      0.0941     -0.1554      0.4110
0.024      0.1720      0.1317     -0.1070      0.4349
0.025      0.2050      0.1663     -0.0625      0.4569
0.026      0.2355      0.1983     -0.0218      0.4774
0.027      0.2638      0.2278      0.0159      0.4966
0.028      0.2900      0.2553      0.0510      0.5143
0.029      0.3144      0.2809      0.0836      0.5309
0.030      0.3372      0.3048      0.1140      0.5464
0.031      0.3585      0.3271      0.1427      0.5608
0.032      0.3785      0.3480      0.1696      0.5744
0.033      0.3973      0.3677      0.1949      0.5871
0.034      0.4150      0.3862      0.2187      0.5990
0.035      0.4316      0.4037      0.2412      0.6102
0.036      0.4474      0.4201      0.2623      0.6207
0.037      0.4622      0.4357      0.2824      0.6306
0.038      0.4763      0.4505      0.3014      0.6401
0.039      0.4897      0.4645      0.3194      0.6490
0.040      0.5024      0.4778      0.3365      0.6575
0.041      0.5145      0.4905      0.3528      0.6658
0.042      0.5260      0.5025      0.3683      0.6737
0.043      0.5370      0.5140      0.3831      0.6812
0.044      0.5475      0.5250      0.3972      0.6884
0.045      0.5575      0.5355      0.4107      0.6953
0.046      0.5671      0.5455      0.4236      0.7018
0.047      0.5763      0.5551      0.4359      0.7081
0.048      0.5851      0.5644      0.4478      0.7140
0.049      0.5935      0.5732      0.4591      0.7197
0.050      0.6016      0.5817      0.4701      0.7253
0.051      0.6094      0.5898      0.4805      0.7302
0.052      0.6168      0.5976      0.4905      0.7351
0.053      0.6240      0.6052      0.5002      0.7400
0.054      0.6310      0.6124      0.5096      0.7447
0.055      0.6376      0.6194      0.5186      0.7489
0.056      0.6441      0.6262      0.5275      0.7521
0.057      0.6503      0.6327      0.5367      0.7546
0.058      0.6563      0.6389      0.5456      0.7577
0.059      0.6621      0.6450      0.5534      0.7634
0.060      0.6677      0.6509      0.5611      0.7665
0.061      0.6731      0.6566      0.5693      0.7693
0.062      0.6783      0.6620      0.5787      0.7729
0.063      0.6834      0.6674      0.5875      0.7772
0.064      0.6883      0.6725      0.5912      0.7836
0.065      0.6931      0.6775      0.5930      0.7877
0.066      0.6966      0.6791      0.5956      0.7931
0.067      0.6963      0.6787      0.5920      0.7963
0.068      0.6959      0.6783      0.5890      0.7984
0.069      0.6956      0.6779      0.5868      0.8005
0.070      0.6952      0.6775      0.5825      0.8009
0.071      0.6948      0.6771      0.5797      0.8030
0.072      0.6945      0.6767      0.5786      0.8065
0.073      0.6941      0.6763      0.5766      0.8089
0.074      0.6938      0.6759      0.5751      0.8114
0.075      0.6934      0.6755      0.5737      0.8121
0.076      0.6931      0.6751      0.5733      0.8118
0.077      0.6927      0.6748      0.5729      0.8121
0.078      0.6923      0.6744      0.5726      0.8118
0.079      0.6920      0.6740      0.5721      0.8122
0.080      0.6916      0.6736      0.5717      0.8120
0.081      0.6912      0.6731      0.5712      0.8118
0.082      0.6909      0.6727      0.5706      0.8115
0.083      0.6905      0.6723      0.5702      0.8113
0.084      0.6901      0.6719      0.5698      0.8111
0.085      0.6898      0.6715      0.5693      0.8108
0.086      0.6894      0.6711      0.5689      0.8106
0.087      0.6890      0.6707      0.5684      0.8103
0.088      0.6887      0.6703      0.5679      0.8100
0.089      0.6883      0.6699      0.5675      0.8096
0.090      0.6879      0.6695      0.5670      0.8092
0.091      0.6876      0.6691      0.5665      0.8088
0.092      0.6872      0.6687      0.5659      0.8084
0.093      0.6868      0.6683      0.5654      0.8080
0.094      0.6864      0.6678      0.5648      0.8076
0.095      0.6861      0.6674      0.5642      0.8072
0.096      0.6857      0.6670      0.5637      0.8068
0.097      0.6853      0.6666      0.5631      0.8065
0.098      0.6849      0.6662      0.5626      0.8062
0.099      0.6845      0.6658      0.5621      0.8059
0.100      0.6842      0.6653      0.5617      0.8056
0.101      0.6838      0.6649      0.5613      0.8053
0.102      0.6834      0.6645      0.5608      0.8050
0.103      0.6830      0.6641      0.5603      0.8047
0.104      0.6826      0.6637      0.5598      0.8044
0.105      0.6823      0.6632      0.5593      0.8041
0.106      0.6819      0.6628      0.5587      0.8038
0.107      0.6815      0.6624      0.5582      0.8034
0.108      0.6811      0.6620      0.5577      0.8030
0.109      0.6807      0.6615      0.5571      0.8026
0.110      0.6803      0.6611      0.5567      0.8024
0.111      0.6799      0.6607      0.5562      0.8021
0.112      0.6795      0.6602      0.5560      0.8018
0.113      0.6792      0.6598      0.5555      0.8016
0.114      0.6788      0.6594      0.5549      0.8012
0.115      0.6784      0.6590      0.5544      0.8009
0.116      0.6780      0.6585      0.5540      0.8006
0.117      0.6776      0.6581      0.5535      0.8004
0.118      0.6772      0.6576      0.5530      0.8001
0.119      0.6768      0.6572      0.5526      0.7998
0.120      0.6764      0.6568      0.5521      0.7995
0.121      0.6760      0.6563      0.5517      0.7992
0.122      0.6756      0.6559      0.5511      0.7990
0.123      0.6752      0.6554      0.5506      0.7987
0.124      0.6748      0.6550      0.5502      0.7984
0.125      0.6744      0.6546      0.5497      0.7981
0.126      0.6740      0.6541      0.5492      0.7978
0.127      0.6736      0.6537      0.5487      0.7975
0.128      0.6732      0.6532      0.5482      0.7972
0.129      0.6728      0.6528      0.5477      0.7969
0.130      0.6724      0.6523      0.5471      0.7966
0.131      0.6720      0.6519      0.5466      0.7963
0.132      0.6716      0.6514      0.5461      0.7959
0.133      0.6711      0.6510      0.5456      0.7956
0.134      0.6707      0.6505      0.5450      0.7953
0.135      0.6703      0.6501      0.5445      0.7950
0.136      0.6699      0.6496      0.5440      0.7947
0.137      0.6695      0.6492      0.5435      0.7944
0.138      0.6691      0.6487      0.5429      0.7940
0.139      0.6687      0.6483      0.5423      0.7935
0.140      0.6683      0.6478      0.5417      0.7930
0.141      0.6678      0.6473      0.5410      0.7925
0.142      0.6674      0.6469      0.5405      0.7921
0.143      0.6670      0.6464      0.5402      0.7919
0.144      0.6666      0.6459      0.5397      0.7916
0.145      0.6662      0.6455      0.5392      0.7914
0.146      0.6657      0.6450      0.5387      0.7911
0.147      0.6653      0.6446      0.5381      0.7907
0.148      0.6649      0.6441      0.5376      0.7902
0.149      0.6645      0.6436      0.5371      0.7898
0.150      0.6640      0.6431      0.5365      0.7893
0.151      0.6636      0.6427      0.5360      0.7889
0.152      0.6632      0.6422      0.5354      0.7884
0.153      0.6628      0.6417      0.5349      0.7880
0.154      0.6623      0.6413      0.5343      0.7878
0.155      0.6619      0.6408      0.5338      0.7875
0.156      0.6615      0.6403      0.5332      0.7873
0.157      0.6610      0.6398      0.5327      0.7871
0.158      0.6606      0.6393      0.5321      0.7868
0.159      0.6602      0.6389      0.5316      0.7866
0.160      0.6597      0.6384      0.5310      0.7863
0.161      0.6593      0.6379      0.5304      0.7861
0.162      0.6589      0.6374      0.5300      0.7856
0.163      0.6584      0.6369      0.5295      0.7852
0.164      0.6580      0.6365      0.5290      0.7847
0.165      0.6575      0.6360      0.5285      0.7843
0.166      0.6571      0.6355      0.5278      0.7839
0.167      0.6567      0.6350      0.5272      0.7837
0.168      0.6562      0.6345      0.5265      0.7834
0.169      0.6558      0.6340      0.5259      0.7832
0.170      0.6553      0.6335      0.5254      0.7830
0.171      0.6549      0.6330      0.5248      0.7827
0.172      0.6544      0.6325      0.5244      0.7825
0.173      0.6540      0.6320      0.5240      0.7823
0.174      0.6535      0.6315      0.5235      0.7820
0.175      0.6531      0.6310      0.5231      0.7818
0.176      0.6526      0.6305      0.5227      0.7814
0.177      0.6522      0.6300      0.5223      0.7811
0.178      0.6517      0.6295      0.5218      0.7807
0.179      0.6513      0.6290      0.5212      0.7804
0.180      0.6508      0.6285      0.5205      0.7800
0.181      0.6503      0.6280      0.5199      0.7797
0.182      0.6499      0.6275      0.5192      0.7793
0.183      0.6494      0.6270      0.5185      0.7790
0.184      0.6490      0.6265      0.5179      0.7786
0.185      0.6485      0.6260      0.5172      0.7783
0.186      0.6480      0.6255      0.5166      0.7779
0.187      0.6476      0.6250      0.5159      0.7776
0.188      0.6471      0.6244      0.5152      0.7772
0.189      0.6466      0.6239      0.5145      0.7769
0.190      0.6462      0.6234      0.5139      0.7765
0.191      0.6457      0.6229      0.5132      0.7761
0.192      0.6452      0.6224      0.5125      0.7758
0.193      0.6447      0.6219      0.5119      0.7754
0.194      0.6443      0.6213      0.5113      0.7750
0.195      0.6438      0.6208      0.5107      0.7747
0.196      0.6433      0.6203      0.5101      0.7743
0.197      0.6428      0.6198      0.5095      0.7740
0.198      0.6424      0.6192      0.5088      0.7737
0.199      0.6419      0.6187      0.5082      0.7734
0.200      0.6414      0.6182      0.5076      0.7729
0.201      0.6409      0.6176      0.5072      0.7725
0.202      0.6404      0.6171      0.5067      0.7721
0.203      0.6400      0.6166      0.5062      0.7717
0.204      0.6395      0.6160      0.5058      0.7714
0.205      0.6390      0.6155      0.5053      0.7710
0.206      0.6385      0.6150      0.5048      0.7706
0.207      0.6380      0.6144      0.5043      0.7703
0.208      0.6375      0.6139      0.5038      0.7699
0.209      0.6370      0.6133      0.5034      0.7695
0.210      0.6365      0.6128      0.5028      0.7691
0.211      0.6360      0.6123      0.5021      0.7687
0.212      0.6355      0.6117      0.5013      0.7684
0.213      0.6351      0.6112      0.5005      0.7680
0.214      0.6346      0.6106      0.4997      0.7676
0.215      0.6341      0.6101      0.4989      0.7672
0.216      0.6336      0.6095      0.4981      0.7668
0.217      0.6331      0.6090      0.4973      0.7665
0.218      0.6325      0.6084      0.4965      0.7661
0.219      0.6320      0.6078      0.4957      0.7657
0.220      0.6315      0.6073      0.4950      0.7653
0.221      0.6310      0.6067      0.4944      0.7649
0.222      0.6305      0.6062      0.4937      0.7645
0.223      0.6300      0.6056      0.4931      0.7641
0.224      0.6295      0.6050      0.4924      0.7637
0.225      0.6290      0.6045      0.4918      0.7633
0.226      0.6285      0.6039      0.4911      0.7630
0.227      0.6280      0.6033      0.4905      0.7626
0.228      0.6274      0.6028      0.4898      0.7622
0.229      0.6269      0.6022      0.4892      0.7618
0.230      0.6264      0.6016      0.4885      0.7614
0.231      0.6259      0.6011      0.4878      0.7610
0.232      0.6254      0.6005      0.4871      0.7606
0.233      0.6249      0.5999      0.4863      0.7603
0.234      0.6243      0.5993      0.4856      0.7602
0.235      0.6238      0.5987      0.4848      0.7600
0.236      0.6233      0.5982      0.4841      0.7599
0.237      0.6227      0.5976      0.4835      0.7597
0.238      0.6222      0.5970      0.4829      0.7593
0.239      0.6217      0.5964      0.4823      0.7589
0.240      0.6212      0.5958      0.4816      0.7584
0.241      0.6206      0.5952      0.4807      0.7580
0.242      0.6201      0.5946      0.4798      0.7575
0.243      0.6195      0.5941      0.4790      0.7571
0.244      0.6190      0.5935      0.4781      0.7567
0.245      0.6185      0.5929      0.4773      0.7562
0.246      0.6179      0.5923      0.4765      0.7558
0.247      0.6174      0.5917      0.4758      0.7553
0.248      0.6168      0.5911      0.4750      0.7549
0.249      0.6163      0.5905      0.4742      0.7545
0.250      0.6158      0.5899      0.4735      0.7542
0.251      0.6152      0.5893      0.4727      0.7538
0.252      0.6147      0.5887      0.4719      0.7535
0.253      0.6141      0.5880      0.4712      0.7531
0.254      0.6136      0.5874      0.4704      0.7528
0.255      0.6130      0.5868      0.4698      0.7524
0.256      0.6124      0.5862      0.4691      0.7521
0.257      0.6119      0.5856      0.4682      0.7518
0.258      0.6113      0.5850      0.4674      0.7517
0.259      0.6108      0.5844      0.4665      0.7513
0.260      0.6102      0.5837      0.4657      0.7507
0.261      0.6096      0.5831      0.4649      0.7504
0.262      0.6091      0.5825      0.4643      0.7500
0.263      0.6085      0.5819      0.4637      0.7496
0.264      0.6079      0.5813      0.4632      0.7491
0.265      0.6074      0.5806      0.4626      0.7486
0.266      0.6068      0.5800      0.4621      0.7482
0.267      0.6062      0.5794      0.4615      0.7477
0.268      0.6057      0.5787      0.4610      0.7472
0.269      0.6051      0.5781      0.4604      0.7467
0.270      0.6045      0.5775      0.4597      0.7462
0.271      0.6039      0.5768      0.4590      0.7457
0.272      0.6033      0.5762      0.4583      0.7453
0.273      0.6028      0.5755      0.4576      0.7448
0.274      0.6022      0.5749      0.4569      0.7443
0.275      0.6016      0.5742      0.4562      0.7438
0.276      0.6010      0.5736      0.4555      0.7433
0.277      0.6004      0.5730      0.4548      0.7428
0.278      0.5998      0.5723      0.4541      0.7423
0.279      0.5992      0.5716      0.4534      0.7418
0.280      0.5986      0.5710      0.4527      0.7413
0.281      0.5981      0.5703      0.4520      0.7408
0.282      0.5975      0.5697      0.4513      0.7403
0.283      0.5969      0.5690      0.4505      0.7398
0.284      0.5963      0.5684      0.4496      0.7393
0.285      0.5957      0.5677      0.4487      0.7388
0.286      0.5951      0.5670      0.4478      0.7383
0.287      0.5944      0.5664      0.4469      0.7378
0.288      0.5938      0.5657      0.4463      0.7373
0.289      0.5932      0.5650      0.4457      0.7368
0.290      0.5926      0.5644      0.4452      0.7365
0.291      0.5920      0.5637      0.4446      0.7362
0.292      0.5914      0.5630      0.4438      0.7360
0.293      0.5908      0.5623      0.4430      0.7357
0.294      0.5902      0.5616      0.4422      0.7355
0.295      0.5895      0.5610      0.4414      0.7352
0.296      0.5889      0.5603      0.4407      0.7350
0.297      0.5883      0.5596      0.4399      0.7345
0.298      0.5877      0.5589      0.4391      0.7340
0.299      0.5871      0.5582      0.4383      0.7335
0.300      0.5864      0.5575      0.4375      0.7330
0.301      0.5858      0.5568      0.4367      0.7325
0.302      0.5852      0.5561      0.4358      0.7320
0.303      0.5845      0.5554      0.4349      0.7314
0.304      0.5839      0.5547      0.4339      0.7309
0.305      0.5833      0.5540      0.4330      0.7304
0.306      0.5826      0.5533      0.4320      0.7299
0.307      0.5820      0.5526      0.4311      0.7293
0.308      0.5813      0.5519      0.4303      0.7288
0.309      0.5807      0.5512      0.4296      0.7283
0.310      0.5801      0.5505      0.4289      0.7278
0.311      0.5794      0.5498      0.4282      0.7274
0.312      0.5788      0.5491      0.4273      0.7272
0.313      0.5781      0.5483      0.4264      0.7270
0.314      0.5775      0.5476      0.4254      0.7268
0.315      0.5768      0.5469      0.4245      0.7264
0.316      0.5761      0.5462      0.4234      0.7258
0.317      0.5755      0.5454      0.4224      0.7252
0.318      0.5748      0.5447      0.4214      0.7246
0.319      0.5742      0.5440      0.4204      0.7240
0.320      0.5735      0.5432      0.4193      0.7234
0.321      0.5728      0.5425      0.4183      0.7228
0.322      0.5722      0.5418      0.4173      0.7222
0.323      0.5715      0.5410      0.4162      0.7216
0.324      0.5708      0.5403      0.4151      0.7210
0.325      0.5701      0.5395      0.4141      0.7204
0.326      0.5695      0.5388      0.4130      0.7198
0.327      0.5688      0.5380      0.4119      0.7192
0.328      0.5681      0.5373      0.4109      0.7185
0.329      0.5674      0.5365      0.4098      0.7179
0.330      0.5667      0.5358      0.4087      0.7173
0.331      0.5660      0.5350      0.4077      0.7169
0.332      0.5654      0.5343      0.4067      0.7165
0.333      0.5647      0.5335      0.4058      0.7162
0.334      0.5640      0.5327      0.4052      0.7158
0.335      0.5633      0.5320      0.4045      0.7154
0.336      0.5626      0.5312      0.4039      0.7150
0.337      0.5619      0.5304      0.4030      0.7146
0.338      0.5612      0.5297      0.4020      0.7143
0.339      0.5605      0.5289      0.4010      0.7139
0.340      0.5598      0.5281      0.4000      0.7135
0.341      0.5591      0.5273      0.3989      0.7131
0.342      0.5584      0.5265      0.3979      0.7127
0.343      0.5576      0.5258      0.3969      0.7123
0.344      0.5569      0.5250      0.3959      0.7119
0.345      0.5562      0.5242      0.3950      0.7115
0.346      0.5555      0.5234      0.3943      0.7111
0.347      0.5548      0.5226      0.3934      0.7107
0.348      0.5541      0.5218      0.3924      0.7103
0.349      0.5533      0.5210      0.3913      0.7099
0.350      0.5526      0.5202      0.3903      0.7096
0.351      0.5519      0.5194      0.3893      0.7092
0.352      0.5511      0.5186      0.3886      0.7087
0.353      0.5504      0.5178      0.3878      0.7083
0.354      0.5497      0.5170      0.3867      0.7079
0.355      0.5489      0.5161      0.3857      0.7075
0.356      0.5482      0.5153      0.3848      0.7071
0.357      0.5474      0.5145      0.3839      0.7067
0.358      0.5467      0.5137      0.3831      0.7063
0.359      0.5459      0.5129      0.3822      0.7059
0.360      0.5452      0.5120      0.3813      0.7055
0.361      0.5444      0.5112      0.3801      0.7051
0.362      0.5437      0.5104      0.3788      0.7047
0.363      0.5429      0.5095      0.3775      0.7043
0.364      0.5422      0.5087      0.3763      0.7037
0.365      0.5414      0.5078      0.3751      0.7030
0.366      0.5406      0.5070      0.3740      0.7023
0.367      0.5399      0.5062      0.3730      0.7016
0.368      0.5391      0.5053      0.3719      0.7012
0.369      0.5383      0.5045      0.3708      0.7008
0.370      0.5376      0.5036      0.3697      0.7003
0.371      0.5368      0.5027      0.3686      0.6999
0.372      0.5360      0.5019      0.3675      0.6994
0.373      0.5352      0.5010      0.3664      0.6988
0.374      0.5344      0.5002      0.3656      0.6981
0.375      0.5337      0.4993      0.3647      0.6975
0.376      0.5329      0.4984      0.3639      0.6968
0.377      0.5321      0.4975      0.3630      0.6962
0.378      0.5313      0.4967      0.3622      0.6955
0.379      0.5305      0.4958      0.3613      0.6948
0.380      0.5297      0.4949      0.3605      0.6942
0.381      0.5289      0.4940      0.3596      0.6935
0.382      0.5281      0.4931      0.3587      0.6928
0.383      0.5273      0.4922      0.3579      0.6922
0.384      0.5265      0.4913      0.3570      0.6915
0.385      0.5256      0.4905      0.3561      0.6908
0.386      0.5248      0.4896      0.3551      0.6902
0.387      0.5240      0.4886      0.3539      0.6895
0.388      0.5232      0.4877      0.3527      0.6888
0.389      0.5224      0.4868      0.3515      0.6881
0.390      0.5215      0.4859      0.3503      0.6874
0.391      0.5207      0.4850      0.3491      0.6869
0.392      0.5199      0.4841      0.3479      0.6864
0.393      0.5190      0.4832      0.3467      0.6859
0.394      0.5182      0.4822      0.3455      0.6852
0.395      0.5174      0.4813      0.3443      0.6844
0.396      0.5165      0.4804      0.3431      0.6835
0.397      0.5157      0.4795      0.3418      0.6827
0.398      0.5148      0.4785      0.3406      0.6819
0.399      0.5140      0.4776      0.3394      0.6811
0.400      0.5131      0.4766      0.3382      0.6804
0.401      0.5123      0.4757      0.3369      0.6797
0.402      0.5114      0.4747      0.3357      0.6790
0.403      0.5105      0.4738      0.3344      0.6786
0.404      0.5097      0.4728      0.3332      0.6783
0.405      0.5088      0.4719      0.3319      0.6779
0.406      0.5079      0.4709      0.3307      0.6775
0.407      0.5071      0.4700      0.3294      0.6772
0.408      0.5062      0.4690      0.3281      0.6768
0.409      0.5053      0.4680      0.3269      0.6765
0.410      0.5044      0.4670      0.3256      0.6761
0.411      0.5035      0.4661      0.3243      0.6757
0.412      0.5027      0.4651      0.3230      0.6754
0.413      0.5018      0.4641      0.3217      0.6750
0.414      0.5009      0.4631      0.3204      0.6746
0.415      0.5000      0.4621      0.3191      0.6743
0.416      0.4991      0.4611      0.3178      0.6737
0.417      0.4982      0.4601      0.3165      0.6732
0.418      0.4973      0.4591      0.3152      0.6726
0.419      0.4963      0.4581      0.3139      0.6721
0.420      0.4954      0.4571      0.3126      0.6715
0.421      0.4945      0.4561      0.3112      0.6707
0.422      0.4936      0.4551      0.3099      0.6702
0.423      0.4927      0.4541      0.3086      0.6697
0.424      0.4917      0.4531      0.3072      0.6693
0.425      0.4908      0.4520      0.3059      0.6687
0.426      0.4899      0.4510      0.3045      0.6681
0.427      0.4889      0.4500      0.3032      0.6676
0.428      0.4880      0.4489      0.3018      0.6670
0.429      0.4871      0.4479      0.3005      0.6664
0.430      0.4861      0.4468      0.2991      0.6657
0.431      0.4852      0.4458      0.2977      0.6650
0.432      0.4842      0.4447      0.2963      0.6642
0.433      0.4833      0.4437      0.2950      0.6635
0.434      0.4823      0.4426      0.2936      0.6627
0.435      0.4813      0.4416      0.2922      0.6619
0.436      0.4804      0.4405      0.2908      0.6612
0.437      0.4794      0.4394      0.2894      0.6604
0.438      0.4784      0.4384      0.2880      0.6596
0.439      0.4775      0.4373      0.2866      0.6588
0.440      0.4765      0.4362      0.2851      0.6580
0.441      0.4755      0.4351      0.2837      0.6573
0.442      0.4745      0.4340      0.2823      0.6565
0.443      0.4735      0.4329      0.2809      0.6557
0.444      0.4725      0.4318      0.2794      0.6549
0.445      0.4715      0.4307      0.2780      0.6541
0.446      0.4705      0.4296      0.2765      0.6533
0.447      0.4695      0.4285      0.2751      0.6525
0.448      0.4685      0.4274      0.2736      0.6517
0.449      0.4675      0.4263      0.2722      0.6509
0.450      0.4665      0.4252      0.2707      0.6501
0.451      0.4655      0.4241      0.2692      0.6492
0.452      0.4644      0.4229      0.2677      0.6484
0.453      0.4634      0.4218      0.2662      0.6476
0.454      0.4624      0.4207      0.2648      0.6468
0.455      0.4613      0.4195      0.2633      0.6460
0.456      0.4603      0.4184      0.2618      0.6451
0.457      0.4593      0.4172      0.2602      0.6443
0.458      0.4582      0.4161      0.2587      0.6435
0.459      0.4572      0.4149      0.2572      0.6426
0.460      0.4561      0.4137      0.2557      0.6418
0.461      0.4551      0.4126      0.2542      0.6409
0.462      0.4540      0.4114      0.2526      0.6401
0.463      0.4529      0.4102      0.2511      0.6392
0.464      0.4519      0.4090      0.2495      0.6384
0.465      0.4508      0.4079      0.2480      0.6375
0.466      0.4497      0.4067      0.2464      0.6367
0.467      0.4486      0.4055      0.2449      0.6358
0.468      0.4475      0.4043      0.2433      0.6349
0.469      0.4464      0.4031      0.2417      0.6341
0.470      0.4454      0.4019      0.2403      0.6332
0.471      0.4443      0.4007      0.2388      0.6323
0.472      0.4432      0.3994      0.2373      0.6314
0.473      0.4420      0.3982      0.2358      0.6306
0.474      0.4409      0.3970      0.2343      0.6297
0.475      0.4398      0.3958      0.2328      0.6288
0.476      0.4387      0.3945      0.2313      0.6279
0.477      0.4376      0.3933      0.2298      0.6270
0.478      0.4365      0.3921      0.2283      0.6261
0.479      0.4353      0.3908      0.2267      0.6252
0.480      0.4342      0.3895      0.2252      0.6243
0.481      0.4330      0.3883      0.2237      0.6234
0.482      0.4319      0.3870      0.2221      0.6225
0.483      0.4307      0.3858      0.2206      0.6215
0.484      0.4296      0.3845      0.2190      0.6206
0.485      0.4284      0.3832      0.2175      0.6197
0.486      0.4273      0.3819      0.2159      0.6188
0.487      0.4261      0.3806      0.2143      0.6181
0.488      0.4249      0.3793      0.2127      0.6176
0.489      0.4238      0.3780      0.2112      0.6170
0.490      0.4226      0.3767      0.2094      0.6165
0.491      0.4214      0.3754      0.2076      0.6160
0.492      0.4202      0.3741      0.2058      0.6154
0.493      0.4190      0.3728      0.2040      0.6149
0.494      0.4178      0.3715      0.2021      0.6143
0.495      0.4166      0.3701      0.2003      0.6138
0.496      0.4154      0.3688      0.1985      0.6132
0.497      0.4142      0.3675      0.1966      0.6127
0.498      0.4130      0.3661      0.1948      0.6121
0.499      0.4117      0.3648      0.1929      0.6116
0.500      0.4105      0.3634      0.1910      0.6110
0.501      0.4093      0.3621      0.1892      0.6104
0.502      0.4080      0.3607      0.1874      0.6099
0.503      0.4068      0.3593      0.1857      0.6090
0.504      0.4055      0.3579      0.1839      0.6079
0.505      0.4043      0.3566      0.1822      0.6067
0.506      0.4030      0.3552      0.1805      0.6056
0.507      0.4018      0.3538      0.1790      0.6045
0.508      0.4005      0.3524      0.1775      0.6034
0.509      0.3992      0.3510      0.1760      0.6022
0.510      0.3979      0.3496      0.1744      0.6011
0.511      0.3966      0.3481      0.1729      0.6000
0.512      0.3954      0.3467      0.1714      0.5988
0.513      0.3941      0.3453      0.1698      0.5977
0.514      0.3928      0.3439      0.1683      0.5965
0.515      0.3915      0.3424      0.1667      0.5953
0.516      0.3901      0.3410      0.1651      0.5944
0.517      0.3888      0.3395      0.1631      0.5938
0.518      0.3875      0.3381      0.1612      0.5931
0.519      0.3862      0.3366      0.1592      0.5925
0.520      0.3848      0.3351      0.1572      0.5919
0.521      0.3835      0.3336      0.1553      0.5912
0.522      0.3822      0.3322      0.1533      0.5906
0.523      0.3808      0.3307      0.1513      0.5899
0.524      0.3795      0.3292      0.1491      0.5893
0.525      0.3781      0.3277      0.1470      0.5886
0.526      0.3767      0.3262      0.1449      0.5880
0.527      0.3754      0.3246      0.1432      0.5873
0.528      0.3740      0.3231      0.1411      0.5866
0.529      0.3726      0.3216      0.1395      0.5860
0.530      0.3712      0.3201      0.1380      0.5853
0.531      0.3698      0.3185      0.1365      0.5846
0.532      0.3684      0.3170      0.1345      0.5839
0.533      0.3670      0.3154      0.1323      0.5833
0.534      0.3656      0.3139      0.1300      0.5823
0.535      0.3642      0.3123      0.1277      0.5813
0.536      0.3627      0.3107      0.1254      0.5803
0.537      0.3613      0.3091      0.1232      0.5793
0.538      0.3599      0.3075      0.1214      0.5783
0.539      0.3584      0.3059      0.1196      0.5773
0.540      0.3570      0.3043      0.1177      0.5763
0.541      0.3555      0.3027      0.1158      0.5753
0.542      0.3540      0.3011      0.1140      0.5742
0.543      0.3526      0.2995      0.1121      0.5733
0.544      0.3511      0.2979      0.1102      0.5727
0.545      0.3496      0.2962      0.1083      0.5722
0.546      0.3481      0.2946      0.1064      0.5716
0.547      0.3466      0.2929      0.1045      0.5710
0.548      0.3451      0.2913      0.1026      0.5704
0.549      0.3436      0.2896      0.1004      0.5698
0.550      0.3421      0.2879      0.0981      0.5692
0.551      0.3406      0.2863      0.0958      0.5686
0.552      0.3390      0.2846      0.0935      0.5680
0.553      0.3375      0.2829      0.0912      0.5673
0.554      0.3359      0.2812      0.0889      0.5664
0.555      0.3344      0.2795      0.0865      0.5651
0.556      0.3328      0.2777      0.0843      0.5639
0.557      0.3313      0.2760      0.0826      0.5626
0.558      0.3297      0.2743      0.0808      0.5613
0.559      0.3281      0.2725      0.0791      0.5601
0.560      0.3265      0.2708      0.0773      0.5588
0.561      0.3249      0.2690      0.0755      0.5575
0.562      0.3233      0.2673      0.0737      0.5562
0.563      0.3217      0.2655      0.0719      0.5549
0.564      0.3201      0.2637      0.0697      0.5536
0.565      0.3185      0.2619      0.0671      0.5523
0.566      0.3169      0.2601      0.0645      0.5510
0.567      0.3152      0.2583      0.0620      0.5497
0.568      0.3136      0.2565      0.0594      0.5483
0.569      0.3119      0.2547      0.0568      0.5470
0.570      0.3103      0.2528      0.0541      0.5456
0.571      0.3086      0.2510      0.0515      0.5443
0.572      0.3069      0.2491      0.0489      0.5429
0.573      0.3052      0.2473      0.0462      0.5416
0.574      0.3035      0.2454      0.0435      0.5402
0.575      0.3018      0.2435      0.0409      0.5388
0.576      0.3001      0.2417      0.0382      0.5375
0.577      0.2984      0.2398      0.0355      0.5361
0.578      0.2967      0.2379      0.0327      0.5347
0.579      0.2950      0.2359      0.0302      0.5333
0.580      0.2932      0.2340      0.0279      0.5323
0.581      0.2915      0.2321      0.0257      0.5316
0.582      0.2897      0.2302      0.0234      0.5305
0.583      0.2879      0.2282      0.0211      0.5291
0.584      0.2862      0.2262      0.0188      0.5279
0.585      0.2844      0.2243      0.0164      0.5270
0.586      0.2826      0.2223      0.0141      0.5260
0.587      0.2808      0.2203      0.0118      0.5251
0.588      0.2790      0.2183      0.0094      0.5241
0.589      0.2772      0.2163      0.0070      0.5232
0.590      0.2753      0.2143      0.0047      0.5222
0.591      0.2735      0.2123      0.0023      0.5212
0.592      0.2717      0.2102     -0.0001      0.5198
0.593      0.2698      0.2082     -0.0025      0.5184
0.594      0.2679      0.2061     -0.0050      0.5170
0.595      0.2661      0.2041     -0.0074      0.5156
0.596      0.2642      0.2020     -0.0098      0.5142
0.597      0.2623      0.1999     -0.0123      0.5131
0.598      0.2604      0.1978     -0.0152      0.5122
0.599      0.2585      0.1957     -0.0180      0.5112
0.600      0.2566      0.1936     -0.0209      0.5096
0.601      0.2546      0.1915     -0.0238      0.5081
0.602      0.2527      0.1893     -0.0262      0.5065
0.603      0.2507      0.1872     -0.0291      0.5049
0.604      0.2488      0.1850     -0.0320      0.5035
0.605      0.2468      0.1828     -0.0350      0.5025
0.606      0.2448      0.1807     -0.0379      0.5016
0.607      0.2429      0.1785     -0.0408      0.5006
0.608      0.2409      0.1763     -0.0437      0.4996
0.609      0.2388      0.1740     -0.0466      0.4986
0.610      0.2368      0.1718     -0.0496      0.4976
0.611      0.2348      0.1696     -0.0527      0.4966
0.612      0.2328      0.1673     -0.0557      0.4956
0.613      0.2307      0.1651     -0.0588      0.4946
0.614      0.2286      0.1628     -0.0618      0.4936
0.615      0.2266      0.1605     -0.0649      0.4926
0.616      0.2245      0.1582     -0.0680      0.4916
0.617      0.2224      0.1559     -0.0711      0.4906
0.618      0.2203      0.1536     -0.0742      0.4895
0.619      0.2182      0.1512     -0.0774      0.4881
0.620      0.2161      0.1489     -0.0806      0.4865
0.621      0.2139      0.1465     -0.0837      0.4848
0.622      0.2118      0.1442     -0.0869      0.4832
0.623      0.2096      0.1418     -0.0900      0.4815
0.624      0.2074      0.1394     -0.0930      0.4799
0.625      0.2053      0.1370     -0.0960      0.4782
0.626      0.2031      0.1346     -0.0990      0.4770
0.627      0.2008      0.1321     -0.1018      0.4758
0.628      0.1986      0.1297     -0.1045      0.4746
0.629      0.1964      0.1272     -0.1072      0.4733
0.630      0.1942      0.1247     -0.1099      0.4721
0.631      0.1919      0.1222     -0.1130      0.4708
0.632      0.1896      0.1197     -0.1165      0.4691
0.633      0.1874      0.1172     -0.1201      0.4672
0.634      0.1851      0.1147     -0.1236      0.4653
0.635      0.1828      0.1122     -0.1269      0.4634
0.636      0.1804      0.1096     -0.1301      0.4615
0.637      0.1781      0.1070     -0.1333      0.4600
0.638      0.1758      0.1044     -0.1365      0.4586
0.639      0.1734      0.1018     -0.1397      0.4573
0.640      0.1710      0.0992     -0.1430      0.4559
0.641      0.1687      0.0966     -0.1462      0.4545
0.642      0.1663      0.0940     -0.1495      0.4531
0.643      0.1639      0.0913     -0.1528      0.4518
0.644      0.1614      0.0886     -0.1562      0.4504
0.645      0.1590      0.0859     -0.1595      0.4490
0.646      0.1565      0.0832     -0.1629      0.4475
0.647      0.1541      0.0805     -0.1663      0.4461
0.648      0.1516      0.0778     -0.1697      0.4447
0.649      0.1491      0.0750     -0.1731      0.4433
0.650      0.1466      0.0723     -0.1765      0.4418
0.651      0.1441      0.0695     -0.1800      0.4404
0.652      0.1416      0.0667     -0.1835      0.4389
0.653      0.1390      0.0639     -0.1870      0.4373
0.654      0.1364      0.0611     -0.1905      0.4355
0.655      0.1339      0.0582     -0.1940      0.4337
0.656      0.1313      0.0553     -0.1976      0.4320
0.657      0.1287      0.0525     -0.2012      0.4302
0.658      0.1260      0.0496     -0.2052      0.4284
0.659      0.1234      0.0467     -0.2092      0.4266
0.660      0.1207      0.0437     -0.2132      0.4253
0.661      0.1181      0.0408     -0.2172      0.4241
0.662      0.1154      0.0378     -0.2213      0.4228
0.663      0.1127      0.0348     -0.2254      0.4216
0.664      0.1100      0.0318     -0.2295      0.4201
0.665      0.1072      0.0288     -0.2336      0.4182
0.666      0.1045      0.0258     -0.2378      0.4162
0.667      0.1017      0.0227     -0.2419      0.4142
0.668      0.0989      0.0197     -0.2458      0.4122
0.669      0.0961      0.0166     -0.2496      0.4102
0.670      0.0933      0.0135     -0.2535      0.4082
0.671      0.0905      0.0103     -0.2574      0.4064
0.672      0.0876      0.0072     -0.2613      0.4050
0.673      0.0847      0.0040     -0.2652      0.4037
0.674      0.0818      0.0008     -0.2692      0.4023
0.675      0.0789     -0.0024     -0.2731      0.4004
0.676      0.0760     -0.0056     -0.2772      0.3984
0.677      0.0731     -0.0088     -0.2812      0.3964
0.678      0.0701     -0.0121     -0.2852      0.3943
0.679      0.0671     -0.0154     -0.2893      0.3923
0.680      0.0641     -0.0187     -0.2934      0.3902
0.681      0.0611     -0.0220     -0.2976      0.3881
0.682      0.0581     -0.0254     -0.3017      0.3861
0.683      0.0550     -0.0288     -0.3059      0.3840
0.684      0.0520     -0.0321     -0.3101      0.3819
0.685      0.0489     -0.0356     -0.3144      0.3797
0.686      0.0458     -0.0390     -0.3186      0.3776
0.687      0.0426     -0.0424     -0.3229      0.3757
0.688      0.0395     -0.0459     -0.3273      0.3738
0.689      0.0363     -0.0494     -0.3316      0.3719
0.690      0.0331     -0.0529     -0.3360      0.3699
0.691      0.0299     -0.0565     -0.3404      0.3680
0.692      0.0267     -0.0601     -0.3448      0.3660
0.693      0.0234     -0.0637     -0.3493      0.3640
0.694      0.0201     -0.0673     -0.3538      0.3620
0.695      0.0168     -0.0709     -0.3583      0.3601
0.696      0.0135     -0.0746     -0.3629      0.3582
0.697      0.0102     -0.0783     -0.3674      0.3563
0.698      0.0068     -0.0820     -0.3721      0.3543
0.699      0.0034     -0.0857     -0.3767      0.3521
0.700      0.0000     -0.0895     -0.3814      0.3498
0.701     -0.0034     -0.0933     -0.3861      0.3477
0.702     -0.0069     -0.0971     -0.3908      0.3460
0.703     -0.0104     -0.1009     -0.3956      0.3442
0.704     -0.0139     -0.1048     -0.4004      0.3425
0.705     -0.0174     -0.1087     -0.4052      0.3405
0.706     -0.0209     -0.1126     -0.4102      0.3384
0.707     -0.0245     -0.1165     -0.4154      0.3364
0.708     -0.0281     -0.1205     -0.4207      0.3343
0.709     -0.0317     -0.1245     -0.4260      0.3323
0.710     -0.0354     -0.1285     -0.4314      0.3302
0.711     -0.0391     -0.1326     -0.4368      0.3281
0.712     -0.0428     -0.1366     -0.4422      0.3260
0.713     -0.0465     -0.1408     -0.4477      0.3238
0.714     -0.0502     -0.1449     -0.4532      0.3217
0.715     -0.0540     -0.1491     -0.4587      0.3195
0.716     -0.0578     -0.1533     -0.4643      0.3173
0.717     -0.0616     -0.1575     -0.4699      0.3152
0.718     -0.0655     -0.1617     -0.4757      0.3129
0.719     -0.0694     -0.1660     -0.4816      0.3107
0.720     -0.0733     -0.1703     -0.4875      0.3085
0.721     -0.0772     -0.1747     -0.4935      0.3062
0.722     -0.0812     -0.1791     -0.4995      0.3040
0.723     -0.0852     -0.1835     -0.5055      0.3017
0.724     -0.0892     -0.1879     -0.5116      0.2994
0.725     -0.0933     -0.1924     -0.5178      0.2970
0.726     -0.0974     -0.1969     -0.5238      0.2947
0.727     -0.1015     -0.2014     -0.5295      0.2923
0.728     -0.1056     -0.2060     -0.5354      0.2900
0.729     -0.1098     -0.2106     -0.5413      0.2876
0.730     -0.1140     -0.2153     -0.5472      0.2852
0.731     -0.1183     -0.2199     -0.5531      0.2825
0.732     -0.1225     -0.2247     -0.5592      0.2797
0.733     -0.1268     -0.2294     -0.5652      0.2769
0.734     -0.1312     -0.2342     -0.5712      0.2741
0.735     -0.1355     -0.2390     -0.5772      0.2713
0.736     -0.1399     -0.2439     -0.5834      0.2684
0.737     -0.1444     -0.2488     -0.5895      0.2655
0.738     -0.1488     -0.2537     -0.5957      0.2626
0.739     -0.1533     -0.2587     -0.6020      0.2595
0.740     -0.1579     -0.2637     -0.6083      0.2564
0.741     -0.1625     -0.2687     -0.6147      0.2533
0.742     -0.1671     -0.2738     -0.6211      0.2501
0.743     -0.1717     -0.2789     -0.6275      0.2469
0.744     -0.1764     -0.2841     -0.6341      0.2437
0.745     -0.1811     -0.2893     -0.6406      0.2405
0.746     -0.1859     -0.2945     -0.6472      0.2373
0.747     -0.1906     -0.2998     -0.6543      0.2340
0.748     -0.1955     -0.3051     -0.6615      0.2307
0.749     -0.2003     -0.3105     -0.6686      0.2278
0.750     -0.2053     -0.3159     -0.6755      0.2248
0.751     -0.2102     -0.3214     -0.6825      0.2218
0.752     -0.2152     -0.3269     -0.6895      0.2187
0.753     -0.2202     -0.3324     -0.6967      0.2157
0.754     -0.2253     -0.3380     -0.7043      0.2126
0.755     -0.2304     -0.3436     -0.7120      0.2095
0.756     -0.2355     -0.3493     -0.7197      0.2062
0.757     -0.2407     -0.3551     -0.7275      0.2028
0.758     -0.2460     -0.3608     -0.7353      0.1997
0.759     -0.2512     -0.3667     -0.7432      0.1967
0.760     -0.2566     -0.3725     -0.7511      0.1935
0.761     -0.2619     -0.3784     -0.7584      0.1903
0.762     -0.2673     -0.3844     -0.7658      0.1870
0.763     -0.2728     -0.3904     -0.7732      0.1837
0.764     -0.2783     -0.3965     -0.7807      0.1803
0.765     -0.2839     -0.4026     -0.7883      0.1769
0.766     -0.2895     -0.4088     -0.7959      0.1735
0.767     -0.2951     -0.4150     -0.8037      0.1701
0.768     -0.3008     -0.4213     -0.8114      0.1670
0.769     -0.3065     -0.4277     -0.8196      0.1641
0.770     -0.3123     -0.4341     -0.8275      0.1613
0.771     -0.3182     -0.4405     -0.8355      0.1584
0.772     -0.3241     -0.4470     -0.8435      0.1553
0.773     -0.3300     -0.4536     -0.8516      0.1519
0.774     -0.3360     -0.4602     -0.8598      0.1485
0.775     -0.3421     -0.4669     -0.8683      0.1451
0.776     -0.3482     -0.4736     -0.8773      0.1416
0.777     -0.3544     -0.4804     -0.8863      0.1381
0.778     -0.3606     -0.4873     -0.8955      0.1340
0.779     -0.3669     -0.4942     -0.9047      0.1299
0.780     -0.3732     -0.5012     -0.9139      0.1257
0.781     -0.3796     -0.5082     -0.9233      0.1222
0.782     -0.3860     -0.5154     -0.9327      0.1187
0.783     -0.3925     -0.5225     -0.9416      0.1151
0.784     -0.3991     -0.5298     -0.9510      0.1115
0.785     -0.4057     -0.5371     -0.9606      0.1078
0.786     -0.4124     -0.5445     -0.9704      0.1041
0.787     -0.4192     -0.5519     -0.9802      0.1004
0.788     -0.4260     -0.5595     -0.9901      0.0967
0.789     -0.4329     -0.5670     -1.0001      0.0929
0.790     -0.4398     -0.5747     -1.0102      0.0891
0.791     -0.4468     -0.5824     -1.0198      0.0851
0.792     -0.4539     -0.5903     -1.0295      0.0806
0.793     -0.4611     -0.5982     -1.0393      0.0760
0.794     -0.4683     -0.6061     -1.0492      0.0714
0.795     -0.4756     -0.6142     -1.0593      0.0669
0.796     -0.4829     -0.6223     -1.0694      0.0631
0.797     -0.4904     -0.6305     -1.0804      0.0586
0.798     -0.4979     -0.6388     -1.0916      0.0544
0.799     -0.5055     -0.6471     -1.1029      0.0503
0.800     -0.5131     -0.6556     -1.1143      0.0462
0.801     -0.5209     -0.6641     -1.1259      0.0415
0.802     -0.5287     -0.6727     -1.1376      0.0364
0.803     -0.5366     -0.6814     -1.1493      0.0314
0.804     -0.5445     -0.6902     -1.1612      0.0263
0.805     -0.5526     -0.6991     -1.1733      0.0211
0.806     -0.5607     -0.7081     -1.1854      0.0159
0.807     -0.5690     -0.7172     -1.1977      0.0106
0.808     -0.5773     -0.7263     -1.2097      0.0053
0.809     -0.5857     -0.7356     -1.2216     -0.0001
0.810     -0.5941     -0.7450     -1.2335     -0.0055
0.811     -0.6027     -0.7544     -1.2456     -0.0110
0.812     -0.6114     -0.7640     -1.2579     -0.0166
0.813     -0.6201     -0.7736     -1.2702     -0.0222
0.814     -0.6290     -0.7834     -1.2827     -0.0279
0.815     -0.6379     -0.7933     -1.2953     -0.0336
0.816     -0.6470     -0.8033     -1.3081     -0.0394
0.817     -0.6561     -0.8134     -1.3210     -0.0453
0.818     -0.6654     -0.8235     -1.3340     -0.0512
0.819     -0.6747     -0.8339     -1.3472     -0.0572
0.820     -0.6842     -0.8443     -1.3606     -0.0632
0.821     -0.6937     -0.8548     -1.3740     -0.0694
0.822     -0.7034     -0.8655     -1.3877     -0.0756
0.823     -0.7132     -0.8763     -1.4015     -0.0818
0.824     -0.7230     -0.8872     -1.4154     -0.0882
0.825     -0.7330     -0.8982     -1.4297     -0.0946
0.826     -0.7431     -0.9094     -1.4443     -0.1010
0.827     -0.7534     -0.9206     -1.4591     -0.1076
0.828     -0.7637     -0.9321     -1.4741     -0.1142
0.829     -0.7742     -0.9436     -1.4896     -0.1209
0.830     -0.7848     -0.9553     -1.5056     -0.1277
0.831     -0.7955     -0.9671     -1.5205     -0.1346
0.832     -0.8063     -0.9791     -1.5357     -0.1412
0.833     -0.8173     -0.9912     -1.5516     -0.1479
0.834     -0.8284     -1.0034     -1.5676     -0.1547
0.835     -0.8397     -1.0158     -1.5839     -0.1615
0.836     -0.8510     -1.0284     -1.6003     -0.1684
0.837     -0.8626     -1.0411     -1.6170     -0.1751
0.838     -0.8742     -1.0540     -1.6339     -0.1817
0.839     -0.8860     -1.0670     -1.6512     -0.1885
0.840     -0.8980     -1.0802     -1.6687     -0.1953
0.841     -0.9101     -1.0935     -1.6865     -0.2021
0.842     -0.9223     -1.1070     -1.7045     -0.2091
0.843     -0.9347     -1.1207     -1.7227     -0.2162
0.844     -0.9473     -1.1346     -1.7411     -0.2233
0.845     -0.9600     -1.1486     -1.7598     -0.2306
0.846     -0.9729     -1.1629     -1.7787     -0.2379
0.847     -0.9860     -1.1773     -1.7979     -0.2453
0.848     -0.9992     -1.1919     -1.8173     -0.2527
0.849     -1.0127     -1.2067     -1.8370     -0.2602
0.850     -1.0263     -1.2217     -1.8570     -0.2677
0.851     -1.0400     -1.2369     -1.8768     -0.2754
0.852     -1.0540     -1.2523     -1.8964     -0.2832
0.853     -1.0681     -1.2679     -1.9163     -0.2911
0.854     -1.0825     -1.2837     -1.9365     -0.2992
0.855     -1.0970     -1.2998     -1.9569     -0.3076
0.856     -1.1118     -1.3160     -1.9776     -0.3168
0.857     -1.1267     -1.3325     -1.9991     -0.3254
0.858     -1.1419     -1.3493     -2.0210     -0.3341
0.859     -1.1573     -1.3662     -2.0433     -0.3428
0.860     -1.1729     -1.3834     -2.0658     -0.3517
0.861     -1.1887     -1.4009     -2.0887     -0.3607
0.862     -1.2047     -1.4186     -2.1119     -0.3698
0.863     -1.2210     -1.4366     -2.1355     -0.3791
0.864     -1.2375     -1.4548     -2.1594     -0.3885
0.865     -1.2543     -1.4733     -2.1838     -0.3981
0.866     -1.2713     -1.4921     -2.2089     -0.4077
0.867     -1.2886     -1.5111     -2.2344     -0.4176
0.868     -1.3061     -1.5305     -2.2602     -0.4276
0.869     -1.3239     -1.5501     -2.2865     -0.4377
0.870     -1.3420     -1.5701     -2.3131     -0.4480
0.871     -1.3604     -1.5903     -2.3402     -0.4584
0.872     -1.3790     -1.6109     -2.3677     -0.4698
0.873     -1.3980     -1.6318     -2.3956     -0.4813
0.874     -1.4172     -1.6530     -2.4240     -0.4930
0.875     -1.4368     -1.6746     -2.4528     -0.5049
0.876     -1.4566     -1.6965     -2.4820     -0.5170
0.877     -1.4768     -1.7188     -2.5118     -0.5293
0.878     -1.4973     -1.7414     -2.5420     -0.5418
0.879     -1.5182     -1.7644     -2.5728     -0.5545
0.880     -1.5394     -1.7878     -2.6040     -0.5674
0.881     -1.5609     -1.8116     -2.6358     -0.5805
0.882     -1.5829     -1.8358     -2.6681     -0.5939
0.883     -1.6052     -1.8604     -2.7010     -0.6074
0.884     -1.6279     -1.8854     -2.7345     -0.6213
0.885     -1.6509     -1.9109     -2.7685     -0.6355
0.886     -1.6744     -1.9368     -2.8031     -0.6496
0.887     -1.6983     -1.9632     -2.8383     -0.6642
0.888     -1.7226     -1.9900     -2.8742     -0.6790
0.889     -1.7474     -2.0173     -2.9107     -0.6933
0.890     -1.7726     -2.0451     -2.9479     -0.7075
0.891     -1.7983     -2.0735     -2.9857     -0.7220
0.892     -1.8245     -2.1023     -3.0243     -0.7367
0.893     -1.8511     -2.1317     -3.0635     -0.7518
0.894     -1.8782     -2.1617     -3.1035     -0.7675
0.895     -1.9059     -2.1922     -3.1438     -0.7835
0.896     -1.9341     -2.2233     -3.1848     -0.7998
0.897     -1.9628     -2.2550     -3.2266     -0.8165
0.898     -1.9921     -2.2873     -3.2693     -0.8334
0.899     -2.0220     -2.3203     -3.3127     -0.8507
0.900     -2.0525     -2.3539     -3.3571     -0.8683
0.901     -2.0836     -2.3882     -3.4024     -0.8863
0.902     -2.1153     -2.4232     -3.4485     -0.9047
0.903     -2.1477     -2.4590     -3.4957     -0.9234
0.904     -2.1808     -2.4954     -3.5438     -0.9425
0.905     -2.2145     -2.5327     -3.5929     -0.9621
0.906     -2.2490     -2.5707     -3.6431     -0.9820
0.907     -2.2842     -2.6096     -3.6943     -1.0024
0.908     -2.3202     -2.6493     -3.7467     -1.0232
0.909     -2.3570     -2.6899     -3.8001     -1.0445
0.910     -2.3946     -2.7313     -3.8541     -1.0662
0.911     -2.4330     -2.7737     -3.9093     -1.0885
0.912     -2.4723     -2.8171     -3.9658     -1.1112
0.913     -2.5126     -2.8615     -4.0235     -1.1345
0.914     -2.5537     -2.9069     -4.0826     -1.1583
0.915     -2.5958     -2.9533     -4.1431     -1.1826
0.916     -2.6389     -3.0009     -4.2051     -1.2076
0.917     -2.6831     -3.0496     -4.2685     -1.2331
0.918     -2.7283     -3.0995     -4.3335     -1.2593
0.919     -2.7747     -3.1507     -4.4001     -1.2861
0.920     -2.8222     -3.2031     -4.4683     -1.3136
0.921     -2.8709     -3.2568     -4.5383     -1.3418
0.922     -2.9209     -3.3120     -4.6101     -1.3707
0.923     -2.9721     -3.3685     -4.6837     -1.4003
0.924     -3.0247     -3.4266     -4.7593     -1.4307
0.925     -3.0788     -3.4861     -4.8369     -1.4620
0.926     -3.1342     -3.5473     -4.9166     -1.4941
0.927     -3.1912     -3.6102     -4.9984     -1.5270
0.928     -3.2498     -3.6749     -5.0826     -1.5609
0.929     -3.3100     -3.7413     -5.1691     -1.5958
0.930     -3.3720     -3.8096     -5.2581     -1.6316
0.931     -3.4357     -3.8800     -5.3496     -1.6685
0.932     -3.5013     -3.9524     -5.4439     -1.7064
0.933     -3.5689     -4.0269     -5.5410     -1.7455
0.934     -3.6385     -4.1037     -5.6410     -1.7858
0.935     -3.7103     -4.1829     -5.7441     -1.8273
0.936     -3.7843     -4.2646     -5.8504     -1.8701
0.937     -3.8607     -4.3488     -5.9601     -1.9159
0.938     -3.9395     -4.4358     -6.0733     -1.9639
0.939     -4.0209     -4.5256     -6.1902     -2.0135
0.940     -4.1050     -4.6184     -6.3111     -2.0648
0.941     -4.1920     -4.7143     -6.4360     -2.1175
0.942     -4.2820     -4.8136     -6.5652     -2.1693
0.943     -4.3751     -4.9163     -6.6990     -2.2228
0.944     -4.4715     -5.0227     -6.8376     -2.2784
0.945     -4.5715     -5.1330     -6.9816     -2.3388
0.946     -4.6752     -5.2474     -7.1315     -2.3997
0.947     -4.7827     -5.3661     -7.2871     -2.4620
0.948     -4.8944     -5.4893     -7.4487     -2.5266
0.949     -5.0105     -5.6174     -7.6166     -2.5938
0.950     -5.1313     -5.7506     -7.7913     -2.6636
0.951     -5.2569     -5.8892     -7.9730     -2.7363
0.952     -5.3878     -6.0337     -8.1624     -2.8120
0.953     -5.5243     -6.1842     -8.3598     -2.8909
0.954     -5.6667     -6.3413     -8.5669     -2.9733
0.955     -5.8154     -6.5054     -8.7851     -3.0594
0.956     -5.9709     -6.6770     -9.0123     -3.1493
0.957     -6.1337     -6.8565     -9.2468     -3.2435
0.958     -6.3041     -7.0446     -9.4926     -3.3421
0.959     -6.4829     -7.2418     -9.7502     -3.4455
0.960     -6.6706     -7.4489    -10.0208     -3.5541
0.961     -6.8680     -7.6667    -10.3052     -3.6683
0.962     -7.0758     -7.8959    -10.6047     -3.7884
0.963     -7.2947     -8.1375    -10.9205     -3.9151
0.964     -7.5259     -8.3925    -11.2548     -4.0488
0.965     -7.7702     -8.6620    -11.6083     -4.1902
0.966     -8.0289     -8.9475    -11.9824     -4.3398
0.967     -8.3033     -9.2502    -12.3794     -4.4985
0.968     -8.5949     -9.5719    -12.8010     -4.6703
0.969     -8.9052     -9.9143    -13.2486     -4.8536
0.970     -9.2363    -10.2795    -13.7260     -5.0490
0.971     -9.5902    -10.6700    -14.2404     -5.2580
0.972     -9.9693    -11.0883    -14.7890     -5.4819
0.973    -10.3766    -11.5376    -15.3781     -5.7224
0.974    -10.8152    -12.0214    -16.0124     -5.9814
0.975    -11.2888    -12.5440    -16.6975     -6.2610
0.976    -11.8020    -13.1101    -17.4397     -6.5641
0.977    -12.3597    -13.7255    -18.2465     -6.8934
0.978    -12.9681    -14.3967    -19.1265     -7.2530
0.979    -13.6345    -15.1319    -20.0904     -7.6505
0.980    -14.3675    -15.9407    -21.1506     -8.0876
0.981    -15.1778    -16.8345    -22.3225     -8.5708
0.982    -16.0780    -17.8277    -23.6271     -9.1076
0.983    -17.0842    -18.9377    -25.0883     -9.7076
0.984    -18.2160    -20.1866    -26.7321    -10.3827
0.985    -19.4989    -21.6018    -28.5951    -11.1477
0.986    -20.9649    -23.2193    -30.7241    -12.0220
0.987    -22.6567    -25.0856    -33.1760    -13.0309
0.988    -24.6302    -27.2629    -36.0306    -14.2077
0.989    -26.9625    -29.8361    -39.4043    -15.5873
0.990    -29.7615    -32.9243    -43.4529    -17.2365
0.991    -33.1822    -36.6983    -48.4008    -19.2515
0.992    -37.4586    -41.4159    -54.5862    -21.7714
0.993    -42.9561    -47.4813    -62.5387    -25.0098
0.994    -50.2861    -55.5685    -73.1415    -29.3286
0.995    -60.5493    -66.8921    -87.9865    -35.3746
0.996    -75.9445    -83.8758   -110.2545    -44.4462
0.997   -101.6004   -112.1819   -147.3652    -59.5902
0.998   -152.9109   -168.7943   -221.5850    -89.8878
0.999   -306.8654   -338.6314   -444.2919   -180.8028
