0.001   -149.6536    -57.3229   -176.9683   -124.6946
0.002    -74.2854    -28.2244    -87.9065    -61.8248
0.003    -49.1627    -18.5249    -58.2177    -40.8682
0.004    -36.6013    -13.6751    -43.3750    -30.3899
0.005    -29.0645    -10.7652    -34.4744    -24.1029
0.006    -24.0400     -8.8253    -28.5406    -19.9116
0.007    -20.4510     -7.4397    -24.3023    -16.9186
0.008    -17.7593     -6.4004    -21.1235    -14.6750
0.009    -15.6657     -5.5921    -18.6511    -12.9300
0.010    -13.9909     -4.9455    -16.6732    -11.5340
0.011    -12.6206     -4.4165    -15.0521    -10.3919
0.012    -11.4786     -3.9756    -13.7011     -9.4377
0.013    -10.5124     -3.6025    -12.5579     -8.6304
0.014     -9.6841     -3.2827    -11.5780     -7.9384
0.015     -8.9664     -3.0056    -10.7288     -7.3387
0.016     -8.3383     -2.7631     -9.9857     -6.8139
0.017     -7.7841     -2.5492     -9.3301     -6.3515
0.018     -7.2915     -2.3590     -8.7480     -5.9406
0.019     -6.8508     -2.1888     -8.2311     -5.5729
0.020     -6.4541     -2.0357     -7.7659     -5.2397
0.021     -6.0952     -1.8971     -7.3450     -4.9397
0.022     -5.7689     -1.7711     -6.9623     -4.6671
0.023     -5.4710     -1.6561     -6.6116     -4.4182
0.024     -5.1979     -1.5507     -6.2891     -4.1901
0.025     -4.9467     -1.4537     -5.9925     -3.9801
0.026     -4.7148     -1.3642     -5.7186     -3.7864
0.027     -4.5001     -1.2813     -5.4650     -3.6070
0.028     -4.3007     -1.2043     -5.2295     -3.4404
0.029     -4.1151     -1.1326     -5.0103     -3.2853
0.030     -3.9418     -1.0657     -4.8057     -3.1405
0.031     -3.7797     -1.0031     -4.6143     -3.0051
0.032     -3.6278     -0.9445     -4.4349     -2.8781
0.033     -3.4850     -0.8894     -4.2663     -2.7589
0.034     -3.3507     -0.8375     -4.1076     -2.6466
0.035     -3.2240     -0.7886     -3.9580     -2.5408
0.036     -3.1044     -0.7424     -3.8168     -2.4408
0.037     -2.9912     -0.6987     -3.6831     -2.3459
0.038     -2.8840     -0.6573     -3.5565     -2.2554
0.039     -2.7823     -0.6180     -3.4364     -2.1696
0.040     -2.6857     -0.5807     -3.3223     -2.0881
0.041     -2.5938     -0.5452     -3.2147     -2.0106
0.042     -2.5062     -0.5115     -3.1125     -1.9379
0.043     -2.4228     -0.4792     -3.0149     -1.8689
0.044     -2.3431     -0.4485     -2.9209     -1.8030
0.045     -2.2670     -0.4191     -2.8305     -1.7400
0.046     -2.1941     -0.3910     -2.7444     -1.6789
0.047     -2.1244     -0.3640     -2.6625     -1.6204
0.048     -2.0576     -0.3382     -2.5840     -1.5643
0.049     -1.9935     -0.3135     -2.5088     -1.5105
0.050     -1.9320     -0.2897     -2.4365     -1.4588
0.051     -1.8729     -0.2669     -2.3671     -1.4092
0.052     -1.8160     -0.2450     -2.3003     -1.3615
0.053     -1.7613     -0.2239     -2.2360     -1.3156
0.054     -1.7087     -0.2035     -2.1742     -1.2716
0.055     -1.6579     -0.1839     -2.1146     -1.2294
0.056     -1.6090     -0.1650     -2.0569     -1.1896
0.057     -1.5618     -0.1468     -2.0016     -1.1514
0.058     -1.5162     -0.1292     -1.9480     -1.1138
0.059     -1.4721     -0.1122     -1.8963     -1.0770
0.060     -1.4295     -0.0958     -1.8463     -1.0414
0.061     -1.3884     -0.0799     -1.7979     -1.0070
0.062     -1.3485     -0.0645     -1.7511     -0.9737
0.063     -1.3099     -0.0496     -1.7058     -0.9417
0.064     -1.2725     -0.0351     -1.6618     -0.9103
0.065     -1.2363     -0.0211     -1.6193     -0.8800
0.066     -1.2012     -0.0076     -1.5778     -0.8506
0.067     -1.1671      0.0056     -1.5374     -0.8221
0.068     -1.1340      0.0184     -1.4983     -0.7945
0.069     -1.1019      0.0308     -1.4602     -0.7679
0.070     -1.0706      0.0428     -1.4233     -0.7418
0.071     -1.0403      0.0545     -1.3875     -0.7165
0.072     -1.0108      0.0659     -1.3529     -0.6918
0.073     -0.9821      0.0770     -1.3192     -0.6679
0.074     -0.9542      0.0877     -1.2865     -0.6445
0.075     -0.9271      0.0982     -1.2546     -0.6216
0.076     -0.9006      0.1084     -1.2235     -0.5995
0.077     -0.8749      0.1184     -1.1933     -0.5780
0.078     -0.8498      0.1281     -1.1639     -0.5570
0.079     -0.8253      0.1375     -1.1352     -0.5366
0.080     -0.8015      0.1467     -1.1072     -0.5167
0.081     -0.7782      0.1557     -1.0798     -0.4973
0.082     -0.7555      0.1645     -1.0527     -0.4784
0.083     -0.7334      0.1730     -1.0263     -0.4598
0.084     -0.7117      0.1814     -1.0011     -0.4418
0.085     -0.6906      0.1895     -0.9764     -0.4241
0.086     -0.6700      0.1975     -0.9524     -0.4069
0.087     -0.6499      0.2053     -0.9290     -0.3900
0.088     -0.6302      0.2129     -0.9056     -0.3736
0.089     -0.6109      0.2203     -0.8827     -0.3575
0.090     -0.5921      0.2276     -0.8603     -0.3417
0.091     -0.5737      0.2347     -0.8384     -0.3264
0.092     -0.5557      0.2416     -0.8169     -0.3113
0.093     -0.5381      0.2484     -0.7959     -0.2966
0.094     -0.5208      0.2551     -0.7754     -0.2822
0.095     -0.5040      0.2616     -0.7553     -0.2681
0.096     -0.4874      0.2680     -0.7356     -0.2543
0.097     -0.4713      0.2742     -0.7164     -0.2408
0.098     -0.4554      0.2803     -0.6979     -0.2275
0.099     -0.4399      0.2863     -0.6798     -0.2145
0.100     -0.4246      0.2922     -0.6621     -0.2018
0.101     -0.4097      0.2980     -0.6448     -0.1893
0.102     -0.3951      0.3036     -0.6278     -0.1771
0.103     -0.3807      0.3092     -0.6111     -0.1650
0.104     -0.3667      0.3146     -0.5947     -0.1532
0.105     -0.3529      0.3199     -0.5786     -0.1417
0.106     -0.3393      0.3252     -0.5625     -0.1304
0.107     -0.3260      0.3303     -0.5467     -0.1193
0.108     -0.3130      0.3353     -0.5315     -0.1083
0.109     -0.3002      0.3403     -0.5166     -0.0976
0.110     -0.2876      0.3451     -0.5021     -0.0871
0.111     -0.2753      0.3499     -0.4875     -0.0768
0.112     -0.2631      0.3546     -0.4731     -0.0667
0.113     -0.2512      0.3592     -0.4590     -0.0567
0.114     -0.2395      0.3637     -0.4451     -0.0469
0.115     -0.2280      0.3681     -0.4314     -0.0373
0.116     -0.2167      0.3725     -0.4181     -0.0277
0.117     -0.2056      0.3768     -0.4051     -0.0182
0.118     -0.1947      0.3810     -0.3926     -0.0089
0.119     -0.1840      0.3851     -0.3801      0.0002
0.120     -0.1734      0.3892     -0.3675      0.0093
0.121     -0.1630      0.3932     -0.3556      0.0181
0.122     -0.1528      0.3972     -0.3438      0.0269
0.123     -0.1428      0.4010     -0.3319      0.0354
0.124     -0.1329      0.4049     -0.3201      0.0439
0.125     -0.1232      0.4086     -0.3086      0.0519
0.126     -0.1136      0.4123     -0.2972      0.0595
0.127     -0.1042      0.4160     -0.2862      0.0671
0.128     -0.0949      0.4195     -0.2755      0.0745
0.129     -0.0858      0.4231     -0.2651      0.0818
0.130     -0.0768      0.4265     -0.2547      0.0895
0.131     -0.0679      0.4299     -0.2446      0.0974
0.132     -0.0592      0.4333     -0.2341      0.1046
0.133     -0.0506      0.4366     -0.2238      0.1116
0.134     -0.0422      0.4399     -0.2136      0.1185
0.135     -0.0338      0.4431     -0.2037      0.1252
0.136     -0.0256      0.4463     -0.1941      0.1320
0.137     -0.0175      0.4494     -0.1847      0.1393
0.138     -0.0096      0.4525     -0.1754      0.1466
0.139     -0.0017      0.4555     -0.1662      0.1533
0.140      0.0060      0.4585     -0.1572      0.1597
0.141      0.0137      0.4614     -0.1483      0.1661
0.142      0.0212      0.4644     -0.1397      0.1723
0.143      0.0286      0.4672     -0.1312      0.1785
0.144      0.0360      0.4700     -0.1223      0.1846
0.145      0.0432      0.4728     -0.1139      0.1906
0.146      0.0503      0.4756     -0.1056      0.1965
0.147      0.0573      0.4783     -0.0974      0.2024
0.148      0.0642      0.4810     -0.0893      0.2082
0.149      0.0711      0.4836     -0.0814      0.2138
0.150      0.0778      0.4862     -0.0735      0.2199
0.151      0.0845      0.4888     -0.0657      0.2259
0.152      0.0910      0.4913     -0.0581      0.2319
0.153      0.0975      0.4938     -0.0505      0.2377
0.154      0.1039      0.4963     -0.0431      0.2434
0.155      0.1102      0.4987     -0.0357      0.2484
0.156      0.1165      0.5011     -0.0284      0.2533
0.157      0.1226      0.5035     -0.0213      0.2582
0.158      0.1287      0.5059     -0.0142      0.2630
0.159      0.1347      0.5082     -0.0072      0.2681
0.160      0.1406      0.5105     -0.0003      0.2731
0.161      0.1465      0.5127      0.0065      0.2782
0.162      0.1523      0.5150      0.0133      0.2831
0.163      0.1580      0.5172      0.0199      0.2880
0.164      0.1636      0.5193      0.0265      0.2929
0.165      0.1692      0.5215      0.0330      0.2977
0.166      0.1747      0.5236      0.0394      0.3024
0.167      0.1801      0.5257      0.0457      0.3071
0.168      0.1855      0.5278      0.0520      0.3117
0.169      0.1908      0.5298      0.0582      0.3160
0.170      0.1960      0.5319      0.0643      0.3203
0.171      0.2012      0.5339      0.0704      0.3245
0.172      0.2064      0.5358      0.0764      0.3287
0.173      0.2114      0.5378      0.0825      0.3329
0.174      0.2164      0.5397      0.0886      0.3369
0.175      0.2214      0.5416      0.0946      0.3410
0.176      0.2263      0.5435      0.1005      0.3449
0.177      0.2311      0.5454      0.1063      0.3489
0.178      0.2359      0.5472      0.1121      0.3528
0.179      0.2406      0.5491      0.1178      0.3567
0.180      0.2453      0.5509      0.1235      0.3605
0.181      0.2499      0.5527      0.1291      0.3643
0.182      0.2545      0.5544      0.1346      0.3680
0.183      0.2590      0.5562      0.1401      0.3717
0.184      0.2635      0.5579      0.1455      0.3754
0.185      0.2679      0.5596      0.1508      0.3791
0.186      0.2723      0.5613      0.1557      0.3828
0.187      0.2767      0.5630      0.1606      0.3864
0.188      0.2809      0.5646      0.1654      0.3900
0.189      0.2852      0.5663      0.1702      0.3936
0.190      0.2894      0.5679      0.1749      0.3972
0.191      0.2935      0.5695      0.1796      0.4007
0.192      0.2976      0.5711      0.1844      0.4041
0.193      0.3017      0.5727      0.1892      0.4076
0.194      0.3057      0.5742      0.1940      0.4110
0.195      0.3097      0.5757      0.1988      0.4143
0.196      0.3137      0.5773      0.2035      0.4176
0.197      0.3176      0.5788      0.2082      0.4209
0.198      0.3214      0.5803      0.2128      0.4242
0.199      0.3253      0.5817      0.2174      0.4274
0.200      0.3290      0.5832      0.2219      0.4306
0.201      0.3328      0.5847      0.2264      0.4338
0.202      0.3365      0.5861      0.2308      0.4369
0.203      0.3402      0.5875      0.2352      0.4400
0.204      0.3438      0.5889      0.2395      0.4431
0.205      0.3474      0.5903      0.2435      0.4461
0.206      0.3510      0.5917      0.2476      0.4491
0.207      0.3545      0.5930      0.2515      0.4521
0.208      0.3580      0.5944      0.2555      0.4551
0.209      0.3615      0.5957      0.2594      0.4580
0.210      0.3649      0.5971      0.2633      0.4611
0.211      0.3683      0.5984      0.2671      0.4641
0.212      0.3717      0.5997      0.2709      0.4671
0.213      0.3750      0.6010      0.2749      0.4701
0.214      0.3784      0.6022      0.2790      0.4730
0.215      0.3816      0.6035      0.2830      0.4759
0.216      0.3849      0.6048      0.2870      0.4788
0.217      0.3881      0.6060      0.2910      0.4817
0.218      0.3913      0.6072      0.2949      0.4844
0.219      0.3944      0.6085      0.2988      0.4871
0.220      0.3976      0.6097      0.3026      0.4898
0.221      0.4007      0.6109      0.3064      0.4925
0.222      0.4037      0.6120      0.3102      0.4951
0.223      0.4068      0.6132      0.3138      0.4977
0.224      0.4098      0.6144      0.3170      0.5003
0.225      0.4128      0.6155      0.3208      0.5029
0.226      0.4158      0.6167      0.3245      0.5054
0.227      0.4187      0.6178      0.3279      0.5079
0.228      0.4216      0.6189      0.3313      0.5105
0.229      0.4245      0.6201      0.3347      0.5130
0.230      0.4274      0.6212      0.3380      0.5154
0.231      0.4302      0.6223      0.3413      0.5178
0.232      0.4330      0.6233      0.3446      0.5202
0.233      0.4358      0.6244      0.3478      0.5226
0.234      0.4386      0.6255      0.3510      0.5251
0.235      0.4413      0.6265      0.3542      0.5276
0.236      0.4440      0.6276      0.3574      0.5301
0.237      0.4467      0.6286      0.3607      0.5326
0.238      0.4494      0.6297      0.3638      0.5351
0.239      0.4520      0.6307      0.3667      0.5375
0.240      0.4547      0.6317      0.3698      0.5400
0.241      0.4573      0.6327      0.3728      0.5424
0.242      0.4599      0.6337      0.3758      0.5447
0.243      0.4624      0.6347      0.3788      0.5471
0.244      0.4650      0.6357      0.3818      0.5494
0.245      0.4675      0.6367      0.3847      0.5518
0.246      0.4700      0.6376      0.3876      0.5541
0.247      0.4725      0.6386      0.3905      0.5564
0.248      0.4749      0.6395      0.3934      0.5586
0.249      0.4774      0.6405      0.3962      0.5609
0.250      0.4798      0.6414      0.3990      0.5631
0.251      0.4822      0.6423      0.4018      0.5653
0.252      0.4846      0.6433      0.4046      0.5670
0.253      0.4869      0.6442      0.4073      0.5687
0.254      0.4893      0.6451      0.4099      0.5703
0.255      0.4916      0.6460      0.4125      0.5719
0.256      0.4939      0.6469      0.4151      0.5736
0.257      0.4962      0.6477      0.4177      0.5752
0.258      0.4985      0.6486      0.4203      0.5767
0.259      0.5007      0.6495      0.4229      0.5786
0.260      0.5030      0.6504      0.4255      0.5807
0.261      0.5052      0.6512      0.4282      0.5827
0.262      0.5074      0.6521      0.4308      0.5847
0.263      0.5096      0.6529      0.4335      0.5867
0.264      0.5118      0.6538      0.4361      0.5886
0.265      0.5139      0.6546      0.4387      0.5906
0.266      0.5161      0.6554      0.4413      0.5924
0.267      0.5182      0.6562      0.4437      0.5940
0.268      0.5203      0.6570      0.4462      0.5956
0.269      0.5224      0.6578      0.4486      0.5974
0.270      0.5244      0.6587      0.4510      0.5990
0.271      0.5265      0.6594      0.4534      0.6006
0.272      0.5286      0.6602      0.4557      0.6022
0.273      0.5306      0.6610      0.4580      0.6039
0.274      0.5326      0.6618      0.4604      0.6055
0.275      0.5346      0.6626      0.4627      0.6073
0.276      0.5366      0.6633      0.4651      0.6090
0.277      0.5386      0.6641      0.4674      0.6107
0.278      0.5405      0.6649      0.4697      0.6124
0.279      0.5425      0.6656      0.4720      0.6141
0.280      0.5444      0.6663      0.4742      0.6157
0.281      0.5463      0.6671      0.4765      0.6174
0.282      0.5482      0.6678      0.4788      0.6190
0.283      0.5501      0.6686      0.4810      0.6206
0.284      0.5520      0.6693      0.4833      0.6222
0.285      0.5538      0.6700      0.4854      0.6238
0.286      0.5557      0.6707      0.4875      0.6255
0.287      0.5575      0.6714      0.4895      0.6271
0.288      0.5593      0.6721      0.4917      0.6287
0.289      0.5612      0.6728      0.4938      0.6301
0.290      0.5630      0.6735      0.4959      0.6317
0.291      0.5647      0.6742      0.4979      0.6332
0.292      0.5665      0.6749      0.5000      0.6347
0.293      0.5683      0.6756      0.5021      0.6362
0.294      0.5700      0.6762      0.5041      0.6378
0.295      0.5718      0.6769      0.5061      0.6393
0.296      0.5735      0.6776      0.5080      0.6408
0.297      0.5752      0.6782      0.5098      0.6422
0.298      0.5769      0.6789      0.5117      0.6436
0.299      0.5786      0.6796      0.5135      0.6451
0.300      0.5803      0.6802      0.5154      0.6465
0.301      0.5819      0.6808      0.5172      0.6479
0.302      0.5836      0.6815      0.5190      0.6494
0.303      0.5853      0.6821      0.5208      0.6508
0.304      0.5869      0.6828      0.5226      0.6523
0.305      0.5885      0.6834      0.5244      0.6538
0.306      0.5901      0.6840      0.5261      0.6554
0.307      0.5917      0.6846      0.5280      0.6569
0.308      0.5933      0.6852      0.5299      0.6583
0.309      0.5949      0.6859      0.5318      0.6597
0.310      0.5965      0.6865      0.5336      0.6611
0.311      0.5980      0.6871      0.5354      0.6624
0.312      0.5996      0.6877      0.5372      0.6631
0.313      0.6011      0.6883      0.5390      0.6644
0.314      0.6027      0.6889      0.5409      0.6657
0.315      0.6042      0.6894      0.5427      0.6670
0.316      0.6057      0.6900      0.5446      0.6672
0.317      0.6072      0.6906      0.5468      0.6678
0.318      0.6087      0.6912      0.5486      0.6691
0.319      0.6102      0.6918      0.5502      0.6703
0.320      0.6117      0.6923      0.5519      0.6713
0.321      0.6131      0.6929      0.5540      0.6716
0.322      0.6146      0.6935      0.5558      0.6730
0.323      0.6161      0.6940      0.5574      0.6739
0.324      0.6175      0.6946      0.5592      0.6745
0.325      0.6189      0.6951      0.5610      0.6755
0.326      0.6203      0.6957      0.5627      0.6767
0.327      0.6218      0.6962      0.5644      0.6779
0.328      0.6232      0.6968      0.5674      0.6790
0.329      0.6246      0.6973      0.5694      0.6799
0.330      0.6260      0.6978      0.5714      0.6808
0.331      0.6273      0.6984      0.5730      0.6816
0.332      0.6287      0.6989      0.5747      0.6826
0.333      0.6301      0.6994      0.5764      0.6837
0.334      0.6314      0.7000      0.5786      0.6842
0.335      0.6328      0.7005      0.5801      0.6848
0.336      0.6341      0.7010      0.5823      0.6859
0.337      0.6354      0.7015      0.5847      0.6869
0.338      0.6368      0.7020      0.5868      0.6871
0.339      0.6381      0.7025      0.5882      0.6880
0.340      0.6394      0.7030      0.5902      0.6884
0.341      0.6407      0.7035      0.5921      0.6884
0.342      0.6420      0.7040      0.5940      0.6896
0.343      0.6433      0.7045      0.5965      0.6908
0.344      0.6445      0.7050      0.5987      0.6915
0.345      0.6458      0.7055      0.6007      0.6929
0.346      0.6471      0.7054      0.6025      0.6945
0.347      0.6483      0.7046      0.6045      0.6956
0.348      0.6496      0.7038      0.6056      0.6962
0.349      0.6508      0.7029      0.6071      0.6976
0.350      0.6521      0.7021      0.6086      0.6992
0.351      0.6531      0.7013      0.6096      0.7001
0.352      0.6528      0.7005      0.6090      0.6996
0.353      0.6525      0.6996      0.6090      0.6993
0.354      0.6522      0.6988      0.6080      0.6990
0.355      0.6519      0.6980      0.6076      0.7000
0.356      0.6516      0.6971      0.6078      0.6997
0.357      0.6513      0.6963      0.6073      0.7002
0.358      0.6510      0.6954      0.6064      0.7000
0.359      0.6507      0.6946      0.6053      0.7007
0.360      0.6504      0.6937      0.6042      0.7016
0.361      0.6501      0.6929      0.6035      0.7019
0.362      0.6498      0.6920      0.6032      0.7020
0.363      0.6495      0.6912      0.6016      0.7024
0.364      0.6491      0.6903      0.6008      0.7029
0.365      0.6488      0.6895      0.5994      0.7026
0.366      0.6485      0.6886      0.5979      0.7026
0.367      0.6482      0.6877      0.5972      0.7026
0.368      0.6479      0.6869      0.5966      0.7031
0.369      0.6476      0.6860      0.5957      0.7036
0.370      0.6473      0.6851      0.5951      0.7040
0.371      0.6469      0.6842      0.5939      0.7042
0.372      0.6466      0.6833      0.5936      0.7047
0.373      0.6463      0.6825      0.5933      0.7044
0.374      0.6460      0.6816      0.5923      0.7041
0.375      0.6457      0.6807      0.5918      0.7044
0.376      0.6453      0.6798      0.5913      0.7050
0.377      0.6450      0.6789      0.5908      0.7052
0.378      0.6447      0.6780      0.5903      0.7053
0.379      0.6444      0.6771      0.5891      0.7061
0.380      0.6440      0.6762      0.5887      0.7058
0.381      0.6437      0.6753      0.5884      0.7056
0.382      0.6434      0.6744      0.5880      0.7053
0.383      0.6431      0.6734      0.5877      0.7050
0.384      0.6427      0.6725      0.5867      0.7047
0.385      0.6424      0.6716      0.5862      0.7046
0.386      0.6421      0.6707      0.5859      0.7046
0.387      0.6417      0.6698      0.5856      0.7043
0.388      0.6414      0.6688      0.5853      0.7041
0.389      0.6411      0.6679      0.5849      0.7038
0.390      0.6407      0.6670      0.5844      0.7035
0.391      0.6404      0.6660      0.5838      0.7033
0.392      0.6400      0.6651      0.5833      0.7028
0.393      0.6397      0.6641      0.5829      0.7024
0.394      0.6394      0.6632      0.5824      0.7020
0.395      0.6390      0.6622      0.5819      0.7016
0.396      0.6387      0.6613      0.5814      0.7015
0.397      0.6383      0.6603      0.5809      0.7014
0.398      0.6380      0.6594      0.5805      0.7013
0.399      0.6376      0.6584      0.5801      0.7011
0.400      0.6373      0.6574      0.5797      0.7008
0.401      0.6369      0.6565      0.5793      0.7005
0.402      0.6366      0.6555      0.5789      0.7003
0.403      0.6362      0.6545      0.5785      0.7000
0.404      0.6359      0.6535      0.5780      0.6997
0.405      0.6355      0.6526      0.5776      0.6995
0.406      0.6352      0.6516      0.5772      0.6993
0.407      0.6348      0.6506      0.5767      0.6989
0.408      0.6344      0.6496      0.5762      0.6986
0.409      0.6341      0.6486      0.5756      0.6983
0.410      0.6337      0.6476      0.5751      0.6980
0.411      0.6334      0.6466      0.5746      0.6977
0.412      0.6330      0.6456      0.5740      0.6974
0.413      0.6326      0.6446      0.5735      0.6971
0.414      0.6323      0.6436      0.5731      0.6968
0.415      0.6319      0.6425      0.5728      0.6965
0.416      0.6315      0.6415      0.5725      0.6963
0.417      0.6312      0.6405      0.5722      0.6960
0.418      0.6308      0.6395      0.5718      0.6957
0.419      0.6304      0.6384      0.5715      0.6955
0.420      0.6300      0.6374      0.5712      0.6954
0.421      0.6297      0.6364      0.5708      0.6953
0.422      0.6293      0.6353      0.5704      0.6952
0.423      0.6289      0.6343      0.5699      0.6952
0.424      0.6285      0.6332      0.5695      0.6951
0.425      0.6282      0.6322      0.5691      0.6951
0.426      0.6278      0.6311      0.5686      0.6950
0.427      0.6274      0.6301      0.5681      0.6949
0.428      0.6270      0.6290      0.5674      0.6949
0.429      0.6266      0.6279      0.5668      0.6948
0.430      0.6262      0.6269      0.5662      0.6945
0.431      0.6259      0.6258      0.5656      0.6942
0.432      0.6255      0.6247      0.5650      0.6938
0.433      0.6251      0.6236      0.5646      0.6935
0.434      0.6247      0.6226      0.5642      0.6931
0.435      0.6243      0.6215      0.5637      0.6927
0.436      0.6239      0.6204      0.5633      0.6924
0.437      0.6235      0.6193      0.5629      0.6920
0.438      0.6231      0.6182      0.5625      0.6916
0.439      0.6227      0.6171      0.5619      0.6913
0.440      0.6223      0.6160      0.5613      0.6911
0.441      0.6219      0.6148      0.5605      0.6909
0.442      0.6215      0.6137      0.5598      0.6907
0.443      0.6211      0.6126      0.5591      0.6905
0.444      0.6207      0.6115      0.5584      0.6903
0.445      0.6203      0.6103      0.5577      0.6900
0.446      0.6199      0.6092      0.5571      0.6898
0.447      0.6195      0.6081      0.5567      0.6895
0.448      0.6190      0.6069      0.5560      0.6893
0.449      0.6186      0.6058      0.5554      0.6891
0.450      0.6182      0.6046      0.5550      0.6889
0.451      0.6178      0.6035      0.5546      0.6886
0.452      0.6174      0.6023      0.5541      0.6883
0.453      0.6170      0.6012      0.5534      0.6880
0.454      0.6165      0.6000      0.5528      0.6877
0.455      0.6161      0.5988      0.5522      0.6874
0.456      0.6157      0.5977      0.5517      0.6870
0.457      0.6153      0.5965      0.5511      0.6866
0.458      0.6148      0.5953      0.5505      0.6861
0.459      0.6144      0.5941      0.5499      0.6857
0.460      0.6140      0.5929      0.5494      0.6853
0.461      0.6135      0.5917      0.5488      0.6849
0.462      0.6131      0.5905      0.5483      0.6844
0.463      0.6127      0.5893      0.5477      0.6841
0.464      0.6122      0.5881      0.5472      0.6839
0.465      0.6118      0.5869      0.5466      0.6837
0.466      0.6114      0.5857      0.5460      0.6834
0.467      0.6109      0.5844      0.5453      0.6830
0.468      0.6105      0.5832      0.5446      0.6826
0.469      0.6100      0.5820      0.5441      0.6823
0.470      0.6096      0.5807      0.5435      0.6821
0.471      0.6091      0.5795      0.5428      0.6819
0.472      0.6087      0.5782      0.5421      0.6816
0.473      0.6082      0.5770      0.5414      0.6813
0.474      0.6078      0.5757      0.5407      0.6812
0.475      0.6073      0.5745      0.5400      0.6810
0.476      0.6069      0.5732      0.5394      0.6806
0.477      0.6064      0.5719      0.5388      0.6801
0.478      0.6059      0.5707      0.5384      0.6795
0.479      0.6055      0.5694      0.5379      0.6791
0.480      0.6050      0.5681      0.5371      0.6789
0.481      0.6046      0.5668      0.5364      0.6787
0.482      0.6041      0.5655      0.5358      0.6785
0.483      0.6036      0.5642      0.5352      0.6782
0.484      0.6031      0.5629      0.5344      0.6780
0.485      0.6027      0.5616      0.5336      0.6778
0.486      0.6022      0.5603      0.5331      0.6775
0.487      0.6017      0.5589      0.5325      0.6770
0.488      0.6012      0.5576      0.5319      0.6768
0.489      0.6008      0.5563      0.5311      0.6766
0.490      0.6003      0.5549      0.5302      0.6762
0.491      0.5998      0.5536      0.5294      0.6758
0.492      0.5993      0.5523      0.5285      0.6755
0.493      0.5988      0.5509      0.5278      0.6753
0.494      0.5983      0.5495      0.5272      0.6752
0.495      0.5978      0.5482      0.5266      0.6750
0.496      0.5973      0.5468      0.5260      0.6748
0.497      0.5968      0.5454      0.5254      0.6747
0.498      0.5963      0.5441      0.5248      0.6745
0.499      0.5958      0.5427      0.5241      0.6743
0.500      0.5953      0.5413      0.5234      0.6741
0.501      0.5948      0.5399      0.5227      0.6740
0.502      0.5943      0.5385      0.5220      0.6738
0.503      0.5938      0.5371      0.5213      0.6735
0.504      0.5933      0.5357      0.5206      0.6733
0.505      0.5928      0.5342      0.5200      0.6730
0.506      0.5923      0.5328      0.5193      0.6728
0.507      0.5918      0.5314      0.5187      0.6725
0.508      0.5913      0.5299      0.5180      0.6722
0.509      0.5907      0.5285      0.5173      0.6720
0.510      0.5902      0.5271      0.5166      0.6718
0.511      0.5897      0.5256      0.5160      0.6718
0.512      0.5892      0.5241      0.5153      0.6717
0.513      0.5886      0.5227      0.5146      0.6715
0.514      0.5881      0.5212      0.5139      0.6712
0.515      0.5876      0.5197      0.5132      0.6708
0.516      0.5870      0.5182      0.5125      0.6705
0.517      0.5865      0.5167      0.5119      0.6703
0.518      0.5859      0.5152      0.5112      0.6701
0.519      0.5854      0.5137      0.5105      0.6699
0.520      0.5849      0.5122      0.5098      0.6698
0.521      0.5843      0.5107      0.5091      0.6696
0.522      0.5838      0.5092      0.5083      0.6694
0.523      0.5832      0.5077      0.5076      0.6692
0.524      0.5827      0.5061      0.5069      0.6689
0.525      0.5821      0.5046      0.5062      0.6687
0.526      0.5815      0.5030      0.5055      0.6685
0.527      0.5810      0.5015      0.5047      0.6681
0.528      0.5804      0.4999      0.5039      0.6677
0.529      0.5799      0.4984      0.5030      0.6672
0.530      0.5793      0.4968      0.5022      0.6667
0.531      0.5787      0.4952      0.5014      0.6662
0.532      0.5781      0.4936      0.5007      0.6659
0.533      0.5776      0.4920      0.5000      0.6657
0.534      0.5770      0.4904      0.4993      0.6654
0.535      0.5764      0.4888      0.4987      0.6651
0.536      0.5758      0.4872      0.4980      0.6648
0.537      0.5752      0.4856      0.4971      0.6645
0.538      0.5746      0.4839      0.4963      0.6643
0.539      0.5741      0.4823      0.4954      0.6640
0.540      0.5735      0.4807      0.4945      0.6637
0.541      0.5729      0.4790      0.4937      0.6634
0.542      0.5723      0.4774      0.4928      0.6631
0.543      0.5717      0.4757      0.4919      0.6624
0.544      0.5711      0.4740      0.4910      0.6618
0.545      0.5705      0.4723      0.4903      0.6614
0.546      0.5699      0.4707      0.4896      0.6612
0.547      0.5692      0.4690      0.4889      0.6609
0.548      0.5686      0.4673      0.4882      0.6606
0.549      0.5680      0.4655      0.4874      0.6604
0.550      0.5674      0.4638      0.4865      0.6601
0.551      0.5668      0.4621      0.4856      0.6599
0.552      0.5661      0.4604      0.4845      0.6593
0.553      0.5655      0.4586      0.4835      0.6590
0.554      0.5649      0.4569      0.4824      0.6585
0.555      0.5642      0.4551      0.4813      0.6580
0.556      0.5636      0.4534      0.4805      0.6575
0.557      0.5630      0.4516      0.4798      0.6572
0.558      0.5623      0.4498      0.4788      0.6570
0.559      0.5617      0.4480      0.4778      0.6568
0.560      0.5610      0.4462      0.4768      0.6566
0.561      0.5604      0.4444      0.4757      0.6564
0.562      0.5597      0.4426      0.4747      0.6562
0.563      0.5591      0.4408      0.4736      0.6561
0.564      0.5584      0.4390      0.4726      0.6559
0.565      0.5577      0.4371      0.4715      0.6557
0.566      0.5571      0.4353      0.4705      0.6555
0.567      0.5564      0.4334      0.4694      0.6553
0.568      0.5557      0.4316      0.4684      0.6551
0.569      0.5551      0.4297      0.4674      0.6548
0.570      0.5544      0.4278      0.4664      0.6545
0.571      0.5537      0.4259      0.4657      0.6542
0.572      0.5530      0.4240      0.4649      0.6538
0.573      0.5523      0.4221      0.4641      0.6535
0.574      0.5516      0.4202      0.4634      0.6532
0.575      0.5509      0.4183      0.4626      0.6528
0.576      0.5502      0.4163      0.4617      0.6525
0.577      0.5495      0.4144      0.4607      0.6522
0.578      0.5488      0.4124      0.4597      0.6518
0.579      0.5481      0.4105      0.4587      0.6515
0.580      0.5474      0.4085      0.4576      0.6511
0.581      0.5467      0.4065      0.4565      0.6508
0.582      0.5460      0.4045      0.4553      0.6504
0.583      0.5453      0.4025      0.4541      0.6501
0.584      0.5445      0.4005      0.4529      0.6498
0.585      0.5438      0.3985      0.4517      0.6495
0.586      0.5431      0.3965      0.4507      0.6493
0.587      0.5423      0.3945      0.4498      0.6491
0.588      0.5416      0.3924      0.4489      0.6488
0.589      0.5409      0.3903      0.4479      0.6486
0.590      0.5401      0.3883      0.4470      0.6484
0.591      0.5394      0.3862      0.4460      0.6481
0.592      0.5386      0.3841      0.4450      0.6479
0.593      0.5379      0.3820      0.4441      0.6476
0.594      0.5371      0.3799      0.4432      0.6472
0.595      0.5363      0.3778      0.4422      0.6468
0.596      0.5356      0.3757      0.4412      0.6464
0.597      0.5348      0.3735      0.4402      0.6460
0.598      0.5340      0.3714      0.4391      0.6456
0.599      0.5332      0.3692      0.4379      0.6452
0.600      0.5324      0.3670      0.4367      0.6448
0.601      0.5317      0.3648      0.4354      0.6443
0.602      0.5309      0.3626      0.4341      0.6439
0.603      0.5301      0.3604      0.4328      0.6434
0.604      0.5293      0.3582      0.4314      0.6429
0.605      0.5285      0.3560      0.4303      0.6424
0.606      0.5277      0.3538      0.4291      0.6420
0.607      0.5268      0.3515      0.4279      0.6417
0.608      0.5260      0.3492      0.4265      0.6414
0.609      0.5252      0.3470      0.4252      0.6411
0.610      0.5244      0.3447      0.4238      0.6406
0.611      0.5235      0.3424      0.4225      0.6402
0.612      0.5227      0.3401      0.4211      0.6398
0.613      0.5219      0.3378      0.4197      0.6393
0.614      0.5210      0.3354      0.4183      0.6389
0.615      0.5202      0.3331      0.4169      0.6385
0.616      0.5193      0.3307      0.4155      0.6380
0.617      0.5185      0.3284      0.4141      0.6376
0.618      0.5176      0.3260      0.4128      0.6372
0.619      0.5168      0.3236      0.4118      0.6367
0.620      0.5159      0.3212      0.4107      0.6363
0.621      0.5150      0.3188      0.4093      0.6359
0.622      0.5141      0.3163      0.4079      0.6355
0.623      0.5133      0.3139      0.4064      0.6352
0.624      0.5124      0.3114      0.4051      0.6348
0.625      0.5115      0.3089      0.4038      0.6344
0.626      0.5106      0.3065      0.4024      0.6340
0.627      0.5097      0.3040      0.4010      0.6335
0.628      0.5088      0.3014      0.3996      0.6331
0.629      0.5079      0.2989      0.3981      0.6328
0.630      0.5069      0.2964      0.3967      0.6324
0.631      0.5060      0.2938      0.3953      0.6319
0.632      0.5051      0.2913      0.3939      0.6317
0.633      0.5042      0.2887      0.3925      0.6311
0.634      0.5032      0.2861      0.3911      0.6307
0.635      0.5023      0.2835      0.3898      0.6303
0.636      0.5013      0.2809      0.3884      0.6299
0.637      0.5004      0.2782      0.3870      0.6295
0.638      0.4994      0.2756      0.3856      0.6290
0.639      0.4985      0.2729      0.3841      0.6286
0.640      0.4975      0.2702      0.3827      0.6282
0.641      0.4965      0.2675      0.3811      0.6277
0.642      0.4955      0.2648      0.3794      0.6273
0.643      0.4946      0.2621      0.3777      0.6269
0.644      0.4936      0.2593      0.3760      0.6264
0.645      0.4926      0.2566      0.3743      0.6260
0.646      0.4916      0.2538      0.3726      0.6255
0.647      0.4906      0.2510      0.3710      0.6250
0.648      0.4896      0.2482      0.3694      0.6244
0.649      0.4885      0.2454      0.3680      0.6237
0.650      0.4875      0.2426      0.3665      0.6230
0.651      0.4865      0.2397      0.3650      0.6223
0.652      0.4854      0.2368      0.3636      0.6216
0.653      0.4844      0.2340      0.3623      0.6209
0.654      0.4834      0.2311      0.3610      0.6203
0.655      0.4823      0.2281      0.3596      0.6200
0.656      0.4812      0.2252      0.3583      0.6196
0.657      0.4802      0.2222      0.3567      0.6193
0.658      0.4791      0.2193      0.3550      0.6187
0.659      0.4780      0.2163      0.3533      0.6180
0.660      0.4769      0.2133      0.3515      0.6173
0.661      0.4758      0.2103      0.3498      0.6167
0.662      0.4747      0.2072      0.3482      0.6161
0.663      0.4736      0.2042      0.3467      0.6155
0.664      0.4725      0.2011      0.3451      0.6153
0.665      0.4714      0.1980      0.3431      0.6152
0.666      0.4703      0.1949      0.3414      0.6151
0.667      0.4692      0.1917      0.3398      0.6149
0.668      0.4680      0.1886      0.3381      0.6145
0.669      0.4669      0.1854      0.3364      0.6139
0.670      0.4657      0.1822      0.3348      0.6134
0.671      0.4646      0.1790      0.3331      0.6128
0.672      0.4634      0.1758      0.3314      0.6123
0.673      0.4622      0.1725      0.3297      0.6117
0.674      0.4610      0.1693      0.3280      0.6111
0.675      0.4599      0.1660      0.3262      0.6106
0.676      0.4587      0.1627      0.3245      0.6100
0.677      0.4575      0.1593      0.3227      0.6094
0.678      0.4563      0.1560      0.3210      0.6088
0.679      0.4550      0.1526      0.3192      0.6082
0.680      0.4538      0.1492      0.3174      0.6076
0.681      0.4526      0.1458      0.3156      0.6071
0.682      0.4513      0.1424      0.3138      0.6065
0.683      0.4501      0.1389      0.3120      0.6059
0.684      0.4488      0.1354      0.3102      0.6053
0.685      0.4476      0.1319      0.3084      0.6046
0.686      0.4463      0.1284      0.3065      0.6040
0.687      0.4450      0.1249      0.3046      0.6034
0.688      0.4437      0.1213      0.3028      0.6028
0.689      0.4424      0.1177      0.3009      0.6023
0.690      0.4411      0.1141      0.2990      0.6018
0.691      0.4398      0.1104      0.2971      0.6014
0.692      0.4385      0.1068      0.2951      0.6009
0.693      0.4372      0.1031      0.2932      0.6002
0.694      0.4358      0.0994      0.2913      0.5994
0.695      0.4345      0.0957      0.2893      0.5986
0.696      0.4331      0.0919      0.2873      0.5978
0.697      0.4318      0.0881      0.2853      0.5970
0.698      0.4304      0.0843      0.2833      0.5964
0.699      0.4290      0.0805      0.2814      0.5957
0.700      0.4276      0.0766      0.2794      0.5950
0.701      0.4262      0.0727      0.2775      0.5944
0.702      0.4248      0.0688      0.2755      0.5937
0.703      0.4234      0.0649      0.2735      0.5930
0.704      0.4219      0.0609      0.2715      0.5923
0.705      0.4205      0.0569      0.2694      0.5916
0.706      0.4190      0.0529      0.2673      0.5909
0.707      0.4176      0.0489      0.2651      0.5902
0.708      0.4161      0.0448      0.2629      0.5895
0.709      0.4146      0.0407      0.2608      0.5888
0.710      0.4131      0.0366      0.2586      0.5881
0.711      0.4116      0.0324      0.2564      0.5873
0.712      0.4101      0.0282      0.2542      0.5866
0.713      0.4086      0.0240      0.2521      0.5859
0.714      0.4071      0.0197      0.2499      0.5852
0.715      0.4055      0.0155      0.2478      0.5844
0.716      0.4040      0.0112      0.2456      0.5837
0.717      0.4024      0.0068      0.2435      0.5829
0.718      0.4008      0.0025      0.2413      0.5821
0.719      0.3992     -0.0019      0.2392      0.5814
0.720      0.3977     -0.0064      0.2370      0.5806
0.721      0.3960     -0.0108      0.2348      0.5796
0.722      0.3944     -0.0153      0.2326      0.5786
0.723      0.3928     -0.0198      0.2303      0.5776
0.724      0.3911     -0.0244      0.2281      0.5766
0.725      0.3895     -0.0290      0.2258      0.5756
0.726      0.3878     -0.0336      0.2235      0.5745
0.727      0.3861     -0.0383      0.2212      0.5735
0.728      0.3844     -0.0430      0.2189      0.5727
0.729      0.3827     -0.0477      0.2166      0.5720
0.730      0.3810     -0.0525      0.2142      0.5712
0.731      0.3793     -0.0573      0.2117      0.5704
0.732      0.3775     -0.0621      0.2092      0.5696
0.733      0.3758     -0.0670      0.2066      0.5688
0.734      0.3740     -0.0719      0.2040      0.5680
0.735      0.3722     -0.0768      0.2014      0.5671
0.736      0.3704     -0.0818      0.1988      0.5660
0.737      0.3686     -0.0868      0.1963      0.5650
0.738      0.3668     -0.0919      0.1938      0.5640
0.739      0.3649     -0.0970      0.1912      0.5631
0.740      0.3631     -0.1021      0.1885      0.5622
0.741      0.3612     -0.1073      0.1858      0.5613
0.742      0.3593     -0.1125      0.1830      0.5604
0.743      0.3574     -0.1178      0.1803      0.5595
0.744      0.3555     -0.1231      0.1775      0.5586
0.745      0.3536     -0.1284      0.1747      0.5576
0.746      0.3517     -0.1338      0.1719      0.5567
0.747      0.3497     -0.1392      0.1691      0.5558
0.748      0.3477     -0.1447      0.1662      0.5548
0.749      0.3457     -0.1502      0.1633      0.5538
0.750      0.3437     -0.1557      0.1602      0.5529
0.751      0.3417     -0.1613      0.1567      0.5519
0.752      0.3397     -0.1670      0.1535      0.5509
0.753      0.3376     -0.1727      0.1505      0.5499
0.754      0.3356     -0.1784      0.1475      0.5489
0.755      0.3335     -0.1842      0.1444      0.5479
0.756      0.3314     -0.1900      0.1413      0.5470
0.757      0.3292     -0.1959      0.1382      0.5461
0.758      0.3271     -0.2018      0.1350      0.5452
0.759      0.3249     -0.2078      0.1316      0.5445
0.760      0.3228     -0.2138      0.1281      0.5438
0.761      0.3206     -0.2199      0.1247      0.5431
0.762      0.3184     -0.2260      0.1212      0.5424
0.763      0.3161     -0.2322      0.1176      0.5414
0.764      0.3139     -0.2384      0.1141      0.5403
0.765      0.3116     -0.2447      0.1105      0.5392
0.766      0.3093     -0.2510      0.1072      0.5381
0.767      0.3070     -0.2574      0.1038      0.5370
0.768      0.3047     -0.2639      0.1004      0.5359
0.769      0.3023     -0.2704      0.0970      0.5347
0.770      0.3000     -0.2769      0.0936      0.5336
0.771      0.2976     -0.2836      0.0901      0.5324
0.772      0.2952     -0.2902      0.0866      0.5313
0.773      0.2927     -0.2970      0.0831      0.5301
0.774      0.2903     -0.3038      0.0795      0.5290
0.775      0.2878     -0.3106      0.0759      0.5279
0.776      0.2853     -0.3175      0.0723      0.5268
0.777      0.2828     -0.3245      0.0686      0.5257
0.778      0.2803     -0.3315      0.0649      0.5246
0.779      0.2777     -0.3386      0.0612      0.5234
0.780      0.2751     -0.3458      0.0574      0.5223
0.781      0.2725     -0.3530      0.0536      0.5213
0.782      0.2699     -0.3603      0.0498      0.5204
0.783      0.2672     -0.3677      0.0459      0.5192
0.784      0.2645     -0.3751      0.0420      0.5179
0.785      0.2618     -0.3827      0.0380      0.5167
0.786      0.2591     -0.3902      0.0341      0.5154
0.787      0.2563     -0.3979      0.0301      0.5140
0.788      0.2535     -0.4056      0.0260      0.5128
0.789      0.2507     -0.4134      0.0219      0.5116
0.790      0.2479     -0.4212      0.0178      0.5103
0.791      0.2450     -0.4292      0.0136      0.5091
0.792      0.2421     -0.4372      0.0094      0.5078
0.793      0.2392     -0.4453      0.0052      0.5065
0.794      0.2363     -0.4535      0.0009      0.5052
0.795      0.2333     -0.4617     -0.0034      0.5037
0.796      0.2303     -0.4701     -0.0078      0.5023
0.797      0.2272     -0.4785     -0.0122      0.5009
0.798      0.2242     -0.4870     -0.0166      0.4995
0.799      0.2211     -0.4956     -0.0211      0.4981
0.800      0.2179     -0.5042     -0.0257      0.4966
0.801      0.2148     -0.5130     -0.0300      0.4952
0.802      0.2116     -0.5218     -0.0349      0.4937
0.803      0.2084     -0.5308     -0.0396      0.4923
0.804      0.2051     -0.5398     -0.0443      0.4908
0.805      0.2018     -0.5489     -0.0491      0.4893
0.806      0.1985     -0.5581     -0.0539      0.4878
0.807      0.1951     -0.5674     -0.0589      0.4862
0.808      0.1917     -0.5768     -0.0638      0.4847
0.809      0.1883     -0.5863     -0.0690      0.4831
0.810      0.1848     -0.5959     -0.0740      0.4815
0.811      0.1813     -0.6056     -0.0791      0.4799
0.812      0.1778     -0.6154     -0.0843      0.4783
0.813      0.1742     -0.6254     -0.0896      0.4767
0.814      0.1706     -0.6354     -0.0949      0.4750
0.815      0.1669     -0.6455     -0.1005      0.4733
0.816      0.1632     -0.6557     -0.1061      0.4716
0.817      0.1595     -0.6661     -0.1119      0.4699
0.818      0.1557     -0.6766     -0.1177      0.4682
0.819      0.1519     -0.6871     -0.1235      0.4665
0.820      0.1480     -0.6978     -0.1294      0.4647
0.821      0.1441     -0.7086     -0.1354      0.4629
0.822      0.1402     -0.7196     -0.1415      0.4611
0.823      0.1362     -0.7306     -0.1476      0.4593
0.824      0.1322     -0.7418     -0.1538      0.4574
0.825      0.1281     -0.7532     -0.1600      0.4556
0.826      0.1239     -0.7646     -0.1664      0.4537
0.827      0.1198     -0.7762     -0.1728      0.4518
0.828      0.1155     -0.7879     -0.1793      0.4498
0.829      0.1113     -0.7997     -0.1858      0.4479
0.830      0.1069     -0.8117     -0.1921      0.4459
0.831      0.1025     -0.8239     -0.1986      0.4439
0.832      0.0981     -0.8361     -0.2051      0.4419
0.833      0.0936     -0.8485     -0.2117      0.4397
0.834      0.0891     -0.8611     -0.2184      0.4374
0.835      0.0845     -0.8738     -0.2251      0.4351
0.836      0.0799     -0.8867     -0.2320      0.4327
0.837      0.0751     -0.8998     -0.2389      0.4303
0.838      0.0704     -0.9130     -0.2459      0.4279
0.839      0.0656     -0.9263     -0.2530      0.4255
0.840      0.0607     -0.9398     -0.2602      0.4230
0.841      0.0557     -0.9535     -0.2675      0.4205
0.842      0.0507     -0.9674     -0.2751      0.4180
0.843      0.0456     -0.9815     -0.2834      0.4154
0.844      0.0405     -0.9957     -0.2917      0.4131
0.845      0.0353     -1.0101     -0.3001      0.4107
0.846      0.0300     -1.0247     -0.3087      0.4084
0.847      0.0247     -1.0395     -0.3173      0.4060
0.848      0.0193     -1.0545     -0.3261      0.4036
0.849      0.0138     -1.0697     -0.3346      0.4011
0.850      0.0083     -1.0851     -0.3426      0.3986
0.851      0.0026     -1.1006     -0.3507      0.3961
0.852     -0.0031     -1.1165     -0.3589      0.3935
0.853     -0.0089     -1.1325     -0.3672      0.3909
0.854     -0.0147     -1.1487     -0.3756      0.3883
0.855     -0.0207     -1.1652     -0.3842      0.3857
0.856     -0.0267     -1.1819     -0.3928      0.3830
0.857     -0.0328     -1.1988     -0.4016      0.3802
0.858     -0.0390     -1.2159     -0.4105      0.3774
0.859     -0.0453     -1.2334     -0.4196      0.3746
0.860     -0.0517     -1.2510     -0.4287      0.3718
0.861     -0.0581     -1.2689     -0.4380      0.3689
0.862     -0.0647     -1.2871     -0.4474      0.3659
0.863     -0.0713     -1.3055     -0.4570      0.3629
0.864     -0.0781     -1.3242     -0.4667      0.3599
0.865     -0.0849     -1.3432     -0.4770      0.3569
0.866     -0.0919     -1.3625     -0.4877      0.3539
0.867     -0.0989     -1.3820     -0.4986      0.3508
0.868     -0.1061     -1.4019     -0.5096      0.3477
0.869     -0.1134     -1.4220     -0.5208      0.3445
0.870     -0.1208     -1.4425     -0.5322      0.3409
0.871     -0.1283     -1.4633     -0.5437      0.3374
0.872     -0.1359     -1.4844     -0.5555      0.3340
0.873     -0.1436     -1.5058     -0.5674      0.3305
0.874     -0.1515     -1.5276     -0.5795      0.3270
0.875     -0.1595     -1.5497     -0.5918      0.3234
0.876     -0.1676     -1.5722     -0.6043      0.3198
0.877     -0.1759     -1.5951     -0.6170      0.3161
0.878     -0.1842     -1.6183     -0.6299      0.3124
0.879     -0.1928     -1.6419     -0.6430      0.3085
0.880     -0.2014     -1.6659     -0.6563      0.3046
0.881     -0.2102     -1.6903     -0.6699      0.3007
0.882     -0.2192     -1.7151     -0.6837      0.2963
0.883     -0.2283     -1.7404     -0.6977      0.2917
0.884     -0.2376     -1.7660     -0.7119      0.2870
0.885     -0.2470     -1.7922     -0.7265      0.2821
0.886     -0.2566     -1.8187     -0.7412      0.2779
0.887     -0.2664     -1.8458     -0.7559      0.2740
0.888     -0.2763     -1.8733     -0.7706      0.2700
0.889     -0.2864     -1.9014     -0.7856      0.2660
0.890     -0.2967     -1.9299     -0.8008      0.2614
0.891     -0.3072     -1.9590     -0.8163      0.2567
0.892     -0.3179     -1.9886     -0.8321      0.2518
0.893     -0.3288     -2.0187     -0.8480      0.2468
0.894     -0.3399     -2.0495     -0.8646      0.2417
0.895     -0.3512     -2.0808     -0.8815      0.2366
0.896     -0.3627     -2.1127     -0.8993      0.2316
0.897     -0.3745     -2.1452     -0.9175      0.2270
0.898     -0.3864     -2.1784     -0.9360      0.2217
0.899     -0.3986     -2.2122     -0.9547      0.2163
0.900     -0.4111     -2.2467     -0.9737      0.2107
0.901     -0.4238     -2.2819     -0.9931      0.2050
0.902     -0.4368     -2.3178     -1.0125      0.1992
0.903     -0.4500     -2.3545     -1.0331      0.1932
0.904     -0.4635     -2.3919     -1.0538      0.1872
0.905     -0.4773     -2.4301     -1.0749      0.1810
0.906     -0.4914     -2.4692     -1.0964      0.1747
0.907     -0.5058     -2.5090     -1.1184      0.1683
0.908     -0.5205     -2.5498     -1.1409      0.1617
0.909     -0.5355     -2.5914     -1.1638      0.1549
0.910     -0.5509     -2.6339     -1.1873      0.1480
0.911     -0.5666     -2.6775     -1.2113      0.1410
0.912     -0.5826     -2.7219     -1.2358      0.1338
0.913     -0.5991     -2.7675     -1.2609      0.1264
0.914     -0.6159     -2.8140     -1.2866      0.1189
0.915     -0.6331     -2.8617     -1.3129      0.1112
0.916     -0.6507     -2.9105     -1.3398      0.1033
0.917     -0.6688     -2.9605     -1.3665      0.0952
0.918     -0.6873     -3.0117     -1.3938      0.0869
0.919     -0.7062     -3.0642     -1.4222      0.0784
0.920     -0.7256     -3.1180     -1.4523      0.0697
0.921     -0.7455     -3.1731     -1.4831      0.0608
0.922     -0.7659     -3.2297     -1.5147      0.0517
0.923     -0.7869     -3.2877     -1.5466      0.0423
0.924     -0.8084     -3.3472     -1.5786      0.0326
0.925     -0.8304     -3.4084     -1.6114      0.0228
0.926     -0.8531     -3.4712     -1.6451      0.0126
0.927     -0.8764     -3.5357     -1.6798      0.0022
0.928     -0.9003     -3.6020     -1.7154     -0.0082
0.929     -0.9249     -3.6702     -1.7520     -0.0188
0.930     -0.9503     -3.7403     -1.7897     -0.0297
0.931     -0.9763     -3.8124     -1.8284     -0.0409
0.932     -1.0031     -3.8867     -1.8683     -0.0525
0.933     -1.0307     -3.9632     -1.9094     -0.0644
0.934     -1.0592     -4.0420     -1.9517     -0.0767
0.935     -1.0885     -4.1233     -1.9954     -0.0893
0.936     -1.1187     -4.2070     -2.0409     -0.1024
0.937     -1.1499     -4.2935     -2.0885     -0.1158
0.938     -1.1822     -4.3827     -2.1377     -0.1297
0.939     -1.2154     -4.4748     -2.1881     -0.1440
0.940     -1.2498     -4.5701     -2.2394     -0.1593
0.941     -1.2853     -4.6685     -2.2925     -0.1762
0.942     -1.3221     -4.7703     -2.3474     -0.1937
0.943     -1.3602     -4.8757     -2.4043     -0.2118
0.944     -1.3996     -4.9849     -2.4632     -0.2305
0.945     -1.4404     -5.0981     -2.5260     -0.2499
0.946     -1.4828     -5.2154     -2.5910     -0.2696
0.947     -1.5267     -5.3372     -2.6585     -0.2893
0.948     -1.5724     -5.4636     -2.7286     -0.3097
0.949     -1.6198     -5.5950     -2.8014     -0.3310
0.950     -1.6691     -5.7317     -2.8772     -0.3531
0.951     -1.7205     -5.8740     -2.9560     -0.3761
0.952     -1.7740     -6.0221     -3.0380     -0.4001
0.953     -1.8298     -6.1766     -3.1218     -0.4251
0.954     -1.8879     -6.3378     -3.2092     -0.4511
0.955     -1.9487     -6.5062     -3.3006     -0.4784
0.956     -2.0122     -6.6822     -3.3960     -0.5073
0.957     -2.0787     -6.8664     -3.4959     -0.5382
0.958     -2.1484     -7.0593     -3.6006     -0.5706
0.959     -2.2215     -7.2617     -3.7104     -0.6045
0.960     -2.2982     -7.4742     -3.8256     -0.6401
0.961     -2.3788     -7.6976     -3.9468     -0.6776
0.962     -2.4637     -7.9328     -4.0743     -0.7170
0.963     -2.5532     -8.1806     -4.2088     -0.7585
0.964     -2.6476     -8.4423     -4.3507     -0.8024
0.965     -2.7475     -8.7189     -4.5007     -0.8488
0.966     -2.8532     -9.0117     -4.6595     -0.8979
0.967     -2.9653     -9.3223     -4.8280     -0.9500
0.968     -3.0845     -9.6523     -5.0070     -1.0053
0.969     -3.2113    -10.0036     -5.1976     -1.0642
0.970     -3.3465    -10.3784     -5.4008     -1.1270
0.971     -3.4912    -10.7790     -5.6181     -1.1905
0.972     -3.6461    -11.2082     -5.8509     -1.2577
0.973     -3.8125    -11.6691     -6.1009     -1.3299
0.974     -3.9917    -12.1656     -6.3702     -1.4076
0.975     -4.1852    -12.7017     -6.6610     -1.4915
0.976     -4.3949    -13.2826     -6.9778     -1.5824
0.977     -4.6228    -13.9139     -7.3241     -1.6813
0.978     -4.8715    -14.6026     -7.7019     -1.7891
0.979     -5.1438    -15.3570     -8.1157     -1.9102
0.980     -5.4433    -16.1867     -8.5678     -2.0444
0.981     -5.7744    -17.1038     -9.0659     -2.1928
0.982     -6.1422    -18.1229     -9.6192     -2.3576
0.983     -6.5533    -19.2617    -10.2377     -2.5419
0.984     -7.0159    -20.5429    -10.9334     -2.7491
0.985     -7.5401    -21.9951    -11.7220     -2.9841
0.986     -8.1392    -23.6547    -12.6232     -3.2525
0.987     -8.8304    -25.5694    -13.6630     -3.5623
0.988     -9.6368    -27.8033    -14.8761     -3.9237
0.989    -10.5899    -30.4436    -16.3098     -4.3508
0.990    -11.7336    -33.6119    -18.0304     -4.8633
0.991    -13.1315    -37.4840    -20.1331     -5.4897
0.992    -14.8787    -42.3246    -22.7616     -6.2727
0.993    -17.1253    -48.5476    -26.1410     -7.2797
0.994    -20.1205    -56.8449    -30.6465     -8.6216
0.995    -24.3144    -68.4621    -36.9557    -10.5012
0.996    -30.6044    -85.8883    -46.4185    -13.3191
0.997    -41.0884   -114.9297    -62.1894    -18.0178
0.998    -62.0570   -173.0113    -93.7307    -27.4162
0.999   -124.9664   -347.2758   -188.3755    -55.5969
