0.001    -79.3994    -31.6286    -94.4703    -65.5999
0.002    -39.2321    -15.4226    -46.7646    -32.3504
0.003    -25.8431    -10.0206    -30.8617    -21.2673
0.004    -19.1485     -7.3196    -22.9060    -15.7257
0.005    -15.1318     -5.6990    -18.1325    -12.4007
0.006    -12.4540     -4.6186    -14.9503    -10.1841
0.007    -10.5412     -3.8469    -12.6772     -8.6008
0.008     -9.1067     -3.2681    -10.9724     -7.4133
0.009     -7.9909     -2.8179     -9.6465     -6.4883
0.010     -7.0983     -2.4578     -8.5857     -5.7475
0.011     -6.3680     -2.1631     -7.7178     -5.1413
0.012     -5.7594     -1.9176     -6.9946     -4.6362
0.013     -5.2445     -1.7098     -6.3826     -4.2088
0.014     -4.8031     -1.5317     -5.8580     -3.8424
0.015     -4.4205     -1.3774     -5.4034     -3.5249
0.016     -4.0858     -1.2423     -5.0056     -3.2471
0.017     -3.7904     -1.1232     -4.6553     -3.0019
0.018     -3.5279     -1.0173     -4.3464     -2.7840
0.019     -3.2930     -0.9225     -4.0684     -2.5887
0.020     -3.0816     -0.8372     -3.8165     -2.4136
0.021     -2.8903     -0.7600     -3.5885     -2.2548
0.022     -2.7164     -0.6899     -3.3813     -2.1105
0.023     -2.5577     -0.6258     -3.1921     -1.9787
0.024     -2.4121     -0.5671     -3.0189     -1.8580
0.025     -2.2783     -0.5131     -2.8605     -1.7468
0.026     -2.1547     -0.4632     -2.7143     -1.6442
0.027     -2.0402     -0.4170     -2.5787     -1.5493
0.028     -1.9340     -0.3742     -2.4518     -1.4611
0.029     -1.8350     -0.3342     -2.3336     -1.3789
0.030     -1.7427     -0.2970     -2.2234     -1.3023
0.031     -1.6563     -0.2621     -2.1202     -1.2306
0.032     -1.5753     -0.2295     -2.0235     -1.1634
0.033     -1.4993     -0.1988     -1.9326     -1.1003
0.034     -1.4277     -0.1699     -1.8471     -1.0408
0.035     -1.3601     -0.1426     -1.7665     -0.9854
0.036     -1.2964     -0.1169     -1.6904     -0.9342
0.037     -1.2361     -0.0926     -1.6183     -0.8858
0.038     -1.1789     -0.0695     -1.5501     -0.8385
0.039     -1.1247     -0.0477     -1.4854     -0.7927
0.040     -1.0732     -0.0269     -1.4239     -0.7504
0.041     -1.0243     -0.0071     -1.3654     -0.7103
0.042     -0.9776      0.0117     -1.3097     -0.6722
0.043     -0.9331      0.0296     -1.2565     -0.6359
0.044     -0.8907      0.0468     -1.2058     -0.6012
0.045     -0.8501      0.0631     -1.1574     -0.5676
0.046     -0.8113      0.0788     -1.1110     -0.5352
0.047     -0.7741      0.0938     -1.0667     -0.5043
0.048     -0.7385      0.1082     -1.0241     -0.4747
0.049     -0.7044      0.1219     -0.9833     -0.4472
0.050     -0.6716      0.1352     -0.9443     -0.4208
0.051     -0.6401      0.1479     -0.9067     -0.3955
0.052     -0.6098      0.1601     -0.8706     -0.3711
0.053     -0.5806      0.1719     -0.8359     -0.3476
0.054     -0.5526      0.1832     -0.8027     -0.3249
0.055     -0.5255      0.1941     -0.7707     -0.3019
0.056     -0.4994      0.2046     -0.7393     -0.2796
0.057     -0.4743      0.2148     -0.7093     -0.2581
0.058     -0.4500      0.2246     -0.6805     -0.2373
0.059     -0.4265      0.2341     -0.6527     -0.2173
0.060     -0.4038      0.2432     -0.6258     -0.1979
0.061     -0.3818      0.2521     -0.5998     -0.1791
0.062     -0.3606      0.2606     -0.5744     -0.1610
0.063     -0.3400      0.2689     -0.5494     -0.1434
0.064     -0.3201      0.2770     -0.5255     -0.1266
0.065     -0.3008      0.2848     -0.5031     -0.1102
0.066     -0.2821      0.2923     -0.4808     -0.0946
0.067     -0.2639      0.2997     -0.4589     -0.0798
0.068     -0.2463      0.3068     -0.4383     -0.0656
0.069     -0.2291      0.3137     -0.4184     -0.0515
0.070     -0.2125      0.3204     -0.3990     -0.0378
0.071     -0.1963      0.3269     -0.3801     -0.0245
0.072     -0.1806      0.3332     -0.3618     -0.0115
0.073     -0.1653      0.3394     -0.3443      0.0014
0.074     -0.1505      0.3454     -0.3274      0.0142
0.075     -0.1360      0.3513     -0.3109      0.0265
0.076     -0.1219      0.3569     -0.2948      0.0386
0.077     -0.1082      0.3625     -0.2787      0.0501
0.078     -0.0948      0.3679     -0.2628      0.0613
0.079     -0.0818      0.3731     -0.2478      0.0719
0.080     -0.0691      0.3783     -0.2333      0.0823
0.081     -0.0567      0.3833     -0.2188      0.0927
0.082     -0.0446      0.3881     -0.2049      0.1031
0.083     -0.0328      0.3929     -0.1910      0.1129
0.084     -0.0212      0.3976     -0.1776      0.1228
0.085     -0.0100      0.4021     -0.1647      0.1325
0.086      0.0010      0.4065     -0.1521      0.1420
0.087      0.0117      0.4109     -0.1399      0.1508
0.088      0.0222      0.4151     -0.1279      0.1593
0.089      0.0325      0.4192     -0.1159      0.1677
0.090      0.0425      0.4233     -0.1040      0.1759
0.091      0.0523      0.4272     -0.0923      0.1839
0.092      0.0619      0.4311     -0.0809      0.1918
0.093      0.0713      0.4349     -0.0702      0.1996
0.094      0.0805      0.4386     -0.0597      0.2072
0.095      0.0895      0.4422     -0.0494      0.2147
0.096      0.0983      0.4458     -0.0388      0.2221
0.097      0.1069      0.4493     -0.0283      0.2292
0.098      0.1154      0.4527     -0.0181      0.2363
0.099      0.1237      0.4560     -0.0081      0.2432
0.100      0.1318      0.4593      0.0017      0.2499
0.101      0.1397      0.4625      0.0113      0.2568
0.102      0.1475      0.4657      0.0207      0.2638
0.103      0.1552      0.4687      0.0299      0.2707
0.104      0.1627      0.4718      0.0388      0.2769
0.105      0.1700      0.4747      0.0474      0.2829
0.106      0.1773      0.4776      0.0558      0.2888
0.107      0.1843      0.4805      0.0640      0.2945
0.108      0.1913      0.4833      0.0722      0.3002
0.109      0.1981      0.4861      0.0803      0.3061
0.110      0.2048      0.4888      0.0884      0.3119
0.111      0.2114      0.4914      0.0964      0.3176
0.112      0.2179      0.4940      0.1042      0.3232
0.113      0.2242      0.4966      0.1119      0.3281
0.114      0.2304      0.4991      0.1195      0.3331
0.115      0.2366      0.5016      0.1268      0.3385
0.116      0.2426      0.5040      0.1340      0.3439
0.117      0.2485      0.5064      0.1410      0.3491
0.118      0.2543      0.5087      0.1481      0.3543
0.119      0.2600      0.5110      0.1550      0.3594
0.120      0.2657      0.5133      0.1615      0.3641
0.121      0.2712      0.5155      0.1680      0.3686
0.122      0.2766      0.5177      0.1745      0.3729
0.123      0.2820      0.5199      0.1808      0.3773
0.124      0.2873      0.5220      0.1868      0.3815
0.125      0.2924      0.5241      0.1926      0.3857
0.126      0.2975      0.5262      0.1984      0.3898
0.127      0.3026      0.5282      0.2042      0.3938
0.128      0.3075      0.5302      0.2100      0.3980
0.129      0.3124      0.5322      0.2156      0.4017
0.130      0.3172      0.5341      0.2210      0.4056
0.131      0.3219      0.5360      0.2263      0.4097
0.132      0.3265      0.5379      0.2320      0.4139
0.133      0.3311      0.5397      0.2373      0.4180
0.134      0.3356      0.5415      0.2425      0.4220
0.135      0.3401      0.5433      0.2477      0.4260
0.136      0.3444      0.5451      0.2527      0.4295
0.137      0.3487      0.5468      0.2580      0.4329
0.138      0.3530      0.5485      0.2627      0.4363
0.139      0.3572      0.5502      0.2675      0.4396
0.140      0.3613      0.5519      0.2723      0.4429
0.141      0.3654      0.5535      0.2770      0.4462
0.142      0.3694      0.5552      0.2817      0.4495
0.143      0.3733      0.5568      0.2862      0.4530
0.144      0.3772      0.5583      0.2908      0.4565
0.145      0.3811      0.5599      0.2956      0.4599
0.146      0.3849      0.5614      0.3003      0.4632
0.147      0.3886      0.5629      0.3049      0.4664
0.148      0.3923      0.5644      0.3093      0.4694
0.149      0.3960      0.5659      0.3135      0.4723
0.150      0.3996      0.5673      0.3177      0.4754
0.151      0.4031      0.5688      0.3218      0.4786
0.152      0.4066      0.5702      0.3259      0.4816
0.153      0.4101      0.5716      0.3299      0.4846
0.154      0.4135      0.5729      0.3338      0.4876
0.155      0.4168      0.5743      0.3377      0.4907
0.156      0.4202      0.5756      0.3416      0.4937
0.157      0.4234      0.5770      0.3455      0.4965
0.158      0.4267      0.5783      0.3494      0.4991
0.159      0.4299      0.5796      0.3531      0.5018
0.160      0.4330      0.5808      0.3568      0.5043
0.161      0.4362      0.5821      0.3605      0.5069
0.162      0.4392      0.5833      0.3643      0.5094
0.163      0.4423      0.5846      0.3679      0.5119
0.164      0.4453      0.5858      0.3716      0.5144
0.165      0.4482      0.5870      0.3752      0.5168
0.166      0.4512      0.5882      0.3788      0.5192
0.167      0.4541      0.5893      0.3822      0.5216
0.168      0.4569      0.5905      0.3856      0.5239
0.169      0.4598      0.5916      0.3891      0.5263
0.170      0.4626      0.5928      0.3924      0.5286
0.171      0.4653      0.5939      0.3955      0.5308
0.172      0.4681      0.5950      0.3987      0.5331
0.173      0.4708      0.5961      0.4017      0.5353
0.174      0.4734      0.5971      0.4045      0.5375
0.175      0.4761      0.5982      0.4073      0.5396
0.176      0.4787      0.5993      0.4101      0.5418
0.177      0.4813      0.6003      0.4130      0.5439
0.178      0.4838      0.6013      0.4158      0.5460
0.179      0.4863      0.6023      0.4185      0.5482
0.180      0.4888      0.6034      0.4213      0.5504
0.181      0.4913      0.6043      0.4242      0.5525
0.182      0.4937      0.6053      0.4270      0.5545
0.183      0.4961      0.6063      0.4298      0.5563
0.184      0.4985      0.6073      0.4326      0.5585
0.185      0.5009      0.6082      0.4353      0.5607
0.186      0.5032      0.6092      0.4380      0.5629
0.187      0.5055      0.6101      0.4407      0.5650
0.188      0.5078      0.6110      0.4435      0.5671
0.189      0.5101      0.6119      0.4464      0.5691
0.190      0.5123      0.6128      0.4488      0.5710
0.191      0.5145      0.6137      0.4512      0.5730
0.192      0.5167      0.6146      0.4537      0.5749
0.193      0.5189      0.6155      0.4562      0.5768
0.194      0.5210      0.6163      0.4587      0.5787
0.195      0.5232      0.6172      0.4612      0.5806
0.196      0.5253      0.6180      0.4636      0.5824
0.197      0.5273      0.6189      0.4656      0.5842
0.198      0.5294      0.6197      0.4677      0.5860
0.199      0.5314      0.6205      0.4702      0.5877
0.200      0.5335      0.6214      0.4727      0.5896
0.201      0.5355      0.6222      0.4751      0.5914
0.202      0.5374      0.6230      0.4775      0.5931
0.203      0.5394      0.6238      0.4798      0.5948
0.204      0.5413      0.6245      0.4820      0.5966
0.205      0.5432      0.6253      0.4842      0.5981
0.206      0.5452      0.6261      0.4863      0.5999
0.207      0.5470      0.6268      0.4885      0.6014
0.208      0.5489      0.6276      0.4906      0.6030
0.209      0.5507      0.6283      0.4927      0.6047
0.210      0.5526      0.6291      0.4947      0.6063
0.211      0.5544      0.6298      0.4967      0.6080
0.212      0.5562      0.6305      0.4987      0.6096
0.213      0.5580      0.6312      0.5006      0.6112
0.214      0.5597      0.6320      0.5026      0.6127
0.215      0.5615      0.6327      0.5045      0.6143
0.216      0.5632      0.6334      0.5065      0.6158
0.217      0.5649      0.6341      0.5086      0.6174
0.218      0.5666      0.6347      0.5106      0.6189
0.219      0.5683      0.6354      0.5125      0.6204
0.220      0.5700      0.6361      0.5144      0.6219
0.221      0.5716      0.6368      0.5163      0.6234
0.222      0.5733      0.6374      0.5181      0.6248
0.223      0.5749      0.6381      0.5200      0.6263
0.224      0.5765      0.6387      0.5220      0.6277
0.225      0.5781      0.6394      0.5239      0.6292
0.226      0.5797      0.6400      0.5258      0.6306
0.227      0.5812      0.6406      0.5277      0.6320
0.228      0.5828      0.6413      0.5296      0.6334
0.229      0.5843      0.6419      0.5315      0.6348
0.230      0.5858      0.6425      0.5331      0.6360
0.231      0.5874      0.6431      0.5347      0.6372
0.232      0.5889      0.6437      0.5363      0.6384
0.233      0.5903      0.6443      0.5379      0.6397
0.234      0.5918      0.6449      0.5395      0.6410
0.235      0.5933      0.6455      0.5412      0.6422
0.236      0.5947      0.6461      0.5431      0.6435
0.237      0.5962      0.6467      0.5449      0.6445
0.238      0.5976      0.6472      0.5466      0.6455
0.239      0.5990      0.6478      0.5482      0.6465
0.240      0.6004      0.6484      0.5498      0.6478
0.241      0.6018      0.6489      0.5514      0.6491
0.242      0.6032      0.6495      0.5528      0.6505
0.243      0.6045      0.6500      0.5543      0.6518
0.244      0.6059      0.6506      0.5560      0.6532
0.245      0.6072      0.6511      0.5575      0.6545
0.246      0.6086      0.6517      0.5590      0.6557
0.247      0.6099      0.6522      0.5605      0.6567
0.248      0.6112      0.6527      0.5620      0.6580
0.249      0.6125      0.6532      0.5633      0.6591
0.250      0.6138      0.6538      0.5648      0.6603
0.251      0.6151      0.6543      0.5660      0.6614
0.252      0.6163      0.6548      0.5675      0.6625
0.253      0.6176      0.6553      0.5690      0.6636
0.254      0.6188      0.6558      0.5706      0.6647
0.255      0.6201      0.6563      0.5721      0.6659
0.256      0.6213      0.6568      0.5736      0.6671
0.257      0.6225      0.6573      0.5751      0.6683
0.258      0.6238      0.6578      0.5765      0.6696
0.259      0.6250      0.6583      0.5778      0.6709
0.260      0.6261      0.6588      0.5792      0.6721
0.261      0.6273      0.6592      0.5805      0.6731
0.262      0.6285      0.6597      0.5819      0.6741
0.263      0.6297      0.6602      0.5833      0.6752
0.264      0.6308      0.6606      0.5847      0.6764
0.265      0.6320      0.6611      0.5862      0.6774
0.266      0.6331      0.6616      0.5876      0.6784
0.267      0.6342      0.6620      0.5889      0.6795
0.268      0.6354      0.6625      0.5899      0.6805
0.269      0.6365      0.6629      0.5911      0.6815
0.270      0.6376      0.6634      0.5924      0.6824
0.271      0.6387      0.6638      0.5935      0.6834
0.272      0.6398      0.6643      0.5947      0.6844
0.273      0.6409      0.6647      0.5960      0.6854
0.274      0.6419      0.6651      0.5972      0.6863
0.275      0.6430      0.6656      0.5984      0.6873
0.276      0.6441      0.6660      0.5995      0.6882
0.277      0.6451      0.6664      0.6005      0.6892
0.278      0.6462      0.6668      0.6016      0.6901
0.279      0.6472      0.6672      0.6026      0.6910
0.280      0.6482      0.6677      0.6037      0.6920
0.281      0.6492      0.6681      0.6049      0.6929
0.282      0.6503      0.6685      0.6058      0.6938
0.283      0.6513      0.6689      0.6068      0.6947
0.284      0.6523      0.6693      0.6078      0.6956
0.285      0.6532      0.6697      0.6088      0.6965
0.286      0.6542      0.6701      0.6098      0.6973
0.287      0.6552      0.6705      0.6109      0.6982
0.288      0.6562      0.6709      0.6120      0.6992
0.289      0.6572      0.6713      0.6131      0.7001
0.290      0.6581      0.6717      0.6142      0.7008
0.291      0.6591      0.6720      0.6152      0.7017
0.292      0.6600      0.6724      0.6163      0.7027
0.293      0.6609      0.6728      0.6173      0.7037
0.294      0.6619      0.6732      0.6182      0.7047
0.295      0.6628      0.6735      0.6192      0.7056
0.296      0.6637      0.6739      0.6201      0.7065
0.297      0.6646      0.6743      0.6210      0.7072
0.298      0.6655      0.6747      0.6219      0.7079
0.299      0.6664      0.6750      0.6230      0.7086
0.300      0.6673      0.6754      0.6241      0.7094
0.301      0.6682      0.6757      0.6252      0.7101
0.302      0.6691      0.6761      0.6263      0.7108
0.303      0.6700      0.6764      0.6274      0.7117
0.304      0.6709      0.6768      0.6284      0.7125
0.305      0.6717      0.6771      0.6295      0.7132
0.306      0.6726      0.6775      0.6305      0.7141
0.307      0.6734      0.6778      0.6315      0.7149
0.308      0.6743      0.6782      0.6325      0.7156
0.309      0.6751      0.6785      0.6334      0.7163
0.310      0.6760      0.6789      0.6343      0.7171
0.311      0.6768      0.6792      0.6351      0.7179
0.312      0.6776      0.6795      0.6360      0.7187
0.313      0.6785      0.6799      0.6370      0.7194
0.314      0.6793      0.6802      0.6380      0.7202
0.315      0.6801      0.6805      0.6389      0.7210
0.316      0.6809      0.6808      0.6399      0.7217
0.317      0.6817      0.6812      0.6408      0.7223
0.318      0.6825      0.6815      0.6417      0.7231
0.319      0.6833      0.6818      0.6426      0.7239
0.320      0.6841      0.6821      0.6434      0.7246
0.321      0.6849      0.6824      0.6443      0.7253
0.322      0.6856      0.6828      0.6452      0.7260
0.323      0.6864      0.6831      0.6461      0.7266
0.324      0.6872      0.6834      0.6468      0.7273
0.325      0.6879      0.6837      0.6476      0.7279
0.326      0.6887      0.6840      0.6484      0.7285
0.327      0.6895      0.6843      0.6490      0.7291
0.328      0.6902      0.6846      0.6499      0.7297
0.329      0.6909      0.6849      0.6507      0.7304
0.330      0.6917      0.6852      0.6515      0.7312
0.331      0.6924      0.6855      0.6522      0.7319
0.332      0.6932      0.6858      0.6529      0.7327
0.333      0.6939      0.6861      0.6536      0.7334
0.334      0.6946      0.6864      0.6542      0.7342
0.335      0.6953      0.6867      0.6549      0.7349
0.336      0.6960      0.6870      0.6556      0.7356
0.337      0.6967      0.6872      0.6564      0.7363
0.338      0.6974      0.6875      0.6571      0.7370
0.339      0.6981      0.6878      0.6578      0.7377
0.340      0.6988      0.6881      0.6585      0.7384
0.341      0.6995      0.6884      0.6592      0.7391
0.342      0.7002      0.6886      0.6599      0.7398
0.343      0.7009      0.6889      0.6606      0.7404
0.344      0.7016      0.6892      0.6613      0.7409
0.345      0.7023      0.6895      0.6620      0.7415
0.346      0.7029      0.6897      0.6628      0.7420
0.347      0.7036      0.6900      0.6637      0.7426
0.348      0.7043      0.6903      0.6646      0.7432
0.349      0.7049      0.6905      0.6653      0.7438
0.350      0.7056      0.6908      0.6659      0.7444
0.351      0.7063      0.6911      0.6665      0.7450
0.352      0.7069      0.6913      0.6670      0.7456
0.353      0.7075      0.6916      0.6678      0.7459
0.354      0.7082      0.6919      0.6684      0.7466
0.355      0.7088      0.6921      0.6690      0.7472
0.356      0.7095      0.6924      0.6698      0.7479
0.357      0.7101      0.6926      0.6704      0.7485
0.358      0.7107      0.6929      0.6710      0.7492
0.359      0.7114      0.6931      0.6718      0.7491
0.360      0.7120      0.6934      0.6725      0.7496
0.361      0.7126      0.6936      0.6733      0.7498
0.362      0.7132      0.6939      0.6740      0.7504
0.363      0.7138      0.6941      0.6747      0.7510
0.364      0.7144      0.6944      0.6753      0.7516
0.365      0.7150      0.6946      0.6762      0.7522
0.366      0.7156      0.6949      0.6773      0.7526
0.367      0.7162      0.6951      0.6786      0.7534
0.368      0.7168      0.6953      0.6792      0.7534
0.369      0.7174      0.6956      0.6797      0.7539
0.370      0.7180      0.6958      0.6804      0.7544
0.371      0.7186      0.6961      0.6817      0.7550
0.372      0.7192      0.6963      0.6822      0.7551
0.373      0.7198      0.6965      0.6833      0.7555
0.374      0.7203      0.6968      0.6839      0.7561
0.375      0.7209      0.6970      0.6843      0.7565
0.376      0.7215      0.6972      0.6854      0.7568
0.377      0.7220      0.6974      0.6861      0.7574
0.378      0.7226      0.6977      0.6867      0.7586
0.379      0.7232      0.6979      0.6876      0.7598
0.380      0.7237      0.6981      0.6886      0.7610
0.381      0.7237      0.6983      0.6876      0.7611
0.382      0.7231      0.6986      0.6865      0.7607
0.383      0.7225      0.6975      0.6857      0.7606
0.384      0.7219      0.6964      0.6841      0.7596
0.385      0.7212      0.6954      0.6834      0.7597
0.386      0.7206      0.6943      0.6819      0.7600
0.387      0.7200      0.6932      0.6805      0.7600
0.388      0.7194      0.6922      0.6789      0.7601
0.389      0.7187      0.6911      0.6780      0.7606
0.390      0.7181      0.6900      0.6764      0.7607
0.391      0.7175      0.6889      0.6753      0.7609
0.392      0.7168      0.6878      0.6746      0.7608
0.393      0.7162      0.6867      0.6736      0.7614
0.394      0.7155      0.6856      0.6725      0.7610
0.395      0.7149      0.6845      0.6704      0.7605
0.396      0.7142      0.6834      0.6691      0.7601
0.397      0.7136      0.6823      0.6683      0.7597
0.398      0.7129      0.6812      0.6674      0.7593
0.399      0.7123      0.6801      0.6666      0.7589
0.400      0.7116      0.6790      0.6658      0.7586
0.401      0.7110      0.6779      0.6649      0.7581
0.402      0.7103      0.6768      0.6639      0.7576
0.403      0.7097      0.6756      0.6631      0.7572
0.404      0.7090      0.6745      0.6623      0.7568
0.405      0.7083      0.6734      0.6615      0.7563
0.406      0.7077      0.6722      0.6606      0.7559
0.407      0.7070      0.6711      0.6597      0.7554
0.408      0.7063      0.6699      0.6589      0.7550
0.409      0.7056      0.6688      0.6580      0.7546
0.410      0.7050      0.6676      0.6573      0.7541
0.411      0.7043      0.6665      0.6566      0.7537
0.412      0.7036      0.6653      0.6557      0.7532
0.413      0.7029      0.6641      0.6548      0.7528
0.414      0.7022      0.6630      0.6539      0.7523
0.415      0.7015      0.6618      0.6529      0.7519
0.416      0.7008      0.6606      0.6519      0.7514
0.417      0.7001      0.6594      0.6510      0.7510
0.418      0.6994      0.6582      0.6501      0.7505
0.419      0.6987      0.6570      0.6492      0.7501
0.420      0.6980      0.6558      0.6483      0.7496
0.421      0.6973      0.6546      0.6474      0.7490
0.422      0.6966      0.6534      0.6465      0.7486
0.423      0.6959      0.6522      0.6456      0.7481
0.424      0.6952      0.6510      0.6447      0.7476
0.425      0.6945      0.6498      0.6438      0.7471
0.426      0.6938      0.6486      0.6429      0.7466
0.427      0.6931      0.6474      0.6420      0.7460
0.428      0.6923      0.6461      0.6411      0.7455
0.429      0.6916      0.6449      0.6401      0.7449
0.430      0.6909      0.6437      0.6392      0.7443
0.431      0.6902      0.6424      0.6383      0.7437
0.432      0.6894      0.6412      0.6374      0.7431
0.433      0.6887      0.6399      0.6364      0.7425
0.434      0.6880      0.6387      0.6355      0.7419
0.435      0.6872      0.6374      0.6347      0.7413
0.436      0.6865      0.6361      0.6337      0.7407
0.437      0.6857      0.6349      0.6328      0.7401
0.438      0.6850      0.6336      0.6318      0.7395
0.439      0.6842      0.6323      0.6309      0.7389
0.440      0.6835      0.6310      0.6299      0.7383
0.441      0.6827      0.6298      0.6289      0.7377
0.442      0.6820      0.6285      0.6281      0.7371
0.443      0.6812      0.6272      0.6272      0.7364
0.444      0.6805      0.6259      0.6262      0.7358
0.445      0.6797      0.6246      0.6252      0.7352
0.446      0.6789      0.6232      0.6242      0.7346
0.447      0.6781      0.6219      0.6232      0.7341
0.448      0.6774      0.6206      0.6222      0.7336
0.449      0.6766      0.6193      0.6212      0.7330
0.450      0.6758      0.6180      0.6202      0.7325
0.451      0.6750      0.6166      0.6192      0.7320
0.452      0.6742      0.6153      0.6182      0.7315
0.453      0.6735      0.6139      0.6171      0.7309
0.454      0.6727      0.6126      0.6161      0.7304
0.455      0.6719      0.6112      0.6150      0.7299
0.456      0.6711      0.6099      0.6140      0.7293
0.457      0.6703      0.6085      0.6130      0.7288
0.458      0.6695      0.6071      0.6120      0.7282
0.459      0.6687      0.6058      0.6110      0.7277
0.460      0.6679      0.6044      0.6099      0.7272
0.461      0.6670      0.6030      0.6089      0.7266
0.462      0.6662      0.6016      0.6079      0.7261
0.463      0.6654      0.6002      0.6068      0.7255
0.464      0.6646      0.5988      0.6058      0.7249
0.465      0.6638      0.5974      0.6047      0.7243
0.466      0.6629      0.5960      0.6037      0.7237
0.467      0.6621      0.5946      0.6027      0.7231
0.468      0.6613      0.5932      0.6017      0.7224
0.469      0.6604      0.5918      0.6008      0.7218
0.470      0.6596      0.5903      0.5999      0.7212
0.471      0.6588      0.5889      0.5988      0.7205
0.472      0.6579      0.5874      0.5978      0.7199
0.473      0.6571      0.5860      0.5968      0.7193
0.474      0.6562      0.5845      0.5957      0.7186
0.475      0.6554      0.5831      0.5947      0.7180
0.476      0.6545      0.5816      0.5936      0.7173
0.477      0.6536      0.5801      0.5925      0.7167
0.478      0.6528      0.5787      0.5915      0.7160
0.479      0.6519      0.5772      0.5904      0.7154
0.480      0.6510      0.5757      0.5894      0.7147
0.481      0.6501      0.5742      0.5883      0.7141
0.482      0.6493      0.5727      0.5872      0.7134
0.483      0.6484      0.5712      0.5861      0.7127
0.484      0.6475      0.5697      0.5850      0.7121
0.485      0.6466      0.5682      0.5839      0.7113
0.486      0.6457      0.5667      0.5828      0.7106
0.487      0.6448      0.5651      0.5817      0.7098
0.488      0.6439      0.5636      0.5805      0.7090
0.489      0.6430      0.5621      0.5794      0.7083
0.490      0.6421      0.5605      0.5782      0.7075
0.491      0.6412      0.5590      0.5771      0.7067
0.492      0.6403      0.5574      0.5761      0.7059
0.493      0.6394      0.5558      0.5750      0.7051
0.494      0.6384      0.5543      0.5738      0.7043
0.495      0.6375      0.5527      0.5727      0.7035
0.496      0.6366      0.5511      0.5715      0.7027
0.497      0.6357      0.5495      0.5704      0.7020
0.498      0.6347      0.5479      0.5692      0.7011
0.499      0.6338      0.5463      0.5681      0.7005
0.500      0.6328      0.5447      0.5670      0.6998
0.501      0.6319      0.5431      0.5659      0.6991
0.502      0.6309      0.5415      0.5647      0.6984
0.503      0.6300      0.5399      0.5636      0.6978
0.504      0.6290      0.5382      0.5623      0.6971
0.505      0.6281      0.5366      0.5611      0.6964
0.506      0.6271      0.5349      0.5598      0.6957
0.507      0.6261      0.5333      0.5587      0.6950
0.508      0.6252      0.5316      0.5576      0.6943
0.509      0.6242      0.5299      0.5564      0.6936
0.510      0.6232      0.5283      0.5552      0.6929
0.511      0.6222      0.5266      0.5540      0.6922
0.512      0.6212      0.5249      0.5527      0.6915
0.513      0.6202      0.5232      0.5514      0.6908
0.514      0.6192      0.5215      0.5502      0.6901
0.515      0.6182      0.5198      0.5490      0.6894
0.516      0.6172      0.5181      0.5477      0.6886
0.517      0.6162      0.5164      0.5465      0.6879
0.518      0.6152      0.5146      0.5453      0.6871
0.519      0.6142      0.5129      0.5440      0.6863
0.520      0.6131      0.5111      0.5428      0.6854
0.521      0.6121      0.5094      0.5416      0.6846
0.522      0.6111      0.5076      0.5404      0.6837
0.523      0.6100      0.5059      0.5391      0.6830
0.524      0.6090      0.5041      0.5378      0.6822
0.525      0.6080      0.5023      0.5365      0.6815
0.526      0.6069      0.5005      0.5353      0.6808
0.527      0.6059      0.4987      0.5340      0.6800
0.528      0.6048      0.4969      0.5327      0.6793
0.529      0.6037      0.4951      0.5314      0.6785
0.530      0.6027      0.4933      0.5301      0.6778
0.531      0.6016      0.4915      0.5287      0.6770
0.532      0.6005      0.4896      0.5274      0.6763
0.533      0.5994      0.4878      0.5261      0.6755
0.534      0.5983      0.4859      0.5248      0.6748
0.535      0.5973      0.4841      0.5234      0.6740
0.536      0.5962      0.4822      0.5221      0.6732
0.537      0.5951      0.4803      0.5207      0.6725
0.538      0.5940      0.4784      0.5194      0.6717
0.539      0.5928      0.4766      0.5180      0.6708
0.540      0.5917      0.4747      0.5166      0.6699
0.541      0.5906      0.4727      0.5153      0.6689
0.542      0.5895      0.4708      0.5139      0.6680
0.543      0.5884      0.4689      0.5125      0.6671
0.544      0.5872      0.4670      0.5111      0.6662
0.545      0.5861      0.4650      0.5097      0.6654
0.546      0.5849      0.4631      0.5083      0.6646
0.547      0.5838      0.4611      0.5069      0.6638
0.548      0.5826      0.4592      0.5055      0.6629
0.549      0.5815      0.4572      0.5041      0.6621
0.550      0.5803      0.4552      0.5026      0.6613
0.551      0.5791      0.4532      0.5012      0.6605
0.552      0.5780      0.4512      0.4998      0.6596
0.553      0.5768      0.4492      0.4983      0.6588
0.554      0.5756      0.4472      0.4969      0.6579
0.555      0.5744      0.4451      0.4954      0.6570
0.556      0.5732      0.4431      0.4939      0.6561
0.557      0.5720      0.4410      0.4925      0.6552
0.558      0.5708      0.4390      0.4910      0.6543
0.559      0.5696      0.4369      0.4895      0.6534
0.560      0.5684      0.4348      0.4880      0.6525
0.561      0.5671      0.4328      0.4864      0.6516
0.562      0.5659      0.4307      0.4848      0.6506
0.563      0.5647      0.4286      0.4832      0.6497
0.564      0.5634      0.4264      0.4815      0.6488
0.565      0.5622      0.4243      0.4799      0.6478
0.566      0.5609      0.4222      0.4782      0.6469
0.567      0.5597      0.4200      0.4765      0.6461
0.568      0.5584      0.4179      0.4749      0.6452
0.569      0.5572      0.4157      0.4732      0.6443
0.570      0.5559      0.4136      0.4715      0.6434
0.571      0.5546      0.4114      0.4698      0.6424
0.572      0.5533      0.4092      0.4681      0.6414
0.573      0.5520      0.4070      0.4664      0.6404
0.574      0.5507      0.4048      0.4647      0.6395
0.575      0.5494      0.4025      0.4629      0.6385
0.576      0.5481      0.4003      0.4612      0.6375
0.577      0.5468      0.3981      0.4594      0.6365
0.578      0.5455      0.3958      0.4578      0.6355
0.579      0.5441      0.3935      0.4562      0.6344
0.580      0.5428      0.3913      0.4546      0.6334
0.581      0.5414      0.3890      0.4529      0.6324
0.582      0.5401      0.3867      0.4513      0.6313
0.583      0.5387      0.3843      0.4495      0.6303
0.584      0.5374      0.3820      0.4477      0.6292
0.585      0.5360      0.3797      0.4459      0.6282
0.586      0.5346      0.3773      0.4441      0.6271
0.587      0.5332      0.3750      0.4424      0.6261
0.588      0.5319      0.3726      0.4407      0.6250
0.589      0.5305      0.3702      0.4390      0.6240
0.590      0.5291      0.3679      0.4373      0.6229
0.591      0.5276      0.3655      0.4356      0.6218
0.592      0.5262      0.3630      0.4337      0.6208
0.593      0.5248      0.3606      0.4319      0.6197
0.594      0.5234      0.3582      0.4300      0.6186
0.595      0.5219      0.3557      0.4281      0.6175
0.596      0.5205      0.3533      0.4263      0.6165
0.597      0.5190      0.3508      0.4244      0.6154
0.598      0.5176      0.3483      0.4225      0.6143
0.599      0.5161      0.3458      0.4206      0.6132
0.600      0.5146      0.3433      0.4187      0.6120
0.601      0.5132      0.3408      0.4169      0.6109
0.602      0.5117      0.3382      0.4150      0.6098
0.603      0.5102      0.3357      0.4131      0.6087
0.604      0.5087      0.3331      0.4113      0.6076
0.605      0.5072      0.3305      0.4094      0.6064
0.606      0.5056      0.3280      0.4075      0.6053
0.607      0.5041      0.3254      0.4056      0.6041
0.608      0.5026      0.3227      0.4037      0.6030
0.609      0.5010      0.3201      0.4017      0.6018
0.610      0.4995      0.3175      0.3998      0.6006
0.611      0.4979      0.3148      0.3979      0.5995
0.612      0.4964      0.3121      0.3959      0.5983
0.613      0.4948      0.3095      0.3940      0.5971
0.614      0.4932      0.3068      0.3920      0.5959
0.615      0.4916      0.3041      0.3900      0.5947
0.616      0.4900      0.3013      0.3880      0.5935
0.617      0.4884      0.2986      0.3860      0.5923
0.618      0.4868      0.2958      0.3840      0.5911
0.619      0.4852      0.2931      0.3820      0.5899
0.620      0.4835      0.2903      0.3799      0.5886
0.621      0.4819      0.2875      0.3779      0.5874
0.622      0.4803      0.2847      0.3758      0.5862
0.623      0.4786      0.2819      0.3738      0.5849
0.624      0.4769      0.2790      0.3717      0.5836
0.625      0.4752      0.2762      0.3696      0.5824
0.626      0.4736      0.2733      0.3675      0.5811
0.627      0.4719      0.2704      0.3654      0.5798
0.628      0.4702      0.2675      0.3634      0.5786
0.629      0.4685      0.2646      0.3614      0.5773
0.630      0.4667      0.2616      0.3593      0.5760
0.631      0.4650      0.2587      0.3572      0.5747
0.632      0.4633      0.2557      0.3552      0.5734
0.633      0.4615      0.2527      0.3530      0.5720
0.634      0.4597      0.2497      0.3507      0.5707
0.635      0.4580      0.2467      0.3484      0.5694
0.636      0.4562      0.2437      0.3461      0.5681
0.637      0.4544      0.2406      0.3438      0.5669
0.638      0.4526      0.2376      0.3415      0.5656
0.639      0.4508      0.2345      0.3392      0.5644
0.640      0.4490      0.2314      0.3369      0.5631
0.641      0.4472      0.2283      0.3346      0.5619
0.642      0.4453      0.2251      0.3322      0.5606
0.643      0.4435      0.2220      0.3298      0.5594
0.644      0.4416      0.2188      0.3274      0.5579
0.645      0.4397      0.2156      0.3250      0.5564
0.646      0.4379      0.2124      0.3225      0.5548
0.647      0.4360      0.2092      0.3201      0.5533
0.648      0.4341      0.2060      0.3178      0.5520
0.649      0.4321      0.2027      0.3155      0.5506
0.650      0.4302      0.1994      0.3131      0.5494
0.651      0.4283      0.1961      0.3108      0.5481
0.652      0.4263      0.1928      0.3085      0.5468
0.653      0.4244      0.1895      0.3061      0.5455
0.654      0.4224      0.1861      0.3037      0.5442
0.655      0.4204      0.1827      0.3014      0.5429
0.656      0.4184      0.1793      0.2990      0.5416
0.657      0.4164      0.1759      0.2966      0.5403
0.658      0.4144      0.1725      0.2941      0.5390
0.659      0.4124      0.1690      0.2917      0.5376
0.660      0.4104      0.1656      0.2892      0.5363
0.661      0.4083      0.1621      0.2868      0.5348
0.662      0.4062      0.1586      0.2843      0.5332
0.663      0.4042      0.1550      0.2818      0.5315
0.664      0.4021      0.1515      0.2793      0.5299
0.665      0.4000      0.1479      0.2768      0.5283
0.666      0.3979      0.1443      0.2742      0.5267
0.667      0.3957      0.1407      0.2717      0.5250
0.668      0.3936      0.1370      0.2691      0.5234
0.669      0.3915      0.1334      0.2665      0.5217
0.670      0.3893      0.1297      0.2639      0.5200
0.671      0.3871      0.1260      0.2613      0.5185
0.672      0.3849      0.1222      0.2586      0.5169
0.673      0.3827      0.1185      0.2559      0.5153
0.674      0.3805      0.1147      0.2530      0.5137
0.675      0.3783      0.1109      0.2501      0.5121
0.676      0.3760      0.1071      0.2471      0.5105
0.677      0.3738      0.1032      0.2442      0.5089
0.678      0.3715      0.0993      0.2412      0.5073
0.679      0.3692      0.0954      0.2382      0.5057
0.680      0.3669      0.0915      0.2351      0.5040
0.681      0.3646      0.0876      0.2321      0.5024
0.682      0.3623      0.0836      0.2290      0.5007
0.683      0.3599      0.0796      0.2260      0.4990
0.684      0.3576      0.0756      0.2229      0.4974
0.685      0.3552      0.0715      0.2199      0.4957
0.686      0.3528      0.0675      0.2170      0.4940
0.687      0.3504      0.0634      0.2140      0.4922
0.688      0.3480      0.0592      0.2109      0.4905
0.689      0.3455      0.0551      0.2079      0.4888
0.690      0.3431      0.0509      0.2048      0.4870
0.691      0.3406      0.0467      0.2018      0.4853
0.692      0.3381      0.0425      0.1987      0.4835
0.693      0.3356      0.0382      0.1956      0.4817
0.694      0.3331      0.0339      0.1924      0.4799
0.695      0.3306      0.0296      0.1893      0.4781
0.696      0.3280      0.0253      0.1861      0.4763
0.697      0.3255      0.0209      0.1829      0.4745
0.698      0.3229      0.0165      0.1797      0.4726
0.699      0.3203      0.0120      0.1764      0.4708
0.700      0.3177      0.0076      0.1732      0.4689
0.701      0.3150      0.0031      0.1699      0.4670
0.702      0.3124     -0.0014      0.1666      0.4651
0.703      0.3097     -0.0060      0.1632      0.4632
0.704      0.3070     -0.0106      0.1599      0.4613
0.705      0.3043     -0.0152      0.1565      0.4594
0.706      0.3016     -0.0198      0.1531      0.4574
0.707      0.2988     -0.0245      0.1497      0.4555
0.708      0.2961     -0.0292      0.1463      0.4535
0.709      0.2933     -0.0339      0.1428      0.4515
0.710      0.2905     -0.0387      0.1393      0.4495
0.711      0.2877     -0.0435      0.1358      0.4475
0.712      0.2848     -0.0484      0.1322      0.4455
0.713      0.2820     -0.0532      0.1287      0.4434
0.714      0.2791     -0.0581      0.1251      0.4414
0.715      0.2762     -0.0631      0.1215      0.4393
0.716      0.2733     -0.0681      0.1176      0.4372
0.717      0.2703     -0.0731      0.1137      0.4351
0.718      0.2674     -0.0781      0.1098      0.4330
0.719      0.2644     -0.0832      0.1059      0.4309
0.720      0.2614     -0.0883      0.1019      0.4287
0.721      0.2583     -0.0935      0.0979      0.4266
0.722      0.2553     -0.0987      0.0939      0.4244
0.723      0.2522     -0.1039      0.0898      0.4220
0.724      0.2491     -0.1092      0.0857      0.4197
0.725      0.2460     -0.1145      0.0816      0.4173
0.726      0.2429     -0.1198      0.0774      0.4149
0.727      0.2397     -0.1252      0.0733      0.4125
0.728      0.2365     -0.1306      0.0691      0.4101
0.729      0.2333     -0.1361      0.0650      0.4076
0.730      0.2301     -0.1416      0.0611      0.4052
0.731      0.2269     -0.1472      0.0571      0.4027
0.732      0.2236     -0.1527      0.0531      0.4002
0.733      0.2203     -0.1584      0.0490      0.3977
0.734      0.2169     -0.1641      0.0449      0.3952
0.735      0.2136     -0.1698      0.0408      0.3926
0.736      0.2102     -0.1755      0.0367      0.3900
0.737      0.2068     -0.1813      0.0325      0.3874
0.738      0.2034     -0.1872      0.0283      0.3848
0.739      0.1999     -0.1931      0.0241      0.3822
0.740      0.1964     -0.1990      0.0198      0.3795
0.741      0.1929     -0.2050      0.0155      0.3769
0.742      0.1894     -0.2110      0.0112      0.3742
0.743      0.1858     -0.2171      0.0068      0.3715
0.744      0.1822     -0.2232      0.0024      0.3687
0.745      0.1786     -0.2294     -0.0020      0.3660
0.746      0.1750     -0.2356     -0.0065      0.3632
0.747      0.1713     -0.2419     -0.0110      0.3604
0.748      0.1676     -0.2482     -0.0155      0.3576
0.749      0.1638     -0.2546     -0.0201      0.3548
0.750      0.1601     -0.2610     -0.0247      0.3521
0.751      0.1563     -0.2674     -0.0294      0.3493
0.752      0.1524     -0.2740     -0.0341      0.3466
0.753      0.1486     -0.2805     -0.0388      0.3438
0.754      0.1447     -0.2872     -0.0436      0.3410
0.755      0.1408     -0.2939     -0.0484      0.3382
0.756      0.1368     -0.3006     -0.0532      0.3354
0.757      0.1328     -0.3074     -0.0581      0.3325
0.758      0.1288     -0.3142     -0.0630      0.3296
0.759      0.1248     -0.3212     -0.0680      0.3267
0.760      0.1207     -0.3281     -0.0730      0.3238
0.761      0.1165     -0.3351     -0.0782      0.3208
0.762      0.1124     -0.3422     -0.0834      0.3178
0.763      0.1082     -0.3494     -0.0887      0.3148
0.764      0.1040     -0.3566     -0.0940      0.3118
0.765      0.0997     -0.3638     -0.0994      0.3087
0.766      0.0954     -0.3712     -0.1048      0.3056
0.767      0.0911     -0.3785     -0.1103      0.3025
0.768      0.0867     -0.3860     -0.1158      0.2994
0.769      0.0823     -0.3935     -0.1214      0.2962
0.770      0.0778     -0.4011     -0.1270      0.2930
0.771      0.0734     -0.4087     -0.1327      0.2898
0.772      0.0688     -0.4165     -0.1384      0.2865
0.773      0.0643     -0.4242     -0.1442      0.2832
0.774      0.0597     -0.4321     -0.1500      0.2799
0.775      0.0550     -0.4400     -0.1558      0.2766
0.776      0.0503     -0.4480     -0.1616      0.2732
0.777      0.0456     -0.4561     -0.1674      0.2698
0.778      0.0408     -0.4642     -0.1733      0.2664
0.779      0.0360     -0.4724     -0.1793      0.2629
0.780      0.0311     -0.4807     -0.1854      0.2594
0.781      0.0262     -0.4891     -0.1916      0.2559
0.782      0.0213     -0.4975     -0.1978      0.2523
0.783      0.0163     -0.5060     -0.2041      0.2487
0.784      0.0112     -0.5146     -0.2105      0.2451
0.785      0.0061     -0.5233     -0.2169      0.2415
0.786      0.0010     -0.5320     -0.2233      0.2378
0.787     -0.0042     -0.5409     -0.2299      0.2340
0.788     -0.0094     -0.5498     -0.2365      0.2303
0.789     -0.0147     -0.5588     -0.2431      0.2265
0.790     -0.0200     -0.5679     -0.2498      0.2226
0.791     -0.0254     -0.5771     -0.2566      0.2188
0.792     -0.0309     -0.5864     -0.2635      0.2149
0.793     -0.0364     -0.5957     -0.2704      0.2109
0.794     -0.0419     -0.6052     -0.2773      0.2069
0.795     -0.0475     -0.6147     -0.2844      0.2029
0.796     -0.0531     -0.6243     -0.2915      0.1989
0.797     -0.0589     -0.6341     -0.2987      0.1948
0.798     -0.0646     -0.6439     -0.3059      0.1905
0.799     -0.0704     -0.6538     -0.3133      0.1861
0.800     -0.0763     -0.6638     -0.3207      0.1816
0.801     -0.0823     -0.6739     -0.3282      0.1772
0.802     -0.0883     -0.6842     -0.3357      0.1726
0.803     -0.0943     -0.6945     -0.3433      0.1681
0.804     -0.1004     -0.7049     -0.3510      0.1635
0.805     -0.1066     -0.7155     -0.3588      0.1591
0.806     -0.1129     -0.7261     -0.3667      0.1546
0.807     -0.1192     -0.7369     -0.3746      0.1500
0.808     -0.1256     -0.7477     -0.3827      0.1454
0.809     -0.1320     -0.7587     -0.3908      0.1408
0.810     -0.1385     -0.7698     -0.3990      0.1361
0.811     -0.1451     -0.7811     -0.4073      0.1314
0.812     -0.1518     -0.7924     -0.4157      0.1266
0.813     -0.1585     -0.8038     -0.4241      0.1216
0.814     -0.1653     -0.8154     -0.4327      0.1165
0.815     -0.1722     -0.8271     -0.4416      0.1114
0.816     -0.1791     -0.8390     -0.4507      0.1065
0.817     -0.1861     -0.8509     -0.4598      0.1016
0.818     -0.1932     -0.8630     -0.4690      0.0966
0.819     -0.2004     -0.8753     -0.4782      0.0915
0.820     -0.2076     -0.8876     -0.4873      0.0863
0.821     -0.2150     -0.9001     -0.4966      0.0810
0.822     -0.2224     -0.9128     -0.5059      0.0757
0.823     -0.2299     -0.9256     -0.5154      0.0702
0.824     -0.2375     -0.9385     -0.5250      0.0645
0.825     -0.2452     -0.9516     -0.5347      0.0588
0.826     -0.2529     -0.9648     -0.5445      0.0530
0.827     -0.2608     -0.9782     -0.5544      0.0472
0.828     -0.2687     -0.9917     -0.5644      0.0413
0.829     -0.2768     -1.0054     -0.5746      0.0353
0.830     -0.2849     -1.0193     -0.5848      0.0292
0.831     -0.2931     -1.0333     -0.5952      0.0231
0.832     -0.3014     -1.0475     -0.6057      0.0169
0.833     -0.3099     -1.0618     -0.6163      0.0106
0.834     -0.3184     -1.0764     -0.6271      0.0043
0.835     -0.3270     -1.0911     -0.6380     -0.0022
0.836     -0.3358     -1.1060     -0.6490     -0.0087
0.837     -0.3446     -1.1210     -0.6602     -0.0153
0.838     -0.3536     -1.1363     -0.6715     -0.0219
0.839     -0.3626     -1.1517     -0.6829     -0.0287
0.840     -0.3718     -1.1674     -0.6945     -0.0355
0.841     -0.3811     -1.1832     -0.7062     -0.0424
0.842     -0.3905     -1.1992     -0.7181     -0.0495
0.843     -0.4000     -1.2155     -0.7301     -0.0566
0.844     -0.4097     -1.2319     -0.7423     -0.0637
0.845     -0.4195     -1.2486     -0.7547     -0.0710
0.846     -0.4294     -1.2655     -0.7672     -0.0784
0.847     -0.4394     -1.2826     -0.7798     -0.0859
0.848     -0.4496     -1.2999     -0.7926     -0.0934
0.849     -0.4599     -1.3174     -0.8056     -0.1011
0.850     -0.4703     -1.3352     -0.8188     -0.1089
0.851     -0.4809     -1.3533     -0.8322     -0.1168
0.852     -0.4916     -1.3715     -0.8457     -0.1248
0.853     -0.5025     -1.3900     -0.8594     -0.1329
0.854     -0.5135     -1.4088     -0.8733     -0.1411
0.855     -0.5246     -1.4278     -0.8874     -0.1494
0.856     -0.5360     -1.4471     -0.9017     -0.1578
0.857     -0.5474     -1.4667     -0.9162     -0.1664
0.858     -0.5591     -1.4865     -0.9309     -0.1750
0.859     -0.5709     -1.5067     -0.9458     -0.1838
0.860     -0.5829     -1.5271     -0.9609     -0.1928
0.861     -0.5950     -1.5478     -0.9762     -0.2018
0.862     -0.6073     -1.5688     -0.9918     -0.2110
0.863     -0.6198     -1.5901     -1.0075     -0.2203
0.864     -0.6325     -1.6117     -1.0236     -0.2296
0.865     -0.6454     -1.6336     -1.0398     -0.2388
0.866     -0.6585     -1.6559     -1.0563     -0.2480
0.867     -0.6717     -1.6785     -1.0730     -0.2575
0.868     -0.6852     -1.7015     -1.0900     -0.2671
0.869     -0.6989     -1.7248     -1.1073     -0.2768
0.870     -0.7127     -1.7484     -1.1248     -0.2867
0.871     -0.7268     -1.7724     -1.1426     -0.2967
0.872     -0.7412     -1.7968     -1.1607     -0.3069
0.873     -0.7557     -1.8216     -1.1790     -0.3172
0.874     -0.7705     -1.8468     -1.1976     -0.3278
0.875     -0.7855     -1.8724     -1.2166     -0.3384
0.876     -0.8007     -1.8983     -1.2358     -0.3493
0.877     -0.8162     -1.9248     -1.2554     -0.3603
0.878     -0.8320     -1.9516     -1.2753     -0.3717
0.879     -0.8480     -1.9789     -1.2955     -0.3835
0.880     -0.8643     -2.0066     -1.3160     -0.3955
0.881     -0.8808     -2.0349     -1.3369     -0.4077
0.882     -0.8977     -2.0635     -1.3582     -0.4201
0.883     -0.9148     -2.0927     -1.3798     -0.4328
0.884     -0.9322     -2.1224     -1.4018     -0.4456
0.885     -0.9499     -2.1526     -1.4241     -0.4587
0.886     -0.9680     -2.1833     -1.4469     -0.4720
0.887     -0.9863     -2.2146     -1.4700     -0.4856
0.888     -1.0050     -2.2464     -1.4936     -0.4993
0.889     -1.0240     -2.2788     -1.5176     -0.5134
0.890     -1.0434     -2.3118     -1.5421     -0.5277
0.891     -1.0631     -2.3454     -1.5669     -0.5422
0.892     -1.0832     -2.3796     -1.5923     -0.5570
0.893     -1.1036     -2.4145     -1.6181     -0.5721
0.894     -1.1244     -2.4500     -1.6444     -0.5875
0.895     -1.1457     -2.4862     -1.6712     -0.6032
0.896     -1.1673     -2.5231     -1.6985     -0.6192
0.897     -1.1894     -2.5607     -1.7263     -0.6354
0.898     -1.2119     -2.5991     -1.7545     -0.6521
0.899     -1.2348     -2.6382     -1.7833     -0.6690
0.900     -1.2583     -2.6781     -1.8126     -0.6863
0.901     -1.2821     -2.7187     -1.8425     -0.7039
0.902     -1.3065     -2.7603     -1.8730     -0.7219
0.903     -1.3314     -2.8026     -1.9042     -0.7402
0.904     -1.3567     -2.8459     -1.9360     -0.7590
0.905     -1.3827     -2.8901     -1.9684     -0.7781
0.906     -1.4091     -2.9352     -2.0016     -0.7976
0.907     -1.4362     -2.9813     -2.0355     -0.8176
0.908     -1.4638     -3.0284     -2.0701     -0.8380
0.909     -1.4920     -3.0765     -2.1054     -0.8588
0.910     -1.5209     -3.1257     -2.1416     -0.8801
0.911     -1.5504     -3.1760     -2.1786     -0.9019
0.912     -1.5806     -3.2274     -2.2167     -0.9242
0.913     -1.6115     -3.2800     -2.2557     -0.9470
0.914     -1.6431     -3.3338     -2.2955     -0.9701
0.915     -1.6754     -3.3890     -2.3364     -0.9937
0.916     -1.7085     -3.4454     -2.3781     -1.0179
0.917     -1.7424     -3.5032     -2.4209     -1.0426
0.918     -1.7771     -3.5623     -2.4648     -1.0679
0.919     -1.8127     -3.6230     -2.5097     -1.0939
0.920     -1.8492     -3.6852     -2.5557     -1.1205
0.921     -1.8866     -3.7489     -2.6029     -1.1478
0.922     -1.9250     -3.8143     -2.6513     -1.1758
0.923     -1.9643     -3.8814     -2.7010     -1.2045
0.924     -2.0047     -3.9502     -2.7520     -1.2339
0.925     -2.0462     -4.0209     -2.8044     -1.2642
0.926     -2.0888     -4.0935     -2.8584     -1.2953
0.927     -2.1326     -4.1680     -2.9138     -1.3271
0.928     -2.1775     -4.2447     -2.9708     -1.3598
0.929     -2.2238     -4.3235     -3.0294     -1.3933
0.930     -2.2713     -4.4045     -3.0897     -1.4279
0.931     -2.3203     -4.4879     -3.1517     -1.4634
0.932     -2.3707     -4.5738     -3.2155     -1.5000
0.933     -2.4225     -4.6622     -3.2813     -1.5376
0.934     -2.4760     -4.7533     -3.3490     -1.5765
0.935     -2.5311     -4.8472     -3.4188     -1.6165
0.936     -2.5879     -4.9441     -3.4908     -1.6577
0.937     -2.6466     -5.0440     -3.5651     -1.7003
0.938     -2.7071     -5.1471     -3.6418     -1.7442
0.939     -2.7696     -5.2536     -3.7207     -1.7896
0.940     -2.8342     -5.3637     -3.8022     -1.8365
0.941     -2.9009     -5.4775     -3.8865     -1.8850
0.942     -2.9700     -5.5952     -3.9736     -1.9351
0.943     -3.0415     -5.7171     -4.0639     -1.9870
0.944     -3.1156     -5.8433     -4.1573     -2.0408
0.945     -3.1923     -5.9741     -4.2542     -2.0965
0.946     -3.2719     -6.1097     -4.3546     -2.1543
0.947     -3.3545     -6.2505     -4.4589     -2.2142
0.948     -3.4403     -6.3966     -4.5671     -2.2765
0.949     -3.5294     -6.5485     -4.6796     -2.3412
0.950     -3.6221     -6.7065     -4.7966     -2.4085
0.951     -3.7186     -6.8709     -4.9184     -2.4786
0.952     -3.8191     -7.0422     -5.0453     -2.5524
0.953     -3.9239     -7.2208     -5.1775     -2.6297
0.954     -4.0332     -7.4071     -5.3155     -2.7096
0.955     -4.1474     -7.6017     -5.4596     -2.7924
0.956     -4.2668     -7.8052     -5.6103     -2.8790
0.957     -4.3917     -8.0181     -5.7680     -2.9697
0.958     -4.5226     -8.2412     -5.9332     -3.0654
0.959     -4.6599     -8.4751     -6.1064     -3.1658
0.960     -4.8040     -8.7207     -6.2883     -3.2712
0.961     -4.9556     -8.9790     -6.4796     -3.3820
0.962     -5.1151     -9.2508     -6.6815     -3.4987
0.963     -5.2832     -9.5373     -6.8945     -3.6217
0.964     -5.4607     -9.8398     -7.1192     -3.7515
0.965     -5.6483    -10.1595     -7.3569     -3.8887
0.966     -5.8469    -10.4980     -7.6085     -4.0340
0.967     -6.0576    -10.8570     -7.8753     -4.1881
0.968     -6.2815    -11.2385     -8.1588     -4.3518
0.969     -6.5198    -11.6446     -8.4606     -4.5261
0.970     -6.7739    -12.0778     -8.7826     -4.7120
0.971     -7.0457    -12.5409     -9.1267     -4.9107
0.972     -7.3368    -13.0370     -9.4954     -5.1234
0.973     -7.6495    -13.5698     -9.8915     -5.3515
0.974     -7.9862    -14.1437    -10.3180     -5.5971
0.975     -8.3498    -14.7634    -10.7786     -5.8623
0.976     -8.7438    -15.4349    -11.2776     -6.1498
0.977     -9.1721    -16.1647    -11.8200     -6.4621
0.978     -9.6393    -16.9608    -12.4117     -6.8029
0.979    -10.1509    -17.8328    -13.0597     -7.1762
0.980    -10.7137    -18.7919    -13.7726     -7.5867
0.981    -11.3358    -19.8521    -14.5605     -8.0405
0.982    -12.0270    -21.0300    -15.4359     -8.5446
0.983    -12.7995    -22.3464    -16.4143     -9.1081
0.984    -13.6686    -23.8274    -17.5151     -9.7421
0.985    -14.6535    -25.5061    -18.7627    -10.4605
0.986    -15.7791    -27.4245    -20.1883    -11.2817
0.987    -17.0780    -29.6379    -21.8335    -12.2291
0.988    -18.5933    -32.2202    -23.7527    -13.3344
0.989    -20.3841    -35.2720    -26.0208    -14.6407
0.990    -22.5332    -38.9344    -28.7427    -16.2085
0.991    -25.1596    -43.4104    -32.0694    -18.1241
0.992    -28.4429    -49.0058    -36.2278    -20.5191
0.993    -32.6639    -56.1994    -41.5743    -23.5979
0.994    -38.2924    -65.7907    -48.7030    -27.7035
0.995    -46.1723    -79.2198    -58.6831    -33.4522
0.996    -57.9914    -99.3620    -73.6523    -42.0734
0.997    -77.6914   -132.9319    -98.6044    -56.4413
0.998   -117.0883   -200.0783   -148.5020    -85.1827
0.999   -235.2915   -401.5383   -298.2275   -171.4020
