0.001    -18.8304    -10.8104    -24.8271    -13.1848
0.002     -8.9161     -4.9124    -11.9072     -6.0957
0.003     -5.6114     -2.9464     -7.6026     -3.7327
0.004     -3.9590     -1.9634     -5.4511     -2.5512
0.005     -2.9676     -1.3736     -4.1601     -1.8422
0.006     -2.3066     -0.9805     -3.2995     -1.3696
0.007     -1.8345     -0.6996     -2.6848     -1.0321
0.008     -1.4804     -0.4890     -2.2237     -0.7789
0.009     -1.2050     -0.3251     -1.8651     -0.5820
0.010     -0.9847     -0.1941     -1.5783     -0.4243
0.011     -0.8044     -0.0868     -1.3436     -0.2951
0.012     -0.6542      0.0025     -1.1480     -0.1875
0.013     -0.5271      0.0782     -0.9825     -0.0964
0.014     -0.4182      0.1430     -0.8406     -0.0183
0.015     -0.3238      0.1991     -0.7177      0.0494
0.016     -0.2411      0.2483     -0.6101      0.1086
0.017     -0.1682      0.2917     -0.5152      0.1608
0.018     -0.1034      0.3302     -0.4308      0.2073
0.019     -0.0455      0.3647     -0.3553      0.2488
0.020      0.0067      0.3957     -0.2873      0.2862
0.021      0.0539      0.4238     -0.2259      0.3200
0.022      0.0969      0.4494     -0.1700      0.3508
0.023      0.1360      0.4727     -0.1190      0.3789
0.024      0.1720      0.4940     -0.0722      0.4046
0.025      0.2050      0.5137     -0.0292      0.4283
0.026      0.2355      0.5319      0.0104      0.4502
0.027      0.2638      0.5487      0.0471      0.4702
0.028      0.2900      0.5643      0.0811      0.4888
0.029      0.3144      0.5788      0.1128      0.5061
0.030      0.3372      0.5923      0.1423      0.5223
0.031      0.3585      0.6050      0.1700      0.5374
0.032      0.3785      0.6169      0.1959      0.5516
0.033      0.3973      0.6281      0.2203      0.5649
0.034      0.4150      0.6386      0.2432      0.5774
0.035      0.4316      0.6485      0.2648      0.5892
0.036      0.4474      0.6579      0.2852      0.6004
0.037      0.4622      0.6667      0.3046      0.6109
0.038      0.4763      0.6751      0.3228      0.6209
0.039      0.4897      0.6831      0.3402      0.6304
0.040      0.5024      0.6906      0.3567      0.6394
0.041      0.5145      0.6978      0.3724      0.6480
0.042      0.5260      0.7047      0.3873      0.6561
0.043      0.5370      0.7112      0.4016      0.6639
0.044      0.5475      0.7175      0.4152      0.6713
0.045      0.5575      0.7234      0.4282      0.6784
0.046      0.5671      0.7291      0.4406      0.6852
0.047      0.5763      0.7346      0.4526      0.6917
0.048      0.5851      0.7398      0.4641      0.6980
0.049      0.5935      0.7448      0.4751      0.7042
0.050      0.6016      0.7496      0.4858      0.7101
0.051      0.6094      0.7543      0.4960      0.7154
0.052      0.6168      0.7587      0.5059      0.7207
0.053      0.6240      0.7630      0.5153      0.7257
0.054      0.6310      0.7671      0.5251      0.7305
0.055      0.6376      0.7711      0.5342      0.7352
0.056      0.6441      0.7749      0.5426      0.7398
0.057      0.6503      0.7786      0.5512      0.7442
0.058      0.6563      0.7822      0.5600      0.7497
0.059      0.6621      0.7856      0.5669      0.7525
0.060      0.6677      0.7889      0.5742      0.7546
0.061      0.6731      0.7922      0.5797      0.7591
0.062      0.6783      0.7953      0.5867      0.7642
0.063      0.6834      0.7983      0.5925      0.7717
0.064      0.6883      0.8012      0.5965      0.7772
0.065      0.6931      0.8041      0.6005      0.7839
0.066      0.6966      0.8048      0.6015      0.7899
0.067      0.6963      0.8044      0.6010      0.7897
0.068      0.6959      0.8040      0.6013      0.7907
0.069      0.6956      0.8035      0.5975      0.7932
0.070      0.6952      0.8031      0.5951      0.7942
0.071      0.6948      0.8027      0.5927      0.7961
0.072      0.6945      0.8022      0.5891      0.7960
0.073      0.6941      0.8018      0.5874      0.7973
0.074      0.6938      0.8014      0.5862      0.7976
0.075      0.6934      0.8009      0.5842      0.7972
0.076      0.6931      0.8005      0.5831      0.7983
0.077      0.6927      0.8000      0.5818      0.7986
0.078      0.6923      0.7996      0.5814      0.7982
0.079      0.6920      0.7992      0.5810      0.7981
0.080      0.6916      0.7987      0.5806      0.7981
0.081      0.6912      0.7983      0.5800      0.7979
0.082      0.6909      0.7978      0.5795      0.7976
0.083      0.6905      0.7974      0.5791      0.7971
0.084      0.6901      0.7969      0.5786      0.7966
0.085      0.6898      0.7965      0.5781      0.7962
0.086      0.6894      0.7960      0.5777      0.7960
0.087      0.6890      0.7956      0.5772      0.7959
0.088      0.6887      0.7951      0.5767      0.7957
0.089      0.6883      0.7947      0.5763      0.7953
0.090      0.6879      0.7942      0.5758      0.7949
0.091      0.6876      0.7938      0.5753      0.7946
0.092      0.6872      0.7933      0.5748      0.7942
0.093      0.6868      0.7929      0.5744      0.7939
0.094      0.6864      0.7924      0.5739      0.7936
0.095      0.6861      0.7920      0.5735      0.7933
0.096      0.6857      0.7915      0.5732      0.7931
0.097      0.6853      0.7910      0.5728      0.7928
0.098      0.6849      0.7906      0.5725      0.7925
0.099      0.6845      0.7901      0.5721      0.7923
0.100      0.6842      0.7897      0.5717      0.7920
0.101      0.6838      0.7892      0.5713      0.7917
0.102      0.6834      0.7887      0.5708      0.7915
0.103      0.6830      0.7883      0.5703      0.7913
0.104      0.6826      0.7878      0.5698      0.7910
0.105      0.6823      0.7873      0.5693      0.7908
0.106      0.6819      0.7869      0.5688      0.7905
0.107      0.6815      0.7864      0.5683      0.7902
0.108      0.6811      0.7859      0.5678      0.7899
0.109      0.6807      0.7854      0.5673      0.7897
0.110      0.6803      0.7850      0.5668      0.7894
0.111      0.6799      0.7845      0.5663      0.7891
0.112      0.6795      0.7840      0.5658      0.7888
0.113      0.6792      0.7835      0.5653      0.7884
0.114      0.6788      0.7831      0.5648      0.7881
0.115      0.6784      0.7826      0.5643      0.7879
0.116      0.6780      0.7821      0.5638      0.7876
0.117      0.6776      0.7816      0.5633      0.7873
0.118      0.6772      0.7811      0.5627      0.7870
0.119      0.6768      0.7807      0.5622      0.7867
0.120      0.6764      0.7802      0.5617      0.7865
0.121      0.6760      0.7797      0.5612      0.7862
0.122      0.6756      0.7792      0.5607      0.7858
0.123      0.6752      0.7787      0.5602      0.7854
0.124      0.6748      0.7782      0.5596      0.7851
0.125      0.6744      0.7777      0.5591      0.7848
0.126      0.6740      0.7772      0.5586      0.7843
0.127      0.6736      0.7768      0.5581      0.7839
0.128      0.6732      0.7763      0.5575      0.7835
0.129      0.6728      0.7758      0.5570      0.7832
0.130      0.6724      0.7753      0.5565      0.7828
0.131      0.6720      0.7748      0.5560      0.7824
0.132      0.6716      0.7743      0.5554      0.7820
0.133      0.6711      0.7738      0.5549      0.7816
0.134      0.6707      0.7733      0.5543      0.7812
0.135      0.6703      0.7728      0.5536      0.7809
0.136      0.6699      0.7723      0.5529      0.7805
0.137      0.6695      0.7718      0.5524      0.7803
0.138      0.6691      0.7713      0.5518      0.7800
0.139      0.6687      0.7708      0.5513      0.7797
0.140      0.6683      0.7703      0.5508      0.7793
0.141      0.6678      0.7698      0.5503      0.7790
0.142      0.6674      0.7692      0.5497      0.7786
0.143      0.6670      0.7687      0.5492      0.7783
0.144      0.6666      0.7682      0.5487      0.7779
0.145      0.6662      0.7677      0.5481      0.7776
0.146      0.6657      0.7672      0.5476      0.7772
0.147      0.6653      0.7667      0.5470      0.7769
0.148      0.6649      0.7662      0.5463      0.7765
0.149      0.6645      0.7656      0.5456      0.7762
0.150      0.6640      0.7651      0.5450      0.7758
0.151      0.6636      0.7646      0.5443      0.7755
0.152      0.6632      0.7641      0.5439      0.7751
0.153      0.6628      0.7636      0.5435      0.7747
0.154      0.6623      0.7630      0.5431      0.7744
0.155      0.6619      0.7625      0.5425      0.7740
0.156      0.6615      0.7620      0.5420      0.7737
0.157      0.6610      0.7615      0.5414      0.7733
0.158      0.6606      0.7609      0.5407      0.7729
0.159      0.6602      0.7604      0.5401      0.7726
0.160      0.6597      0.7599      0.5395      0.7722
0.161      0.6593      0.7593      0.5389      0.7719
0.162      0.6589      0.7588      0.5383      0.7715
0.163      0.6584      0.7583      0.5377      0.7711
0.164      0.6580      0.7577      0.5371      0.7708
0.165      0.6575      0.7572      0.5365      0.7704
0.166      0.6571      0.7567      0.5359      0.7700
0.167      0.6567      0.7561      0.5353      0.7696
0.168      0.6562      0.7556      0.5347      0.7693
0.169      0.6558      0.7550      0.5342      0.7690
0.170      0.6553      0.7545      0.5337      0.7687
0.171      0.6549      0.7539      0.5332      0.7685
0.172      0.6544      0.7534      0.5327      0.7682
0.173      0.6540      0.7528      0.5322      0.7679
0.174      0.6535      0.7523      0.5317      0.7677
0.175      0.6531      0.7517      0.5312      0.7674
0.176      0.6526      0.7512      0.5306      0.7671
0.177      0.6522      0.7506      0.5302      0.7669
0.178      0.6517      0.7501      0.5296      0.7666
0.179      0.6513      0.7495      0.5291      0.7663
0.180      0.6508      0.7490      0.5286      0.7661
0.181      0.6503      0.7484      0.5280      0.7658
0.182      0.6499      0.7479      0.5274      0.7655
0.183      0.6494      0.7473      0.5269      0.7653
0.184      0.6490      0.7467      0.5263      0.7650
0.185      0.6485      0.7462      0.5257      0.7645
0.186      0.6480      0.7456      0.5251      0.7641
0.187      0.6476      0.7450      0.5245      0.7636
0.188      0.6471      0.7445      0.5239      0.7632
0.189      0.6466      0.7439      0.5233      0.7626
0.190      0.6462      0.7433      0.5227      0.7621
0.191      0.6457      0.7427      0.5221      0.7615
0.192      0.6452      0.7422      0.5215      0.7610
0.193      0.6447      0.7416      0.5209      0.7604
0.194      0.6443      0.7410      0.5203      0.7599
0.195      0.6438      0.7404      0.5197      0.7593
0.196      0.6433      0.7399      0.5191      0.7588
0.197      0.6428      0.7393      0.5185      0.7582
0.198      0.6424      0.7387      0.5179      0.7577
0.199      0.6419      0.7381      0.5173      0.7573
0.200      0.6414      0.7375      0.5167      0.7569
0.201      0.6409      0.7369      0.5161      0.7565
0.202      0.6404      0.7364      0.5155      0.7561
0.203      0.6400      0.7358      0.5148      0.7557
0.204      0.6395      0.7352      0.5143      0.7553
0.205      0.6390      0.7346      0.5138      0.7550
0.206      0.6385      0.7340      0.5132      0.7548
0.207      0.6380      0.7334      0.5127      0.7544
0.208      0.6375      0.7328      0.5121      0.7539
0.209      0.6370      0.7322      0.5116      0.7535
0.210      0.6365      0.7316      0.5111      0.7530
0.211      0.6360      0.7310      0.5105      0.7525
0.212      0.6355      0.7304      0.5100      0.7520
0.213      0.6351      0.7298      0.5094      0.7516
0.214      0.6346      0.7292      0.5089      0.7512
0.215      0.6341      0.7286      0.5083      0.7508
0.216      0.6336      0.7280      0.5078      0.7504
0.217      0.6331      0.7273      0.5072      0.7500
0.218      0.6325      0.7267      0.5067      0.7496
0.219      0.6320      0.7261      0.5061      0.7492
0.220      0.6315      0.7255      0.5056      0.7488
0.221      0.6310      0.7249      0.5050      0.7484
0.222      0.6305      0.7243      0.5045      0.7480
0.223      0.6300      0.7236      0.5039      0.7477
0.224      0.6295      0.7230      0.5033      0.7474
0.225      0.6290      0.7224      0.5028      0.7471
0.226      0.6285      0.7218      0.5022      0.7468
0.227      0.6280      0.7211      0.5017      0.7465
0.228      0.6274      0.7205      0.5011      0.7461
0.229      0.6269      0.7199      0.5005      0.7457
0.230      0.6264      0.7193      0.5000      0.7452
0.231      0.6259      0.7186      0.4994      0.7448
0.232      0.6254      0.7180      0.4988      0.7443
0.233      0.6249      0.7173      0.4980      0.7438
0.234      0.6243      0.7167      0.4973      0.7434
0.235      0.6238      0.7161      0.4966      0.7429
0.236      0.6233      0.7154      0.4958      0.7424
0.237      0.6227      0.7148      0.4951      0.7420
0.238      0.6222      0.7141      0.4944      0.7416
0.239      0.6217      0.7135      0.4936      0.7412
0.240      0.6212      0.7128      0.4929      0.7407
0.241      0.6206      0.7122      0.4921      0.7403
0.242      0.6201      0.7115      0.4914      0.7399
0.243      0.6195      0.7109      0.4906      0.7395
0.244      0.6190      0.7102      0.4899      0.7391
0.245      0.6185      0.7096      0.4891      0.7387
0.246      0.6179      0.7089      0.4883      0.7383
0.247      0.6174      0.7082      0.4876      0.7380
0.248      0.6168      0.7076      0.4868      0.7377
0.249      0.6163      0.7069      0.4861      0.7373
0.250      0.6158      0.7063      0.4853      0.7370
0.251      0.6152      0.7056      0.4845      0.7366
0.252      0.6147      0.7049      0.4837      0.7363
0.253      0.6141      0.7042      0.4830      0.7360
0.254      0.6136      0.7036      0.4822      0.7356
0.255      0.6130      0.7029      0.4814      0.7353
0.256      0.6124      0.7022      0.4806      0.7350
0.257      0.6119      0.7015      0.4799      0.7346
0.258      0.6113      0.7009      0.4791      0.7343
0.259      0.6108      0.7002      0.4783      0.7339
0.260      0.6102      0.6995      0.4775      0.7334
0.261      0.6096      0.6988      0.4767      0.7329
0.262      0.6091      0.6981      0.4759      0.7323
0.263      0.6085      0.6974      0.4751      0.7318
0.264      0.6079      0.6967      0.4743      0.7312
0.265      0.6074      0.6960      0.4735      0.7309
0.266      0.6068      0.6953      0.4727      0.7307
0.267      0.6062      0.6946      0.4720      0.7304
0.268      0.6057      0.6940      0.4713      0.7302
0.269      0.6051      0.6932      0.4705      0.7300
0.270      0.6045      0.6925      0.4698      0.7297
0.271      0.6039      0.6918      0.4691      0.7295
0.272      0.6033      0.6911      0.4684      0.7289
0.273      0.6028      0.6904      0.4677      0.7284
0.274      0.6022      0.6897      0.4671      0.7278
0.275      0.6016      0.6890      0.4664      0.7272
0.276      0.6010      0.6883      0.4657      0.7267
0.277      0.6004      0.6876      0.4650      0.7261
0.278      0.5998      0.6868      0.4643      0.7256
0.279      0.5992      0.6861      0.4636      0.7250
0.280      0.5986      0.6854      0.4629      0.7244
0.281      0.5981      0.6847      0.4623      0.7238
0.282      0.5975      0.6840      0.4616      0.7232
0.283      0.5969      0.6832      0.4609      0.7225
0.284      0.5963      0.6825      0.4602      0.7222
0.285      0.5957      0.6818      0.4595      0.7216
0.286      0.5951      0.6810      0.4588      0.7210
0.287      0.5944      0.6803      0.4581      0.7205
0.288      0.5938      0.6795      0.4574      0.7200
0.289      0.5932      0.6788      0.4567      0.7195
0.290      0.5926      0.6781      0.4560      0.7191
0.291      0.5920      0.6773      0.4552      0.7186
0.292      0.5914      0.6766      0.4545      0.7182
0.293      0.5908      0.6758      0.4538      0.7177
0.294      0.5902      0.6751      0.4531      0.7173
0.295      0.5895      0.6743      0.4524      0.7168
0.296      0.5889      0.6736      0.4517      0.7164
0.297      0.5883      0.6728      0.4509      0.7159
0.298      0.5877      0.6720      0.4502      0.7155
0.299      0.5871      0.6713      0.4495      0.7150
0.300      0.5864      0.6705      0.4488      0.7145
0.301      0.5858      0.6697      0.4479      0.7141
0.302      0.5852      0.6690      0.4470      0.7136
0.303      0.5845      0.6682      0.4460      0.7132
0.304      0.5839      0.6674      0.4450      0.7127
0.305      0.5833      0.6667      0.4440      0.7122
0.306      0.5826      0.6659      0.4430      0.7118
0.307      0.5820      0.6651      0.4420      0.7112
0.308      0.5813      0.6643      0.4410      0.7106
0.309      0.5807      0.6635      0.4400      0.7101
0.310      0.5801      0.6627      0.4390      0.7096
0.311      0.5794      0.6620      0.4380      0.7091
0.312      0.5788      0.6612      0.4371      0.7087
0.313      0.5781      0.6604      0.4363      0.7082
0.314      0.5775      0.6596      0.4354      0.7077
0.315      0.5768      0.6588      0.4346      0.7073
0.316      0.5761      0.6580      0.4338      0.7066
0.317      0.5755      0.6572      0.4329      0.7059
0.318      0.5748      0.6564      0.4321      0.7052
0.319      0.5742      0.6556      0.4313      0.7045
0.320      0.5735      0.6547      0.4304      0.7038
0.321      0.5728      0.6539      0.4296      0.7033
0.322      0.5722      0.6531      0.4287      0.7028
0.323      0.5715      0.6523      0.4279      0.7023
0.324      0.5708      0.6515      0.4270      0.7017
0.325      0.5701      0.6507      0.4261      0.7012
0.326      0.5695      0.6498      0.4253      0.7007
0.327      0.5688      0.6490      0.4244      0.7002
0.328      0.5681      0.6482      0.4236      0.6996
0.329      0.5674      0.6473      0.4227      0.6991
0.330      0.5667      0.6465      0.4218      0.6986
0.331      0.5660      0.6457      0.4210      0.6981
0.332      0.5654      0.6448      0.4201      0.6975
0.333      0.5647      0.6440      0.4192      0.6970
0.334      0.5640      0.6431      0.4183      0.6964
0.335      0.5633      0.6423      0.4174      0.6959
0.336      0.5626      0.6414      0.4166      0.6954
0.337      0.5619      0.6406      0.4157      0.6949
0.338      0.5612      0.6397      0.4148      0.6945
0.339      0.5605      0.6389      0.4139      0.6937
0.340      0.5598      0.6380      0.4130      0.6932
0.341      0.5591      0.6372      0.4121      0.6926
0.342      0.5584      0.6363      0.4112      0.6921
0.343      0.5576      0.6354      0.4103      0.6915
0.344      0.5569      0.6346      0.4094      0.6910
0.345      0.5562      0.6337      0.4085      0.6904
0.346      0.5555      0.6328      0.4076      0.6899
0.347      0.5548      0.6319      0.4067      0.6893
0.348      0.5541      0.6310      0.4058      0.6888
0.349      0.5533      0.6302      0.4050      0.6882
0.350      0.5526      0.6293      0.4041      0.6876
0.351      0.5519      0.6284      0.4032      0.6871
0.352      0.5511      0.6275      0.4023      0.6865
0.353      0.5504      0.6266      0.4014      0.6861
0.354      0.5497      0.6257      0.4005      0.6857
0.355      0.5489      0.6248      0.3996      0.6853
0.356      0.5482      0.6239      0.3987      0.6849
0.357      0.5474      0.6230      0.3978      0.6846
0.358      0.5467      0.6221      0.3969      0.6841
0.359      0.5459      0.6212      0.3960      0.6835
0.360      0.5452      0.6202      0.3951      0.6828
0.361      0.5444      0.6193      0.3941      0.6822
0.362      0.5437      0.6184      0.3932      0.6815
0.363      0.5429      0.6175      0.3923      0.6809
0.364      0.5422      0.6166      0.3914      0.6802
0.365      0.5414      0.6156      0.3904      0.6798
0.366      0.5406      0.6147      0.3895      0.6794
0.367      0.5399      0.6138      0.3886      0.6791
0.368      0.5391      0.6128      0.3876      0.6788
0.369      0.5383      0.6119      0.3867      0.6785
0.370      0.5376      0.6109      0.3858      0.6782
0.371      0.5368      0.6100      0.3848      0.6779
0.372      0.5360      0.6090      0.3839      0.6776
0.373      0.5352      0.6081      0.3828      0.6772
0.374      0.5344      0.6071      0.3818      0.6766
0.375      0.5337      0.6062      0.3808      0.6758
0.376      0.5329      0.6052      0.3797      0.6751
0.377      0.5321      0.6042      0.3787      0.6743
0.378      0.5313      0.6033      0.3776      0.6736
0.379      0.5305      0.6023      0.3767      0.6728
0.380      0.5297      0.6013      0.3760      0.6720
0.381      0.5289      0.6004      0.3752      0.6712
0.382      0.5281      0.5994      0.3742      0.6703
0.383      0.5273      0.5984      0.3732      0.6695
0.384      0.5265      0.5974      0.3722      0.6687
0.385      0.5256      0.5964      0.3711      0.6678
0.386      0.5248      0.5954      0.3699      0.6670
0.387      0.5240      0.5944      0.3687      0.6663
0.388      0.5232      0.5934      0.3674      0.6657
0.389      0.5224      0.5924      0.3662      0.6651
0.390      0.5215      0.5914      0.3650      0.6644
0.391      0.5207      0.5904      0.3639      0.6636
0.392      0.5199      0.5894      0.3629      0.6630
0.393      0.5190      0.5884      0.3618      0.6624
0.394      0.5182      0.5873      0.3608      0.6617
0.395      0.5174      0.5863      0.3597      0.6611
0.396      0.5165      0.5853      0.3587      0.6605
0.397      0.5157      0.5843      0.3576      0.6599
0.398      0.5148      0.5832      0.3565      0.6593
0.399      0.5140      0.5822      0.3554      0.6589
0.400      0.5131      0.5812      0.3542      0.6585
0.401      0.5123      0.5801      0.3530      0.6580
0.402      0.5114      0.5791      0.3520      0.6574
0.403      0.5105      0.5780      0.3510      0.6568
0.404      0.5097      0.5770      0.3497      0.6562
0.405      0.5088      0.5759      0.3484      0.6556
0.406      0.5079      0.5748      0.3471      0.6550
0.407      0.5071      0.5738      0.3460      0.6544
0.408      0.5062      0.5727      0.3449      0.6538
0.409      0.5053      0.5716      0.3438      0.6531
0.410      0.5044      0.5706      0.3425      0.6526
0.411      0.5035      0.5695      0.3412      0.6521
0.412      0.5027      0.5684      0.3400      0.6515
0.413      0.5018      0.5673      0.3389      0.6510
0.414      0.5009      0.5662      0.3377      0.6505
0.415      0.5000      0.5651      0.3365      0.6500
0.416      0.4991      0.5640      0.3355      0.6495
0.417      0.4982      0.5629      0.3343      0.6490
0.418      0.4973      0.5618      0.3330      0.6485
0.419      0.4963      0.5607      0.3316      0.6480
0.420      0.4954      0.5596      0.3304      0.6475
0.421      0.4945      0.5585      0.3292      0.6469
0.422      0.4936      0.5573      0.3280      0.6464
0.423      0.4927      0.5562      0.3268      0.6459
0.424      0.4917      0.5551      0.3256      0.6454
0.425      0.4908      0.5540      0.3243      0.6447
0.426      0.4899      0.5528      0.3231      0.6441
0.427      0.4889      0.5517      0.3219      0.6434
0.428      0.4880      0.5505      0.3206      0.6426
0.429      0.4871      0.5494      0.3194      0.6416
0.430      0.4861      0.5482      0.3181      0.6406
0.431      0.4852      0.5471      0.3169      0.6399
0.432      0.4842      0.5459      0.3156      0.6393
0.433      0.4833      0.5448      0.3144      0.6387
0.434      0.4823      0.5436      0.3131      0.6381
0.435      0.4813      0.5424      0.3118      0.6372
0.436      0.4804      0.5412      0.3106      0.6363
0.437      0.4794      0.5400      0.3093      0.6354
0.438      0.4784      0.5389      0.3080      0.6344
0.439      0.4775      0.5377      0.3067      0.6336
0.440      0.4765      0.5365      0.3054      0.6329
0.441      0.4755      0.5353      0.3041      0.6322
0.442      0.4745      0.5341      0.3028      0.6316
0.443      0.4735      0.5329      0.3015      0.6308
0.444      0.4725      0.5317      0.3002      0.6300
0.445      0.4715      0.5304      0.2989      0.6291
0.446      0.4705      0.5292      0.2976      0.6282
0.447      0.4695      0.5280      0.2963      0.6274
0.448      0.4685      0.5268      0.2949      0.6265
0.449      0.4675      0.5255      0.2936      0.6256
0.450      0.4665      0.5243      0.2923      0.6247
0.451      0.4655      0.5230      0.2909      0.6238
0.452      0.4644      0.5218      0.2896      0.6229
0.453      0.4634      0.5206      0.2880      0.6221
0.454      0.4624      0.5193      0.2865      0.6212
0.455      0.4613      0.5180      0.2849      0.6203
0.456      0.4603      0.5168      0.2834      0.6194
0.457      0.4593      0.5155      0.2818      0.6185
0.458      0.4582      0.5142      0.2802      0.6176
0.459      0.4572      0.5129      0.2786      0.6166
0.460      0.4561      0.5117      0.2770      0.6157
0.461      0.4551      0.5104      0.2754      0.6149
0.462      0.4540      0.5091      0.2738      0.6141
0.463      0.4529      0.5078      0.2722      0.6133
0.464      0.4519      0.5065      0.2706      0.6125
0.465      0.4508      0.5052      0.2690      0.6115
0.466      0.4497      0.5038      0.2674      0.6105
0.467      0.4486      0.5025      0.2657      0.6095
0.468      0.4475      0.5012      0.2642      0.6085
0.469      0.4464      0.4999      0.2628      0.6075
0.470      0.4454      0.4985      0.2614      0.6065
0.471      0.4443      0.4972      0.2599      0.6055
0.472      0.4432      0.4959      0.2585      0.6045
0.473      0.4420      0.4945      0.2571      0.6038
0.474      0.4409      0.4932      0.2556      0.6030
0.475      0.4398      0.4918      0.2542      0.6023
0.476      0.4387      0.4904      0.2527      0.6015
0.477      0.4376      0.4891      0.2513      0.6008
0.478      0.4365      0.4877      0.2498      0.6000
0.479      0.4353      0.4863      0.2485      0.5993
0.480      0.4342      0.4849      0.2471      0.5985
0.481      0.4330      0.4835      0.2458      0.5977
0.482      0.4319      0.4821      0.2444      0.5970
0.483      0.4307      0.4807      0.2431      0.5962
0.484      0.4296      0.4793      0.2417      0.5954
0.485      0.4284      0.4779      0.2403      0.5946
0.486      0.4273      0.4765      0.2389      0.5938
0.487      0.4261      0.4751      0.2376      0.5931
0.488      0.4249      0.4736      0.2362      0.5923
0.489      0.4238      0.4722      0.2348      0.5915
0.490      0.4226      0.4708      0.2334      0.5907
0.491      0.4214      0.4693      0.2318      0.5899
0.492      0.4202      0.4679      0.2301      0.5891
0.493      0.4190      0.4664      0.2285      0.5882
0.494      0.4178      0.4650      0.2268      0.5872
0.495      0.4166      0.4635      0.2252      0.5862
0.496      0.4154      0.4620      0.2235      0.5851
0.497      0.4142      0.4605      0.2221      0.5841
0.498      0.4130      0.4590      0.2207      0.5830
0.499      0.4117      0.4576      0.2192      0.5820
0.500      0.4105      0.4561      0.2178      0.5809
0.501      0.4093      0.4546      0.2164      0.5798
0.502      0.4080      0.4530      0.2149      0.5787
0.503      0.4068      0.4515      0.2133      0.5777
0.504      0.4055      0.4500      0.2116      0.5766
0.505      0.4043      0.4485      0.2099      0.5755
0.506      0.4030      0.4469      0.2082      0.5744
0.507      0.4018      0.4454      0.2065      0.5733
0.508      0.4005      0.4439      0.2048      0.5722
0.509      0.3992      0.4423      0.2031      0.5711
0.510      0.3979      0.4407      0.2014      0.5700
0.511      0.3966      0.4392      0.1997      0.5688
0.512      0.3954      0.4376      0.1980      0.5677
0.513      0.3941      0.4360      0.1963      0.5666
0.514      0.3928      0.4344      0.1945      0.5655
0.515      0.3915      0.4328      0.1928      0.5643
0.516      0.3901      0.4312      0.1910      0.5632
0.517      0.3888      0.4296      0.1893      0.5623
0.518      0.3875      0.4280      0.1875      0.5613
0.519      0.3862      0.4264      0.1857      0.5604
0.520      0.3848      0.4248      0.1839      0.5594
0.521      0.3835      0.4231      0.1821      0.5585
0.522      0.3822      0.4215      0.1803      0.5575
0.523      0.3808      0.4199      0.1786      0.5567
0.524      0.3795      0.4182      0.1769      0.5559
0.525      0.3781      0.4166      0.1752      0.5551
0.526      0.3767      0.4149      0.1735      0.5543
0.527      0.3754      0.4132      0.1717      0.5532
0.528      0.3740      0.4115      0.1700      0.5522
0.529      0.3726      0.4098      0.1683      0.5513
0.530      0.3712      0.4081      0.1665      0.5505
0.531      0.3698      0.4064      0.1648      0.5496
0.532      0.3684      0.4047      0.1630      0.5488
0.533      0.3670      0.4030      0.1612      0.5479
0.534      0.3656      0.4013      0.1593      0.5471
0.535      0.3642      0.3996      0.1575      0.5462
0.536      0.3627      0.3978      0.1556      0.5454
0.537      0.3613      0.3961      0.1537      0.5445
0.538      0.3599      0.3943      0.1516      0.5436
0.539      0.3584      0.3926      0.1495      0.5427
0.540      0.3570      0.3908      0.1474      0.5418
0.541      0.3555      0.3890      0.1453      0.5410
0.542      0.3540      0.3872      0.1431      0.5400
0.543      0.3526      0.3854      0.1412      0.5389
0.544      0.3511      0.3836      0.1393      0.5378
0.545      0.3496      0.3818      0.1375      0.5367
0.546      0.3481      0.3800      0.1357      0.5356
0.547      0.3466      0.3782      0.1340      0.5345
0.548      0.3451      0.3763      0.1322      0.5334
0.549      0.3436      0.3745      0.1304      0.5323
0.550      0.3421      0.3727      0.1284      0.5312
0.551      0.3406      0.3708      0.1264      0.5300
0.552      0.3390      0.3689      0.1246      0.5289
0.553      0.3375      0.3671      0.1227      0.5278
0.554      0.3359      0.3652      0.1206      0.5266
0.555      0.3344      0.3633      0.1187      0.5255
0.556      0.3328      0.3614      0.1166      0.5246
0.557      0.3313      0.3595      0.1144      0.5234
0.558      0.3297      0.3576      0.1122      0.5222
0.559      0.3281      0.3556      0.1100      0.5209
0.560      0.3265      0.3537      0.1079      0.5196
0.561      0.3249      0.3518      0.1058      0.5186
0.562      0.3233      0.3498      0.1037      0.5177
0.563      0.3217      0.3478      0.1016      0.5169
0.564      0.3201      0.3459      0.0994      0.5158
0.565      0.3185      0.3439      0.0973      0.5149
0.566      0.3169      0.3419      0.0952      0.5140
0.567      0.3152      0.3399      0.0930      0.5129
0.568      0.3136      0.3379      0.0908      0.5116
0.569      0.3119      0.3359      0.0887      0.5103
0.570      0.3103      0.3339      0.0865      0.5090
0.571      0.3086      0.3318      0.0843      0.5076
0.572      0.3069      0.3298      0.0821      0.5063
0.573      0.3052      0.3277      0.0799      0.5050
0.574      0.3035      0.3257      0.0776      0.5037
0.575      0.3018      0.3236      0.0754      0.5023
0.576      0.3001      0.3215      0.0731      0.5010
0.577      0.2984      0.3194      0.0709      0.4996
0.578      0.2967      0.3173      0.0686      0.4982
0.579      0.2950      0.3152      0.0663      0.4969
0.580      0.2932      0.3131      0.0640      0.4955
0.581      0.2915      0.3110      0.0617      0.4944
0.582      0.2897      0.3088      0.0594      0.4933
0.583      0.2879      0.3067      0.0571      0.4923
0.584      0.2862      0.3045      0.0546      0.4912
0.585      0.2844      0.3023      0.0522      0.4902
0.586      0.2826      0.3001      0.0498      0.4891
0.587      0.2808      0.2979      0.0474      0.4881
0.588      0.2790      0.2957      0.0451      0.4870
0.589      0.2772      0.2935      0.0427      0.4859
0.590      0.2753      0.2913      0.0403      0.4848
0.591      0.2735      0.2891      0.0380      0.4837
0.592      0.2717      0.2868      0.0352      0.4827
0.593      0.2698      0.2845      0.0323      0.4816
0.594      0.2679      0.2823      0.0294      0.4805
0.595      0.2661      0.2800      0.0266      0.4793
0.596      0.2642      0.2777      0.0240      0.4782
0.597      0.2623      0.2754      0.0213      0.4771
0.598      0.2604      0.2731      0.0187      0.4760
0.599      0.2585      0.2707      0.0160      0.4749
0.600      0.2566      0.2684      0.0133      0.4737
0.601      0.2546      0.2661      0.0106      0.4723
0.602      0.2527      0.2637      0.0079      0.4709
0.603      0.2507      0.2613      0.0052      0.4695
0.604      0.2488      0.2589      0.0026      0.4680
0.605      0.2468      0.2565      0.0002      0.4666
0.606      0.2448      0.2541     -0.0023      0.4651
0.607      0.2429      0.2517     -0.0047      0.4637
0.608      0.2409      0.2493     -0.0072      0.4622
0.609      0.2388      0.2468     -0.0097      0.4608
0.610      0.2368      0.2444     -0.0122      0.4593
0.611      0.2348      0.2419     -0.0149      0.4578
0.612      0.2328      0.2394     -0.0178      0.4563
0.613      0.2307      0.2369     -0.0207      0.4551
0.614      0.2286      0.2344     -0.0236      0.4540
0.615      0.2266      0.2319     -0.0265      0.4528
0.616      0.2245      0.2293     -0.0294      0.4517
0.617      0.2224      0.2268     -0.0325      0.4505
0.618      0.2203      0.2242     -0.0356      0.4493
0.619      0.2182      0.2216     -0.0388      0.4481
0.620      0.2161      0.2190     -0.0417      0.4469
0.621      0.2139      0.2164     -0.0446      0.4452
0.622      0.2118      0.2138     -0.0474      0.4436
0.623      0.2096      0.2112     -0.0504      0.4423
0.624      0.2074      0.2085     -0.0532      0.4412
0.625      0.2053      0.2059     -0.0561      0.4401
0.626      0.2031      0.2032     -0.0591      0.4390
0.627      0.2008      0.2005     -0.0620      0.4378
0.628      0.1986      0.1978     -0.0650      0.4367
0.629      0.1964      0.1951     -0.0680      0.4356
0.630      0.1942      0.1923     -0.0710      0.4344
0.631      0.1919      0.1896     -0.0739      0.4333
0.632      0.1896      0.1868     -0.0766      0.4315
0.633      0.1874      0.1840     -0.0793      0.4298
0.634      0.1851      0.1812     -0.0820      0.4280
0.635      0.1828      0.1784     -0.0847      0.4263
0.636      0.1804      0.1756     -0.0875      0.4245
0.637      0.1781      0.1728     -0.0903      0.4227
0.638      0.1758      0.1699     -0.0931      0.4209
0.639      0.1734      0.1670     -0.0961      0.4191
0.640      0.1710      0.1642     -0.0991      0.4173
0.641      0.1687      0.1613     -0.1021      0.4155
0.642      0.1663      0.1583     -0.1051      0.4137
0.643      0.1639      0.1554     -0.1082      0.4119
0.644      0.1614      0.1524     -0.1112      0.4100
0.645      0.1590      0.1495     -0.1143      0.4081
0.646      0.1565      0.1465     -0.1174      0.4066
0.647      0.1541      0.1435     -0.1205      0.4052
0.648      0.1516      0.1405     -0.1237      0.4038
0.649      0.1491      0.1374     -0.1268      0.4024
0.650      0.1466      0.1344     -0.1300      0.4009
0.651      0.1441      0.1313     -0.1332      0.3995
0.652      0.1416      0.1282     -0.1364      0.3980
0.653      0.1390      0.1251     -0.1396      0.3964
0.654      0.1364      0.1220     -0.1429      0.3946
0.655      0.1339      0.1188     -0.1463      0.3928
0.656      0.1313      0.1157     -0.1494      0.3912
0.657      0.1287      0.1125     -0.1528      0.3896
0.658      0.1260      0.1093     -0.1562      0.3881
0.659      0.1234      0.1061     -0.1597      0.3865
0.660      0.1207      0.1028     -0.1632      0.3849
0.661      0.1181      0.0996     -0.1667      0.3832
0.662      0.1154      0.0963     -0.1703      0.3816
0.663      0.1127      0.0930     -0.1738      0.3800
0.664      0.1100      0.0897     -0.1774      0.3783
0.665      0.1072      0.0864     -0.1810      0.3766
0.666      0.1045      0.0830     -0.1846      0.3747
0.667      0.1017      0.0796     -0.1883      0.3727
0.668      0.0989      0.0762     -0.1920      0.3708
0.669      0.0961      0.0728     -0.1956      0.3688
0.670      0.0933      0.0694     -0.1994      0.3668
0.671      0.0905      0.0659     -0.2031      0.3648
0.672      0.0876      0.0625     -0.2069      0.3628
0.673      0.0847      0.0590     -0.2107      0.3608
0.674      0.0818      0.0554     -0.2146      0.3588
0.675      0.0789      0.0519     -0.2185      0.3567
0.676      0.0760      0.0483     -0.2224      0.3547
0.677      0.0731      0.0447     -0.2264      0.3526
0.678      0.0701      0.0411     -0.2303      0.3505
0.679      0.0671      0.0375     -0.2343      0.3484
0.680      0.0641      0.0338     -0.2384      0.3463
0.681      0.0611      0.0302     -0.2424      0.3442
0.682      0.0581      0.0265     -0.2465      0.3420
0.683      0.0550      0.0227     -0.2506      0.3399
0.684      0.0520      0.0190     -0.2547      0.3379
0.685      0.0489      0.0152     -0.2588      0.3359
0.686      0.0458      0.0114     -0.2630      0.3339
0.687      0.0426      0.0076     -0.2672      0.3319
0.688      0.0395      0.0038     -0.2714      0.3298
0.689      0.0363     -0.0001     -0.2757      0.3277
0.690      0.0331     -0.0040     -0.2800      0.3256
0.691      0.0299     -0.0079     -0.2843      0.3236
0.692      0.0267     -0.0118     -0.2886      0.3214
0.693      0.0234     -0.0158     -0.2929      0.3190
0.694      0.0201     -0.0198     -0.2971      0.3165
0.695      0.0168     -0.0238     -0.3013      0.3140
0.696      0.0135     -0.0279     -0.3056      0.3115
0.697      0.0102     -0.0320     -0.3099      0.3089
0.698      0.0068     -0.0361     -0.3142      0.3063
0.699      0.0034     -0.0402     -0.3185      0.3045
0.700      0.0000     -0.0443     -0.3229      0.3026
0.701     -0.0034     -0.0485     -0.3273      0.3008
0.702     -0.0069     -0.0527     -0.3317      0.2985
0.703     -0.0104     -0.0570     -0.3361      0.2961
0.704     -0.0139     -0.0612     -0.3407      0.2936
0.705     -0.0174     -0.0655     -0.3455      0.2916
0.706     -0.0209     -0.0699     -0.3503      0.2893
0.707     -0.0245     -0.0742     -0.3552      0.2869
0.708     -0.0281     -0.0786     -0.3601      0.2844
0.709     -0.0317     -0.0830     -0.3651      0.2818
0.710     -0.0354     -0.0875     -0.3700      0.2792
0.711     -0.0391     -0.0920     -0.3750      0.2766
0.712     -0.0428     -0.0965     -0.3801      0.2739
0.713     -0.0465     -0.1010     -0.3852      0.2713
0.714     -0.0502     -0.1056     -0.3903      0.2686
0.715     -0.0540     -0.1102     -0.3955      0.2659
0.716     -0.0578     -0.1148     -0.4006      0.2632
0.717     -0.0616     -0.1195     -0.4056      0.2605
0.718     -0.0655     -0.1242     -0.4107      0.2577
0.719     -0.0694     -0.1289     -0.4162      0.2550
0.720     -0.0733     -0.1337     -0.4217      0.2522
0.721     -0.0772     -0.1385     -0.4272      0.2494
0.722     -0.0812     -0.1433     -0.4326      0.2465
0.723     -0.0852     -0.1482     -0.4380      0.2437
0.724     -0.0892     -0.1531     -0.4435      0.2408
0.725     -0.0933     -0.1581     -0.4491      0.2379
0.726     -0.0974     -0.1630     -0.4546      0.2350
0.727     -0.1015     -0.1681     -0.4601      0.2321
0.728     -0.1056     -0.1731     -0.4655      0.2291
0.729     -0.1098     -0.1782     -0.4714      0.2261
0.730     -0.1140     -0.1833     -0.4772      0.2231
0.731     -0.1183     -0.1885     -0.4829      0.2201
0.732     -0.1225     -0.1937     -0.4886      0.2171
0.733     -0.1268     -0.1990     -0.4944      0.2143
0.734     -0.1312     -0.2042     -0.5002      0.2117
0.735     -0.1355     -0.2096     -0.5061      0.2092
0.736     -0.1399     -0.2149     -0.5120      0.2066
0.737     -0.1444     -0.2203     -0.5179      0.2040
0.738     -0.1488     -0.2258     -0.5239      0.2014
0.739     -0.1533     -0.2313     -0.5300      0.1987
0.740     -0.1579     -0.2368     -0.5360      0.1961
0.741     -0.1625     -0.2424     -0.5422      0.1934
0.742     -0.1671     -0.2480     -0.5484      0.1907
0.743     -0.1717     -0.2536     -0.5548      0.1879
0.744     -0.1764     -0.2594     -0.5609      0.1852
0.745     -0.1811     -0.2651     -0.5672      0.1824
0.746     -0.1859     -0.2709     -0.5735      0.1796
0.747     -0.1906     -0.2767     -0.5800      0.1768
0.748     -0.1955     -0.2826     -0.5864      0.1740
0.749     -0.2003     -0.2886     -0.5930      0.1711
0.750     -0.2053     -0.2945     -0.5995      0.1683
0.751     -0.2102     -0.3006     -0.6062      0.1652
0.752     -0.2152     -0.3066     -0.6129      0.1619
0.753     -0.2202     -0.3128     -0.6196      0.1585
0.754     -0.2253     -0.3189     -0.6264      0.1551
0.755     -0.2304     -0.3252     -0.6332      0.1517
0.756     -0.2355     -0.3315     -0.6401      0.1482
0.757     -0.2407     -0.3378     -0.6471      0.1447
0.758     -0.2460     -0.3442     -0.6541      0.1412
0.759     -0.2512     -0.3506     -0.6612      0.1376
0.760     -0.2566     -0.3571     -0.6683      0.1341
0.761     -0.2619     -0.3636     -0.6755      0.1305
0.762     -0.2673     -0.3702     -0.6828      0.1268
0.763     -0.2728     -0.3769     -0.6901      0.1231
0.764     -0.2783     -0.3836     -0.6969      0.1194
0.765     -0.2839     -0.3904     -0.7046      0.1157
0.766     -0.2895     -0.3972     -0.7124      0.1120
0.767     -0.2951     -0.4041     -0.7200      0.1082
0.768     -0.3008     -0.4110     -0.7279      0.1043
0.769     -0.3065     -0.4180     -0.7359      0.1005
0.770     -0.3123     -0.4251     -0.7439      0.0969
0.771     -0.3182     -0.4322     -0.7521      0.0934
0.772     -0.3241     -0.4394     -0.7603      0.0898
0.773     -0.3300     -0.4466     -0.7686      0.0863
0.774     -0.3360     -0.4540     -0.7769      0.0827
0.775     -0.3421     -0.4613     -0.7854      0.0790
0.776     -0.3482     -0.4688     -0.7939      0.0753
0.777     -0.3544     -0.4763     -0.8025      0.0716
0.778     -0.3606     -0.4839     -0.8111      0.0679
0.779     -0.3669     -0.4915     -0.8199      0.0641
0.780     -0.3732     -0.4992     -0.8287      0.0603
0.781     -0.3796     -0.5070     -0.8376      0.0557
0.782     -0.3860     -0.5149     -0.8465      0.0511
0.783     -0.3925     -0.5228     -0.8552      0.0464
0.784     -0.3991     -0.5308     -0.8640      0.0417
0.785     -0.4057     -0.5389     -0.8729      0.0370
0.786     -0.4124     -0.5471     -0.8818      0.0322
0.787     -0.4192     -0.5553     -0.8908      0.0274
0.788     -0.4260     -0.5636     -0.9000      0.0225
0.789     -0.4329     -0.5720     -0.9092      0.0176
0.790     -0.4398     -0.5805     -0.9184      0.0126
0.791     -0.4468     -0.5890     -0.9278      0.0076
0.792     -0.4539     -0.5977     -0.9373      0.0025
0.793     -0.4611     -0.6064     -0.9468     -0.0026
0.794     -0.4683     -0.6152     -0.9565     -0.0077
0.795     -0.4756     -0.6241     -0.9662     -0.0128
0.796     -0.4829     -0.6330     -0.9761     -0.0171
0.797     -0.4904     -0.6421     -0.9860     -0.0214
0.798     -0.4979     -0.6513     -0.9961     -0.0258
0.799     -0.5055     -0.6605     -1.0062     -0.0302
0.800     -0.5131     -0.6698     -1.0164     -0.0347
0.801     -0.5209     -0.6793     -1.0268     -0.0392
0.802     -0.5287     -0.6888     -1.0372     -0.0439
0.803     -0.5366     -0.6984     -1.0478     -0.0494
0.804     -0.5445     -0.7081     -1.0584     -0.0550
0.805     -0.5526     -0.7179     -1.0694     -0.0606
0.806     -0.5607     -0.7279     -1.0806     -0.0663
0.807     -0.5690     -0.7379     -1.0919     -0.0720
0.808     -0.5773     -0.7480     -1.1033     -0.0778
0.809     -0.5857     -0.7583     -1.1147     -0.0837
0.810     -0.5941     -0.7686     -1.1257     -0.0896
0.811     -0.6027     -0.7790     -1.1374     -0.0955
0.812     -0.6114     -0.7896     -1.1493     -0.1016
0.813     -0.6201     -0.8003     -1.1614     -0.1077
0.814     -0.6290     -0.8111     -1.1735     -0.1139
0.815     -0.6379     -0.8220     -1.1859     -0.1201
0.816     -0.6470     -0.8330     -1.1979     -0.1264
0.817     -0.6561     -0.8442     -1.2100     -0.1328
0.818     -0.6654     -0.8554     -1.2222     -0.1392
0.819     -0.6747     -0.8668     -1.2346     -0.1458
0.820     -0.6842     -0.8783     -1.2471     -0.1523
0.821     -0.6937     -0.8900     -1.2597     -0.1590
0.822     -0.7034     -0.9018     -1.2725     -0.1657
0.823     -0.7132     -0.9137     -1.2857     -0.1726
0.824     -0.7230     -0.9257     -1.2996     -0.1795
0.825     -0.7330     -0.9379     -1.3126     -0.1863
0.826     -0.7431     -0.9502     -1.3257     -0.1931
0.827     -0.7534     -0.9627     -1.3391     -0.2000
0.828     -0.7637     -0.9753     -1.3525     -0.2069
0.829     -0.7742     -0.9881     -1.3662     -0.2139
0.830     -0.7848     -1.0010     -1.3801     -0.2205
0.831     -0.7955     -1.0140     -1.3947     -0.2272
0.832     -0.8063     -1.0273     -1.4089     -0.2340
0.833     -0.8173     -1.0406     -1.4232     -0.2408
0.834     -0.8284     -1.0542     -1.4383     -0.2478
0.835     -0.8397     -1.0679     -1.4539     -0.2548
0.836     -0.8510     -1.0817     -1.4696     -0.2619
0.837     -0.8626     -1.0958     -1.4855     -0.2691
0.838     -0.8742     -1.1100     -1.5016     -0.2764
0.839     -0.8860     -1.1244     -1.5179     -0.2838
0.840     -0.8980     -1.1390     -1.5344     -0.2912
0.841     -0.9101     -1.1537     -1.5511     -0.2988
0.842     -0.9223     -1.1686     -1.5680     -0.3064
0.843     -0.9347     -1.1838     -1.5852     -0.3142
0.844     -0.9473     -1.1991     -1.6025     -0.3220
0.845     -0.9600     -1.2146     -1.6201     -0.3300
0.846     -0.9729     -1.2303     -1.6379     -0.3380
0.847     -0.9860     -1.2463     -1.6560     -0.3462
0.848     -0.9992     -1.2624     -1.6743     -0.3545
0.849     -1.0127     -1.2788     -1.6928     -0.3628
0.850     -1.0263     -1.2953     -1.7116     -0.3713
0.851     -1.0400     -1.3121     -1.7306     -0.3799
0.852     -1.0540     -1.3291     -1.7499     -0.3887
0.853     -1.0681     -1.3464     -1.7688     -0.3975
0.854     -1.0825     -1.3639     -1.7877     -0.4065
0.855     -1.0970     -1.3816     -1.8069     -0.4155
0.856     -1.1118     -1.3996     -1.8264     -0.4247
0.857     -1.1267     -1.4178     -1.8461     -0.4341
0.858     -1.1419     -1.4363     -1.8661     -0.4436
0.859     -1.1573     -1.4550     -1.8864     -0.4532
0.860     -1.1729     -1.4740     -1.9071     -0.4629
0.861     -1.1887     -1.4933     -1.9295     -0.4728
0.862     -1.2047     -1.5129     -1.9522     -0.4828
0.863     -1.2210     -1.5327     -1.9753     -0.4929
0.864     -1.2375     -1.5529     -1.9987     -0.5033
0.865     -1.2543     -1.5733     -2.0224     -0.5138
0.866     -1.2713     -1.5941     -2.0466     -0.5244
0.867     -1.2886     -1.6151     -2.0710     -0.5357
0.868     -1.3061     -1.6365     -2.0959     -0.5471
0.869     -1.3239     -1.6582     -2.1211     -0.5587
0.870     -1.3420     -1.6803     -2.1467     -0.5705
0.871     -1.3604     -1.7026     -2.1727     -0.5825
0.872     -1.3790     -1.7254     -2.1988     -0.5946
0.873     -1.3980     -1.7484     -2.2250     -0.6070
0.874     -1.4172     -1.7719     -2.2515     -0.6195
0.875     -1.4368     -1.7957     -2.2785     -0.6322
0.876     -1.4566     -1.8199     -2.3060     -0.6452
0.877     -1.4768     -1.8445     -2.3338     -0.6583
0.878     -1.4973     -1.8696     -2.3612     -0.6717
0.879     -1.5182     -1.8950     -2.3891     -0.6853
0.880     -1.5394     -1.9208     -2.4174     -0.6991
0.881     -1.5609     -1.9471     -2.4470     -0.7132
0.882     -1.5829     -1.9738     -2.4778     -0.7275
0.883     -1.6052     -2.0010     -2.5090     -0.7420
0.884     -1.6279     -2.0287     -2.5409     -0.7568
0.885     -1.6509     -2.0568     -2.5732     -0.7718
0.886     -1.6744     -2.0854     -2.6062     -0.7871
0.887     -1.6983     -2.1146     -2.6392     -0.8027
0.888     -1.7226     -2.1442     -2.6718     -0.8185
0.889     -1.7474     -2.1744     -2.7049     -0.8347
0.890     -1.7726     -2.2051     -2.7386     -0.8511
0.891     -1.7983     -2.2364     -2.7729     -0.8678
0.892     -1.8245     -2.2683     -2.8079     -0.8849
0.893     -1.8511     -2.3008     -2.8435     -0.9023
0.894     -1.8782     -2.3339     -2.8798     -0.9199
0.895     -1.9059     -2.3676     -2.9167     -0.9380
0.896     -1.9341     -2.4020     -2.9544     -0.9563
0.897     -1.9628     -2.4370     -2.9928     -0.9751
0.898     -1.9921     -2.4727     -3.0320     -0.9942
0.899     -2.0220     -2.5092     -3.0720     -1.0136
0.900     -2.0525     -2.5463     -3.1127     -1.0335
0.901     -2.0836     -2.5842     -3.1543     -1.0538
0.902     -2.1153     -2.6229     -3.1967     -1.0745
0.903     -2.1477     -2.6624     -3.2400     -1.0956
0.904     -2.1808     -2.7027     -3.2842     -1.1171
0.905     -2.2145     -2.7438     -3.3293     -1.1391
0.906     -2.2490     -2.7859     -3.3754     -1.1616
0.907     -2.2842     -2.8288     -3.4225     -1.1845
0.908     -2.3202     -2.8727     -3.4706     -1.2080
0.909     -2.3570     -2.9175     -3.5197     -1.2319
0.910     -2.3946     -2.9633     -3.5700     -1.2564
0.911     -2.4330     -3.0102     -3.6214     -1.2815
0.912     -2.4723     -3.0581     -3.6755     -1.3071
0.913     -2.5126     -3.1071     -3.7308     -1.3333
0.914     -2.5537     -3.1573     -3.7875     -1.3601
0.915     -2.5958     -3.2086     -3.8455     -1.3876
0.916     -2.6389     -3.2612     -3.9048     -1.4157
0.917     -2.6831     -3.3150     -3.9656     -1.4435
0.918     -2.7283     -3.3701     -4.0279     -1.4714
0.919     -2.7747     -3.4266     -4.0917     -1.5000
0.920     -2.8222     -3.4846     -4.1571     -1.5293
0.921     -2.8709     -3.5439     -4.2242     -1.5593
0.922     -2.9209     -3.6049     -4.2929     -1.5917
0.923     -2.9721     -3.6673     -4.3635     -1.6262
0.924     -3.0247     -3.7315     -4.4363     -1.6616
0.925     -3.0788     -3.7973     -4.5113     -1.6980
0.926     -3.1342     -3.8649     -4.5883     -1.7353
0.927     -3.1912     -3.9344     -4.6675     -1.7737
0.928     -3.2498     -4.0058     -4.7489     -1.8131
0.929     -3.3100     -4.0792     -4.8325     -1.8530
0.930     -3.3720     -4.1547     -4.9186     -1.8934
0.931     -3.4357     -4.2324     -5.0054     -1.9349
0.932     -3.5013     -4.3124     -5.0946     -1.9777
0.933     -3.5689     -4.3948     -5.1883     -2.0217
0.934     -3.6385     -4.4797     -5.2848     -2.0671
0.935     -3.7103     -4.5672     -5.3843     -2.1139
0.936     -3.7843     -4.6574     -5.4866     -2.1621
0.937     -3.8607     -4.7504     -5.5908     -2.2119
0.938     -3.9395     -4.8465     -5.6984     -2.2632
0.939     -4.0209     -4.9458     -5.8095     -2.3163
0.940     -4.1050     -5.0483     -5.9243     -2.3711
0.941     -4.1920     -5.1543     -6.0430     -2.4278
0.942     -4.2820     -5.2640     -6.1666     -2.4864
0.943     -4.3751     -5.3775     -6.2948     -2.5471
0.944     -4.4715     -5.4951     -6.4276     -2.6100
0.945     -4.5715     -5.6169     -6.5652     -2.6751
0.946     -4.6752     -5.7433     -6.7079     -2.7427
0.947     -4.7827     -5.8744     -6.8560     -2.8128
0.948     -4.8944     -6.0106     -7.0097     -2.8856
0.949     -5.0105     -6.1521     -7.1696     -2.9612
0.950     -5.1313     -6.2993     -7.3358     -3.0399
0.951     -5.2569     -6.4525     -7.5087     -3.1218
0.952     -5.3878     -6.6120     -7.6889     -3.2071
0.953     -5.5243     -6.7784     -7.8768     -3.2960
0.954     -5.6667     -6.9520     -8.0728     -3.3888
0.955     -5.8154     -7.1333     -8.2776     -3.4858
0.956     -5.9709     -7.3228     -8.4916     -3.5871
0.957     -6.1337     -7.5212     -8.7156     -3.6931
0.958     -6.3041     -7.7290     -8.9503     -3.8042
0.959     -6.4829     -7.9469     -9.1964     -3.9207
0.960     -6.6706     -8.1758     -9.4548     -4.0431
0.961     -6.8680     -8.4164     -9.7265     -4.1717
0.962     -7.0758     -8.6696    -10.0125     -4.3071
0.963     -7.2947     -8.9365    -10.3140     -4.4494
0.964     -7.5259     -9.2183    -10.6321     -4.5990
0.965     -7.7702     -9.5161    -10.9685     -4.7571
0.966     -8.0289     -9.8315    -11.3246     -4.9245
0.967     -8.3033    -10.1660    -11.7024     -5.1021
0.968     -8.5949    -10.5214    -12.1037     -5.2907
0.969     -8.9052    -10.8997    -12.5310     -5.4915
0.970     -9.2363    -11.3033    -12.9867     -5.7058
0.971     -9.5902    -11.7347    -13.4739     -5.9347
0.972     -9.9693    -12.1969    -13.9933     -6.1801
0.973    -10.3766    -12.6933    -14.5509     -6.4436
0.974    -10.8152    -13.2279    -15.1514     -6.7274
0.975    -11.2888    -13.8052    -15.7992     -7.0338
0.976    -11.8020    -14.4308    -16.4997     -7.3659
0.977    -12.3597    -15.1107    -17.2610     -7.7268
0.978    -12.9681    -15.8524    -18.0916     -8.1208
0.979    -13.6345    -16.6647    -19.0013     -8.5557
0.980    -14.3675    -17.5582    -20.0019     -9.0340
0.981    -15.1778    -18.5458    -21.1079     -9.5627
0.982    -16.0780    -19.6432    -22.3366    -10.1502
0.983    -17.0842    -20.8696    -23.7101    -10.8068
0.984    -18.2160    -22.2495    -25.2551    -11.5423
0.985    -19.4989    -23.8133    -27.0064    -12.3706
0.986    -20.9649    -25.6004    -29.0076    -13.3171
0.987    -22.6567    -27.6624    -31.3169    -14.4094
0.988    -24.6302    -30.0681    -34.0108    -15.6839
0.989    -26.9625    -32.9112    -37.1945    -17.1897
0.990    -29.7615    -36.3233    -41.0153    -18.9970
0.991    -33.1822    -40.4933    -45.6847    -21.2055
0.992    -37.4586    -45.7057    -51.5219    -23.9670
0.993    -42.9561    -52.4074    -59.0264    -27.5242
0.994    -50.2861    -61.3429    -69.0321    -32.2670
0.995    -60.5493    -73.8542    -83.0425    -38.9073
0.996    -75.9445    -92.6194   -104.0572    -48.8691
0.997   -101.6004   -123.8948   -139.0791    -65.4694
0.998   -152.9109   -186.4455   -209.1216    -98.6685
0.999   -306.8654   -374.0977   -419.2716   -198.2961
