0.001    -54.1674    -23.6314    -64.6512    -43.7138
0.002    -26.5935    -11.3572    -31.8361    -21.3861
0.003    -17.4022     -7.2658    -20.8977    -13.9453
0.004    -12.8066     -5.2202    -15.4285    -10.2248
0.005    -10.0492     -3.9927    -12.1470     -7.9926
0.006     -8.2109     -3.1745     -9.9593     -6.5028
0.007     -6.8979     -2.5900     -8.3967     -5.4336
0.008     -5.9131     -2.1516     -7.2247     -4.6317
0.009     -5.1472     -1.8107     -6.3132     -4.0080
0.010     -4.5344     -1.5379     -5.5840     -3.5091
0.011     -4.0331     -1.3147     -4.9874     -3.1008
0.012     -3.6153     -1.1288     -4.4902     -2.7607
0.013     -3.2618     -0.9714     -4.0695     -2.4735
0.014     -2.9588     -0.8365     -3.7088     -2.2265
0.015     -2.6962     -0.7196     -3.3956     -2.0122
0.016     -2.4664     -0.6173     -3.1213     -1.8266
0.017     -2.2636     -0.5271     -2.8794     -1.6628
0.018     -2.0834     -0.4469     -2.6643     -1.5172
0.019     -1.9222     -0.3751     -2.4719     -1.3869
0.020     -1.7770     -0.3105     -2.2987     -1.2696
0.021     -1.6457     -0.2520     -2.1420     -1.1636
0.022     -1.5264     -0.1989     -1.9997     -1.0671
0.023     -1.4174     -0.1504     -1.8704     -0.9791
0.024     -1.3175     -0.1059     -1.7518     -0.8980
0.025     -1.2256     -0.0650     -1.6428     -0.8230
0.026     -1.1407     -0.0272     -1.5421     -0.7543
0.027     -1.0622      0.0077     -1.4489     -0.6909
0.028     -0.9892      0.0402     -1.3623     -0.6320
0.029     -0.9213      0.0704     -1.2817     -0.5772
0.030     -0.8579      0.0987     -1.2065     -0.5260
0.031     -0.7986      0.1250     -1.1361     -0.4781
0.032     -0.7430      0.1498     -1.0702     -0.4332
0.033     -0.6908      0.1730     -1.0082     -0.3911
0.034     -0.6416      0.1949     -0.9499     -0.3514
0.035     -0.5953      0.2155     -0.8949     -0.3140
0.036     -0.5515      0.2350     -0.8424     -0.2786
0.037     -0.5101      0.2535     -0.7926     -0.2452
0.038     -0.4709      0.2709     -0.7457     -0.2136
0.039     -0.4337      0.2875     -0.7009     -0.1835
0.040     -0.3983      0.3032     -0.6581     -0.1549
0.041     -0.3647      0.3182     -0.6176     -0.1276
0.042     -0.3327      0.3324     -0.5798     -0.1017
0.043     -0.3021      0.3460     -0.5437     -0.0767
0.044     -0.2730      0.3590     -0.5093     -0.0526
0.045     -0.2451      0.3714     -0.4764     -0.0296
0.046     -0.2185      0.3833     -0.4450     -0.0076
0.047     -0.1930      0.3946     -0.4148      0.0129
0.048     -0.1686      0.4055     -0.3858      0.0326
0.049     -0.1451      0.4159     -0.3576      0.0515
0.050     -0.1226      0.4260     -0.3306      0.0697
0.051     -0.1010      0.4356     -0.3051      0.0872
0.052     -0.0802      0.4448     -0.2805      0.1042
0.053     -0.0602      0.4538     -0.2567      0.1207
0.054     -0.0409      0.4623     -0.2336      0.1366
0.055     -0.0223      0.4706     -0.2112      0.1520
0.056     -0.0044      0.4786     -0.1893      0.1667
0.057      0.0129      0.4863     -0.1683      0.1810
0.058      0.0295      0.4937     -0.1480      0.1948
0.059      0.0457      0.5009     -0.1285      0.2081
0.060      0.0612      0.5078     -0.1095      0.2210
0.061      0.0763      0.5145     -0.0911      0.2334
0.062      0.0909      0.5210     -0.0740      0.2455
0.063      0.1050      0.5273     -0.0575      0.2572
0.064      0.1187      0.5334     -0.0415      0.2685
0.065      0.1319      0.5393     -0.0261      0.2792
0.066      0.1448      0.5450     -0.0109      0.2900
0.067      0.1573      0.5505      0.0040      0.3003
0.068      0.1694      0.5559      0.0186      0.3104
0.069      0.1811      0.5612      0.0326      0.3201
0.070      0.1925      0.5662      0.0463      0.3295
0.071      0.2036      0.5712      0.0596      0.3387
0.072      0.2144      0.5760      0.0726      0.3476
0.073      0.2249      0.5807      0.0852      0.3563
0.074      0.2351      0.5852      0.0974      0.3647
0.075      0.2451      0.5896      0.1094      0.3729
0.076      0.2547      0.5939      0.1211      0.3809
0.077      0.2642      0.5981      0.1325      0.3886
0.078      0.2733      0.6022      0.1434      0.3960
0.079      0.2823      0.6062      0.1540      0.4034
0.080      0.2910      0.6101      0.1644      0.4107
0.081      0.2995      0.6139      0.1746      0.4177
0.082      0.3078      0.6176      0.1846      0.4246
0.083      0.3159      0.6212      0.1943      0.4314
0.084      0.3238      0.6247      0.2038      0.4380
0.085      0.3316      0.6281      0.2131      0.4444
0.086      0.3391      0.6315      0.2221      0.4506
0.087      0.3465      0.6348      0.2310      0.4567
0.088      0.3537      0.6380      0.2396      0.4627
0.089      0.3607      0.6411      0.2480      0.4685
0.090      0.3676      0.6442      0.2563      0.4742
0.091      0.3743      0.6472      0.2644      0.4798
0.092      0.3809      0.6501      0.2723      0.4852
0.093      0.3874      0.6530      0.2800      0.4905
0.094      0.3937      0.6558      0.2876      0.4957
0.095      0.3999      0.6585      0.2950      0.5007
0.096      0.4059      0.6612      0.3022      0.5056
0.097      0.4118      0.6639      0.3093      0.5106
0.098      0.4176      0.6664      0.3163      0.5155
0.099      0.4233      0.6690      0.3231      0.5202
0.100      0.4289      0.6714      0.3298      0.5248
0.101      0.4343      0.6739      0.3364      0.5294
0.102      0.4397      0.6763      0.3429      0.5338
0.103      0.4449      0.6786      0.3493      0.5381
0.104      0.4501      0.6809      0.3555      0.5425
0.105      0.4551      0.6831      0.3616      0.5466
0.106      0.4601      0.6853      0.3675      0.5506
0.107      0.4650      0.6875      0.3732      0.5547
0.108      0.4697      0.6896      0.3788      0.5586
0.109      0.4744      0.6917      0.3844      0.5622
0.110      0.4790      0.6938      0.3899      0.5658
0.111      0.4835      0.6958      0.3953      0.5695
0.112      0.4880      0.6977      0.4006      0.5732
0.113      0.4923      0.6997      0.4059      0.5769
0.114      0.4966      0.7016      0.4110      0.5804
0.115      0.5008      0.7035      0.4160      0.5838
0.116      0.5049      0.7053      0.4208      0.5871
0.117      0.5090      0.7071      0.4255      0.5904
0.118      0.5130      0.7089      0.4303      0.5936
0.119      0.5169      0.7106      0.4348      0.5967
0.120      0.5208      0.7124      0.4392      0.5998
0.121      0.5246      0.7140      0.4436      0.6029
0.122      0.5283      0.7157      0.4479      0.6059
0.123      0.5320      0.7173      0.4522      0.6088
0.124      0.5356      0.7190      0.4563      0.6117
0.125      0.5392      0.7205      0.4604      0.6145
0.126      0.5427      0.7221      0.4645      0.6174
0.127      0.5461      0.7236      0.4686      0.6201
0.128      0.5495      0.7251      0.4726      0.6228
0.129      0.5529      0.7266      0.4766      0.6255
0.130      0.5561      0.7281      0.4806      0.6281
0.131      0.5594      0.7295      0.4845      0.6307
0.132      0.5626      0.7310      0.4883      0.6332
0.133      0.5657      0.7324      0.4921      0.6357
0.134      0.5688      0.7337      0.4958      0.6382
0.135      0.5719      0.7351      0.4994      0.6406
0.136      0.5749      0.7364      0.5030      0.6430
0.137      0.5778      0.7377      0.5065      0.6453
0.138      0.5807      0.7390      0.5099      0.6477
0.139      0.5836      0.7403      0.5132      0.6500
0.140      0.5864      0.7416      0.5167      0.6523
0.141      0.5892      0.7428      0.5200      0.6546
0.142      0.5920      0.7441      0.5232      0.6569
0.143      0.5947      0.7453      0.5263      0.6590
0.144      0.5974      0.7465      0.5294      0.6612
0.145      0.6000      0.7476      0.5325      0.6633
0.146      0.6026      0.7488      0.5356      0.6654
0.147      0.6052      0.7499      0.5385      0.6674
0.148      0.6077      0.7511      0.5415      0.6694
0.149      0.6102      0.7522      0.5444      0.6714
0.150      0.6127      0.7533      0.5473      0.6734
0.151      0.6151      0.7544      0.5501      0.6754
0.152      0.6175      0.7554      0.5529      0.6773
0.153      0.6199      0.7565      0.5557      0.6792
0.154      0.6223      0.7575      0.5584      0.6811
0.155      0.6246      0.7586      0.5611      0.6830
0.156      0.6268      0.7596      0.5637      0.6848
0.157      0.6291      0.7606      0.5664      0.6866
0.158      0.6313      0.7616      0.5690      0.6884
0.159      0.6335      0.7625      0.5716      0.6902
0.160      0.6357      0.7635      0.5742      0.6921
0.161      0.6378      0.7645      0.5768      0.6938
0.162      0.6399      0.7654      0.5793      0.6956
0.163      0.6420      0.7663      0.5818      0.6974
0.164      0.6441      0.7672      0.5843      0.6991
0.165      0.6461      0.7682      0.5868      0.7008
0.166      0.6481      0.7690      0.5892      0.7024
0.167      0.6501      0.7699      0.5916      0.7041
0.168      0.6521      0.7708      0.5939      0.7057
0.169      0.6540      0.7717      0.5962      0.7074
0.170      0.6560      0.7725      0.5985      0.7090
0.171      0.6579      0.7734      0.6008      0.7106
0.172      0.6597      0.7742      0.6031      0.7122
0.173      0.6616      0.7750      0.6053      0.7137
0.174      0.6634      0.7758      0.6075      0.7153
0.175      0.6652      0.7767      0.6098      0.7168
0.176      0.6670      0.7774      0.6120      0.7181
0.177      0.6688      0.7782      0.6143      0.7195
0.178      0.6705      0.7790      0.6162      0.7209
0.179      0.6723      0.7798      0.6182      0.7223
0.180      0.6740      0.7805      0.6202      0.7237
0.181      0.6757      0.7813      0.6222      0.7251
0.182      0.6774      0.7820      0.6242      0.7265
0.183      0.6790      0.7828      0.6262      0.7278
0.184      0.6806      0.7835      0.6281      0.7292
0.185      0.6823      0.7842      0.6300      0.7305
0.186      0.6839      0.7849      0.6320      0.7318
0.187      0.6855      0.7857      0.6339      0.7331
0.188      0.6870      0.7864      0.6358      0.7344
0.189      0.6886      0.7870      0.6377      0.7357
0.190      0.6901      0.7877      0.6395      0.7369
0.191      0.6916      0.7884      0.6413      0.7381
0.192      0.6931      0.7891      0.6431      0.7393
0.193      0.6946      0.7897      0.6449      0.7405
0.194      0.6961      0.7904      0.6469      0.7417
0.195      0.6976      0.7910      0.6487      0.7428
0.196      0.6990      0.7917      0.6505      0.7440
0.197      0.7004      0.7923      0.6522      0.7447
0.198      0.7018      0.7929      0.6539      0.7453
0.199      0.7032      0.7936      0.6555      0.7480
0.200      0.7046      0.7942      0.6569      0.7494
0.201      0.7060      0.7948      0.6586      0.7508
0.202      0.7074      0.7954      0.6602      0.7511
0.203      0.7087      0.7960      0.6616      0.7522
0.204      0.7100      0.7966      0.6625      0.7532
0.205      0.7113      0.7972      0.6630      0.7539
0.206      0.7127      0.7978      0.6643      0.7554
0.207      0.7139      0.7983      0.6666      0.7571
0.208      0.7152      0.7989      0.6678      0.7589
0.209      0.7159      0.7995      0.6677      0.7599
0.210      0.7154      0.7992      0.6660      0.7601
0.211      0.7150      0.7986      0.6647      0.7603
0.212      0.7145      0.7979      0.6636      0.7606
0.213      0.7140      0.7972      0.6626      0.7607
0.214      0.7136      0.7966      0.6616      0.7614
0.215      0.7131      0.7959      0.6613      0.7617
0.216      0.7127      0.7953      0.6606      0.7623
0.217      0.7122      0.7946      0.6596      0.7624
0.218      0.7117      0.7939      0.6590      0.7621
0.219      0.7113      0.7933      0.6576      0.7630
0.220      0.7108      0.7926      0.6559      0.7629
0.221      0.7103      0.7919      0.6553      0.7625
0.222      0.7099      0.7913      0.6545      0.7625
0.223      0.7094      0.7906      0.6532      0.7624
0.224      0.7089      0.7899      0.6524      0.7621
0.225      0.7085      0.7892      0.6515      0.7618
0.226      0.7080      0.7886      0.6509      0.7614
0.227      0.7075      0.7879      0.6504      0.7610
0.228      0.7070      0.7872      0.6495      0.7605
0.229      0.7066      0.7865      0.6490      0.7600
0.230      0.7061      0.7858      0.6485      0.7595
0.231      0.7056      0.7852      0.6480      0.7591
0.232      0.7051      0.7845      0.6475      0.7587
0.233      0.7046      0.7838      0.6470      0.7584
0.234      0.7042      0.7831      0.6464      0.7581
0.235      0.7037      0.7824      0.6458      0.7577
0.236      0.7032      0.7817      0.6452      0.7574
0.237      0.7027      0.7810      0.6447      0.7570
0.238      0.7022      0.7803      0.6441      0.7566
0.239      0.7017      0.7796      0.6435      0.7561
0.240      0.7012      0.7789      0.6429      0.7558
0.241      0.7007      0.7782      0.6424      0.7554
0.242      0.7003      0.7775      0.6419      0.7550
0.243      0.6998      0.7768      0.6414      0.7546
0.244      0.6993      0.7761      0.6409      0.7543
0.245      0.6988      0.7754      0.6403      0.7539
0.246      0.6983      0.7746      0.6396      0.7535
0.247      0.6978      0.7739      0.6388      0.7531
0.248      0.6973      0.7732      0.6382      0.7528
0.249      0.6968      0.7725      0.6377      0.7524
0.250      0.6963      0.7718      0.6372      0.7520
0.251      0.6958      0.7710      0.6367      0.7516
0.252      0.6953      0.7703      0.6362      0.7513
0.253      0.6947      0.7696      0.6357      0.7509
0.254      0.6942      0.7689      0.6352      0.7505
0.255      0.6937      0.7681      0.6346      0.7501
0.256      0.6932      0.7674      0.6341      0.7497
0.257      0.6927      0.7667      0.6334      0.7493
0.258      0.6922      0.7659      0.6327      0.7489
0.259      0.6917      0.7652      0.6319      0.7484
0.260      0.6912      0.7644      0.6311      0.7480
0.261      0.6906      0.7637      0.6304      0.7477
0.262      0.6901      0.7629      0.6298      0.7473
0.263      0.6896      0.7622      0.6292      0.7470
0.264      0.6891      0.7615      0.6286      0.7465
0.265      0.6885      0.7607      0.6280      0.7461
0.266      0.6880      0.7599      0.6274      0.7458
0.267      0.6875      0.7592      0.6268      0.7454
0.268      0.6870      0.7584      0.6261      0.7450
0.269      0.6864      0.7577      0.6255      0.7446
0.270      0.6859      0.7569      0.6249      0.7443
0.271      0.6854      0.7561      0.6243      0.7440
0.272      0.6848      0.7554      0.6237      0.7436
0.273      0.6843      0.7546      0.6231      0.7432
0.274      0.6838      0.7538      0.6224      0.7428
0.275      0.6832      0.7531      0.6218      0.7423
0.276      0.6827      0.7523      0.6212      0.7419
0.277      0.6821      0.7515      0.6206      0.7416
0.278      0.6816      0.7507      0.6199      0.7410
0.279      0.6810      0.7500      0.6193      0.7406
0.280      0.6805      0.7492      0.6187      0.7401
0.281      0.6800      0.7484      0.6181      0.7396
0.282      0.6794      0.7476      0.6175      0.7391
0.283      0.6789      0.7468      0.6169      0.7386
0.284      0.6783      0.7460      0.6163      0.7381
0.285      0.6777      0.7452      0.6155      0.7376
0.286      0.6772      0.7444      0.6148      0.7371
0.287      0.6766      0.7436      0.6142      0.7366
0.288      0.6761      0.7428      0.6135      0.7361
0.289      0.6755      0.7420      0.6128      0.7356
0.290      0.6750      0.7412      0.6121      0.7351
0.291      0.6744      0.7404      0.6114      0.7347
0.292      0.6738      0.7396      0.6107      0.7342
0.293      0.6733      0.7388      0.6101      0.7337
0.294      0.6727      0.7380      0.6096      0.7332
0.295      0.6721      0.7372      0.6090      0.7327
0.296      0.6715      0.7363      0.6083      0.7322
0.297      0.6710      0.7355      0.6076      0.7318
0.298      0.6704      0.7347      0.6069      0.7313
0.299      0.6698      0.7339      0.6062      0.7310
0.300      0.6692      0.7330      0.6055      0.7306
0.301      0.6687      0.7322      0.6048      0.7302
0.302      0.6681      0.7314      0.6041      0.7299
0.303      0.6675      0.7305      0.6034      0.7295
0.304      0.6669      0.7297      0.6026      0.7290
0.305      0.6663      0.7289      0.6020      0.7285
0.306      0.6657      0.7280      0.6013      0.7280
0.307      0.6652      0.7272      0.6005      0.7275
0.308      0.6646      0.7263      0.5998      0.7270
0.309      0.6640      0.7255      0.5991      0.7265
0.310      0.6634      0.7246      0.5984      0.7260
0.311      0.6628      0.7238      0.5977      0.7255
0.312      0.6622      0.7229      0.5969      0.7249
0.313      0.6616      0.7221      0.5962      0.7244
0.314      0.6610      0.7212      0.5955      0.7240
0.315      0.6604      0.7203      0.5948      0.7236
0.316      0.6598      0.7195      0.5941      0.7231
0.317      0.6592      0.7186      0.5933      0.7227
0.318      0.6586      0.7177      0.5925      0.7223
0.319      0.6579      0.7168      0.5918      0.7218
0.320      0.6573      0.7160      0.5911      0.7213
0.321      0.6567      0.7151      0.5903      0.7207
0.322      0.6561      0.7142      0.5896      0.7203
0.323      0.6555      0.7133      0.5889      0.7199
0.324      0.6549      0.7124      0.5882      0.7193
0.325      0.6542      0.7115      0.5875      0.7188
0.326      0.6536      0.7106      0.5868      0.7183
0.327      0.6530      0.7097      0.5862      0.7177
0.328      0.6524      0.7088      0.5855      0.7172
0.329      0.6517      0.7079      0.5848      0.7167
0.330      0.6511      0.7070      0.5841      0.7162
0.331      0.6505      0.7061      0.5833      0.7158
0.332      0.6498      0.7052      0.5826      0.7152
0.333      0.6492      0.7043      0.5819      0.7146
0.334      0.6486      0.7034      0.5811      0.7140
0.335      0.6479      0.7025      0.5804      0.7135
0.336      0.6473      0.7016      0.5797      0.7130
0.337      0.6466      0.7006      0.5789      0.7126
0.338      0.6460      0.6997      0.5781      0.7121
0.339      0.6453      0.6988      0.5774      0.7116
0.340      0.6447      0.6978      0.5767      0.7112
0.341      0.6440      0.6969      0.5759      0.7107
0.342      0.6434      0.6960      0.5752      0.7102
0.343      0.6427      0.6950      0.5744      0.7097
0.344      0.6421      0.6941      0.5737      0.7092
0.345      0.6414      0.6931      0.5729      0.7087
0.346      0.6407      0.6922      0.5721      0.7081
0.347      0.6401      0.6912      0.5714      0.7075
0.348      0.6394      0.6903      0.5706      0.7070
0.349      0.6387      0.6893      0.5698      0.7064
0.350      0.6381      0.6884      0.5690      0.7058
0.351      0.6374      0.6874      0.5681      0.7052
0.352      0.6367      0.6864      0.5672      0.7048
0.353      0.6361      0.6855      0.5663      0.7045
0.354      0.6354      0.6845      0.5654      0.7040
0.355      0.6347      0.6835      0.5647      0.7035
0.356      0.6340      0.6825      0.5639      0.7030
0.357      0.6333      0.6816      0.5632      0.7026
0.358      0.6326      0.6806      0.5624      0.7022
0.359      0.6319      0.6796      0.5617      0.7017
0.360      0.6313      0.6786      0.5609      0.7012
0.361      0.6306      0.6776      0.5601      0.7006
0.362      0.6299      0.6766      0.5593      0.7000
0.363      0.6292      0.6756      0.5584      0.6993
0.364      0.6285      0.6746      0.5576      0.6987
0.365      0.6278      0.6736      0.5567      0.6981
0.366      0.6271      0.6726      0.5559      0.6975
0.367      0.6264      0.6716      0.5550      0.6969
0.368      0.6256      0.6706      0.5540      0.6964
0.369      0.6249      0.6695      0.5530      0.6958
0.370      0.6242      0.6685      0.5519      0.6952
0.371      0.6235      0.6675      0.5510      0.6947
0.372      0.6228      0.6665      0.5502      0.6941
0.373      0.6221      0.6654      0.5494      0.6935
0.374      0.6213      0.6644      0.5486      0.6929
0.375      0.6206      0.6634      0.5479      0.6923
0.376      0.6199      0.6623      0.5471      0.6916
0.377      0.6192      0.6613      0.5462      0.6910
0.378      0.6184      0.6602      0.5451      0.6904
0.379      0.6177      0.6592      0.5441      0.6898
0.380      0.6170      0.6581      0.5431      0.6893
0.381      0.6162      0.6570      0.5422      0.6887
0.382      0.6155      0.6560      0.5413      0.6882
0.383      0.6147      0.6549      0.5404      0.6877
0.384      0.6140      0.6539      0.5395      0.6872
0.385      0.6132      0.6528      0.5387      0.6866
0.386      0.6125      0.6517      0.5378      0.6861
0.387      0.6117      0.6506      0.5368      0.6855
0.388      0.6110      0.6495      0.5357      0.6849
0.389      0.6102      0.6484      0.5346      0.6844
0.390      0.6095      0.6474      0.5334      0.6837
0.391      0.6087      0.6463      0.5323      0.6831
0.392      0.6079      0.6452      0.5312      0.6825
0.393      0.6072      0.6441      0.5303      0.6821
0.394      0.6064      0.6430      0.5295      0.6816
0.395      0.6056      0.6419      0.5287      0.6811
0.396      0.6048      0.6407      0.5278      0.6806
0.397      0.6041      0.6396      0.5270      0.6802
0.398      0.6033      0.6385      0.5262      0.6796
0.399      0.6025      0.6374      0.5253      0.6791
0.400      0.6017      0.6363      0.5244      0.6785
0.401      0.6009      0.6351      0.5234      0.6780
0.402      0.6001      0.6340      0.5223      0.6774
0.403      0.5993      0.6328      0.5213      0.6768
0.404      0.5985      0.6317      0.5202      0.6763
0.405      0.5977      0.6306      0.5192      0.6757
0.406      0.5969      0.6294      0.5181      0.6752
0.407      0.5961      0.6283      0.5171      0.6745
0.408      0.5953      0.6271      0.5160      0.6738
0.409      0.5945      0.6259      0.5149      0.6731
0.410      0.5937      0.6248      0.5139      0.6723
0.411      0.5929      0.6236      0.5129      0.6716
0.412      0.5921      0.6224      0.5120      0.6709
0.413      0.5912      0.6212      0.5110      0.6701
0.414      0.5904      0.6201      0.5100      0.6695
0.415      0.5896      0.6189      0.5090      0.6689
0.416      0.5888      0.6177      0.5080      0.6683
0.417      0.5879      0.6165      0.5069      0.6677
0.418      0.5871      0.6153      0.5059      0.6671
0.419      0.5862      0.6141      0.5049      0.6665
0.420      0.5854      0.6129      0.5039      0.6659
0.421      0.5846      0.6117      0.5029      0.6653
0.422      0.5837      0.6105      0.5018      0.6647
0.423      0.5829      0.6092      0.5008      0.6641
0.424      0.5820      0.6080      0.4998      0.6635
0.425      0.5811      0.6068      0.4987      0.6629
0.426      0.5803      0.6056      0.4977      0.6623
0.427      0.5794      0.6043      0.4966      0.6617
0.428      0.5786      0.6031      0.4956      0.6611
0.429      0.5777      0.6018      0.4945      0.6605
0.430      0.5768      0.6006      0.4935      0.6598
0.431      0.5759      0.5993      0.4924      0.6592
0.432      0.5751      0.5981      0.4914      0.6586
0.433      0.5742      0.5968      0.4903      0.6580
0.434      0.5733      0.5956      0.4891      0.6574
0.435      0.5724      0.5943      0.4879      0.6567
0.436      0.5715      0.5930      0.4867      0.6561
0.437      0.5706      0.5917      0.4855      0.6555
0.438      0.5697      0.5904      0.4843      0.6547
0.439      0.5688      0.5891      0.4831      0.6540
0.440      0.5679      0.5879      0.4819      0.6533
0.441      0.5670      0.5866      0.4807      0.6526
0.442      0.5661      0.5853      0.4797      0.6518
0.443      0.5652      0.5839      0.4786      0.6510
0.444      0.5643      0.5826      0.4775      0.6502
0.445      0.5634      0.5813      0.4763      0.6493
0.446      0.5624      0.5800      0.4750      0.6486
0.447      0.5615      0.5787      0.4738      0.6480
0.448      0.5606      0.5773      0.4725      0.6473
0.449      0.5597      0.5760      0.4713      0.6467
0.450      0.5587      0.5747      0.4700      0.6460
0.451      0.5578      0.5733      0.4688      0.6454
0.452      0.5568      0.5720      0.4675      0.6448
0.453      0.5559      0.5706      0.4662      0.6441
0.454      0.5549      0.5692      0.4650      0.6435
0.455      0.5540      0.5679      0.4637      0.6428
0.456      0.5530      0.5665      0.4624      0.6422
0.457      0.5521      0.5651      0.4611      0.6417
0.458      0.5511      0.5637      0.4598      0.6411
0.459      0.5501      0.5624      0.4585      0.6406
0.460      0.5492      0.5610      0.4572      0.6401
0.461      0.5482      0.5596      0.4559      0.6395
0.462      0.5472      0.5582      0.4546      0.6389
0.463      0.5462      0.5568      0.4533      0.6382
0.464      0.5453      0.5554      0.4519      0.6375
0.465      0.5443      0.5539      0.4506      0.6368
0.466      0.5433      0.5525      0.4493      0.6361
0.467      0.5423      0.5511      0.4479      0.6354
0.468      0.5413      0.5496      0.4466      0.6347
0.469      0.5403      0.5482      0.4453      0.6340
0.470      0.5393      0.5468      0.4439      0.6332
0.471      0.5383      0.5453      0.4426      0.6325
0.472      0.5372      0.5439      0.4412      0.6318
0.473      0.5362      0.5424      0.4398      0.6311
0.474      0.5352      0.5409      0.4384      0.6304
0.475      0.5342      0.5395      0.4371      0.6296
0.476      0.5331      0.5380      0.4357      0.6289
0.477      0.5321      0.5365      0.4343      0.6282
0.478      0.5311      0.5350      0.4329      0.6276
0.479      0.5300      0.5335      0.4315      0.6269
0.480      0.5290      0.5320      0.4301      0.6260
0.481      0.5279      0.5305      0.4287      0.6252
0.482      0.5269      0.5290      0.4273      0.6245
0.483      0.5258      0.5275      0.4259      0.6237
0.484      0.5247      0.5260      0.4244      0.6230
0.485      0.5237      0.5244      0.4230      0.6222
0.486      0.5226      0.5229      0.4217      0.6214
0.487      0.5215      0.5213      0.4205      0.6207
0.488      0.5204      0.5198      0.4192      0.6199
0.489      0.5194      0.5182      0.4180      0.6192
0.490      0.5183      0.5167      0.4167      0.6184
0.491      0.5172      0.5151      0.4154      0.6176
0.492      0.5161      0.5135      0.4141      0.6169
0.493      0.5150      0.5120      0.4129      0.6161
0.494      0.5139      0.5104      0.4116      0.6153
0.495      0.5128      0.5088      0.4103      0.6145
0.496      0.5117      0.5072      0.4090      0.6137
0.497      0.5105      0.5056      0.4077      0.6129
0.498      0.5094      0.5040      0.4064      0.6121
0.499      0.5083      0.5024      0.4051      0.6113
0.500      0.5071      0.5007      0.4038      0.6105
0.501      0.5060      0.4991      0.4023      0.6095
0.502      0.5049      0.4975      0.4010      0.6086
0.503      0.5037      0.4958      0.3996      0.6076
0.504      0.5026      0.4942      0.3983      0.6066
0.505      0.5014      0.4925      0.3969      0.6056
0.506      0.5003      0.4909      0.3954      0.6046
0.507      0.4991      0.4892      0.3939      0.6037
0.508      0.4979      0.4875      0.3923      0.6028
0.509      0.4967      0.4858      0.3908      0.6019
0.510      0.4956      0.4841      0.3892      0.6010
0.511      0.4944      0.4825      0.3877      0.6002
0.512      0.4932      0.4807      0.3862      0.5993
0.513      0.4920      0.4790      0.3848      0.5984
0.514      0.4908      0.4773      0.3834      0.5975
0.515      0.4896      0.4756      0.3819      0.5966
0.516      0.4884      0.4739      0.3804      0.5956
0.517      0.4872      0.4721      0.3790      0.5947
0.518      0.4860      0.4704      0.3775      0.5938
0.519      0.4847      0.4686      0.3760      0.5929
0.520      0.4835      0.4669      0.3745      0.5920
0.521      0.4823      0.4651      0.3729      0.5910
0.522      0.4810      0.4633      0.3712      0.5901
0.523      0.4798      0.4615      0.3696      0.5892
0.524      0.4785      0.4597      0.3682      0.5882
0.525      0.4773      0.4579      0.3666      0.5873
0.526      0.4760      0.4561      0.3648      0.5863
0.527      0.4748      0.4543      0.3631      0.5854
0.528      0.4735      0.4525      0.3614      0.5844
0.529      0.4722      0.4507      0.3597      0.5835
0.530      0.4709      0.4488      0.3581      0.5825
0.531      0.4696      0.4470      0.3564      0.5815
0.532      0.4684      0.4451      0.3547      0.5806
0.533      0.4671      0.4433      0.3530      0.5796
0.534      0.4658      0.4414      0.3513      0.5786
0.535      0.4644      0.4395      0.3496      0.5776
0.536      0.4631      0.4377      0.3479      0.5766
0.537      0.4618      0.4358      0.3462      0.5758
0.538      0.4605      0.4339      0.3444      0.5748
0.539      0.4592      0.4320      0.3427      0.5737
0.540      0.4578      0.4300      0.3410      0.5726
0.541      0.4565      0.4281      0.3395      0.5716
0.542      0.4551      0.4262      0.3379      0.5706
0.543      0.4538      0.4242      0.3363      0.5696
0.544      0.4524      0.4223      0.3347      0.5686
0.545      0.4510      0.4203      0.3331      0.5675
0.546      0.4497      0.4184      0.3315      0.5665
0.547      0.4483      0.4164      0.3297      0.5655
0.548      0.4469      0.4144      0.3278      0.5645
0.549      0.4455      0.4124      0.3259      0.5636
0.550      0.4441      0.4104      0.3243      0.5627
0.551      0.4427      0.4084      0.3226      0.5616
0.552      0.4413      0.4064      0.3210      0.5604
0.553      0.4399      0.4043      0.3193      0.5593
0.554      0.4385      0.4023      0.3176      0.5581
0.555      0.4370      0.4003      0.3159      0.5570
0.556      0.4356      0.3982      0.3142      0.5559
0.557      0.4341      0.3961      0.3125      0.5548
0.558      0.4327      0.3941      0.3105      0.5538
0.559      0.4312      0.3920      0.3086      0.5527
0.560      0.4298      0.3899      0.3067      0.5516
0.561      0.4283      0.3878      0.3047      0.5507
0.562      0.4268      0.3857      0.3028      0.5497
0.563      0.4254      0.3835      0.3008      0.5488
0.564      0.4239      0.3814      0.2989      0.5477
0.565      0.4224      0.3793      0.2970      0.5464
0.566      0.4209      0.3771      0.2951      0.5451
0.567      0.4194      0.3749      0.2932      0.5438
0.568      0.4178      0.3728      0.2914      0.5426
0.569      0.4163      0.3706      0.2895      0.5414
0.570      0.4148      0.3684      0.2876      0.5403
0.571      0.4133      0.3662      0.2857      0.5391
0.572      0.4117      0.3640      0.2838      0.5380
0.573      0.4102      0.3617      0.2819      0.5368
0.574      0.4086      0.3595      0.2800      0.5356
0.575      0.4070      0.3573      0.2780      0.5344
0.576      0.4055      0.3550      0.2761      0.5333
0.577      0.4039      0.3527      0.2742      0.5321
0.578      0.4023      0.3505      0.2722      0.5309
0.579      0.4007      0.3482      0.2702      0.5298
0.580      0.3991      0.3459      0.2682      0.5286
0.581      0.3975      0.3436      0.2663      0.5275
0.582      0.3959      0.3412      0.2643      0.5264
0.583      0.3942      0.3389      0.2623      0.5252
0.584      0.3926      0.3366      0.2602      0.5241
0.585      0.3909      0.3342      0.2582      0.5229
0.586      0.3893      0.3318      0.2562      0.5218
0.587      0.3876      0.3295      0.2541      0.5206
0.588      0.3860      0.3271      0.2521      0.5194
0.589      0.3843      0.3247      0.2500      0.5182
0.590      0.3826      0.3223      0.2479      0.5170
0.591      0.3809      0.3198      0.2459      0.5159
0.592      0.3792      0.3174      0.2437      0.5147
0.593      0.3775      0.3150      0.2414      0.5135
0.594      0.3758      0.3125      0.2392      0.5122
0.595      0.3741      0.3100      0.2370      0.5110
0.596      0.3723      0.3075      0.2349      0.5098
0.597      0.3706      0.3050      0.2328      0.5086
0.598      0.3688      0.3025      0.2307      0.5073
0.599      0.3671      0.3000      0.2286      0.5061
0.600      0.3653      0.2975      0.2265      0.5049
0.601      0.3635      0.2949      0.2243      0.5036
0.602      0.3617      0.2924      0.2222      0.5024
0.603      0.3600      0.2898      0.2200      0.5011
0.604      0.3581      0.2872      0.2178      0.4997
0.605      0.3563      0.2846      0.2154      0.4983
0.606      0.3545      0.2820      0.2130      0.4969
0.607      0.3527      0.2794      0.2106      0.4955
0.608      0.3508      0.2767      0.2082      0.4940
0.609      0.3490      0.2741      0.2057      0.4926
0.610      0.3471      0.2714      0.2033      0.4912
0.611      0.3453      0.2687      0.2008      0.4897
0.612      0.3434      0.2660      0.1983      0.4883
0.613      0.3415      0.2633      0.1959      0.4868
0.614      0.3396      0.2606      0.1934      0.4853
0.615      0.3377      0.2579      0.1908      0.4838
0.616      0.3358      0.2551      0.1883      0.4824
0.617      0.3338      0.2524      0.1860      0.4809
0.618      0.3319      0.2496      0.1837      0.4794
0.619      0.3299      0.2468      0.1814      0.4779
0.620      0.3280      0.2440      0.1791      0.4763
0.621      0.3260      0.2412      0.1766      0.4749
0.622      0.3240      0.2383      0.1739      0.4734
0.623      0.3220      0.2355      0.1713      0.4720
0.624      0.3200      0.2326      0.1686      0.4705
0.625      0.3180      0.2297      0.1661      0.4690
0.626      0.3160      0.2268      0.1636      0.4676
0.627      0.3140      0.2239      0.1611      0.4661
0.628      0.3119      0.2210      0.1583      0.4646
0.629      0.3099      0.2180      0.1555      0.4631
0.630      0.3078      0.2151      0.1527      0.4616
0.631      0.3057      0.2121      0.1499      0.4601
0.632      0.3036      0.2091      0.1471      0.4585
0.633      0.3015      0.2061      0.1443      0.4570
0.634      0.2994      0.2031      0.1417      0.4555
0.635      0.2973      0.2000      0.1391      0.4539
0.636      0.2952      0.1970      0.1364      0.4524
0.637      0.2930      0.1939      0.1337      0.4508
0.638      0.2909      0.1908      0.1311      0.4492
0.639      0.2887      0.1877      0.1284      0.4476
0.640      0.2865      0.1846      0.1257      0.4460
0.641      0.2843      0.1814      0.1230      0.4444
0.642      0.2821      0.1782      0.1202      0.4428
0.643      0.2799      0.1751      0.1175      0.4412
0.644      0.2777      0.1719      0.1147      0.4395
0.645      0.2754      0.1686      0.1119      0.4377
0.646      0.2732      0.1654      0.1091      0.4361
0.647      0.2709      0.1622      0.1063      0.4345
0.648      0.2686      0.1589      0.1033      0.4329
0.649      0.2663      0.1556      0.1003      0.4313
0.650      0.2640      0.1523      0.0974      0.4296
0.651      0.2617      0.1490      0.0944      0.4279
0.652      0.2593      0.1456      0.0915      0.4262
0.653      0.2570      0.1422      0.0886      0.4245
0.654      0.2546      0.1389      0.0857      0.4228
0.655      0.2523      0.1355      0.0827      0.4210
0.656      0.2499      0.1320      0.0798      0.4193
0.657      0.2475      0.1286      0.0768      0.4175
0.658      0.2450      0.1251      0.0738      0.4158
0.659      0.2426      0.1216      0.0708      0.4140
0.660      0.2402      0.1181      0.0677      0.4122
0.661      0.2377      0.1146      0.0645      0.4104
0.662      0.2352      0.1111      0.0612      0.4086
0.663      0.2327      0.1075      0.0579      0.4068
0.664      0.2302      0.1039      0.0546      0.4050
0.665      0.2277      0.1003      0.0515      0.4031
0.666      0.2252      0.0966      0.0484      0.4013
0.667      0.2226      0.0930      0.0452      0.3994
0.668      0.2201      0.0893      0.0420      0.3975
0.669      0.2175      0.0856      0.0388      0.3957
0.670      0.2149      0.0819      0.0355      0.3938
0.671      0.2123      0.0782      0.0323      0.3919
0.672      0.2096      0.0744      0.0290      0.3899
0.673      0.2070      0.0706      0.0257      0.3880
0.674      0.2043      0.0668      0.0224      0.3861
0.675      0.2017      0.0629      0.0191      0.3841
0.676      0.1990      0.0591      0.0157      0.3821
0.677      0.1963      0.0552      0.0124      0.3802
0.678      0.1935      0.0513      0.0090      0.3782
0.679      0.1908      0.0474      0.0056      0.3762
0.680      0.1880      0.0434      0.0021      0.3742
0.681      0.1852      0.0394     -0.0014      0.3721
0.682      0.1824      0.0354     -0.0048      0.3701
0.683      0.1796      0.0314     -0.0083      0.3682
0.684      0.1768      0.0273     -0.0119      0.3663
0.685      0.1739      0.0232     -0.0154      0.3645
0.686      0.1711      0.0191     -0.0190      0.3626
0.687      0.1682      0.0150     -0.0226      0.3603
0.688      0.1653      0.0108     -0.0262      0.3580
0.689      0.1624      0.0066     -0.0298      0.3559
0.690      0.1594      0.0024     -0.0335      0.3538
0.691      0.1565     -0.0018     -0.0372      0.3517
0.692      0.1535     -0.0061     -0.0412      0.3496
0.693      0.1505     -0.0104     -0.0452      0.3475
0.694      0.1475     -0.0147     -0.0493      0.3453
0.695      0.1444     -0.0191     -0.0534      0.3432
0.696      0.1414     -0.0235     -0.0575      0.3410
0.697      0.1383     -0.0279     -0.0617      0.3388
0.698      0.1352     -0.0323     -0.0658      0.3367
0.699      0.1321     -0.0368     -0.0700      0.3348
0.700      0.1289     -0.0413     -0.0743      0.3328
0.701      0.1258     -0.0458     -0.0785      0.3308
0.702      0.1226     -0.0504     -0.0828      0.3287
0.703      0.1194     -0.0550     -0.0872      0.3267
0.704      0.1161     -0.0596     -0.0915      0.3247
0.705      0.1129     -0.0643     -0.0959      0.3226
0.706      0.1096     -0.0690     -0.1003      0.3205
0.707      0.1063     -0.0737     -0.1047      0.3185
0.708      0.1030     -0.0784     -0.1092      0.3164
0.709      0.0997     -0.0832     -0.1137      0.3142
0.710      0.0963     -0.0880     -0.1182      0.3121
0.711      0.0929     -0.0929     -0.1228      0.3100
0.712      0.0895     -0.0978     -0.1274      0.3078
0.713      0.0861     -0.1027     -0.1320      0.3056
0.714      0.0826     -0.1076     -0.1367      0.3033
0.715      0.0792     -0.1126     -0.1414      0.3008
0.716      0.0756     -0.1176     -0.1458      0.2984
0.717      0.0721     -0.1227     -0.1503      0.2959
0.718      0.0686     -0.1278     -0.1548      0.2934
0.719      0.0650     -0.1329     -0.1593      0.2909
0.720      0.0614     -0.1381     -0.1639      0.2883
0.721      0.0577     -0.1433     -0.1685      0.2855
0.722      0.0541     -0.1485     -0.1731      0.2828
0.723      0.0504     -0.1538     -0.1778      0.2801
0.724      0.0467     -0.1591     -0.1824      0.2777
0.725      0.0430     -0.1645     -0.1872      0.2753
0.726      0.0392     -0.1699     -0.1919      0.2728
0.727      0.0354     -0.1753     -0.1967      0.2703
0.728      0.0316     -0.1808     -0.2016      0.2677
0.729      0.0277     -0.1863     -0.2066      0.2650
0.730      0.0239     -0.1919     -0.2119      0.2623
0.731      0.0199     -0.1975     -0.2173      0.2595
0.732      0.0160     -0.2031     -0.2228      0.2568
0.733      0.0121     -0.2088     -0.2282      0.2540
0.734      0.0081     -0.2145     -0.2336      0.2513
0.735      0.0040     -0.2203     -0.2387      0.2484
0.736      0.0000     -0.2261     -0.2438      0.2456
0.737     -0.0041     -0.2319     -0.2489      0.2428
0.738     -0.0082     -0.2378     -0.2541      0.2399
0.739     -0.0124     -0.2438     -0.2594      0.2370
0.740     -0.0166     -0.2498     -0.2646      0.2341
0.741     -0.0208     -0.2558     -0.2700      0.2312
0.742     -0.0250     -0.2619     -0.2753      0.2282
0.743     -0.0293     -0.2680     -0.2807      0.2251
0.744     -0.0336     -0.2742     -0.2862      0.2220
0.745     -0.0379     -0.2804     -0.2916      0.2189
0.746     -0.0423     -0.2867     -0.2972      0.2157
0.747     -0.0467     -0.2930     -0.3027      0.2125
0.748     -0.0512     -0.2994     -0.3084      0.2093
0.749     -0.0557     -0.3058     -0.3140      0.2061
0.750     -0.0602     -0.3123     -0.3197      0.2028
0.751     -0.0648     -0.3188     -0.3255      0.1996
0.752     -0.0693     -0.3254     -0.3313      0.1964
0.753     -0.0740     -0.3321     -0.3371      0.1933
0.754     -0.0786     -0.3388     -0.3430      0.1901
0.755     -0.0834     -0.3455     -0.3489      0.1868
0.756     -0.0881     -0.3523     -0.3549      0.1836
0.757     -0.0929     -0.3592     -0.3610      0.1803
0.758     -0.0977     -0.3661     -0.3671      0.1770
0.759     -0.1026     -0.3730     -0.3732      0.1737
0.760     -0.1075     -0.3801     -0.3794      0.1703
0.761     -0.1124     -0.3872     -0.3856      0.1669
0.762     -0.1174     -0.3943     -0.3919      0.1635
0.763     -0.1224     -0.4015     -0.3983      0.1600
0.764     -0.1275     -0.4088     -0.4047      0.1565
0.765     -0.1326     -0.4161     -0.4115      0.1530
0.766     -0.1378     -0.4235     -0.4183      0.1495
0.767     -0.1430     -0.4310     -0.4252      0.1459
0.768     -0.1482     -0.4385     -0.4322      0.1423
0.769     -0.1535     -0.4461     -0.4392      0.1386
0.770     -0.1589     -0.4537     -0.4463      0.1349
0.771     -0.1642     -0.4614     -0.4534      0.1311
0.772     -0.1697     -0.4692     -0.4602      0.1273
0.773     -0.1752     -0.4771     -0.4670      0.1233
0.774     -0.1807     -0.4850     -0.4739      0.1192
0.775     -0.1863     -0.4930     -0.4808      0.1150
0.776     -0.1919     -0.5011     -0.4878      0.1109
0.777     -0.1976     -0.5092     -0.4950      0.1071
0.778     -0.2033     -0.5174     -0.5024      0.1033
0.779     -0.2091     -0.5257     -0.5100      0.0994
0.780     -0.2149     -0.5341     -0.5175      0.0954
0.781     -0.2208     -0.5425     -0.5252      0.0910
0.782     -0.2268     -0.5510     -0.5329      0.0866
0.783     -0.2328     -0.5596     -0.5407      0.0821
0.784     -0.2388     -0.5683     -0.5486      0.0776
0.785     -0.2449     -0.5770     -0.5565      0.0731
0.786     -0.2511     -0.5859     -0.5646      0.0689
0.787     -0.2573     -0.5948     -0.5726      0.0647
0.788     -0.2636     -0.6038     -0.5808      0.0604
0.789     -0.2699     -0.6129     -0.5891      0.0561
0.790     -0.2763     -0.6221     -0.5974      0.0517
0.791     -0.2828     -0.6313     -0.6058      0.0473
0.792     -0.2893     -0.6407     -0.6143      0.0429
0.793     -0.2959     -0.6501     -0.6228      0.0384
0.794     -0.3026     -0.6596     -0.6315      0.0339
0.795     -0.3093     -0.6693     -0.6402      0.0293
0.796     -0.3161     -0.6790     -0.6491      0.0247
0.797     -0.3229     -0.6888     -0.6580      0.0200
0.798     -0.3298     -0.6987     -0.6670      0.0153
0.799     -0.3368     -0.7087     -0.6760      0.0104
0.800     -0.3439     -0.7188     -0.6852      0.0053
0.801     -0.3510     -0.7291     -0.6945      0.0001
0.802     -0.3582     -0.7394     -0.7038     -0.0051
0.803     -0.3655     -0.7498     -0.7133     -0.0104
0.804     -0.3728     -0.7603     -0.7229     -0.0157
0.805     -0.3802     -0.7710     -0.7325     -0.0211
0.806     -0.3877     -0.7817     -0.7423     -0.0266
0.807     -0.3953     -0.7926     -0.7521     -0.0321
0.808     -0.4030     -0.8035     -0.7621     -0.0377
0.809     -0.4107     -0.8146     -0.7721     -0.0433
0.810     -0.4185     -0.8258     -0.7823     -0.0490
0.811     -0.4264     -0.8371     -0.7926     -0.0547
0.812     -0.4344     -0.8486     -0.8029     -0.0605
0.813     -0.4425     -0.8601     -0.8131     -0.0664
0.814     -0.4506     -0.8718     -0.8234     -0.0723
0.815     -0.4589     -0.8837     -0.8338     -0.0783
0.816     -0.4672     -0.8956     -0.8442     -0.0844
0.817     -0.4756     -0.9077     -0.8548     -0.0905
0.818     -0.4841     -0.9199     -0.8655     -0.0967
0.819     -0.4928     -0.9322     -0.8763     -0.1029
0.820     -0.5015     -0.9447     -0.8873     -0.1093
0.821     -0.5103     -0.9573     -0.8984     -0.1157
0.822     -0.5192     -0.9701     -0.9100     -0.1222
0.823     -0.5282     -0.9830     -0.9217     -0.1287
0.824     -0.5373     -0.9960     -0.9336     -0.1353
0.825     -0.5465     -1.0092     -0.9456     -0.1420
0.826     -0.5558     -1.0226     -0.9578     -0.1488
0.827     -0.5652     -1.0361     -0.9700     -0.1556
0.828     -0.5748     -1.0497     -0.9825     -0.1626
0.829     -0.5844     -1.0636     -0.9950     -0.1696
0.830     -0.5942     -1.0775     -1.0078     -0.1767
0.831     -0.6040     -1.0917     -1.0206     -0.1839
0.832     -0.6140     -1.1060     -1.0336     -0.1911
0.833     -0.6241     -1.1205     -1.0468     -0.1985
0.834     -0.6344     -1.1352     -1.0602     -0.2059
0.835     -0.6447     -1.1500     -1.0737     -0.2134
0.836     -0.6552     -1.1650     -1.0873     -0.2211
0.837     -0.6658     -1.1802     -1.1012     -0.2288
0.838     -0.6766     -1.1956     -1.1152     -0.2366
0.839     -0.6874     -1.2112     -1.1293     -0.2445
0.840     -0.6985     -1.2270     -1.1437     -0.2525
0.841     -0.7096     -1.2430     -1.1582     -0.2606
0.842     -0.7209     -1.2592     -1.1729     -0.2688
0.843     -0.7323     -1.2756     -1.1878     -0.2771
0.844     -0.7439     -1.2922     -1.2029     -0.2855
0.845     -0.7556     -1.3090     -1.2182     -0.2941
0.846     -0.7675     -1.3260     -1.2337     -0.3026
0.847     -0.7796     -1.3432     -1.2494     -0.3111
0.848     -0.7918     -1.3607     -1.2653     -0.3197
0.849     -0.8041     -1.3784     -1.2814     -0.3285
0.850     -0.8167     -1.3964     -1.2977     -0.3373
0.851     -0.8293     -1.4146     -1.3143     -0.3463
0.852     -0.8422     -1.4330     -1.3311     -0.3554
0.853     -0.8552     -1.4517     -1.3480     -0.3647
0.854     -0.8685     -1.4706     -1.3653     -0.3740
0.855     -0.8819     -1.4898     -1.3827     -0.3835
0.856     -0.8955     -1.5093     -1.4004     -0.3931
0.857     -0.9092     -1.5291     -1.4184     -0.4029
0.858     -0.9232     -1.5491     -1.4366     -0.4128
0.859     -0.9374     -1.5694     -1.4551     -0.4228
0.860     -0.9517     -1.5900     -1.4738     -0.4330
0.861     -0.9663     -1.6109     -1.4929     -0.4433
0.862     -0.9811     -1.6321     -1.5126     -0.4538
0.863     -0.9961     -1.6536     -1.5326     -0.4644
0.864     -1.0113     -1.6754     -1.5528     -0.4752
0.865     -1.0268     -1.6975     -1.5732     -0.4861
0.866     -1.0425     -1.7200     -1.5936     -0.4972
0.867     -1.0584     -1.7428     -1.6142     -0.5085
0.868     -1.0745     -1.7660     -1.6351     -0.5199
0.869     -1.0909     -1.7895     -1.6563     -0.5316
0.870     -1.1076     -1.8133     -1.6779     -0.5433
0.871     -1.1245     -1.8376     -1.6998     -0.5553
0.872     -1.1417     -1.8622     -1.7220     -0.5675
0.873     -1.1591     -1.8872     -1.7446     -0.5798
0.874     -1.1769     -1.9126     -1.7675     -0.5924
0.875     -1.1949     -1.9384     -1.7909     -0.6051
0.876     -1.2132     -1.9647     -1.8146     -0.6181
0.877     -1.2318     -1.9913     -1.8388     -0.6313
0.878     -1.2507     -2.0184     -1.8635     -0.6447
0.879     -1.2699     -2.0459     -1.8885     -0.6583
0.880     -1.2894     -2.0739     -1.9140     -0.6721
0.881     -1.3093     -2.1024     -1.9399     -0.6862
0.882     -1.3295     -2.1314     -1.9662     -0.7005
0.883     -1.3501     -2.1608     -1.9930     -0.7150
0.884     -1.3710     -2.1908     -2.0202     -0.7298
0.885     -1.3922     -2.2212     -2.0479     -0.7449
0.886     -1.4139     -2.2522     -2.0761     -0.7602
0.887     -1.4359     -2.2838     -2.1048     -0.7758
0.888     -1.4583     -2.3159     -2.1340     -0.7917
0.889     -1.4811     -2.3486     -2.1638     -0.8078
0.890     -1.5043     -2.3819     -2.1941     -0.8243
0.891     -1.5280     -2.4158     -2.2249     -0.8410
0.892     -1.5521     -2.4504     -2.2563     -0.8581
0.893     -1.5766     -2.4855     -2.2883     -0.8755
0.894     -1.6017     -2.5214     -2.3208     -0.8932
0.895     -1.6271     -2.5579     -2.3539     -0.9112
0.896     -1.6531     -2.5951     -2.3877     -0.9296
0.897     -1.6796     -2.6331     -2.4221     -0.9484
0.898     -1.7066     -2.6718     -2.4573     -0.9675
0.899     -1.7341     -2.7112     -2.4931     -0.9870
0.900     -1.7622     -2.7515     -2.5296     -1.0069
0.901     -1.7909     -2.7925     -2.5668     -1.0272
0.902     -1.8201     -2.8345     -2.6049     -1.0479
0.903     -1.8500     -2.8772     -2.6437     -1.0690
0.904     -1.8804     -2.9209     -2.6833     -1.0906
0.905     -1.9115     -2.9654     -2.7237     -1.1126
0.906     -1.9433     -3.0110     -2.7650     -1.1351
0.907     -1.9757     -3.0575     -2.8077     -1.1580
0.908     -2.0089     -3.1050     -2.8515     -1.1815
0.909     -2.0428     -3.1535     -2.8959     -1.2055
0.910     -2.0774     -3.2032     -2.9410     -1.2300
0.911     -2.1128     -3.2539     -2.9872     -1.2551
0.912     -2.1491     -3.3058     -3.0344     -1.2808
0.913     -2.1861     -3.3589     -3.0827     -1.3070
0.914     -2.2240     -3.4133     -3.1321     -1.3338
0.915     -2.2628     -3.4689     -3.1827     -1.3613
0.916     -2.3026     -3.5258     -3.2344     -1.3890
0.917     -2.3432     -3.5841     -3.2875     -1.4170
0.918     -2.3849     -3.6439     -3.3415     -1.4457
0.919     -2.4276     -3.7051     -3.3967     -1.4750
0.920     -2.4714     -3.7678     -3.4533     -1.5052
0.921     -2.5163     -3.8321     -3.5114     -1.5360
0.922     -2.5623     -3.8981     -3.5709     -1.5677
0.923     -2.6096     -3.9658     -3.6320     -1.6002
0.924     -2.6580     -4.0353     -3.6947     -1.6336
0.925     -2.7078     -4.1066     -3.7592     -1.6678
0.926     -2.7589     -4.1798     -3.8256     -1.7030
0.927     -2.8114     -4.2551     -3.8939     -1.7394
0.928     -2.8654     -4.3324     -3.9641     -1.7776
0.929     -2.9209     -4.4120     -4.0363     -1.8169
0.930     -2.9780     -4.4938     -4.1105     -1.8574
0.931     -3.0367     -4.5779     -4.1869     -1.8989
0.932     -3.0972     -4.6646     -4.2655     -1.9418
0.933     -3.1594     -4.7538     -4.3464     -1.9858
0.934     -3.2236     -4.8457     -4.4299     -2.0313
0.935     -3.2897     -4.9405     -4.5158     -2.0781
0.936     -3.3579     -5.0382     -4.6045     -2.1264
0.937     -3.4282     -5.1390     -4.6960     -2.1762
0.938     -3.5009     -5.2431     -4.7904     -2.2276
0.939     -3.5759     -5.3506     -4.8880     -2.2807
0.940     -3.6534     -5.4617     -4.9888     -2.3356
0.941     -3.7335     -5.5765     -5.0930     -2.3924
0.942     -3.8164     -5.6953     -5.2008     -2.4511
0.943     -3.9022     -5.8183     -5.3123     -2.5118
0.944     -3.9911     -5.9456     -5.4279     -2.5747
0.945     -4.0832     -6.0776     -5.5477     -2.6400
0.946     -4.1787     -6.2145     -5.6719     -2.7076
0.947     -4.2778     -6.3565     -5.8007     -2.7778
0.948     -4.3807     -6.5041     -5.9346     -2.8507
0.949     -4.4877     -6.6573     -6.0737     -2.9264
0.950     -4.5989     -6.8168     -6.2183     -3.0052
0.951     -4.7147     -6.9827     -6.3689     -3.0872
0.952     -4.8353     -7.1555     -6.5257     -3.1726
0.953     -4.9611     -7.3357     -6.6892     -3.2616
0.954     -5.0923     -7.5238     -6.8599     -3.3545
0.955     -5.2293     -7.7202     -7.0381     -3.4516
0.956     -5.3726     -7.9255     -7.2244     -3.5530
0.957     -5.5225     -8.1404     -7.4193     -3.6592
0.958     -5.6796     -8.3655     -7.6236     -3.7704
0.959     -5.8443     -8.6015     -7.8378     -3.8871
0.960     -6.0173     -8.8494     -8.0627     -4.0095
0.961     -6.1991     -9.1100     -8.2992     -4.1383
0.962     -6.3906     -9.3843     -8.5481     -4.2739
0.963     -6.5923     -9.6735     -8.8104     -4.4154
0.964     -6.8053     -9.9787     -9.0874     -4.5646
0.965     -7.0304    -10.3013     -9.3801     -4.7223
0.966     -7.2688    -10.6429     -9.6901     -4.8892
0.967     -7.5216    -11.0053    -10.0186     -5.0663
0.968     -7.7903    -11.3902    -10.3672     -5.2544
0.969     -8.0762    -11.8000    -10.7381     -5.4547
0.970     -8.3812    -12.2372    -11.1339     -5.6683
0.971     -8.7073    -12.7045    -11.5569     -5.8966
0.972     -9.0567    -13.2051    -12.0102     -6.1413
0.973     -9.4319    -13.7428    -12.4970     -6.4041
0.974     -9.8360    -14.3219    -13.0212     -6.6871
0.975    -10.2724    -14.9473    -13.5874     -6.9927
0.976    -10.7452    -15.6249    -14.2009     -7.3238
0.977    -11.2591    -16.3614    -14.8675     -7.6837
0.978    -11.8197    -17.1648    -15.5949     -8.0763
0.979    -12.4337    -18.0447    -16.3915     -8.5086
0.980    -13.1091    -19.0126    -17.2678     -8.9841
0.981    -13.8557    -20.0825    -18.2363     -9.5099
0.982    -14.6851    -21.2712    -19.3125    -10.0941
0.983    -15.6121    -22.5996    -20.5151    -10.7487
0.984    -16.6550    -24.0942    -21.8682    -11.4851
0.985    -17.8371    -25.7882    -23.4017    -12.3198
0.986    -19.1879    -27.7241    -25.1543    -13.2737
0.987    -20.7465    -29.9578    -27.1764    -14.3742
0.988    -22.5649    -32.5636    -29.5356    -15.6582
0.989    -24.7139    -35.6433    -32.3237    -17.1758
0.990    -27.2929    -39.3393    -35.6698    -18.9969
0.991    -30.4448    -43.8564    -39.7588    -21.2227
0.992    -34.3847    -49.5027    -44.8705    -24.0048
0.993    -39.4502    -56.7617    -51.4426    -27.5815
0.994    -46.2043    -66.4409    -60.2048    -32.3507
0.995    -55.6607    -79.9930    -72.4734    -39.0286
0.996    -69.8445   -100.3201    -90.8758    -49.0443
0.997    -93.4842   -134.1989   -121.5461    -65.7391
0.998   -140.7635   -201.9505   -182.8820    -99.1189
0.999   -282.6218   -405.2436   -366.9218   -199.2707
