0.001    -81.0884    -80.8539   -101.7222    -60.9861
0.002    -40.0294    -39.9151    -50.3453    -29.9884
0.003    -26.3431    -26.2688    -33.2197    -19.6559
0.004    -19.4999    -19.4456    -24.6568    -14.4896
0.005    -15.3940    -15.3517    -19.5192    -11.3898
0.006    -12.6567    -12.6225    -16.0940     -9.3233
0.007    -10.7015    -10.6730    -13.6475     -7.8472
0.008     -9.2351     -9.2109    -11.8126     -6.7402
0.009     -8.0946     -8.0737    -10.3855     -5.8791
0.010     -7.1822     -7.1640     -9.2438     -5.1903
0.011     -6.4357     -6.4196     -8.3097     -4.6267
0.012     -5.8136     -5.7993     -7.5312     -4.1571
0.013     -5.2872     -5.2745     -6.8725     -3.7596
0.014     -4.8360     -4.8246     -6.3080     -3.4190
0.015     -4.4449     -4.4347     -5.8187     -3.1238
0.016     -4.1028     -4.0936     -5.3905     -2.8655
0.017     -3.8009     -3.7925     -5.0127     -2.6376
0.018     -3.5325     -3.5250     -4.6769     -2.4350
0.019     -3.2924     -3.2856     -4.3760     -2.2537
0.020     -3.0763     -3.0701     -4.1053     -2.0905
0.021     -2.8808     -2.8751     -3.8603     -1.9429
0.022     -2.7030     -2.6979     -3.6376     -1.8087
0.023     -2.5407     -2.5361     -3.4343     -1.6862
0.024     -2.3920     -2.3878     -3.2479     -1.5739
0.025     -2.2551     -2.2513     -3.0764     -1.4706
0.026     -2.1288     -2.1253     -2.9181     -1.3748
0.027     -2.0118     -2.0087     -2.7716     -1.2859
0.028     -1.9032     -1.9004     -2.6355     -1.2034
0.029     -1.8020     -1.7996     -2.5088     -1.1265
0.030     -1.7077     -1.7055     -2.3905     -1.0548
0.031     -1.6194     -1.6174     -2.2799     -0.9884
0.032     -1.5366     -1.5349     -2.1762     -0.9264
0.033     -1.4588     -1.4573     -2.0787     -0.8681
0.034     -1.3856     -1.3844     -1.9870     -0.8132
0.035     -1.3166     -1.3156     -1.9006     -0.7615
0.036     -1.2514     -1.2506     -1.8189     -0.7126
0.037     -1.1898     -1.1891     -1.7417     -0.6663
0.038     -1.1314     -1.1309     -1.6685     -0.6222
0.039     -1.0760     -1.0756     -1.5991     -0.5804
0.040     -1.0233     -1.0231     -1.5331     -0.5407
0.041     -0.9733     -0.9732     -1.4704     -0.5029
0.042     -0.9256     -0.9257     -1.4106     -0.4669
0.043     -0.8801     -0.8803     -1.3537     -0.4325
0.044     -0.8367     -0.8371     -1.2993     -0.3998
0.045     -0.7952     -0.7957     -1.2473     -0.3685
0.046     -0.7556     -0.7562     -1.1976     -0.3385
0.047     -0.7176     -0.7183     -1.1500     -0.3098
0.048     -0.6812     -0.6820     -1.1044     -0.2823
0.049     -0.6463     -0.6472     -1.0607     -0.2560
0.050     -0.6127     -0.6138     -1.0187     -0.2307
0.051     -0.5805     -0.5816     -0.9783     -0.2064
0.052     -0.5496     -0.5508     -0.9395     -0.1830
0.053     -0.5198     -0.5211     -0.9022     -0.1603
0.054     -0.4911     -0.4925     -0.8663     -0.1384
0.055     -0.4634     -0.4649     -0.8316     -0.1174
0.056     -0.4368     -0.4383     -0.7982     -0.0970
0.057     -0.4111     -0.4127     -0.7660     -0.0774
0.058     -0.3862     -0.3879     -0.7349     -0.0588
0.059     -0.3622     -0.3640     -0.7048     -0.0408
0.060     -0.3390     -0.3408     -0.6757     -0.0235
0.061     -0.3166     -0.3185     -0.6476     -0.0067
0.062     -0.2949     -0.2968     -0.6201      0.0095
0.063     -0.2738     -0.2758     -0.5938      0.0252
0.064     -0.2535     -0.2555     -0.5684      0.0405
0.065     -0.2337     -0.2359     -0.5436      0.0558
0.066     -0.2146     -0.2168     -0.5195      0.0706
0.067     -0.1960     -0.1983     -0.4961      0.0850
0.068     -0.1780     -0.1803     -0.4734      0.0989
0.069     -0.1605     -0.1628     -0.4514      0.1125
0.070     -0.1435     -0.1459     -0.4302      0.1256
0.071     -0.1270     -0.1294     -0.4096      0.1384
0.072     -0.1109     -0.1134     -0.3896      0.1509
0.073     -0.0953     -0.0978     -0.3701      0.1625
0.074     -0.0801     -0.0827     -0.3511      0.1739
0.075     -0.0653     -0.0679     -0.3324      0.1850
0.076     -0.0509     -0.0535     -0.3142      0.1962
0.077     -0.0369     -0.0395     -0.2964      0.2072
0.078     -0.0232     -0.0259     -0.2791      0.2178
0.079     -0.0099     -0.0126     -0.2622      0.2279
0.080      0.0031      0.0003     -0.2457      0.2377
0.081      0.0158      0.0130     -0.2297      0.2472
0.082      0.0282      0.0253     -0.2140      0.2565
0.083      0.0402      0.0373     -0.1987      0.2656
0.084      0.0520      0.0491     -0.1838      0.2744
0.085      0.0635      0.0605     -0.1693      0.2830
0.086      0.0748      0.0717     -0.1551      0.2915
0.087      0.0857      0.0827     -0.1413      0.2997
0.088      0.0965      0.0934     -0.1278      0.3078
0.089      0.1069      0.1038     -0.1146      0.3157
0.090      0.1172      0.1140     -0.1017      0.3234
0.091      0.1272      0.1240     -0.0890      0.3309
0.092      0.1370      0.1338     -0.0767      0.3383
0.093      0.1466      0.1434     -0.0646      0.3455
0.094      0.1560      0.1528     -0.0528      0.3526
0.095      0.1652      0.1619     -0.0412      0.3595
0.096      0.1742      0.1709     -0.0298      0.3662
0.097      0.1830      0.1797     -0.0187      0.3729
0.098      0.1917      0.1883     -0.0079      0.3796
0.099      0.2001      0.1968      0.0028      0.3862
0.100      0.2084      0.2050      0.0132      0.3924
0.101      0.2166      0.2131      0.0235      0.3984
0.102      0.2245      0.2211      0.0335      0.4044
0.103      0.2324      0.2289      0.0434      0.4102
0.104      0.2400      0.2365      0.0530      0.4159
0.105      0.2475      0.2440      0.0625      0.4215
0.106      0.2549      0.2514      0.0718      0.4270
0.107      0.2622      0.2586      0.0809      0.4324
0.108      0.2693      0.2657      0.0899      0.4377
0.109      0.2762      0.2726      0.0986      0.4429
0.110      0.2831      0.2795      0.1073      0.4481
0.111      0.2898      0.2862      0.1157      0.4531
0.112      0.2964      0.2927      0.1240      0.4581
0.113      0.3029      0.2992      0.1321      0.4630
0.114      0.3093      0.3056      0.1401      0.4677
0.115      0.3155      0.3118      0.1479      0.4725
0.116      0.3217      0.3180      0.1556      0.4771
0.117      0.3278      0.3240      0.1633      0.4816
0.118      0.3337      0.3299      0.1709      0.4861
0.119      0.3395      0.3358      0.1784      0.4905
0.120      0.3453      0.3415      0.1856      0.4949
0.121      0.3510      0.3471      0.1927      0.4992
0.122      0.3565      0.3527      0.1997      0.5034
0.123      0.3620      0.3581      0.2065      0.5076
0.124      0.3674      0.3635      0.2133      0.5117
0.125      0.3727      0.3688      0.2199      0.5157
0.126      0.3779      0.3740      0.2264      0.5197
0.127      0.3830      0.3791      0.2328      0.5236
0.128      0.3881      0.3841      0.2391      0.5274
0.129      0.3930      0.3891      0.2454      0.5312
0.130      0.3979      0.3940      0.2515      0.5349
0.131      0.4028      0.3988      0.2575      0.5386
0.132      0.4075      0.4035      0.2634      0.5422
0.133      0.4122      0.4082      0.2693      0.5458
0.134      0.4168      0.4128      0.2751      0.5493
0.135      0.4213      0.4173      0.2807      0.5527
0.136      0.4258      0.4218      0.2863      0.5561
0.137      0.4302      0.4262      0.2918      0.5595
0.138      0.4346      0.4305      0.2973      0.5628
0.139      0.4388      0.4348      0.3026      0.5661
0.140      0.4431      0.4390      0.3079      0.5693
0.141      0.4472      0.4431      0.3131      0.5724
0.142      0.4513      0.4472      0.3182      0.5756
0.143      0.4554      0.4512      0.3233      0.5786
0.144      0.4594      0.4552      0.3283      0.5817
0.145      0.4633      0.4591      0.3333      0.5847
0.146      0.4672      0.4630      0.3382      0.5876
0.147      0.4710      0.4668      0.3430      0.5905
0.148      0.4748      0.4706      0.3478      0.5932
0.149      0.4785      0.4743      0.3525      0.5959
0.150      0.4822      0.4779      0.3571      0.5986
0.151      0.4858      0.4816      0.3617      0.6013
0.152      0.4894      0.4851      0.3662      0.6039
0.153      0.4929      0.4887      0.3707      0.6065
0.154      0.4964      0.4921      0.3751      0.6092
0.155      0.4998      0.4956      0.3795      0.6118
0.156      0.5032      0.4989      0.3838      0.6143
0.157      0.5066      0.5023      0.3880      0.6169
0.158      0.5099      0.5056      0.3922      0.6194
0.159      0.5132      0.5088      0.3963      0.6219
0.160      0.5164      0.5121      0.4004      0.6244
0.161      0.5196      0.5152      0.4044      0.6268
0.162      0.5227      0.5184      0.4083      0.6292
0.163      0.5258      0.5215      0.4121      0.6315
0.164      0.5289      0.5245      0.4159      0.6339
0.165      0.5319      0.5276      0.4199      0.6362
0.166      0.5349      0.5306      0.4237      0.6384
0.167      0.5379      0.5335      0.4276      0.6406
0.168      0.5408      0.5364      0.4313      0.6429
0.169      0.5437      0.5393      0.4348      0.6451
0.170      0.5466      0.5422      0.4384      0.6473
0.171      0.5494      0.5450      0.4418      0.6495
0.172      0.5522      0.5478      0.4453      0.6516
0.173      0.5549      0.5505      0.4487      0.6537
0.174      0.5577      0.5532      0.4520      0.6557
0.175      0.5604      0.5559      0.4553      0.6578
0.176      0.5630      0.5586      0.4586      0.6598
0.177      0.5657      0.5612      0.4619      0.6618
0.178      0.5683      0.5638      0.4651      0.6638
0.179      0.5709      0.5664      0.4683      0.6657
0.180      0.5734      0.5689      0.4716      0.6676
0.181      0.5759      0.5714      0.4749      0.6688
0.182      0.5784      0.5739      0.4781      0.6706
0.183      0.5809      0.5764      0.4813      0.6724
0.184      0.5833      0.5788      0.4845      0.6743
0.185      0.5857      0.5812      0.4881      0.6760
0.186      0.5881      0.5836      0.4911      0.6778
0.187      0.5905      0.5860      0.4941      0.6796
0.188      0.5928      0.5883      0.4970      0.6813
0.189      0.5951      0.5906      0.4999      0.6828
0.190      0.5974      0.5929      0.5028      0.6846
0.191      0.5997      0.5951      0.5057      0.6863
0.192      0.6019      0.5974      0.5085      0.6880
0.193      0.6041      0.5996      0.5114      0.6897
0.194      0.6063      0.6017      0.5143      0.6913
0.195      0.6085      0.6039      0.5171      0.6929
0.196      0.6106      0.6061      0.5217      0.6945
0.197      0.6128      0.6082      0.5245      0.6958
0.198      0.6149      0.6103      0.5278      0.6974
0.199      0.6170      0.6124      0.5314      0.6990
0.200      0.6190      0.6144      0.5344      0.6995
0.201      0.6211      0.6164      0.5373      0.7008
0.202      0.6231      0.6185      0.5399      0.7016
0.203      0.6251      0.6205      0.5441      0.7028
0.204      0.6271      0.6224      0.5484      0.7025
0.205      0.6290      0.6244      0.5517      0.7036
0.206      0.6310      0.6263      0.5552      0.7039
0.207      0.6329      0.6283      0.5588      0.7042
0.208      0.6348      0.6302      0.5625      0.7051
0.209      0.6367      0.6320      0.5661      0.7065
0.210      0.6386      0.6339      0.5696      0.7076
0.211      0.6404      0.6358      0.5736      0.7069
0.212      0.6423      0.6376      0.5774      0.7070
0.213      0.6441      0.6394      0.5811      0.7080
0.214      0.6459      0.6412      0.5846      0.7085
0.215      0.6472      0.6430      0.5876      0.7096
0.216      0.6469      0.6447      0.5893      0.7085
0.217      0.6466      0.6465      0.5908      0.7064
0.218      0.6462      0.6482      0.5918      0.7049
0.219      0.6459      0.6499      0.5911      0.7035
0.220      0.6456      0.6516      0.5908      0.7033
0.221      0.6453      0.6519      0.5906      0.7023
0.222      0.6450      0.6515      0.5907      0.7007
0.223      0.6447      0.6512      0.5915      0.7000
0.224      0.6443      0.6509      0.5915      0.6987
0.225      0.6440      0.6505      0.5915      0.6994
0.226      0.6437      0.6502      0.5904      0.6979
0.227      0.6434      0.6498      0.5905      0.6976
0.228      0.6431      0.6495      0.5888      0.6973
0.229      0.6427      0.6491      0.5882      0.6979
0.230      0.6424      0.6488      0.5877      0.6985
0.231      0.6421      0.6485      0.5868      0.6982
0.232      0.6418      0.6481      0.5856      0.6981
0.233      0.6414      0.6478      0.5852      0.6977
0.234      0.6411      0.6474      0.5846      0.6982
0.235      0.6408      0.6471      0.5844      0.6983
0.236      0.6405      0.6467      0.5840      0.6979
0.237      0.6401      0.6463      0.5835      0.6984
0.238      0.6398      0.6460      0.5832      0.6981
0.239      0.6395      0.6456      0.5828      0.6977
0.240      0.6391      0.6453      0.5820      0.6983
0.241      0.6388      0.6449      0.5810      0.6984
0.242      0.6385      0.6446      0.5803      0.6981
0.243      0.6381      0.6442      0.5797      0.6979
0.244      0.6378      0.6439      0.5794      0.6976
0.245      0.6375      0.6435      0.5790      0.6975
0.246      0.6371      0.6431      0.5787      0.6971
0.247      0.6368      0.6428      0.5781      0.6968
0.248      0.6364      0.6424      0.5776      0.6964
0.249      0.6361      0.6420      0.5772      0.6961
0.250      0.6358      0.6417      0.5768      0.6957
0.251      0.6354      0.6413      0.5764      0.6955
0.252      0.6351      0.6409      0.5761      0.6951
0.253      0.6347      0.6406      0.5758      0.6948
0.254      0.6344      0.6402      0.5756      0.6944
0.255      0.6340      0.6398      0.5753      0.6941
0.256      0.6337      0.6395      0.5750      0.6938
0.257      0.6334      0.6391      0.5747      0.6935
0.258      0.6330      0.6387      0.5745      0.6931
0.259      0.6327      0.6384      0.5742      0.6928
0.260      0.6323      0.6380      0.5739      0.6925
0.261      0.6320      0.6376      0.5736      0.6921
0.262      0.6316      0.6372      0.5733      0.6917
0.263      0.6313      0.6368      0.5729      0.6913
0.264      0.6309      0.6365      0.5725      0.6910
0.265      0.6305      0.6361      0.5721      0.6907
0.266      0.6302      0.6357      0.5716      0.6903
0.267      0.6298      0.6353      0.5712      0.6900
0.268      0.6295      0.6349      0.5708      0.6897
0.269      0.6291      0.6346      0.5703      0.6893
0.270      0.6288      0.6342      0.5699      0.6890
0.271      0.6284      0.6338      0.5695      0.6887
0.272      0.6280      0.6334      0.5690      0.6883
0.273      0.6277      0.6330      0.5686      0.6880
0.274      0.6273      0.6326      0.5682      0.6876
0.275      0.6269      0.6322      0.5679      0.6873
0.276      0.6266      0.6318      0.5676      0.6869
0.277      0.6262      0.6314      0.5673      0.6866
0.278      0.6258      0.6311      0.5668      0.6863
0.279      0.6255      0.6307      0.5664      0.6859
0.280      0.6251      0.6303      0.5660      0.6855
0.281      0.6247      0.6299      0.5656      0.6851
0.282      0.6244      0.6295      0.5651      0.6847
0.283      0.6240      0.6291      0.5647      0.6845
0.284      0.6236      0.6287      0.5643      0.6842
0.285      0.6232      0.6283      0.5638      0.6838
0.286      0.6229      0.6279      0.5634      0.6835
0.287      0.6225      0.6275      0.5630      0.6831
0.288      0.6221      0.6271      0.5625      0.6827
0.289      0.6217      0.6266      0.5621      0.6824
0.290      0.6213      0.6262      0.5617      0.6820
0.291      0.6210      0.6258      0.5613      0.6817
0.292      0.6206      0.6254      0.5610      0.6813
0.293      0.6202      0.6250      0.5606      0.6810
0.294      0.6198      0.6246      0.5602      0.6806
0.295      0.6194      0.6242      0.5598      0.6802
0.296      0.6190      0.6238      0.5595      0.6799
0.297      0.6187      0.6234      0.5591      0.6796
0.298      0.6183      0.6229      0.5587      0.6793
0.299      0.6179      0.6225      0.5583      0.6790
0.300      0.6175      0.6221      0.5580      0.6787
0.301      0.6171      0.6217      0.5575      0.6784
0.302      0.6167      0.6213      0.5571      0.6780
0.303      0.6163      0.6208      0.5566      0.6776
0.304      0.6159      0.6204      0.5561      0.6773
0.305      0.6155      0.6200      0.5557      0.6769
0.306      0.6151      0.6196      0.5553      0.6765
0.307      0.6147      0.6191      0.5550      0.6762
0.308      0.6143      0.6187      0.5546      0.6758
0.309      0.6139      0.6183      0.5543      0.6754
0.310      0.6135      0.6178      0.5540      0.6750
0.311      0.6131      0.6174      0.5535      0.6747
0.312      0.6127      0.6170      0.5530      0.6743
0.313      0.6123      0.6165      0.5526      0.6739
0.314      0.6119      0.6161      0.5521      0.6735
0.315      0.6115      0.6157      0.5516      0.6732
0.316      0.6111      0.6152      0.5512      0.6728
0.317      0.6107      0.6148      0.5508      0.6724
0.318      0.6102      0.6144      0.5504      0.6720
0.319      0.6098      0.6139      0.5499      0.6717
0.320      0.6094      0.6135      0.5495      0.6714
0.321      0.6090      0.6130      0.5490      0.6711
0.322      0.6086      0.6126      0.5486      0.6707
0.323      0.6082      0.6121      0.5481      0.6704
0.324      0.6077      0.6117      0.5477      0.6700
0.325      0.6073      0.6112      0.5473      0.6695
0.326      0.6069      0.6108      0.5469      0.6692
0.327      0.6065      0.6103      0.5465      0.6688
0.328      0.6061      0.6099      0.5461      0.6685
0.329      0.6056      0.6094      0.5458      0.6681
0.330      0.6052      0.6090      0.5454      0.6678
0.331      0.6048      0.6085      0.5450      0.6675
0.332      0.6043      0.6080      0.5445      0.6671
0.333      0.6039      0.6076      0.5440      0.6668
0.334      0.6035      0.6071      0.5435      0.6664
0.335      0.6031      0.6066      0.5430      0.6661
0.336      0.6026      0.6062      0.5425      0.6657
0.337      0.6022      0.6057      0.5419      0.6654
0.338      0.6017      0.6052      0.5414      0.6650
0.339      0.6013      0.6048      0.5409      0.6647
0.340      0.6009      0.6043      0.5403      0.6644
0.341      0.6004      0.6038      0.5398      0.6641
0.342      0.6000      0.6034      0.5392      0.6638
0.343      0.5995      0.6029      0.5387      0.6635
0.344      0.5991      0.6024      0.5382      0.6632
0.345      0.5986      0.6019      0.5377      0.6629
0.346      0.5982      0.6014      0.5372      0.6626
0.347      0.5977      0.6010      0.5367      0.6623
0.348      0.5973      0.6005      0.5362      0.6620
0.349      0.5968      0.6000      0.5357      0.6617
0.350      0.5964      0.5995      0.5352      0.6614
0.351      0.5959      0.5990      0.5347      0.6611
0.352      0.5955      0.5985      0.5342      0.6608
0.353      0.5950      0.5980      0.5337      0.6605
0.354      0.5946      0.5976      0.5331      0.6602
0.355      0.5941      0.5971      0.5325      0.6599
0.356      0.5936      0.5966      0.5318      0.6596
0.357      0.5932      0.5961      0.5312      0.6593
0.358      0.5927      0.5956      0.5305      0.6590
0.359      0.5922      0.5951      0.5298      0.6586
0.360      0.5918      0.5946      0.5292      0.6583
0.361      0.5913      0.5941      0.5286      0.6579
0.362      0.5908      0.5936      0.5281      0.6574
0.363      0.5904      0.5931      0.5275      0.6570
0.364      0.5899      0.5926      0.5269      0.6566
0.365      0.5894      0.5920      0.5263      0.6562
0.366      0.5889      0.5915      0.5257      0.6558
0.367      0.5885      0.5910      0.5251      0.6553
0.368      0.5880      0.5905      0.5244      0.6549
0.369      0.5875      0.5900      0.5238      0.6545
0.370      0.5870      0.5895      0.5232      0.6540
0.371      0.5865      0.5890      0.5225      0.6536
0.372      0.5860      0.5884      0.5220      0.6532
0.373      0.5856      0.5879      0.5215      0.6527
0.374      0.5851      0.5874      0.5210      0.6523
0.375      0.5846      0.5869      0.5204      0.6519
0.376      0.5841      0.5863      0.5198      0.6514
0.377      0.5836      0.5858      0.5192      0.6510
0.378      0.5831      0.5853      0.5186      0.6506
0.379      0.5826      0.5847      0.5180      0.6501
0.380      0.5821      0.5842      0.5173      0.6497
0.381      0.5816      0.5837      0.5167      0.6492
0.382      0.5811      0.5831      0.5162      0.6488
0.383      0.5806      0.5826      0.5156      0.6483
0.384      0.5801      0.5821      0.5150      0.6479
0.385      0.5796      0.5815      0.5144      0.6474
0.386      0.5791      0.5810      0.5138      0.6471
0.387      0.5786      0.5804      0.5132      0.6468
0.388      0.5781      0.5799      0.5126      0.6465
0.389      0.5775      0.5793      0.5120      0.6461
0.390      0.5770      0.5788      0.5114      0.6458
0.391      0.5765      0.5782      0.5108      0.6455
0.392      0.5760      0.5777      0.5102      0.6451
0.393      0.5755      0.5771      0.5096      0.6448
0.394      0.5749      0.5766      0.5090      0.6442
0.395      0.5744      0.5760      0.5084      0.6438
0.396      0.5739      0.5754      0.5078      0.6435
0.397      0.5734      0.5749      0.5073      0.6431
0.398      0.5728      0.5743      0.5068      0.6428
0.399      0.5723      0.5737      0.5062      0.6424
0.400      0.5718      0.5732      0.5057      0.6419
0.401      0.5712      0.5726      0.5052      0.6413
0.402      0.5707      0.5720      0.5047      0.6408
0.403      0.5702      0.5714      0.5041      0.6403
0.404      0.5696      0.5709      0.5036      0.6396
0.405      0.5691      0.5703      0.5031      0.6390
0.406      0.5685      0.5697      0.5025      0.6385
0.407      0.5680      0.5691      0.5020      0.6380
0.408      0.5675      0.5685      0.5015      0.6376
0.409      0.5669      0.5679      0.5009      0.6371
0.410      0.5664      0.5674      0.5004      0.6367
0.411      0.5658      0.5668      0.4998      0.6363
0.412      0.5653      0.5662      0.4993      0.6359
0.413      0.5647      0.5656      0.4987      0.6355
0.414      0.5641      0.5650      0.4981      0.6351
0.415      0.5636      0.5644      0.4975      0.6347
0.416      0.5630      0.5638      0.4968      0.6343
0.417      0.5625      0.5632      0.4962      0.6339
0.418      0.5619      0.5626      0.4955      0.6334
0.419      0.5613      0.5620      0.4948      0.6329
0.420      0.5607      0.5613      0.4942      0.6323
0.421      0.5602      0.5607      0.4935      0.6318
0.422      0.5596      0.5601      0.4928      0.6313
0.423      0.5590      0.5595      0.4922      0.6308
0.424      0.5584      0.5589      0.4915      0.6304
0.425      0.5579      0.5583      0.4908      0.6299
0.426      0.5573      0.5576      0.4901      0.6294
0.427      0.5567      0.5570      0.4894      0.6290
0.428      0.5561      0.5564      0.4887      0.6285
0.429      0.5555      0.5558      0.4881      0.6282
0.430      0.5549      0.5551      0.4874      0.6279
0.431      0.5543      0.5545      0.4867      0.6275
0.432      0.5538      0.5539      0.4860      0.6270
0.433      0.5532      0.5532      0.4853      0.6265
0.434      0.5526      0.5526      0.4846      0.6259
0.435      0.5520      0.5519      0.4839      0.6253
0.436      0.5514      0.5513      0.4832      0.6247
0.437      0.5508      0.5506      0.4825      0.6242
0.438      0.5501      0.5500      0.4818      0.6237
0.439      0.5495      0.5493      0.4811      0.6232
0.440      0.5489      0.5487      0.4803      0.6228
0.441      0.5483      0.5480      0.4796      0.6223
0.442      0.5477      0.5474      0.4788      0.6218
0.443      0.5471      0.5467      0.4780      0.6213
0.444      0.5465      0.5460      0.4773      0.6208
0.445      0.5458      0.5454      0.4767      0.6203
0.446      0.5452      0.5447      0.4760      0.6198
0.447      0.5446      0.5440      0.4753      0.6193
0.448      0.5440      0.5434      0.4745      0.6188
0.449      0.5433      0.5427      0.4738      0.6183
0.450      0.5427      0.5420      0.4730      0.6178
0.451      0.5421      0.5413      0.4723      0.6173
0.452      0.5414      0.5406      0.4716      0.6167
0.453      0.5408      0.5400      0.4708      0.6162
0.454      0.5401      0.5393      0.4701      0.6157
0.455      0.5395      0.5386      0.4694      0.6152
0.456      0.5388      0.5379      0.4687      0.6147
0.457      0.5382      0.5372      0.4680      0.6142
0.458      0.5375      0.5365      0.4672      0.6136
0.459      0.5369      0.5358      0.4663      0.6131
0.460      0.5362      0.5351      0.4655      0.6126
0.461      0.5356      0.5344      0.4647      0.6121
0.462      0.5349      0.5337      0.4639      0.6114
0.463      0.5342      0.5330      0.4632      0.6108
0.464      0.5336      0.5322      0.4624      0.6101
0.465      0.5329      0.5315      0.4616      0.6095
0.466      0.5322      0.5308      0.4608      0.6088
0.467      0.5316      0.5301      0.4600      0.6082
0.468      0.5309      0.5294      0.4592      0.6075
0.469      0.5302      0.5286      0.4584      0.6068
0.470      0.5295      0.5279      0.4577      0.6062
0.471      0.5288      0.5272      0.4571      0.6055
0.472      0.5282      0.5264      0.4563      0.6048
0.473      0.5275      0.5257      0.4555      0.6042
0.474      0.5268      0.5250      0.4546      0.6035
0.475      0.5261      0.5242      0.4536      0.6030
0.476      0.5254      0.5235      0.4527      0.6025
0.477      0.5247      0.5227      0.4518      0.6020
0.478      0.5240      0.5220      0.4509      0.6014
0.479      0.5233      0.5212      0.4500      0.6007
0.480      0.5226      0.5204      0.4492      0.6000
0.481      0.5218      0.5197      0.4483      0.5993
0.482      0.5211      0.5189      0.4475      0.5986
0.483      0.5204      0.5182      0.4466      0.5980
0.484      0.5197      0.5174      0.4457      0.5973
0.485      0.5190      0.5166      0.4449      0.5966
0.486      0.5183      0.5158      0.4440      0.5959
0.487      0.5175      0.5151      0.4431      0.5951
0.488      0.5168      0.5143      0.4424      0.5944
0.489      0.5161      0.5135      0.4417      0.5937
0.490      0.5153      0.5127      0.4410      0.5930
0.491      0.5146      0.5119      0.4402      0.5923
0.492      0.5138      0.5111      0.4393      0.5916
0.493      0.5131      0.5103      0.4384      0.5910
0.494      0.5123      0.5095      0.4375      0.5905
0.495      0.5116      0.5087      0.4367      0.5900
0.496      0.5108      0.5079      0.4358      0.5894
0.497      0.5101      0.5071      0.4349      0.5889
0.498      0.5093      0.5063      0.4340      0.5883
0.499      0.5086      0.5055      0.4331      0.5878
0.500      0.5078      0.5046      0.4322      0.5873
0.501      0.5070      0.5038      0.4313      0.5868
0.502      0.5063      0.5030      0.4304      0.5863
0.503      0.5055      0.5022      0.4295      0.5858
0.504      0.5047      0.5013      0.4286      0.5852
0.505      0.5039      0.5005      0.4277      0.5847
0.506      0.5031      0.4996      0.4268      0.5842
0.507      0.5023      0.4988      0.4258      0.5837
0.508      0.5016      0.4980      0.4249      0.5832
0.509      0.5008      0.4971      0.4240      0.5826
0.510      0.5000      0.4962      0.4230      0.5821
0.511      0.4992      0.4954      0.4221      0.5816
0.512      0.4984      0.4945      0.4212      0.5810
0.513      0.4975      0.4937      0.4202      0.5805
0.514      0.4967      0.4928      0.4193      0.5800
0.515      0.4959      0.4919      0.4183      0.5794
0.516      0.4951      0.4910      0.4174      0.5789
0.517      0.4943      0.4902      0.4164      0.5783
0.518      0.4935      0.4893      0.4154      0.5777
0.519      0.4926      0.4884      0.4145      0.5769
0.520      0.4918      0.4875      0.4135      0.5761
0.521      0.4910      0.4866      0.4125      0.5753
0.522      0.4901      0.4857      0.4115      0.5745
0.523      0.4893      0.4848      0.4106      0.5739
0.524      0.4884      0.4839      0.4096      0.5733
0.525      0.4876      0.4830      0.4086      0.5726
0.526      0.4867      0.4821      0.4076      0.5718
0.527      0.4859      0.4812      0.4066      0.5710
0.528      0.4850      0.4802      0.4056      0.5701
0.529      0.4842      0.4793      0.4046      0.5693
0.530      0.4833      0.4784      0.4035      0.5685
0.531      0.4824      0.4775      0.4025      0.5678
0.532      0.4815      0.4765      0.4015      0.5671
0.533      0.4807      0.4756      0.4004      0.5665
0.534      0.4798      0.4746      0.3991      0.5658
0.535      0.4789      0.4737      0.3978      0.5651
0.536      0.4780      0.4727      0.3966      0.5643
0.537      0.4771      0.4718      0.3956      0.5635
0.538      0.4762      0.4708      0.3947      0.5627
0.539      0.4753      0.4699      0.3934      0.5619
0.540      0.4744      0.4689      0.3922      0.5612
0.541      0.4735      0.4679      0.3912      0.5604
0.542      0.4726      0.4669      0.3903      0.5597
0.543      0.4717      0.4660      0.3893      0.5590
0.544      0.4707      0.4650      0.3883      0.5583
0.545      0.4698      0.4640      0.3873      0.5576
0.546      0.4689      0.4630      0.3863      0.5568
0.547      0.4680      0.4620      0.3853      0.5561
0.548      0.4670      0.4610      0.3843      0.5554
0.549      0.4661      0.4600      0.3834      0.5547
0.550      0.4651      0.4590      0.3823      0.5539
0.551      0.4642      0.4579      0.3812      0.5532
0.552      0.4632      0.4569      0.3802      0.5525
0.553      0.4623      0.4559      0.3792      0.5518
0.554      0.4613      0.4549      0.3781      0.5511
0.555      0.4603      0.4538      0.3771      0.5501
0.556      0.4594      0.4528      0.3760      0.5492
0.557      0.4584      0.4517      0.3748      0.5483
0.558      0.4574      0.4507      0.3735      0.5474
0.559      0.4564      0.4496      0.3722      0.5466
0.560      0.4554      0.4486      0.3710      0.5458
0.561      0.4544      0.4475      0.3698      0.5451
0.562      0.4534      0.4464      0.3686      0.5444
0.563      0.4524      0.4454      0.3675      0.5436
0.564      0.4514      0.4443      0.3663      0.5427
0.565      0.4504      0.4432      0.3652      0.5419
0.566      0.4494      0.4421      0.3642      0.5412
0.567      0.4484      0.4410      0.3629      0.5406
0.568      0.4474      0.4399      0.3616      0.5400
0.569      0.4463      0.4388      0.3603      0.5394
0.570      0.4453      0.4377      0.3590      0.5388
0.571      0.4443      0.4366      0.3577      0.5380
0.572      0.4432      0.4355      0.3565      0.5372
0.573      0.4422      0.4344      0.3554      0.5364
0.574      0.4411      0.4332      0.3542      0.5355
0.575      0.4400      0.4321      0.3530      0.5346
0.576      0.4390      0.4309      0.3517      0.5336
0.577      0.4379      0.4298      0.3505      0.5327
0.578      0.4368      0.4286      0.3492      0.5317
0.579      0.4358      0.4275      0.3479      0.5307
0.580      0.4347      0.4263      0.3467      0.5297
0.581      0.4336      0.4252      0.3454      0.5288
0.582      0.4325      0.4240      0.3441      0.5280
0.583      0.4314      0.4228      0.3428      0.5271
0.584      0.4303      0.4216      0.3414      0.5263
0.585      0.4292      0.4204      0.3400      0.5254
0.586      0.4280      0.4192      0.3387      0.5245
0.587      0.4269      0.4180      0.3375      0.5237
0.588      0.4258      0.4168      0.3362      0.5228
0.589      0.4247      0.4156      0.3350      0.5219
0.590      0.4235      0.4144      0.3336      0.5212
0.591      0.4224      0.4132      0.3323      0.5204
0.592      0.4212      0.4119      0.3309      0.5196
0.593      0.4201      0.4107      0.3296      0.5188
0.594      0.4189      0.4094      0.3282      0.5180
0.595      0.4177      0.4082      0.3269      0.5172
0.596      0.4166      0.4069      0.3255      0.5164
0.597      0.4154      0.4057      0.3241      0.5156
0.598      0.4142      0.4044      0.3227      0.5148
0.599      0.4130      0.4031      0.3214      0.5140
0.600      0.4118      0.4019      0.3200      0.5132
0.601      0.4106      0.4006      0.3185      0.5122
0.602      0.4094      0.3993      0.3171      0.5113
0.603      0.4082      0.3980      0.3157      0.5104
0.604      0.4070      0.3967      0.3143      0.5095
0.605      0.4057      0.3953      0.3128      0.5085
0.606      0.4045      0.3940      0.3114      0.5076
0.607      0.4033      0.3927      0.3101      0.5066
0.608      0.4020      0.3914      0.3087      0.5057
0.609      0.4008      0.3900      0.3070      0.5047
0.610      0.3995      0.3887      0.3055      0.5037
0.611      0.3982      0.3873      0.3041      0.5028
0.612      0.3970      0.3860      0.3026      0.5018
0.613      0.3957      0.3846      0.3011      0.5008
0.614      0.3944      0.3832      0.2996      0.4998
0.615      0.3931      0.3818      0.2981      0.4989
0.616      0.3918      0.3804      0.2965      0.4979
0.617      0.3905      0.3790      0.2950      0.4969
0.618      0.3892      0.3776      0.2935      0.4959
0.619      0.3879      0.3762      0.2919      0.4948
0.620      0.3866      0.3748      0.2904      0.4938
0.621      0.3852      0.3734      0.2888      0.4928
0.622      0.3839      0.3719      0.2871      0.4917
0.623      0.3825      0.3705      0.2855      0.4905
0.624      0.3812      0.3691      0.2839      0.4893
0.625      0.3798      0.3676      0.2822      0.4880
0.626      0.3785      0.3661      0.2806      0.4868
0.627      0.3771      0.3647      0.2789      0.4860
0.628      0.3757      0.3632      0.2772      0.4852
0.629      0.3743      0.3617      0.2756      0.4844
0.630      0.3729      0.3602      0.2739      0.4834
0.631      0.3715      0.3587      0.2722      0.4823
0.632      0.3701      0.3572      0.2705      0.4812
0.633      0.3687      0.3556      0.2689      0.4801
0.634      0.3672      0.3541      0.2673      0.4790
0.635      0.3658      0.3526      0.2656      0.4779
0.636      0.3644      0.3510      0.2638      0.4768
0.637      0.3629      0.3495      0.2620      0.4757
0.638      0.3614      0.3479      0.2601      0.4746
0.639      0.3600      0.3463      0.2582      0.4735
0.640      0.3585      0.3448      0.2565      0.4724
0.641      0.3570      0.3432      0.2547      0.4712
0.642      0.3555      0.3416      0.2529      0.4701
0.643      0.3540      0.3400      0.2511      0.4689
0.644      0.3525      0.3383      0.2494      0.4678
0.645      0.3510      0.3367      0.2476      0.4666
0.646      0.3495      0.3351      0.2458      0.4654
0.647      0.3479      0.3334      0.2440      0.4643
0.648      0.3464      0.3318      0.2422      0.4631
0.649      0.3448      0.3301      0.2403      0.4619
0.650      0.3433      0.3284      0.2384      0.4607
0.651      0.3417      0.3268      0.2364      0.4595
0.652      0.3401      0.3251      0.2345      0.4584
0.653      0.3385      0.3234      0.2326      0.4574
0.654      0.3369      0.3216      0.2306      0.4563
0.655      0.3353      0.3199      0.2286      0.4550
0.656      0.3337      0.3182      0.2267      0.4539
0.657      0.3321      0.3165      0.2247      0.4527
0.658      0.3304      0.3147      0.2227      0.4516
0.659      0.3288      0.3129      0.2207      0.4504
0.660      0.3271      0.3112      0.2187      0.4491
0.661      0.3255      0.3094      0.2168      0.4477
0.662      0.3238      0.3076      0.2149      0.4463
0.663      0.3221      0.3058      0.2130      0.4450
0.664      0.3204      0.3040      0.2108      0.4437
0.665      0.3187      0.3021      0.2086      0.4426
0.666      0.3170      0.3003      0.2064      0.4415
0.667      0.3153      0.2985      0.2042      0.4402
0.668      0.3135      0.2966      0.2021      0.4386
0.669      0.3118      0.2947      0.2000      0.4370
0.670      0.3100      0.2928      0.1979      0.4355
0.671      0.3082      0.2910      0.1958      0.4339
0.672      0.3065      0.2890      0.1936      0.4325
0.673      0.3047      0.2871      0.1915      0.4312
0.674      0.3029      0.2852      0.1893      0.4298
0.675      0.3011      0.2833      0.1871      0.4282
0.676      0.2992      0.2813      0.1849      0.4265
0.677      0.2974      0.2793      0.1827      0.4247
0.678      0.2956      0.2774      0.1805      0.4231
0.679      0.2937      0.2754      0.1782      0.4216
0.680      0.2918      0.2734      0.1759      0.4201
0.681      0.2900      0.2714      0.1737      0.4188
0.682      0.2881      0.2693      0.1714      0.4176
0.683      0.2862      0.2673      0.1693      0.4163
0.684      0.2842      0.2652      0.1672      0.4150
0.685      0.2823      0.2632      0.1651      0.4133
0.686      0.2804      0.2611      0.1627      0.4117
0.687      0.2784      0.2590      0.1604      0.4100
0.688      0.2765      0.2569      0.1580      0.4083
0.689      0.2745      0.2548      0.1556      0.4066
0.690      0.2725      0.2527      0.1532      0.4049
0.691      0.2705      0.2505      0.1508      0.4032
0.692      0.2685      0.2483      0.1482      0.4015
0.693      0.2664      0.2462      0.1457      0.4000
0.694      0.2644      0.2440      0.1431      0.3986
0.695      0.2623      0.2418      0.1405      0.3970
0.696      0.2603      0.2396      0.1378      0.3952
0.697      0.2582      0.2373      0.1353      0.3934
0.698      0.2561      0.2351      0.1328      0.3916
0.699      0.2540      0.2328      0.1302      0.3898
0.700      0.2518      0.2306      0.1276      0.3879
0.701      0.2497      0.2283      0.1251      0.3863
0.702      0.2476      0.2260      0.1225      0.3847
0.703      0.2454      0.2236      0.1198      0.3831
0.704      0.2432      0.2213      0.1172      0.3814
0.705      0.2410      0.2189      0.1145      0.3798
0.706      0.2388      0.2166      0.1119      0.3781
0.707      0.2366      0.2142      0.1094      0.3764
0.708      0.2343      0.2118      0.1070      0.3747
0.709      0.2321      0.2094      0.1043      0.3730
0.710      0.2298      0.2069      0.1015      0.3713
0.711      0.2275      0.2045      0.0986      0.3696
0.712      0.2252      0.2020      0.0956      0.3678
0.713      0.2229      0.1995      0.0926      0.3661
0.714      0.2205      0.1970      0.0898      0.3645
0.715      0.2182      0.1945      0.0870      0.3629
0.716      0.2158      0.1919      0.0841      0.3613
0.717      0.2134      0.1894      0.0812      0.3597
0.718      0.2110      0.1868      0.0783      0.3581
0.719      0.2086      0.1842      0.0754      0.3564
0.720      0.2061      0.1816      0.0724      0.3548
0.721      0.2037      0.1790      0.0694      0.3531
0.722      0.2012      0.1763      0.0665      0.3514
0.723      0.1987      0.1737      0.0635      0.3497
0.724      0.1962      0.1710      0.0604      0.3480
0.725      0.1937      0.1683      0.0574      0.3462
0.726      0.1911      0.1655      0.0543      0.3443
0.727      0.1886      0.1628      0.0512      0.3423
0.728      0.1860      0.1600      0.0481      0.3403
0.729      0.1834      0.1572      0.0448      0.3380
0.730      0.1807      0.1544      0.0413      0.3356
0.731      0.1781      0.1516      0.0381      0.3331
0.732      0.1754      0.1487      0.0350      0.3307
0.733      0.1728      0.1459      0.0314      0.3288
0.734      0.1701      0.1430      0.0280      0.3268
0.735      0.1673      0.1401      0.0248      0.3249
0.736      0.1646      0.1371      0.0216      0.3229
0.737      0.1618      0.1342      0.0180      0.3209
0.738      0.1590      0.1312      0.0143      0.3189
0.739      0.1562      0.1282      0.0106      0.3169
0.740      0.1534      0.1251      0.0069      0.3149
0.741      0.1506      0.1221      0.0032      0.3126
0.742      0.1477      0.1190     -0.0005      0.3102
0.743      0.1448      0.1159     -0.0041      0.3078
0.744      0.1419      0.1128     -0.0077      0.3054
0.745      0.1389      0.1096     -0.0114      0.3030
0.746      0.1360      0.1065     -0.0151      0.3006
0.747      0.1330      0.1033     -0.0187      0.2982
0.748      0.1300      0.1000     -0.0224      0.2957
0.749      0.1269      0.0968     -0.0261      0.2932
0.750      0.1239      0.0935     -0.0298      0.2908
0.751      0.1208      0.0902     -0.0336      0.2886
0.752      0.1177      0.0869     -0.0374      0.2865
0.753      0.1145      0.0835     -0.0412      0.2844
0.754      0.1114      0.0801     -0.0451      0.2821
0.755      0.1082      0.0767     -0.0490      0.2799
0.756      0.1050      0.0733     -0.0529      0.2777
0.757      0.1018      0.0698     -0.0569      0.2754
0.758      0.0985      0.0663     -0.0609      0.2732
0.759      0.0952      0.0628     -0.0649      0.2708
0.760      0.0919      0.0592     -0.0689      0.2683
0.761      0.0885      0.0557     -0.0730      0.2657
0.762      0.0852      0.0521     -0.0772      0.2631
0.763      0.0818      0.0484     -0.0813      0.2605
0.764      0.0783      0.0447     -0.0855      0.2579
0.765      0.0749      0.0410     -0.0898      0.2553
0.766      0.0714      0.0373     -0.0941      0.2526
0.767      0.0678      0.0335     -0.0985      0.2499
0.768      0.0643      0.0297     -0.1029      0.2472
0.769      0.0607      0.0259     -0.1072      0.2444
0.770      0.0571      0.0220     -0.1116      0.2417
0.771      0.0535      0.0181     -0.1160      0.2389
0.772      0.0498      0.0142     -0.1204      0.2360
0.773      0.0461      0.0102     -0.1249      0.2328
0.774      0.0423      0.0062     -0.1294      0.2300
0.775      0.0386      0.0021     -0.1339      0.2271
0.776      0.0347     -0.0019     -0.1386      0.2243
0.777      0.0309     -0.0060     -0.1435      0.2214
0.778      0.0270     -0.0102     -0.1482      0.2184
0.779      0.0231     -0.0144     -0.1530      0.2155
0.780      0.0192     -0.0186     -0.1577      0.2125
0.781      0.0152     -0.0229     -0.1627      0.2091
0.782      0.0112     -0.0272     -0.1676      0.2056
0.783      0.0071     -0.0315     -0.1726      0.2021
0.784      0.0030     -0.0359     -0.1778      0.1985
0.785     -0.0011     -0.0403     -0.1830      0.1949
0.786     -0.0053     -0.0448     -0.1883      0.1916
0.787     -0.0095     -0.0493     -0.1937      0.1885
0.788     -0.0138     -0.0539     -0.1991      0.1853
0.789     -0.0181     -0.0585     -0.2045      0.1821
0.790     -0.0224     -0.0631     -0.2099      0.1790
0.791     -0.0268     -0.0678     -0.2154      0.1760
0.792     -0.0312     -0.0725     -0.2210      0.1729
0.793     -0.0356     -0.0773     -0.2266      0.1698
0.794     -0.0401     -0.0821     -0.2322      0.1662
0.795     -0.0447     -0.0870     -0.2376      0.1625
0.796     -0.0493     -0.0919     -0.2431      0.1590
0.797     -0.0539     -0.0969     -0.2486      0.1555
0.798     -0.0586     -0.1019     -0.2542      0.1521
0.799     -0.0633     -0.1069     -0.2599      0.1486
0.800     -0.0681     -0.1121     -0.2656      0.1450
0.801     -0.0729     -0.1172     -0.2713      0.1414
0.802     -0.0778     -0.1224     -0.2772      0.1378
0.803     -0.0827     -0.1277     -0.2832      0.1342
0.804     -0.0877     -0.1330     -0.2894      0.1305
0.805     -0.0927     -0.1384     -0.2958      0.1268
0.806     -0.0978     -0.1438     -0.3022      0.1230
0.807     -0.1029     -0.1493     -0.3086      0.1192
0.808     -0.1081     -0.1549     -0.3152      0.1152
0.809     -0.1133     -0.1605     -0.3218      0.1112
0.810     -0.1186     -0.1662     -0.3285      0.1072
0.811     -0.1240     -0.1719     -0.3352      0.1031
0.812     -0.1294     -0.1777     -0.3417      0.0990
0.813     -0.1348     -0.1835     -0.3481      0.0948
0.814     -0.1403     -0.1894     -0.3547      0.0905
0.815     -0.1459     -0.1954     -0.3613      0.0863
0.816     -0.1515     -0.2014     -0.3679      0.0820
0.817     -0.1573     -0.2075     -0.3747      0.0776
0.818     -0.1630     -0.2137     -0.3815      0.0732
0.819     -0.1688     -0.2199     -0.3884      0.0687
0.820     -0.1747     -0.2263     -0.3958      0.0642
0.821     -0.1807     -0.2326     -0.4033      0.0597
0.822     -0.1867     -0.2391     -0.4109      0.0553
0.823     -0.1928     -0.2456     -0.4186      0.0511
0.824     -0.1990     -0.2522     -0.4264      0.0467
0.825     -0.2052     -0.2589     -0.4343      0.0418
0.826     -0.2115     -0.2656     -0.4420      0.0366
0.827     -0.2179     -0.2725     -0.4496      0.0315
0.828     -0.2243     -0.2794     -0.4574      0.0266
0.829     -0.2309     -0.2864     -0.4652      0.0220
0.830     -0.2375     -0.2934     -0.4731      0.0169
0.831     -0.2441     -0.3006     -0.4814      0.0117
0.832     -0.2509     -0.3078     -0.4898      0.0067
0.833     -0.2578     -0.3152     -0.4981      0.0015
0.834     -0.2647     -0.3226     -0.5064     -0.0037
0.835     -0.2717     -0.3301     -0.5149     -0.0089
0.836     -0.2788     -0.3377     -0.5234     -0.0142
0.837     -0.2860     -0.3454     -0.5321     -0.0196
0.838     -0.2932     -0.3532     -0.5410     -0.0251
0.839     -0.3006     -0.3610     -0.5501     -0.0306
0.840     -0.3080     -0.3690     -0.5593     -0.0362
0.841     -0.3156     -0.3771     -0.5687     -0.0419
0.842     -0.3232     -0.3853     -0.5782     -0.0476
0.843     -0.3310     -0.3936     -0.5877     -0.0534
0.844     -0.3388     -0.4020     -0.5975     -0.0593
0.845     -0.3467     -0.4105     -0.6073     -0.0652
0.846     -0.3548     -0.4191     -0.6168     -0.0713
0.847     -0.3629     -0.4278     -0.6265     -0.0774
0.848     -0.3712     -0.4366     -0.6363     -0.0836
0.849     -0.3795     -0.4456     -0.6463     -0.0899
0.850     -0.3880     -0.4547     -0.6569     -0.0962
0.851     -0.3966     -0.4639     -0.6677     -0.1027
0.852     -0.4053     -0.4732     -0.6789     -0.1088
0.853     -0.4141     -0.4826     -0.6903     -0.1150
0.854     -0.4231     -0.4922     -0.7019     -0.1212
0.855     -0.4322     -0.5019     -0.7131     -0.1278
0.856     -0.4413     -0.5118     -0.7245     -0.1347
0.857     -0.4507     -0.5217     -0.7361     -0.1417
0.858     -0.4601     -0.5319     -0.7478     -0.1488
0.859     -0.4697     -0.5421     -0.7597     -0.1559
0.860     -0.4794     -0.5526     -0.7717     -0.1629
0.861     -0.4893     -0.5631     -0.7839     -0.1700
0.862     -0.4993     -0.5738     -0.7963     -0.1773
0.863     -0.5095     -0.5847     -0.8089     -0.1850
0.864     -0.5198     -0.5957     -0.8217     -0.1928
0.865     -0.5302     -0.6069     -0.8346     -0.2007
0.866     -0.5408     -0.6183     -0.8479     -0.2088
0.867     -0.5516     -0.6298     -0.8613     -0.2169
0.868     -0.5625     -0.6415     -0.8750     -0.2252
0.869     -0.5736     -0.6534     -0.8889     -0.2336
0.870     -0.5849     -0.6655     -0.9029     -0.2422
0.871     -0.5964     -0.6778     -0.9171     -0.2509
0.872     -0.6080     -0.6902     -0.9312     -0.2597
0.873     -0.6198     -0.7029     -0.9456     -0.2686
0.874     -0.6318     -0.7157     -0.9605     -0.2777
0.875     -0.6440     -0.7287     -0.9756     -0.2870
0.876     -0.6564     -0.7420     -0.9909     -0.2964
0.877     -0.6689     -0.7555     -1.0065     -0.3059
0.878     -0.6817     -0.7692     -1.0224     -0.3148
0.879     -0.6947     -0.7831     -1.0385     -0.3247
0.880     -0.7080     -0.7973     -1.0549     -0.3350
0.881     -0.7214     -0.8117     -1.0715     -0.3454
0.882     -0.7351     -0.8263     -1.0885     -0.3560
0.883     -0.7490     -0.8412     -1.1057     -0.3666
0.884     -0.7631     -0.8563     -1.1232     -0.3773
0.885     -0.7775     -0.8718     -1.1411     -0.3881
0.886     -0.7922     -0.8874     -1.1592     -0.3988
0.887     -0.8071     -0.9034     -1.1777     -0.4092
0.888     -0.8222     -0.9196     -1.1965     -0.4198
0.889     -0.8377     -0.9362     -1.2156     -0.4307
0.890     -0.8534     -0.9530     -1.2351     -0.4417
0.891     -0.8694     -0.9701     -1.2549     -0.4529
0.892     -0.8857     -0.9876     -1.2751     -0.4643
0.893     -0.9023     -1.0054     -1.2957     -0.4759
0.894     -0.9192     -1.0235     -1.3164     -0.4878
0.895     -0.9365     -1.0420     -1.3380     -0.4999
0.896     -0.9541     -1.0608     -1.3598     -0.5139
0.897     -0.9720     -1.0800     -1.3820     -0.5282
0.898     -0.9903     -1.0996     -1.4047     -0.5427
0.899     -1.0089     -1.1195     -1.4277     -0.5576
0.900     -1.0279     -1.1399     -1.4513     -0.5724
0.901     -1.0473     -1.1606     -1.4753     -0.5867
0.902     -1.0671     -1.1818     -1.4998     -0.6012
0.903     -1.0873     -1.2035     -1.5249     -0.6160
0.904     -1.1079     -1.2255     -1.5504     -0.6311
0.905     -1.1289     -1.2481     -1.5765     -0.6465
0.906     -1.1504     -1.2711     -1.6031     -0.6623
0.907     -1.1724     -1.2946     -1.6303     -0.6784
0.908     -1.1948     -1.3186     -1.6589     -0.6948
0.909     -1.2177     -1.3432     -1.6882     -0.7117
0.910     -1.2412     -1.3683     -1.7166     -0.7288
0.911     -1.2651     -1.3939     -1.7455     -0.7470
0.912     -1.2897     -1.4202     -1.7756     -0.7657
0.913     -1.3147     -1.4470     -1.8067     -0.7849
0.914     -1.3404     -1.4745     -1.8385     -0.8045
0.915     -1.3666     -1.5026     -1.8710     -0.8246
0.916     -1.3935     -1.5314     -1.9044     -0.8452
0.917     -1.4211     -1.5609     -1.9385     -0.8662
0.918     -1.4493     -1.5911     -1.9734     -0.8878
0.919     -1.4782     -1.6221     -2.0095     -0.9099
0.920     -1.5078     -1.6538     -2.0469     -0.9326
0.921     -1.5382     -1.6863     -2.0851     -0.9558
0.922     -1.5693     -1.7197     -2.1244     -0.9796
0.923     -1.6013     -1.7539     -2.1646     -1.0041
0.924     -1.6341     -1.7890     -2.2059     -1.0291
0.925     -1.6678     -1.8251     -2.2484     -1.0547
0.926     -1.7023     -1.8621     -2.2919     -1.0803
0.927     -1.7379     -1.9002     -2.3367     -1.1066
0.928     -1.7744     -1.9393     -2.3827     -1.1337
0.929     -1.8120     -1.9795     -2.4295     -1.1615
0.930     -1.8506     -2.0209     -2.4768     -1.1901
0.931     -1.8903     -2.0634     -2.5254     -1.2195
0.932     -1.9312     -2.1072     -2.5754     -1.2498
0.933     -1.9734     -2.1524     -2.6270     -1.2810
0.934     -2.0168     -2.1988     -2.6805     -1.3131
0.935     -2.0615     -2.2468     -2.7366     -1.3462
0.936     -2.1077     -2.2962     -2.7944     -1.3804
0.937     -2.1553     -2.3472     -2.8540     -1.4157
0.938     -2.2044     -2.3998     -2.9156     -1.4520
0.939     -2.2552     -2.4541     -2.9792     -1.4890
0.940     -2.3076     -2.5103     -3.0449     -1.5273
0.941     -2.3619     -2.5684     -3.1128     -1.5669
0.942     -2.4180     -2.6284     -3.1831     -1.6079
0.943     -2.4760     -2.6906     -3.2559     -1.6503
0.944     -2.5362     -2.7550     -3.3296     -1.6942
0.945     -2.5985     -2.8218     -3.4059     -1.7397
0.946     -2.6631     -2.8910     -3.4851     -1.7869
0.947     -2.7302     -2.9628     -3.5672     -1.8358
0.948     -2.7998     -3.0374     -3.6525     -1.8867
0.949     -2.8722     -3.1149     -3.7423     -1.9396
0.950     -2.9475     -3.1955     -3.8363     -1.9958
0.951     -3.0259     -3.2794     -3.9341     -2.0525
0.952     -3.1075     -3.3668     -4.0360     -2.1116
0.953     -3.1926     -3.4579     -4.1422     -2.1734
0.954     -3.2813     -3.5530     -4.2530     -2.2383
0.955     -3.3741     -3.6523     -4.3688     -2.3067
0.956     -3.4710     -3.7562     -4.4902     -2.3786
0.957     -3.5725     -3.8648     -4.6176     -2.4539
0.958     -3.6788     -3.9786     -4.7510     -2.5318
0.959     -3.7903     -4.0980     -4.8909     -2.6127
0.960     -3.9073     -4.2233     -5.0378     -2.6976
0.961     -4.0304     -4.3551     -5.1923     -2.7869
0.962     -4.1599     -4.4938     -5.3549     -2.8828
0.963     -4.2964     -4.6400     -5.5263     -2.9850
0.964     -4.4405     -4.7944     -5.7072     -3.0929
0.965     -4.5929     -4.9575     -5.8984     -3.2070
0.966     -4.7542     -5.1302     -6.1009     -3.3278
0.967     -4.9253     -5.3135     -6.3140     -3.4559
0.968     -5.1071     -5.5081     -6.5403     -3.5919
0.969     -5.3006     -5.7153     -6.7812     -3.7354
0.970     -5.5070     -5.9364     -7.0381     -3.8885
0.971     -5.7276     -6.1727     -7.3128     -4.0521
0.972     -5.9640     -6.4258     -7.6071     -4.2274
0.973     -6.2180     -6.6977     -7.9232     -4.4157
0.974     -6.4914     -6.9906     -8.2635     -4.6185
0.975     -6.7867     -7.3068     -8.6312     -4.8375
0.976     -7.1067     -7.6494     -9.0295     -5.0748
0.977     -7.4544     -8.0218     -9.4624     -5.3314
0.978     -7.8338     -8.4281     -9.9360     -5.6104
0.979     -8.2493     -8.8730    -10.4546     -5.9161
0.980     -8.7063     -9.3624    -11.0252     -6.2523
0.981     -9.2115     -9.9035    -11.6552     -6.6238
0.982     -9.7728    -10.5045    -12.3546     -7.0367
0.983    -10.4001    -11.1763    -13.1362     -7.4982
0.984    -11.1058    -11.9320    -14.0156     -8.0172
0.985    -11.9057    -12.7886    -15.0123     -8.6056
0.986    -12.8198    -13.7674    -16.1513     -9.2780
0.987    -13.8745    -14.8969    -17.4655    -10.0538
0.988    -15.1051    -16.2146    -18.9989    -10.9621
0.989    -16.5593    -17.7720    -20.8109    -12.0387
0.990    -18.3044    -19.6408    -22.9855    -13.3307
0.991    -20.4374    -21.9248    -25.6432    -14.9098
0.992    -23.1035    -24.7799    -28.9692    -16.8833
0.993    -26.5312    -28.4506    -33.2467    -19.4209
0.994    -31.1019    -33.3451    -38.9498    -22.8048
0.995    -37.5008    -40.1976    -46.9352    -27.5421
0.996    -47.0987    -50.4756    -58.9127    -34.6392
0.997    -63.0962    -67.6068    -78.8739    -46.4590
0.998    -95.0890   -101.8670   -118.7987    -70.0991
0.999   -191.0764   -204.6567   -238.5676   -141.0265
