0.001     -9.1461     -9.0333    -13.6906     -4.4433
0.002     -4.0720     -4.0158     -6.3449     -1.7203
0.003     -2.3806     -2.3433     -3.8963     -0.8127
0.004     -1.5350     -1.5070     -2.6720     -0.3588
0.005     -1.0275     -1.0053     -1.9375     -0.0865
0.006     -0.6893     -0.6708     -1.4478      0.0950
0.007     -0.4476     -0.4318     -1.0980      0.2247
0.008     -0.2664     -0.2526     -0.8356      0.3219
0.009     -0.1255     -0.1133     -0.6316      0.3976
0.010     -0.0127     -0.0018     -0.4683      0.4581
0.011      0.0795      0.0895     -0.3348      0.5076
0.012      0.1564      0.1655     -0.2235      0.5489
0.013      0.2215      0.2298     -0.1293      0.5838
0.014      0.2772      0.2850     -0.0486      0.6137
0.015      0.3255      0.3327      0.0214      0.6396
0.016      0.3678      0.3746      0.0826      0.6623
0.017      0.4051      0.4115      0.1389      0.6823
0.018      0.4383      0.4442      0.1910      0.6979
0.019      0.4680      0.4736      0.2373      0.7117
0.020      0.4947      0.5000      0.2805      0.7132
0.021      0.5188      0.5239      0.3245      0.7207
0.022      0.5408      0.5456      0.3604      0.7234
0.023      0.5609      0.5654      0.3944      0.7260
0.024      0.5793      0.5836      0.4297      0.7271
0.025      0.5962      0.6004      0.4609      0.7292
0.026      0.6029      0.6025      0.4766      0.7257
0.027      0.6025      0.6022      0.4798      0.7203
0.028      0.6022      0.6019      0.4794      0.7185
0.029      0.6019      0.6015      0.4812      0.7209
0.030      0.6016      0.6012      0.4816      0.7223
0.031      0.6012      0.6008      0.4817      0.7222
0.032      0.6009      0.6005      0.4810      0.7218
0.033      0.6006      0.6002      0.4807      0.7213
0.034      0.6002      0.5998      0.4804      0.7209
0.035      0.5999      0.5995      0.4802      0.7216
0.036      0.5996      0.5991      0.4800      0.7212
0.037      0.5993      0.5988      0.4797      0.7207
0.038      0.5989      0.5984      0.4793      0.7203
0.039      0.5986      0.5981      0.4789      0.7199
0.040      0.5983      0.5977      0.4785      0.7196
0.041      0.5979      0.5974      0.4781      0.7193
0.042      0.5976      0.5970      0.4778      0.7191
0.043      0.5972      0.5967      0.4774      0.7189
0.044      0.5969      0.5963      0.4771      0.7186
0.045      0.5966      0.5960      0.4768      0.7184
0.046      0.5962      0.5956      0.4765      0.7180
0.047      0.5959      0.5953      0.4761      0.7176
0.048      0.5955      0.5949      0.4758      0.7172
0.049      0.5952      0.5946      0.4755      0.7168
0.050      0.5949      0.5942      0.4751      0.7163
0.051      0.5945      0.5939      0.4748      0.7161
0.052      0.5942      0.5935      0.4745      0.7158
0.053      0.5938      0.5931      0.4741      0.7155
0.054      0.5935      0.5928      0.4738      0.7151
0.055      0.5931      0.5924      0.4734      0.7146
0.056      0.5928      0.5921      0.4729      0.7142
0.057      0.5925      0.5917      0.4725      0.7138
0.058      0.5921      0.5913      0.4721      0.7134
0.059      0.5918      0.5910      0.4717      0.7130
0.060      0.5914      0.5906      0.4712      0.7125
0.061      0.5911      0.5903      0.4708      0.7121
0.062      0.5907      0.5899      0.4704      0.7117
0.063      0.5904      0.5895      0.4699      0.7113
0.064      0.5900      0.5892      0.4695      0.7109
0.065      0.5897      0.5888      0.4691      0.7107
0.066      0.5893      0.5884      0.4686      0.7105
0.067      0.5889      0.5881      0.4682      0.7102
0.068      0.5886      0.5877      0.4678      0.7098
0.069      0.5882      0.5873      0.4673      0.7093
0.070      0.5879      0.5870      0.4670      0.7088
0.071      0.5875      0.5866      0.4667      0.7083
0.072      0.5872      0.5862      0.4665      0.7078
0.073      0.5868      0.5858      0.4662      0.7073
0.074      0.5864      0.5855      0.4659      0.7068
0.075      0.5861      0.5851      0.4657      0.7064
0.076      0.5857      0.5847      0.4654      0.7061
0.077      0.5854      0.5843      0.4652      0.7058
0.078      0.5850      0.5840      0.4649      0.7055
0.079      0.5846      0.5836      0.4646      0.7052
0.080      0.5843      0.5832      0.4644      0.7049
0.081      0.5839      0.5828      0.4641      0.7046
0.082      0.5835      0.5824      0.4639      0.7043
0.083      0.5832      0.5821      0.4636      0.7040
0.084      0.5828      0.5817      0.4633      0.7037
0.085      0.5824      0.5813      0.4631      0.7034
0.086      0.5821      0.5809      0.4627      0.7031
0.087      0.5817      0.5805      0.4624      0.7028
0.088      0.5813      0.5801      0.4620      0.7023
0.089      0.5810      0.5798      0.4617      0.7019
0.090      0.5806      0.5794      0.4613      0.7014
0.091      0.5802      0.5790      0.4609      0.7010
0.092      0.5798      0.5786      0.4606      0.7005
0.093      0.5795      0.5782      0.4602      0.7000
0.094      0.5791      0.5778      0.4599      0.6996
0.095      0.5787      0.5774      0.4595      0.6991
0.096      0.5783      0.5770      0.4591      0.6986
0.097      0.5780      0.5766      0.4587      0.6982
0.098      0.5776      0.5762      0.4581      0.6977
0.099      0.5772      0.5758      0.4575      0.6972
0.100      0.5768      0.5754      0.4570      0.6968
0.101      0.5764      0.5750      0.4564      0.6963
0.102      0.5761      0.5747      0.4558      0.6958
0.103      0.5757      0.5743      0.4553      0.6953
0.104      0.5753      0.5739      0.4547      0.6949
0.105      0.5749      0.5735      0.4541      0.6944
0.106      0.5745      0.5731      0.4535      0.6940
0.107      0.5741      0.5727      0.4529      0.6937
0.108      0.5737      0.5722      0.4524      0.6935
0.109      0.5734      0.5718      0.4518      0.6932
0.110      0.5730      0.5714      0.4512      0.6930
0.111      0.5726      0.5710      0.4506      0.6927
0.112      0.5722      0.5706      0.4500      0.6925
0.113      0.5718      0.5702      0.4495      0.6921
0.114      0.5714      0.5698      0.4488      0.6917
0.115      0.5710      0.5694      0.4483      0.6913
0.116      0.5706      0.5690      0.4477      0.6910
0.117      0.5702      0.5686      0.4471      0.6907
0.118      0.5698      0.5682      0.4465      0.6905
0.119      0.5694      0.5678      0.4459      0.6902
0.120      0.5690      0.5673      0.4453      0.6900
0.121      0.5686      0.5669      0.4449      0.6897
0.122      0.5682      0.5665      0.4445      0.6894
0.123      0.5678      0.5661      0.4442      0.6892
0.124      0.5674      0.5657      0.4438      0.6889
0.125      0.5670      0.5653      0.4435      0.6887
0.126      0.5666      0.5648      0.4431      0.6884
0.127      0.5662      0.5644      0.4428      0.6881
0.128      0.5658      0.5640      0.4425      0.6879
0.129      0.5654      0.5636      0.4421      0.6876
0.130      0.5650      0.5631      0.4417      0.6871
0.131      0.5646      0.5627      0.4412      0.6865
0.132      0.5642      0.5623      0.4406      0.6859
0.133      0.5638      0.5619      0.4400      0.6853
0.134      0.5634      0.5614      0.4395      0.6847
0.135      0.5629      0.5610      0.4389      0.6841
0.136      0.5625      0.5606      0.4384      0.6835
0.137      0.5621      0.5602      0.4378      0.6829
0.138      0.5617      0.5597      0.4372      0.6822
0.139      0.5613      0.5593      0.4367      0.6816
0.140      0.5609      0.5589      0.4364      0.6810
0.141      0.5604      0.5584      0.4361      0.6805
0.142      0.5600      0.5580      0.4358      0.6801
0.143      0.5596      0.5576      0.4354      0.6797
0.144      0.5592      0.5571      0.4348      0.6793
0.145      0.5588      0.5567      0.4343      0.6789
0.146      0.5583      0.5562      0.4338      0.6785
0.147      0.5579      0.5558      0.4335      0.6781
0.148      0.5575      0.5554      0.4332      0.6777
0.149      0.5571      0.5549      0.4328      0.6772
0.150      0.5566      0.5545      0.4325      0.6768
0.151      0.5562      0.5540      0.4322      0.6764
0.152      0.5558      0.5536      0.4318      0.6760
0.153      0.5554      0.5531      0.4315      0.6756
0.154      0.5549      0.5527      0.4311      0.6752
0.155      0.5545      0.5522      0.4308      0.6748
0.156      0.5541      0.5518      0.4305      0.6744
0.157      0.5536      0.5513      0.4301      0.6740
0.158      0.5532      0.5509      0.4298      0.6736
0.159      0.5528      0.5504      0.4294      0.6731
0.160      0.5523      0.5500      0.4291      0.6725
0.161      0.5519      0.5495      0.4287      0.6719
0.162      0.5514      0.5491      0.4284      0.6713
0.163      0.5510      0.5486      0.4280      0.6707
0.164      0.5506      0.5481      0.4277      0.6701
0.165      0.5501      0.5477      0.4273      0.6695
0.166      0.5497      0.5472      0.4268      0.6689
0.167      0.5492      0.5468      0.4262      0.6685
0.168      0.5488      0.5463      0.4256      0.6682
0.169      0.5483      0.5458      0.4250      0.6680
0.170      0.5479      0.5454      0.4245      0.6676
0.171      0.5474      0.5449      0.4239      0.6671
0.172      0.5470      0.5444      0.4233      0.6665
0.173      0.5465      0.5440      0.4227      0.6659
0.174      0.5461      0.5435      0.4221      0.6658
0.175      0.5456      0.5430      0.4214      0.6656
0.176      0.5452      0.5426      0.4207      0.6654
0.177      0.5447      0.5421      0.4200      0.6653
0.178      0.5443      0.5416      0.4193      0.6651
0.179      0.5438      0.5411      0.4186      0.6646
0.180      0.5434      0.5407      0.4179      0.6642
0.181      0.5429      0.5402      0.4172      0.6637
0.182      0.5424      0.5397      0.4165      0.6633
0.183      0.5420      0.5392      0.4161      0.6629
0.184      0.5415      0.5387      0.4158      0.6624
0.185      0.5411      0.5382      0.4154      0.6620
0.186      0.5406      0.5378      0.4150      0.6614
0.187      0.5401      0.5373      0.4145      0.6608
0.188      0.5397      0.5368      0.4142      0.6602
0.189      0.5392      0.5363      0.4138      0.6595
0.190      0.5387      0.5358      0.4134      0.6588
0.191      0.5382      0.5353      0.4131      0.6582
0.192      0.5378      0.5348      0.4127      0.6575
0.193      0.5373      0.5343      0.4123      0.6568
0.194      0.5368      0.5339      0.4119      0.6561
0.195      0.5363      0.5334      0.4115      0.6555
0.196      0.5359      0.5329      0.4112      0.6548
0.197      0.5354      0.5324      0.4108      0.6541
0.198      0.5349      0.5319      0.4104      0.6535
0.199      0.5344      0.5314      0.4100      0.6531
0.200      0.5340      0.5309      0.4096      0.6527
0.201      0.5335      0.5304      0.4090      0.6523
0.202      0.5330      0.5299      0.4083      0.6519
0.203      0.5325      0.5294      0.4076      0.6515
0.204      0.5320      0.5288      0.4070      0.6512
0.205      0.5315      0.5283      0.4063      0.6510
0.206      0.5310      0.5278      0.4056      0.6508
0.207      0.5305      0.5273      0.4049      0.6505
0.208      0.5301      0.5268      0.4042      0.6503
0.209      0.5296      0.5263      0.4035      0.6501
0.210      0.5291      0.5258      0.4028      0.6498
0.211      0.5286      0.5253      0.4022      0.6496
0.212      0.5281      0.5248      0.4015      0.6494
0.213      0.5276      0.5242      0.4010      0.6489
0.214      0.5271      0.5237      0.4007      0.6483
0.215      0.5266      0.5232      0.4004      0.6476
0.216      0.5261      0.5227      0.4000      0.6470
0.217      0.5256      0.5222      0.3996      0.6464
0.218      0.5251      0.5216      0.3992      0.6458
0.219      0.5246      0.5211      0.3988      0.6452
0.220      0.5241      0.5206      0.3985      0.6446
0.221      0.5236      0.5200      0.3980      0.6441
0.222      0.5230      0.5195      0.3975      0.6436
0.223      0.5225      0.5190      0.3969      0.6433
0.224      0.5220      0.5185      0.3963      0.6429
0.225      0.5215      0.5179      0.3957      0.6426
0.226      0.5210      0.5174      0.3948      0.6424
0.227      0.5205      0.5168      0.3939      0.6421
0.228      0.5200      0.5163      0.3930      0.6419
0.229      0.5194      0.5158      0.3921      0.6414
0.230      0.5189      0.5152      0.3912      0.6409
0.231      0.5184      0.5147      0.3906      0.6404
0.232      0.5179      0.5141      0.3901      0.6401
0.233      0.5174      0.5136      0.3897      0.6397
0.234      0.5168      0.5131      0.3893      0.6393
0.235      0.5163      0.5125      0.3890      0.6390
0.236      0.5158      0.5120      0.3887      0.6386
0.237      0.5152      0.5114      0.3880      0.6380
0.238      0.5147      0.5109      0.3872      0.6377
0.239      0.5142      0.5103      0.3864      0.6374
0.240      0.5136      0.5097      0.3859      0.6371
0.241      0.5131      0.5092      0.3853      0.6366
0.242      0.5126      0.5086      0.3848      0.6359
0.243      0.5120      0.5081      0.3841      0.6352
0.244      0.5115      0.5075      0.3834      0.6345
0.245      0.5110      0.5069      0.3826      0.6341
0.246      0.5104      0.5064      0.3818      0.6335
0.247      0.5099      0.5058      0.3811      0.6330
0.248      0.5093      0.5053      0.3803      0.6325
0.249      0.5088      0.5047      0.3796      0.6321
0.250      0.5082      0.5041      0.3788      0.6317
0.251      0.5077      0.5035      0.3783      0.6312
0.252      0.5071      0.5030      0.3778      0.6308
0.253      0.5066      0.5024      0.3773      0.6304
0.254      0.5060      0.5018      0.3768      0.6299
0.255      0.5055      0.5012      0.3763      0.6295
0.256      0.5049      0.5007      0.3757      0.6290
0.257      0.5044      0.5001      0.3752      0.6286
0.258      0.5038      0.4995      0.3747      0.6283
0.259      0.5032      0.4989      0.3742      0.6279
0.260      0.5027      0.4983      0.3737      0.6276
0.261      0.5021      0.4977      0.3732      0.6272
0.262      0.5015      0.4972      0.3726      0.6265
0.263      0.5010      0.4966      0.3721      0.6259
0.264      0.5004      0.4960      0.3715      0.6254
0.265      0.4998      0.4954      0.3708      0.6250
0.266      0.4993      0.4948      0.3701      0.6244
0.267      0.4987      0.4942      0.3692      0.6238
0.268      0.4981      0.4936      0.3683      0.6232
0.269      0.4975      0.4930      0.3675      0.6226
0.270      0.4970      0.4924      0.3672      0.6220
0.271      0.4964      0.4918      0.3666      0.6215
0.272      0.4958      0.4912      0.3658      0.6213
0.273      0.4952      0.4906      0.3652      0.6210
0.274      0.4946      0.4900      0.3647      0.6208
0.275      0.4940      0.4894      0.3641      0.6204
0.276      0.4935      0.4887      0.3635      0.6199
0.277      0.4929      0.4881      0.3627      0.6194
0.278      0.4923      0.4875      0.3620      0.6190
0.279      0.4917      0.4869      0.3614      0.6185
0.280      0.4911      0.4863      0.3608      0.6180
0.281      0.4905      0.4857      0.3601      0.6175
0.282      0.4899      0.4850      0.3597      0.6171
0.283      0.4893      0.4844      0.3592      0.6166
0.284      0.4887      0.4838      0.3587      0.6161
0.285      0.4881      0.4832      0.3580      0.6156
0.286      0.4875      0.4825      0.3572      0.6151
0.287      0.4869      0.4819      0.3564      0.6144
0.288      0.4863      0.4813      0.3556      0.6137
0.289      0.4857      0.4806      0.3548      0.6130
0.290      0.4850      0.4800      0.3540      0.6123
0.291      0.4844      0.4794      0.3531      0.6116
0.292      0.4838      0.4787      0.3524      0.6111
0.293      0.4832      0.4781      0.3516      0.6106
0.294      0.4826      0.4774      0.3508      0.6101
0.295      0.4820      0.4768      0.3500      0.6097
0.296      0.4813      0.4762      0.3492      0.6093
0.297      0.4807      0.4755      0.3484      0.6088
0.298      0.4801      0.4749      0.3475      0.6081
0.299      0.4795      0.4742      0.3469      0.6075
0.300      0.4788      0.4735      0.3464      0.6072
0.301      0.4782      0.4729      0.3458      0.6069
0.302      0.4776      0.4722      0.3448      0.6066
0.303      0.4769      0.4716      0.3438      0.6061
0.304      0.4763      0.4709      0.3427      0.6054
0.305      0.4757      0.4702      0.3417      0.6050
0.306      0.4750      0.4696      0.3409      0.6046
0.307      0.4744      0.4689      0.3401      0.6042
0.308      0.4737      0.4682      0.3392      0.6038
0.309      0.4731      0.4676      0.3384      0.6034
0.310      0.4724      0.4669      0.3375      0.6030
0.311      0.4718      0.4662      0.3366      0.6026
0.312      0.4711      0.4655      0.3357      0.6021
0.313      0.4705      0.4649      0.3347      0.6016
0.314      0.4698      0.4642      0.3337      0.6011
0.315      0.4692      0.4635      0.3330      0.6006
0.316      0.4685      0.4628      0.3324      0.6000
0.317      0.4679      0.4621      0.3315      0.5995
0.318      0.4672      0.4614      0.3306      0.5990
0.319      0.4665      0.4608      0.3298      0.5985
0.320      0.4659      0.4601      0.3289      0.5979
0.321      0.4652      0.4594      0.3280      0.5974
0.322      0.4645      0.4587      0.3272      0.5970
0.323      0.4639      0.4580      0.3263      0.5965
0.324      0.4632      0.4573      0.3254      0.5961
0.325      0.4625      0.4566      0.3245      0.5954
0.326      0.4618      0.4559      0.3236      0.5947
0.327      0.4611      0.4551      0.3227      0.5942
0.328      0.4605      0.4544      0.3220      0.5936
0.329      0.4598      0.4537      0.3213      0.5931
0.330      0.4591      0.4530      0.3206      0.5926
0.331      0.4584      0.4523      0.3198      0.5923
0.332      0.4577      0.4516      0.3191      0.5920
0.333      0.4570      0.4509      0.3184      0.5917
0.334      0.4563      0.4501      0.3176      0.5914
0.335      0.4556      0.4494      0.3169      0.5911
0.336      0.4549      0.4487      0.3162      0.5908
0.337      0.4542      0.4480      0.3154      0.5903
0.338      0.4535      0.4472      0.3147      0.5897
0.339      0.4528      0.4465      0.3139      0.5890
0.340      0.4521      0.4458      0.3132      0.5884
0.341      0.4514      0.4450      0.3123      0.5876
0.342      0.4507      0.4443      0.3113      0.5869
0.343      0.4500      0.4435      0.3103      0.5862
0.344      0.4493      0.4428      0.3094      0.5854
0.345      0.4485      0.4420      0.3084      0.5850
0.346      0.4478      0.4413      0.3074      0.5845
0.347      0.4471      0.4405      0.3064      0.5838
0.348      0.4464      0.4398      0.3055      0.5830
0.349      0.4456      0.4390      0.3045      0.5823
0.350      0.4449      0.4383      0.3035      0.5815
0.351      0.4442      0.4375      0.3025      0.5807
0.352      0.4435      0.4367      0.3015      0.5801
0.353      0.4427      0.4360      0.3005      0.5795
0.354      0.4420      0.4352      0.2995      0.5789
0.355      0.4412      0.4344      0.2985      0.5783
0.356      0.4405      0.4337      0.2973      0.5777
0.357      0.4397      0.4329      0.2961      0.5771
0.358      0.4390      0.4321      0.2949      0.5764
0.359      0.4383      0.4313      0.2937      0.5759
0.360      0.4375      0.4306      0.2925      0.5755
0.361      0.4367      0.4298      0.2913      0.5752
0.362      0.4360      0.4290      0.2901      0.5749
0.363      0.4352      0.4282      0.2889      0.5745
0.364      0.4345      0.4274      0.2878      0.5739
0.365      0.4337      0.4266      0.2868      0.5732
0.366      0.4329      0.4258      0.2858      0.5726
0.367      0.4322      0.4250      0.2850      0.5719
0.368      0.4314      0.4242      0.2842      0.5715
0.369      0.4306      0.4234      0.2834      0.5710
0.370      0.4298      0.4226      0.2826      0.5705
0.371      0.4291      0.4218      0.2818      0.5701
0.372      0.4283      0.4210      0.2810      0.5694
0.373      0.4275      0.4202      0.2801      0.5686
0.374      0.4267      0.4193      0.2793      0.5678
0.375      0.4259      0.4185      0.2785      0.5671
0.376      0.4251      0.4177      0.2776      0.5663
0.377      0.4243      0.4169      0.2765      0.5655
0.378      0.4235      0.4160      0.2754      0.5647
0.379      0.4227      0.4152      0.2743      0.5639
0.380      0.4219      0.4144      0.2732      0.5631
0.381      0.4211      0.4135      0.2725      0.5626
0.382      0.4203      0.4127      0.2717      0.5620
0.383      0.4195      0.4119      0.2709      0.5615
0.384      0.4187      0.4110      0.2699      0.5611
0.385      0.4179      0.4102      0.2688      0.5607
0.386      0.4171      0.4093      0.2677      0.5603
0.387      0.4163      0.4085      0.2665      0.5599
0.388      0.4154      0.4076      0.2654      0.5595
0.389      0.4146      0.4068      0.2645      0.5591
0.390      0.4138      0.4059      0.2639      0.5587
0.391      0.4130      0.4050      0.2630      0.5580
0.392      0.4121      0.4042      0.2615      0.5571
0.393      0.4113      0.4033      0.2603      0.5562
0.394      0.4104      0.4024      0.2594      0.5557
0.395      0.4096      0.4015      0.2586      0.5552
0.396      0.4088      0.4007      0.2577      0.5548
0.397      0.4079      0.3998      0.2569      0.5543
0.398      0.4071      0.3989      0.2560      0.5539
0.399      0.4062      0.3980      0.2551      0.5534
0.400      0.4053      0.3971      0.2542      0.5530
0.401      0.4045      0.3962      0.2534      0.5526
0.402      0.4036      0.3953      0.2525      0.5521
0.403      0.4028      0.3944      0.2516      0.5517
0.404      0.4019      0.3935      0.2507      0.5512
0.405      0.4010      0.3926      0.2498      0.5508
0.406      0.4002      0.3917      0.2485      0.5503
0.407      0.3993      0.3908      0.2472      0.5498
0.408      0.3984      0.3899      0.2459      0.5494
0.409      0.3975      0.3890      0.2445      0.5486
0.410      0.3966      0.3881      0.2432      0.5484
0.411      0.3957      0.3871      0.2419      0.5480
0.412      0.3949      0.3862      0.2405      0.5475
0.413      0.3940      0.3853      0.2392      0.5469
0.414      0.3931      0.3843      0.2378      0.5460
0.415      0.3922      0.3834      0.2365      0.5451
0.416      0.3913      0.3825      0.2351      0.5442
0.417      0.3903      0.3815      0.2337      0.5433
0.418      0.3894      0.3806      0.2324      0.5423
0.419      0.3885      0.3796      0.2310      0.5414
0.420      0.3876      0.3787      0.2296      0.5405
0.421      0.3867      0.3777      0.2282      0.5396
0.422      0.3858      0.3768      0.2268      0.5389
0.423      0.3848      0.3758      0.2254      0.5383
0.424      0.3839      0.3748      0.2240      0.5377
0.425      0.3830      0.3739      0.2228      0.5370
0.426      0.3820      0.3729      0.2218      0.5364
0.427      0.3811      0.3719      0.2207      0.5358
0.428      0.3802      0.3709      0.2197      0.5352
0.429      0.3792      0.3699      0.2187      0.5345
0.430      0.3783      0.3690      0.2176      0.5339
0.431      0.3773      0.3680      0.2166      0.5333
0.432      0.3764      0.3670      0.2154      0.5329
0.433      0.3754      0.3660      0.2143      0.5324
0.434      0.3744      0.3650      0.2133      0.5319
0.435      0.3735      0.3640      0.2123      0.5313
0.436      0.3725      0.3630      0.2113      0.5303
0.437      0.3715      0.3620      0.2103      0.5295
0.438      0.3706      0.3609      0.2087      0.5287
0.439      0.3696      0.3599      0.2070      0.5281
0.440      0.3686      0.3589      0.2054      0.5274
0.441      0.3676      0.3579      0.2043      0.5268
0.442      0.3666      0.3569      0.2031      0.5261
0.443      0.3656      0.3558      0.2020      0.5254
0.444      0.3646      0.3548      0.2009      0.5248
0.445      0.3636      0.3537      0.1998      0.5241
0.446      0.3626      0.3527      0.1988      0.5234
0.447      0.3616      0.3517      0.1975      0.5228
0.448      0.3606      0.3506      0.1963      0.5221
0.449      0.3596      0.3495      0.1952      0.5214
0.450      0.3586      0.3485      0.1940      0.5209
0.451      0.3576      0.3474      0.1928      0.5206
0.452      0.3565      0.3464      0.1914      0.5203
0.453      0.3555      0.3453      0.1900      0.5196
0.454      0.3545      0.3442      0.1887      0.5189
0.455      0.3534      0.3431      0.1873      0.5181
0.456      0.3524      0.3420      0.1860      0.5172
0.457      0.3514      0.3410      0.1848      0.5165
0.458      0.3503      0.3399      0.1836      0.5158
0.459      0.3493      0.3388      0.1823      0.5150
0.460      0.3482      0.3377      0.1807      0.5143
0.461      0.3471      0.3366      0.1790      0.5135
0.462      0.3461      0.3355      0.1775      0.5127
0.463      0.3450      0.3344      0.1760      0.5119
0.464      0.3439      0.3332      0.1746      0.5111
0.465      0.3429      0.3321      0.1733      0.5103
0.466      0.3418      0.3310      0.1720      0.5095
0.467      0.3407      0.3299      0.1708      0.5087
0.468      0.3396      0.3287      0.1695      0.5080
0.469      0.3385      0.3276      0.1682      0.5073
0.470      0.3374      0.3265      0.1669      0.5064
0.471      0.3363      0.3253      0.1653      0.5058
0.472      0.3352      0.3242      0.1635      0.5051
0.473      0.3341      0.3230      0.1618      0.5043
0.474      0.3330      0.3219      0.1602      0.5036
0.475      0.3319      0.3207      0.1587      0.5028
0.476      0.3307      0.3195      0.1572      0.5021
0.477      0.3296      0.3184      0.1557      0.5013
0.478      0.3285      0.3172      0.1542      0.5006
0.479      0.3273      0.3160      0.1527      0.4998
0.480      0.3262      0.3148      0.1512      0.4990
0.481      0.3251      0.3136      0.1497      0.4983
0.482      0.3239      0.3124      0.1482      0.4975
0.483      0.3228      0.3112      0.1467      0.4967
0.484      0.3216      0.3100      0.1451      0.4960
0.485      0.3204      0.3088      0.1436      0.4952
0.486      0.3193      0.3076      0.1421      0.4945
0.487      0.3181      0.3064      0.1405      0.4936
0.488      0.3169      0.3052      0.1388      0.4928
0.489      0.3158      0.3039      0.1371      0.4922
0.490      0.3146      0.3027      0.1357      0.4918
0.491      0.3134      0.3015      0.1342      0.4911
0.492      0.3122      0.3002      0.1327      0.4904
0.493      0.3110      0.2990      0.1311      0.4897
0.494      0.3098      0.2977      0.1295      0.4890
0.495      0.3086      0.2965      0.1279      0.4883
0.496      0.3074      0.2952      0.1263      0.4875
0.497      0.3062      0.2940      0.1247      0.4868
0.498      0.3049      0.2927      0.1230      0.4863
0.499      0.3037      0.2914      0.1214      0.4854
0.500      0.3025      0.2901      0.1198      0.4846
0.501      0.3012      0.2888      0.1181      0.4836
0.502      0.3000      0.2875      0.1165      0.4826
0.503      0.2987      0.2862      0.1148      0.4816
0.504      0.2975      0.2849      0.1132      0.4807
0.505      0.2962      0.2836      0.1115      0.4799
0.506      0.2950      0.2823      0.1098      0.4792
0.507      0.2937      0.2810      0.1082      0.4784
0.508      0.2924      0.2797      0.1065      0.4776
0.509      0.2912      0.2784      0.1049      0.4768
0.510      0.2899      0.2770      0.1034      0.4761
0.511      0.2886      0.2757      0.1014      0.4753
0.512      0.2873      0.2743      0.0997      0.4745
0.513      0.2860      0.2730      0.0979      0.4737
0.514      0.2847      0.2716      0.0962      0.4729
0.515      0.2834      0.2703      0.0945      0.4721
0.516      0.2821      0.2689      0.0927      0.4713
0.517      0.2807      0.2675      0.0910      0.4705
0.518      0.2794      0.2661      0.0892      0.4697
0.519      0.2781      0.2648      0.0875      0.4689
0.520      0.2767      0.2634      0.0857      0.4681
0.521      0.2754      0.2620      0.0838      0.4674
0.522      0.2741      0.2606      0.0821      0.4671
0.523      0.2727      0.2592      0.0803      0.4668
0.524      0.2713      0.2578      0.0785      0.4665
0.525      0.2700      0.2563      0.0767      0.4656
0.526      0.2686      0.2549      0.0749      0.4646
0.527      0.2672      0.2535      0.0731      0.4637
0.528      0.2659      0.2520      0.0713      0.4628
0.529      0.2645      0.2506      0.0694      0.4618
0.530      0.2631      0.2491      0.0672      0.4609
0.531      0.2617      0.2477      0.0651      0.4599
0.532      0.2603      0.2462      0.0634      0.4586
0.533      0.2588      0.2448      0.0614      0.4575
0.534      0.2574      0.2433      0.0594      0.4566
0.535      0.2560      0.2418      0.0574      0.4558
0.536      0.2546      0.2403      0.0554      0.4550
0.537      0.2531      0.2388      0.0533      0.4541
0.538      0.2517      0.2373      0.0513      0.4531
0.539      0.2502      0.2358      0.0492      0.4521
0.540      0.2488      0.2343      0.0472      0.4512
0.541      0.2473      0.2328      0.0451      0.4502
0.542      0.2459      0.2313      0.0430      0.4493
0.543      0.2444      0.2297      0.0409      0.4484
0.544      0.2429      0.2282      0.0388      0.4475
0.545      0.2414      0.2266      0.0367      0.4466
0.546      0.2399      0.2251      0.0345      0.4457
0.547      0.2384      0.2235      0.0325      0.4448
0.548      0.2369      0.2219      0.0303      0.4439
0.549      0.2354      0.2204      0.0282      0.4431
0.550      0.2339      0.2188      0.0260      0.4426
0.551      0.2324      0.2172      0.0242      0.4418
0.552      0.2308      0.2156      0.0225      0.4406
0.553      0.2293      0.2140      0.0207      0.4394
0.554      0.2277      0.2124      0.0187      0.4383
0.555      0.2262      0.2108      0.0167      0.4374
0.556      0.2246      0.2092      0.0147      0.4364
0.557      0.2230      0.2075      0.0126      0.4355
0.558      0.2215      0.2059      0.0106      0.4345
0.559      0.2199      0.2042      0.0085      0.4335
0.560      0.2183      0.2026      0.0065      0.4326
0.561      0.2167      0.2009      0.0044      0.4316
0.562      0.2151      0.1993      0.0023      0.4306
0.563      0.2135      0.1976      0.0002      0.4296
0.564      0.2119      0.1959     -0.0021      0.4287
0.565      0.2102      0.1942     -0.0044      0.4277
0.566      0.2086      0.1925     -0.0069      0.4267
0.567      0.2070      0.1908     -0.0093      0.4257
0.568      0.2053      0.1891     -0.0118      0.4247
0.569      0.2036      0.1873     -0.0143      0.4237
0.570      0.2020      0.1856     -0.0167      0.4226
0.571      0.2003      0.1839     -0.0189      0.4216
0.572      0.1986      0.1821     -0.0211      0.4206
0.573      0.1969      0.1804     -0.0235      0.4196
0.574      0.1952      0.1786     -0.0260      0.4186
0.575      0.1935      0.1768     -0.0284      0.4175
0.576      0.1918      0.1751     -0.0311      0.4165
0.577      0.1901      0.1733     -0.0337      0.4153
0.578      0.1884      0.1715     -0.0368      0.4141
0.579      0.1866      0.1697     -0.0398      0.4129
0.580      0.1849      0.1678     -0.0424      0.4117
0.581      0.1831      0.1660     -0.0451      0.4106
0.582      0.1814      0.1642     -0.0475      0.4097
0.583      0.1796      0.1623     -0.0500      0.4088
0.584      0.1778      0.1605     -0.0528      0.4079
0.585      0.1760      0.1586     -0.0556      0.4069
0.586      0.1742      0.1568     -0.0584      0.4058
0.587      0.1724      0.1549     -0.0611      0.4047
0.588      0.1706      0.1530     -0.0637      0.4036
0.589      0.1688      0.1511     -0.0663      0.4025
0.590      0.1670      0.1492     -0.0689      0.4014
0.591      0.1651      0.1473     -0.0715      0.4003
0.592      0.1633      0.1454     -0.0741      0.3996
0.593      0.1614      0.1434     -0.0768      0.3989
0.594      0.1596      0.1415     -0.0794      0.3982
0.595      0.1577      0.1395     -0.0821      0.3974
0.596      0.1558      0.1376     -0.0849      0.3960
0.597      0.1539      0.1356     -0.0878      0.3946
0.598      0.1520      0.1336     -0.0907      0.3932
0.599      0.1501      0.1316     -0.0936      0.3918
0.600      0.1481      0.1296     -0.0963      0.3903
0.601      0.1462      0.1276     -0.0989      0.3891
0.602      0.1443      0.1256     -0.1015      0.3881
0.603      0.1423      0.1236     -0.1043      0.3872
0.604      0.1404      0.1215     -0.1074      0.3862
0.605      0.1384      0.1195     -0.1106      0.3853
0.606      0.1364      0.1174     -0.1137      0.3843
0.607      0.1344      0.1153     -0.1158      0.3834
0.608      0.1324      0.1133     -0.1179      0.3824
0.609      0.1304      0.1112     -0.1208      0.3813
0.610      0.1284      0.1091     -0.1237      0.3800
0.611      0.1263      0.1069     -0.1266      0.3786
0.612      0.1243      0.1048     -0.1295      0.3773
0.613      0.1222      0.1027     -0.1324      0.3760
0.614      0.1202      0.1005     -0.1353      0.3747
0.615      0.1181      0.0984     -0.1382      0.3734
0.616      0.1160      0.0962     -0.1415      0.3723
0.617      0.1139      0.0940     -0.1442      0.3712
0.618      0.1118      0.0918     -0.1472      0.3700
0.619      0.1097      0.0896     -0.1502      0.3689
0.620      0.1075      0.0874     -0.1532      0.3678
0.621      0.1054      0.0852     -0.1562      0.3662
0.622      0.1032      0.0829     -0.1593      0.3652
0.623      0.1011      0.0807     -0.1624      0.3642
0.624      0.0989      0.0784     -0.1655      0.3631
0.625      0.0967      0.0761     -0.1686      0.3619
0.626      0.0945      0.0738     -0.1717      0.3607
0.627      0.0923      0.0715     -0.1748      0.3594
0.628      0.0901      0.0692     -0.1780      0.3583
0.629      0.0878      0.0669     -0.1812      0.3571
0.630      0.0856      0.0646     -0.1843      0.3559
0.631      0.0833      0.0622     -0.1876      0.3546
0.632      0.0811      0.0598     -0.1908      0.3532
0.633      0.0788      0.0575     -0.1940      0.3518
0.634      0.0765      0.0551     -0.1973      0.3504
0.635      0.0742      0.0527     -0.2006      0.3491
0.636      0.0718      0.0503     -0.2036      0.3483
0.637      0.0695      0.0478     -0.2068      0.3467
0.638      0.0672      0.0454     -0.2101      0.3447
0.639      0.0648      0.0429     -0.2132      0.3433
0.640      0.0624      0.0405     -0.2162      0.3418
0.641      0.0600      0.0380     -0.2193      0.3404
0.642      0.0576      0.0355     -0.2224      0.3390
0.643      0.0552      0.0330     -0.2255      0.3376
0.644      0.0528      0.0304     -0.2287      0.3361
0.645      0.0503      0.0279     -0.2319      0.3347
0.646      0.0479      0.0254     -0.2357      0.3332
0.647      0.0454      0.0228     -0.2395      0.3318
0.648      0.0429      0.0202     -0.2433      0.3303
0.649      0.0404      0.0176     -0.2471      0.3289
0.650      0.0379      0.0150     -0.2509      0.3274
0.651      0.0354      0.0124     -0.2548      0.3259
0.652      0.0329      0.0097     -0.2587      0.3244
0.653      0.0303      0.0071     -0.2626      0.3225
0.654      0.0277      0.0044     -0.2664      0.3208
0.655      0.0251      0.0017     -0.2701      0.3195
0.656      0.0225     -0.0010     -0.2738      0.3182
0.657      0.0199     -0.0037     -0.2775      0.3169
0.658      0.0173     -0.0065     -0.2812      0.3155
0.659      0.0146     -0.0092     -0.2850      0.3142
0.660      0.0120     -0.0120     -0.2888      0.3128
0.661      0.0093     -0.0148     -0.2926      0.3115
0.662      0.0066     -0.0176     -0.2964      0.3101
0.663      0.0039     -0.0204     -0.3002      0.3087
0.664      0.0012     -0.0232     -0.3039      0.3073
0.665     -0.0016     -0.0261     -0.3077      0.3059
0.666     -0.0043     -0.0289     -0.3115      0.3045
0.667     -0.0071     -0.0318     -0.3155      0.3030
0.668     -0.0099     -0.0347     -0.3192      0.3010
0.669     -0.0127     -0.0377     -0.3230      0.2991
0.670     -0.0155     -0.0406     -0.3269      0.2972
0.671     -0.0184     -0.0435     -0.3308      0.2952
0.672     -0.0212     -0.0465     -0.3347      0.2932
0.673     -0.0241     -0.0495     -0.3387      0.2913
0.674     -0.0270     -0.0525     -0.3426      0.2893
0.675     -0.0299     -0.0556     -0.3467      0.2874
0.676     -0.0328     -0.0586     -0.3507      0.2857
0.677     -0.0358     -0.0617     -0.3547      0.2840
0.678     -0.0388     -0.0648     -0.3588      0.2822
0.679     -0.0417     -0.0679     -0.3629      0.2805
0.680     -0.0448     -0.0710     -0.3670      0.2787
0.681     -0.0478     -0.0741     -0.3712      0.2769
0.682     -0.0508     -0.0773     -0.3754      0.2751
0.683     -0.0539     -0.0805     -0.3796      0.2732
0.684     -0.0570     -0.0837     -0.3838      0.2710
0.685     -0.0601     -0.0869     -0.3881      0.2688
0.686     -0.0632     -0.0902     -0.3924      0.2666
0.687     -0.0663     -0.0934     -0.3967      0.2644
0.688     -0.0695     -0.0967     -0.4010      0.2622
0.689     -0.0727     -0.1000     -0.4054      0.2603
0.690     -0.0759     -0.1033     -0.4098      0.2588
0.691     -0.0791     -0.1067     -0.4142      0.2573
0.692     -0.0823     -0.1101     -0.4187      0.2558
0.693     -0.0856     -0.1135     -0.4232      0.2542
0.694     -0.0889     -0.1169     -0.4277      0.2527
0.695     -0.0922     -0.1203     -0.4322      0.2508
0.696     -0.0955     -0.1238     -0.4368      0.2488
0.697     -0.0989     -0.1273     -0.4414      0.2468
0.698     -0.1022     -0.1308     -0.4461      0.2448
0.699     -0.1056     -0.1343     -0.4507      0.2428
0.700     -0.1091     -0.1379     -0.4554      0.2408
0.701     -0.1125     -0.1414     -0.4601      0.2388
0.702     -0.1160     -0.1450     -0.4649      0.2368
0.703     -0.1194     -0.1487     -0.4697      0.2347
0.704     -0.1230     -0.1523     -0.4745      0.2326
0.705     -0.1265     -0.1560     -0.4794      0.2306
0.706     -0.1300     -0.1597     -0.4843      0.2285
0.707     -0.1336     -0.1634     -0.4892      0.2264
0.708     -0.1372     -0.1672     -0.4942      0.2242
0.709     -0.1409     -0.1710     -0.4991      0.2221
0.710     -0.1445     -0.1748     -0.5042      0.2199
0.711     -0.1482     -0.1786     -0.5092      0.2178
0.712     -0.1519     -0.1824     -0.5143      0.2156
0.713     -0.1557     -0.1863     -0.5195      0.2134
0.714     -0.1594     -0.1902     -0.5246      0.2112
0.715     -0.1632     -0.1942     -0.5298      0.2089
0.716     -0.1670     -0.1981     -0.5351      0.2067
0.717     -0.1709     -0.2021     -0.5405      0.2044
0.718     -0.1747     -0.2062     -0.5463      0.2020
0.719     -0.1786     -0.2102     -0.5521      0.1996
0.720     -0.1825     -0.2143     -0.5580      0.1971
0.721     -0.1865     -0.2184     -0.5639      0.1945
0.722     -0.1905     -0.2225     -0.5698      0.1918
0.723     -0.1945     -0.2267     -0.5758      0.1896
0.724     -0.1985     -0.2309     -0.5818      0.1872
0.725     -0.2026     -0.2351     -0.5873      0.1847
0.726     -0.2067     -0.2394     -0.5931      0.1822
0.727     -0.2108     -0.2437     -0.5992      0.1801
0.728     -0.2150     -0.2480     -0.6054      0.1778
0.729     -0.2191     -0.2524     -0.6106      0.1752
0.730     -0.2234     -0.2567     -0.6158      0.1726
0.731     -0.2276     -0.2612     -0.6213      0.1700
0.732     -0.2319     -0.2656     -0.6271      0.1674
0.733     -0.2362     -0.2701     -0.6330      0.1648
0.734     -0.2406     -0.2746     -0.6389      0.1622
0.735     -0.2449     -0.2792     -0.6449      0.1595
0.736     -0.2493     -0.2838     -0.6514      0.1568
0.737     -0.2538     -0.2884     -0.6585      0.1542
0.738     -0.2583     -0.2930     -0.6656      0.1524
0.739     -0.2628     -0.2977     -0.6727      0.1503
0.740     -0.2673     -0.3025     -0.6799      0.1476
0.741     -0.2719     -0.3072     -0.6872      0.1449
0.742     -0.2765     -0.3120     -0.6945      0.1422
0.743     -0.2812     -0.3169     -0.7019      0.1400
0.744     -0.2859     -0.3218     -0.7093      0.1378
0.745     -0.2906     -0.3267     -0.7168      0.1357
0.746     -0.2954     -0.3316     -0.7244      0.1335
0.747     -0.3002     -0.3366     -0.7315      0.1313
0.748     -0.3050     -0.3417     -0.7384      0.1282
0.749     -0.3099     -0.3467     -0.7453      0.1246
0.750     -0.3148     -0.3519     -0.7523      0.1210
0.751     -0.3198     -0.3570     -0.7602      0.1174
0.752     -0.3248     -0.3622     -0.7681      0.1140
0.753     -0.3298     -0.3674     -0.7760      0.1112
0.754     -0.3349     -0.3727     -0.7837      0.1083
0.755     -0.3400     -0.3781     -0.7913      0.1054
0.756     -0.3452     -0.3834     -0.7990      0.1025
0.757     -0.3504     -0.3888     -0.8067      0.0995
0.758     -0.3556     -0.3943     -0.8145      0.0965
0.759     -0.3609     -0.3998     -0.8224      0.0935
0.760     -0.3663     -0.4054     -0.8303      0.0907
0.761     -0.3716     -0.4109     -0.8383      0.0882
0.762     -0.3771     -0.4166     -0.8458      0.0857
0.763     -0.3825     -0.4223     -0.8533      0.0832
0.764     -0.3881     -0.4280     -0.8608      0.0807
0.765     -0.3936     -0.4338     -0.8684      0.0780
0.766     -0.3992     -0.4396     -0.8761      0.0754
0.767     -0.4049     -0.4455     -0.8845      0.0729
0.768     -0.4106     -0.4515     -0.8930      0.0703
0.769     -0.4164     -0.4575     -0.9017      0.0670
0.770     -0.4222     -0.4635     -0.9104      0.0632
0.771     -0.4280     -0.4696     -0.9185      0.0593
0.772     -0.4339     -0.4757     -0.9266      0.0553
0.773     -0.4399     -0.4819     -0.9348      0.0521
0.774     -0.4459     -0.4882     -0.9430      0.0492
0.775     -0.4520     -0.4945     -0.9513      0.0458
0.776     -0.4581     -0.5009     -0.9597      0.0422
0.777     -0.4643     -0.5073     -0.9686      0.0385
0.778     -0.4705     -0.5138     -0.9779      0.0345
0.779     -0.4768     -0.5203     -0.9872      0.0306
0.780     -0.4832     -0.5269     -0.9966      0.0266
0.781     -0.4896     -0.5336     -1.0061      0.0225
0.782     -0.4960     -0.5403     -1.0156      0.0184
0.783     -0.5026     -0.5471     -1.0253      0.0145
0.784     -0.5091     -0.5540     -1.0350      0.0110
0.785     -0.5158     -0.5609     -1.0442      0.0072
0.786     -0.5225     -0.5678     -1.0531      0.0031
0.787     -0.5293     -0.5749     -1.0621     -0.0010
0.788     -0.5361     -0.5820     -1.0712     -0.0052
0.789     -0.5430     -0.5892     -1.0803     -0.0094
0.790     -0.5500     -0.5964     -1.0896     -0.0136
0.791     -0.5570     -0.6037     -1.0989     -0.0175
0.792     -0.5641     -0.6111     -1.1086     -0.0222
0.793     -0.5713     -0.6186     -1.1194     -0.0264
0.794     -0.5785     -0.6261     -1.1306     -0.0306
0.795     -0.5858     -0.6337     -1.1420     -0.0349
0.796     -0.5932     -0.6414     -1.1535     -0.0390
0.797     -0.6007     -0.6491     -1.1651     -0.0429
0.798     -0.6082     -0.6569     -1.1768     -0.0471
0.799     -0.6158     -0.6649     -1.1887     -0.0516
0.800     -0.6235     -0.6728     -1.2006     -0.0562
0.801     -0.6312     -0.6809     -1.2127     -0.0608
0.802     -0.6390     -0.6891     -1.2249     -0.0655
0.803     -0.6470     -0.6973     -1.2361     -0.0702
0.804     -0.6550     -0.7056     -1.2472     -0.0750
0.805     -0.6630     -0.7140     -1.2585     -0.0798
0.806     -0.6712     -0.7225     -1.2699     -0.0846
0.807     -0.6794     -0.7310     -1.2821     -0.0895
0.808     -0.6878     -0.7397     -1.2946     -0.0945
0.809     -0.6962     -0.7485     -1.3073     -0.0995
0.810     -0.7047     -0.7573     -1.3199     -0.1044
0.811     -0.7133     -0.7662     -1.3324     -0.1095
0.812     -0.7220     -0.7753     -1.3449     -0.1145
0.813     -0.7307     -0.7844     -1.3575     -0.1195
0.814     -0.7396     -0.7936     -1.3702     -0.1245
0.815     -0.7486     -0.8030     -1.3831     -0.1296
0.816     -0.7576     -0.8124     -1.3962     -0.1347
0.817     -0.7668     -0.8219     -1.4094     -0.1399
0.818     -0.7761     -0.8316     -1.4227     -0.1451
0.819     -0.7855     -0.8413     -1.4363     -0.1504
0.820     -0.7949     -0.8512     -1.4504     -0.1558
0.821     -0.8045     -0.8611     -1.4646     -0.1612
0.822     -0.8142     -0.8712     -1.4790     -0.1665
0.823     -0.8240     -0.8814     -1.4936     -0.1711
0.824     -0.8339     -0.8917     -1.5084     -0.1758
0.825     -0.8439     -0.9021     -1.5233     -0.1805
0.826     -0.8541     -0.9127     -1.5383     -0.1858
0.827     -0.8643     -0.9233     -1.5536     -0.1916
0.828     -0.8747     -0.9341     -1.5690     -0.1975
0.829     -0.8852     -0.9450     -1.5846     -0.2034
0.830     -0.8958     -0.9561     -1.6004     -0.2095
0.831     -0.9065     -0.9672     -1.6164     -0.2155
0.832     -0.9174     -0.9785     -1.6326     -0.2217
0.833     -0.9284     -0.9900     -1.6489     -0.2279
0.834     -0.9395     -1.0016     -1.6655     -0.2342
0.835     -0.9508     -1.0133     -1.6823     -0.2406
0.836     -0.9622     -1.0251     -1.6992     -0.2471
0.837     -0.9738     -1.0372     -1.7164     -0.2536
0.838     -0.9854     -1.0493     -1.7338     -0.2603
0.839     -0.9973     -1.0616     -1.7514     -0.2670
0.840     -1.0093     -1.0741     -1.7692     -0.2737
0.841     -1.0214     -1.0867     -1.7872     -0.2806
0.842     -1.0337     -1.0995     -1.8055     -0.2876
0.843     -1.0461     -1.1124     -1.8240     -0.2946
0.844     -1.0587     -1.1255     -1.8428     -0.3018
0.845     -1.0715     -1.1388     -1.8618     -0.3090
0.846     -1.0844     -1.1522     -1.8810     -0.3163
0.847     -1.0975     -1.1659     -1.9005     -0.3237
0.848     -1.1108     -1.1797     -1.9206     -0.3313
0.849     -1.1242     -1.1936     -1.9412     -0.3389
0.850     -1.1379     -1.2078     -1.9621     -0.3466
0.851     -1.1517     -1.2222     -1.9833     -0.3544
0.852     -1.1657     -1.2367     -2.0047     -0.3623
0.853     -1.1799     -1.2515     -2.0264     -0.3704
0.854     -1.1942     -1.2664     -2.0485     -0.3785
0.855     -1.2088     -1.2816     -2.0706     -0.3868
0.856     -1.2236     -1.2970     -2.0916     -0.3952
0.857     -1.2386     -1.3126     -2.1125     -0.4037
0.858     -1.2538     -1.3284     -2.1338     -0.4123
0.859     -1.2692     -1.3444     -2.1568     -0.4213
0.860     -1.2848     -1.3607     -2.1804     -0.4313
0.861     -1.3007     -1.3772     -2.2043     -0.4415
0.862     -1.3168     -1.3939     -2.2284     -0.4507
0.863     -1.3331     -1.4109     -2.2521     -0.4600
0.864     -1.3497     -1.4281     -2.2761     -0.4693
0.865     -1.3665     -1.4456     -2.3006     -0.4782
0.866     -1.3835     -1.4633     -2.3259     -0.4872
0.867     -1.4009     -1.4813     -2.3517     -0.4963
0.868     -1.4184     -1.4996     -2.3778     -0.5056
0.869     -1.4363     -1.5182     -2.4044     -0.5160
0.870     -1.4544     -1.5370     -2.4313     -0.5272
0.871     -1.4728     -1.5562     -2.4587     -0.5387
0.872     -1.4915     -1.5756     -2.4865     -0.5495
0.873     -1.5105     -1.5954     -2.5148     -0.5602
0.874     -1.5298     -1.6154     -2.5435     -0.5711
0.875     -1.5494     -1.6358     -2.5726     -0.5813
0.876     -1.5693     -1.6565     -2.6022     -0.5914
0.877     -1.5895     -1.6776     -2.6323     -0.6025
0.878     -1.6101     -1.6989     -2.6629     -0.6141
0.879     -1.6310     -1.7207     -2.6940     -0.6260
0.880     -1.6523     -1.7428     -2.7256     -0.6380
0.881     -1.6739     -1.7653     -2.7578     -0.6503
0.882     -1.6959     -1.7881     -2.7905     -0.6627
0.883     -1.7182     -1.8114     -2.8237     -0.6754
0.884     -1.7410     -1.8350     -2.8576     -0.6883
0.885     -1.7641     -1.8591     -2.8920     -0.7014
0.886     -1.7876     -1.8836     -2.9270     -0.7147
0.887     -1.8116     -1.9085     -2.9626     -0.7283
0.888     -1.8360     -1.9339     -2.9988     -0.7421
0.889     -1.8608     -1.9597     -3.0355     -0.7562
0.890     -1.8861     -1.9860     -3.0730     -0.7705
0.891     -1.9118     -2.0127     -3.1111     -0.7851
0.892     -1.9380     -2.0400     -3.1499     -0.7999
0.893     -1.9648     -2.0678     -3.1894     -0.8142
0.894     -1.9920     -2.0961     -3.2297     -0.8281
0.895     -2.0197     -2.1249     -3.2707     -0.8423
0.896     -2.0480     -2.1543     -3.3125     -0.8568
0.897     -2.0768     -2.1843     -3.3552     -0.8716
0.898     -2.1062     -2.2148     -3.3987     -0.8866
0.899     -2.1361     -2.2460     -3.4430     -0.9020
0.900     -2.1667     -2.2778     -3.4882     -0.9177
0.901     -2.1978     -2.3102     -3.5344     -0.9336
0.902     -2.2297     -2.3433     -3.5815     -0.9499
0.903     -2.2621     -2.3771     -3.6295     -0.9666
0.904     -2.2953     -2.4115     -3.6786     -0.9836
0.905     -2.3291     -2.4467     -3.7287     -1.0009
0.906     -2.3637     -2.4827     -3.7798     -1.0186
0.907     -2.3990     -2.5194     -3.8321     -1.0367
0.908     -2.4351     -2.5569     -3.8855     -1.0552
0.909     -2.4719     -2.5952     -3.9400     -1.0741
0.910     -2.5096     -2.6344     -3.9958     -1.0934
0.911     -2.5481     -2.6745     -4.0528     -1.1132
0.912     -2.5875     -2.7155     -4.1111     -1.1334
0.913     -2.6279     -2.7574     -4.1708     -1.1540
0.914     -2.6691     -2.8003     -4.2319     -1.1752
0.915     -2.7113     -2.8442     -4.2944     -1.1968
0.916     -2.7546     -2.8892     -4.3583     -1.2190
0.917     -2.7988     -2.9352     -4.4239     -1.2417
0.918     -2.8442     -2.9824     -4.4910     -1.2649
0.919     -2.8906     -3.0307     -4.5597     -1.2887
0.920     -2.9383     -3.0802     -4.6302     -1.3132
0.921     -2.9871     -3.1310     -4.7025     -1.3382
0.922     -3.0372     -3.1831     -4.7766     -1.3651
0.923     -3.0886     -3.2366     -4.8518     -1.3936
0.924     -3.1413     -3.2914     -4.9308     -1.4228
0.925     -3.1955     -3.3477     -5.0109     -1.4529
0.926     -3.2511     -3.4056     -5.0932     -1.4836
0.927     -3.3082     -3.4650     -5.1778     -1.5134
0.928     -3.3669     -3.5261     -5.2647     -1.5439
0.929     -3.4273     -3.5889     -5.3541     -1.5753
0.930     -3.4894     -3.6534     -5.4460     -1.6076
0.931     -3.5533     -3.7199     -5.5405     -1.6408
0.932     -3.6191     -3.7883     -5.6379     -1.6750
0.933     -3.6868     -3.8588     -5.7382     -1.7102
0.934     -3.7566     -3.9314     -5.8415     -1.7465
0.935     -3.8286     -4.0062     -5.9468     -1.7839
0.936     -3.9028     -4.0833     -6.0550     -1.8225
0.937     -3.9793     -4.1629     -6.1665     -1.8623
0.938     -4.0583     -4.2451     -6.2817     -1.9034
0.939     -4.1400     -4.3300     -6.4037     -1.9459
0.940     -4.2243     -4.4177     -6.5291     -1.9897
0.941     -4.3115     -4.5084     -6.6570     -2.0351
0.942     -4.4017     -4.6022     -6.7893     -2.0820
0.943     -4.4950     -4.6993     -6.9263     -2.1305
0.944     -4.5917     -4.7998     -7.0682     -2.1808
0.945     -4.6919     -4.9040     -7.2153     -2.2329
0.946     -4.7958     -5.0121     -7.3678     -2.2869
0.947     -4.9037     -5.1243     -7.5260     -2.3437
0.948     -5.0157     -5.2408     -7.6904     -2.4028
0.949     -5.1321     -5.3618     -7.8611     -2.4641
0.950     -5.2531     -5.4877     -8.0387     -2.5280
0.951     -5.3791     -5.6187     -8.2236     -2.5944
0.952     -5.5103     -5.7551     -8.4162     -2.6636
0.953     -5.6471     -5.8974     -8.6169     -2.7361
0.954     -5.7899     -6.0459     -8.8264     -2.8131
0.955     -5.9390     -6.2010     -9.0452     -2.8935
0.956     -6.0948     -6.3631     -9.2740     -2.9775
0.957     -6.2580     -6.5327     -9.5133     -3.0651
0.958     -6.4289     -6.7105     -9.7641     -3.1541
0.959     -6.6081     -6.8969    -10.0271     -3.2474
0.960     -6.7963     -7.0926    -10.3033     -3.3454
0.961     -6.9941     -7.2984    -10.5936     -3.4484
0.962     -7.2024     -7.5150    -10.8992     -3.5568
0.963     -7.4219     -7.7433    -11.2261     -3.6719
0.964     -7.6536     -7.9842    -11.5717     -3.7940
0.965     -7.8986     -8.2390    -11.9370     -3.9232
0.966     -8.1580     -8.5087    -12.3239     -4.0600
0.967     -8.4331     -8.7948    -12.7342     -4.2051
0.968     -8.7253     -9.0988    -13.1702     -4.3593
0.969     -9.0365     -9.4223    -13.6343     -4.5234
0.970     -9.3683     -9.7675    -14.1293     -4.6984
0.971     -9.7231    -10.1365    -14.6584     -4.8855
0.972    -10.1032    -10.5318    -15.2254     -5.0860
0.973    -10.5115    -10.9564    -15.8343     -5.3013
0.974    -10.9511    -11.4136    -16.4896     -5.5331
0.975    -11.4259    -11.9074    -17.1924     -5.7836
0.976    -11.9404    -12.4424    -17.9538     -6.0549
0.977    -12.4995    -13.0239    -18.7813     -6.3498
0.978    -13.1095    -13.6583    -19.6846     -6.6715
0.979    -13.7775    -14.3531    -20.6811     -7.0238
0.980    -14.5123    -15.1173    -21.7772     -7.4114
0.981    -15.3246    -15.9620    -22.9888     -7.8388
0.982    -16.2271    -16.9006    -24.3348     -8.3118
0.983    -17.2357    -17.9496    -25.8392     -8.8437
0.984    -18.3704    -19.1296    -27.5319     -9.4452
0.985    -19.6565    -20.4672    -29.4500    -10.1244
0.986    -21.1262    -21.9957    -31.6423    -10.8994
0.987    -22.8221    -23.7594    -34.1718    -11.7940
0.988    -24.8005    -25.8170    -37.1228    -12.8374
0.989    -27.1386    -28.2487    -40.6103    -14.0729
0.990    -29.9445    -31.1670    -44.7958    -15.5568
0.991    -33.3741    -34.7336    -49.9077    -17.3708
0.992    -37.6606    -39.1914    -56.2808    -19.6377
0.993    -43.1723    -44.9233    -64.4760    -22.5531
0.994    -50.5207    -52.5657    -75.4021    -26.4398
0.995    -60.8093    -63.2661    -90.6987    -31.8811
0.996    -76.2424    -79.3156   -113.6457    -40.0447
0.997   -101.9625   -106.0649   -151.8760    -53.6212
0.998   -153.4018   -159.5634   -228.3133    -80.7557
0.999   -307.7346   -320.0826   -457.6569   -162.1632
