0.001     -8.0719     -4.9636    -13.4849     -2.5119
0.002     -3.5345     -1.9814     -6.2382     -0.7561
0.003     -2.0221     -0.9874     -3.8227     -0.1709
0.004     -1.2658     -0.4904     -2.6149      0.1217
0.005     -0.8121     -0.1922     -1.8902      0.2973
0.006     -0.5096      0.0066     -1.4071      0.4144
0.007     -0.2935      0.1486     -1.0620      0.4980
0.008     -0.1315      0.2551     -0.8032      0.5607
0.009     -0.0055      0.3380     -0.6019      0.6095
0.010      0.0954      0.4042     -0.4409      0.6485
0.011      0.1779      0.4585     -0.3091      0.6804
0.012      0.2466      0.5036     -0.1993      0.7070
0.013      0.3048      0.5419     -0.1064      0.7295
0.014      0.3547      0.5746     -0.0268      0.7488
0.015      0.3979      0.6030      0.0422      0.7655
0.016      0.4357      0.6279      0.1025      0.7802
0.017      0.4690      0.6498      0.1559      0.7931
0.018      0.4987      0.6693      0.2042      0.8026
0.019      0.5252      0.6868      0.2482      0.8053
0.020      0.5491      0.7025      0.2935      0.8083
0.021      0.5707      0.7167      0.3323      0.8052
0.022      0.5904      0.7260      0.3735      0.8029
0.023      0.6083      0.7257      0.4058      0.8062
0.024      0.6130      0.7255      0.4193      0.8010
0.025      0.6127      0.7252      0.4269      0.7993
0.026      0.6124      0.7250      0.4267      0.7986
0.027      0.6122      0.7247      0.4265      0.7987
0.028      0.6119      0.7245      0.4279      0.7974
0.029      0.6116      0.7242      0.4274      0.7970
0.030      0.6113      0.7240      0.4264      0.7967
0.031      0.6110      0.7237      0.4262      0.7964
0.032      0.6108      0.7234      0.4260      0.7963
0.033      0.6105      0.7232      0.4258      0.7962
0.034      0.6102      0.7229      0.4256      0.7961
0.035      0.6099      0.7227      0.4253      0.7960
0.036      0.6096      0.7224      0.4249      0.7958
0.037      0.6094      0.7222      0.4246      0.7955
0.038      0.6091      0.7219      0.4242      0.7953
0.039      0.6088      0.7217      0.4238      0.7951
0.040      0.6085      0.7214      0.4235      0.7948
0.041      0.6082      0.7211      0.4233      0.7945
0.042      0.6080      0.7209      0.4230      0.7942
0.043      0.6077      0.7206      0.4228      0.7939
0.044      0.6074      0.7204      0.4224      0.7936
0.045      0.6071      0.7201      0.4221      0.7933
0.046      0.6068      0.7198      0.4217      0.7930
0.047      0.6065      0.7196      0.4214      0.7927
0.048      0.6062      0.7193      0.4210      0.7926
0.049      0.6059      0.7190      0.4207      0.7924
0.050      0.6057      0.7188      0.4203      0.7922
0.051      0.6054      0.7185      0.4200      0.7920
0.052      0.6051      0.7182      0.4196      0.7918
0.053      0.6048      0.7180      0.4193      0.7916
0.054      0.6045      0.7177      0.4189      0.7914
0.055      0.6042      0.7174      0.4186      0.7912
0.056      0.6039      0.7172      0.4182      0.7910
0.057      0.6036      0.7169      0.4179      0.7908
0.058      0.6033      0.7166      0.4175      0.7907
0.059      0.6030      0.7164      0.4170      0.7905
0.060      0.6027      0.7161      0.4166      0.7903
0.061      0.6024      0.7158      0.4161      0.7901
0.062      0.6021      0.7156      0.4157      0.7899
0.063      0.6018      0.7153      0.4153      0.7897
0.064      0.6015      0.7150      0.4148      0.7895
0.065      0.6012      0.7147      0.4145      0.7893
0.066      0.6009      0.7145      0.4144      0.7890
0.067      0.6006      0.7142      0.4142      0.7887
0.068      0.6003      0.7139      0.4139      0.7883
0.069      0.6000      0.7136      0.4135      0.7880
0.070      0.5997      0.7134      0.4131      0.7877
0.071      0.5994      0.7131      0.4128      0.7874
0.072      0.5991      0.7128      0.4124      0.7870
0.073      0.5988      0.7125      0.4120      0.7867
0.074      0.5985      0.7123      0.4117      0.7864
0.075      0.5982      0.7120      0.4113      0.7860
0.076      0.5979      0.7117      0.4109      0.7856
0.077      0.5976      0.7114      0.4106      0.7853
0.078      0.5973      0.7111      0.4102      0.7849
0.079      0.5970      0.7109      0.4098      0.7845
0.080      0.5967      0.7106      0.4094      0.7841
0.081      0.5964      0.7103      0.4091      0.7837
0.082      0.5961      0.7100      0.4087      0.7833
0.083      0.5958      0.7097      0.4083      0.7831
0.084      0.5955      0.7094      0.4079      0.7830
0.085      0.5951      0.7092      0.4075      0.7827
0.086      0.5948      0.7089      0.4072      0.7824
0.087      0.5945      0.7086      0.4068      0.7820
0.088      0.5942      0.7083      0.4064      0.7818
0.089      0.5939      0.7080      0.4060      0.7817
0.090      0.5936      0.7077      0.4056      0.7815
0.091      0.5933      0.7074      0.4051      0.7812
0.092      0.5929      0.7071      0.4046      0.7808
0.093      0.5926      0.7069      0.4040      0.7804
0.094      0.5923      0.7066      0.4036      0.7799
0.095      0.5920      0.7063      0.4033      0.7795
0.096      0.5917      0.7060      0.4029      0.7791
0.097      0.5913      0.7057      0.4026      0.7787
0.098      0.5910      0.7054      0.4022      0.7783
0.099      0.5907      0.7051      0.4019      0.7779
0.100      0.5904      0.7048      0.4015      0.7775
0.101      0.5901      0.7045      0.4012      0.7772
0.102      0.5897      0.7042      0.4008      0.7768
0.103      0.5894      0.7039      0.4005      0.7765
0.104      0.5891      0.7036      0.4001      0.7761
0.105      0.5888      0.7033      0.3998      0.7758
0.106      0.5884      0.7030      0.3994      0.7756
0.107      0.5881      0.7027      0.3990      0.7754
0.108      0.5878      0.7024      0.3986      0.7753
0.109      0.5874      0.7021      0.3982      0.7751
0.110      0.5871      0.7018      0.3978      0.7750
0.111      0.5868      0.7015      0.3974      0.7748
0.112      0.5865      0.7012      0.3970      0.7746
0.113      0.5861      0.7009      0.3966      0.7742
0.114      0.5858      0.7006      0.3963      0.7739
0.115      0.5855      0.7003      0.3960      0.7737
0.116      0.5851      0.7000      0.3957      0.7735
0.117      0.5848      0.6997      0.3952      0.7733
0.118      0.5845      0.6994      0.3948      0.7731
0.119      0.5841      0.6991      0.3943      0.7730
0.120      0.5838      0.6988      0.3938      0.7728
0.121      0.5834      0.6985      0.3934      0.7725
0.122      0.5831      0.6982      0.3931      0.7721
0.123      0.5828      0.6979      0.3927      0.7718
0.124      0.5824      0.6975      0.3923      0.7716
0.125      0.5821      0.6972      0.3920      0.7714
0.126      0.5817      0.6969      0.3916      0.7709
0.127      0.5814      0.6966      0.3912      0.7705
0.128      0.5811      0.6963      0.3909      0.7700
0.129      0.5807      0.6960      0.3905      0.7696
0.130      0.5804      0.6957      0.3901      0.7692
0.131      0.5800      0.6953      0.3897      0.7687
0.132      0.5797      0.6950      0.3894      0.7683
0.133      0.5793      0.6947      0.3890      0.7680
0.134      0.5790      0.6944      0.3887      0.7677
0.135      0.5786      0.6941      0.3885      0.7675
0.136      0.5783      0.6938      0.3883      0.7674
0.137      0.5779      0.6934      0.3880      0.7674
0.138      0.5776      0.6931      0.3876      0.7673
0.139      0.5772      0.6928      0.3872      0.7672
0.140      0.5769      0.6925      0.3869      0.7672
0.141      0.5765      0.6921      0.3865      0.7671
0.142      0.5762      0.6918      0.3861      0.7671
0.143      0.5758      0.6915      0.3857      0.7670
0.144      0.5755      0.6912      0.3853      0.7666
0.145      0.5751      0.6908      0.3848      0.7662
0.146      0.5747      0.6905      0.3842      0.7658
0.147      0.5744      0.6902      0.3837      0.7654
0.148      0.5740      0.6899      0.3833      0.7650
0.149      0.5737      0.6895      0.3829      0.7647
0.150      0.5733      0.6892      0.3825      0.7643
0.151      0.5729      0.6889      0.3821      0.7639
0.152      0.5726      0.6885      0.3817      0.7635
0.153      0.5722      0.6882      0.3813      0.7631
0.154      0.5719      0.6879      0.3810      0.7627
0.155      0.5715      0.6875      0.3806      0.7623
0.156      0.5711      0.6872      0.3804      0.7619
0.157      0.5708      0.6869      0.3802      0.7615
0.158      0.5704      0.6865      0.3798      0.7611
0.159      0.5700      0.6862      0.3793      0.7608
0.160      0.5697      0.6859      0.3788      0.7604
0.161      0.5693      0.6855      0.3784      0.7600
0.162      0.5689      0.6852      0.3779      0.7596
0.163      0.5685      0.6848      0.3774      0.7592
0.164      0.5682      0.6845      0.3770      0.7588
0.165      0.5678      0.6842      0.3766      0.7585
0.166      0.5674      0.6838      0.3762      0.7583
0.167      0.5670      0.6835      0.3758      0.7581
0.168      0.5667      0.6831      0.3754      0.7580
0.169      0.5663      0.6828      0.3750      0.7579
0.170      0.5659      0.6824      0.3745      0.7578
0.171      0.5655      0.6821      0.3741      0.7576
0.172      0.5651      0.6817      0.3736      0.7575
0.173      0.5648      0.6814      0.3733      0.7574
0.174      0.5644      0.6810      0.3729      0.7572
0.175      0.5640      0.6807      0.3725      0.7571
0.176      0.5636      0.6803      0.3720      0.7570
0.177      0.5632      0.6800      0.3715      0.7569
0.178      0.5628      0.6796      0.3710      0.7567
0.179      0.5625      0.6793      0.3705      0.7566
0.180      0.5621      0.6789      0.3700      0.7563
0.181      0.5617      0.6786      0.3695      0.7558
0.182      0.5613      0.6782      0.3690      0.7553
0.183      0.5609      0.6779      0.3686      0.7551
0.184      0.5605      0.6775      0.3681      0.7549
0.185      0.5601      0.6771      0.3676      0.7547
0.186      0.5597      0.6768      0.3672      0.7545
0.187      0.5593      0.6764      0.3667      0.7544
0.188      0.5589      0.6761      0.3662      0.7542
0.189      0.5585      0.6757      0.3658      0.7540
0.190      0.5581      0.6753      0.3653      0.7538
0.191      0.5577      0.6750      0.3648      0.7537
0.192      0.5573      0.6746      0.3643      0.7535
0.193      0.5569      0.6742      0.3639      0.7532
0.194      0.5565      0.6739      0.3634      0.7528
0.195      0.5561      0.6735      0.3629      0.7528
0.196      0.5557      0.6731      0.3624      0.7527
0.197      0.5553      0.6728      0.3619      0.7523
0.198      0.5549      0.6724      0.3612      0.7518
0.199      0.5545      0.6720      0.3605      0.7513
0.200      0.5541      0.6716      0.3599      0.7508
0.201      0.5537      0.6713      0.3594      0.7502
0.202      0.5533      0.6709      0.3588      0.7497
0.203      0.5529      0.6705      0.3583      0.7492
0.204      0.5525      0.6701      0.3578      0.7488
0.205      0.5521      0.6698      0.3573      0.7485
0.206      0.5516      0.6694      0.3567      0.7483
0.207      0.5512      0.6690      0.3562      0.7481
0.208      0.5508      0.6686      0.3557      0.7478
0.209      0.5504      0.6682      0.3552      0.7474
0.210      0.5500      0.6679      0.3546      0.7469
0.211      0.5496      0.6675      0.3538      0.7465
0.212      0.5491      0.6671      0.3533      0.7461
0.213      0.5487      0.6667      0.3529      0.7457
0.214      0.5483      0.6663      0.3524      0.7452
0.215      0.5479      0.6659      0.3519      0.7448
0.216      0.5474      0.6655      0.3515      0.7446
0.217      0.5470      0.6652      0.3510      0.7444
0.218      0.5466      0.6648      0.3505      0.7442
0.219      0.5462      0.6644      0.3500      0.7439
0.220      0.5457      0.6640      0.3495      0.7437
0.221      0.5453      0.6636      0.3491      0.7435
0.222      0.5449      0.6632      0.3485      0.7432
0.223      0.5444      0.6628      0.3479      0.7430
0.224      0.5440      0.6624      0.3473      0.7428
0.225      0.5436      0.6620      0.3467      0.7424
0.226      0.5431      0.6616      0.3461      0.7419
0.227      0.5427      0.6612      0.3455      0.7413
0.228      0.5423      0.6608      0.3449      0.7408
0.229      0.5418      0.6604      0.3443      0.7403
0.230      0.5414      0.6600      0.3438      0.7398
0.231      0.5409      0.6596      0.3433      0.7393
0.232      0.5405      0.6592      0.3429      0.7388
0.233      0.5401      0.6588      0.3424      0.7382
0.234      0.5396      0.6584      0.3419      0.7378
0.235      0.5392      0.6580      0.3415      0.7377
0.236      0.5387      0.6576      0.3410      0.7376
0.237      0.5383      0.6572      0.3405      0.7375
0.238      0.5378      0.6568      0.3398      0.7374
0.239      0.5374      0.6563      0.3392      0.7370
0.240      0.5369      0.6559      0.3386      0.7366
0.241      0.5365      0.6555      0.3380      0.7362
0.242      0.5360      0.6551      0.3373      0.7358
0.243      0.5356      0.6547      0.3366      0.7354
0.244      0.5351      0.6543      0.3359      0.7350
0.245      0.5346      0.6538      0.3352      0.7345
0.246      0.5342      0.6534      0.3346      0.7341
0.247      0.5337      0.6530      0.3340      0.7337
0.248      0.5333      0.6526      0.3334      0.7333
0.249      0.5328      0.6522      0.3328      0.7329
0.250      0.5323      0.6517      0.3322      0.7325
0.251      0.5319      0.6513      0.3317      0.7320
0.252      0.5314      0.6509      0.3312      0.7316
0.253      0.5309      0.6505      0.3307      0.7314
0.254      0.5305      0.6500      0.3302      0.7310
0.255      0.5300      0.6496      0.3296      0.7306
0.256      0.5295      0.6492      0.3291      0.7302
0.257      0.5291      0.6487      0.3286      0.7300
0.258      0.5286      0.6483      0.3281      0.7298
0.259      0.5281      0.6479      0.3276      0.7296
0.260      0.5276      0.6474      0.3270      0.7293
0.261      0.5272      0.6470      0.3265      0.7290
0.262      0.5267      0.6466      0.3260      0.7287
0.263      0.5262      0.6461      0.3255      0.7284
0.264      0.5257      0.6457      0.3249      0.7280
0.265      0.5252      0.6452      0.3244      0.7275
0.266      0.5247      0.6448      0.3239      0.7271
0.267      0.5243      0.6444      0.3233      0.7266
0.268      0.5238      0.6439      0.3228      0.7261
0.269      0.5233      0.6435      0.3223      0.7257
0.270      0.5228      0.6430      0.3217      0.7252
0.271      0.5223      0.6426      0.3210      0.7249
0.272      0.5218      0.6421      0.3202      0.7247
0.273      0.5213      0.6417      0.3196      0.7244
0.274      0.5208      0.6412      0.3191      0.7241
0.275      0.5203      0.6408      0.3185      0.7236
0.276      0.5198      0.6403      0.3180      0.7231
0.277      0.5193      0.6399      0.3175      0.7226
0.278      0.5188      0.6394      0.3169      0.7222
0.279      0.5183      0.6389      0.3164      0.7217
0.280      0.5178      0.6385      0.3158      0.7213
0.281      0.5173      0.6380      0.3153      0.7208
0.282      0.5168      0.6376      0.3147      0.7206
0.283      0.5163      0.6371      0.3143      0.7201
0.284      0.5158      0.6366      0.3138      0.7197
0.285      0.5153      0.6362      0.3131      0.7192
0.286      0.5148      0.6357      0.3125      0.7189
0.287      0.5143      0.6352      0.3120      0.7186
0.288      0.5138      0.6347      0.3114      0.7183
0.289      0.5132      0.6343      0.3108      0.7181
0.290      0.5127      0.6338      0.3103      0.7178
0.291      0.5122      0.6333      0.3097      0.7175
0.292      0.5117      0.6329      0.3091      0.7173
0.293      0.5112      0.6324      0.3085      0.7170
0.294      0.5106      0.6319      0.3079      0.7167
0.295      0.5101      0.6314      0.3070      0.7165
0.296      0.5096      0.6309      0.3061      0.7160
0.297      0.5091      0.6305      0.3052      0.7153
0.298      0.5085      0.6300      0.3043      0.7146
0.299      0.5080      0.6295      0.3037      0.7138
0.300      0.5075      0.6290      0.3031      0.7134
0.301      0.5069      0.6285      0.3025      0.7132
0.302      0.5064      0.6280      0.3019      0.7129
0.303      0.5059      0.6275      0.3013      0.7127
0.304      0.5053      0.6270      0.3007      0.7122
0.305      0.5048      0.6265      0.3001      0.7116
0.306      0.5042      0.6260      0.2995      0.7110
0.307      0.5037      0.6256      0.2988      0.7103
0.308      0.5031      0.6251      0.2982      0.7098
0.309      0.5026      0.6246      0.2976      0.7092
0.310      0.5021      0.6241      0.2966      0.7086
0.311      0.5015      0.6236      0.2957      0.7080
0.312      0.5010      0.6230      0.2947      0.7074
0.313      0.5004      0.6225      0.2938      0.7068
0.314      0.4998      0.6220      0.2932      0.7062
0.315      0.4993      0.6215      0.2925      0.7056
0.316      0.4987      0.6210      0.2919      0.7051
0.317      0.4982      0.6205      0.2913      0.7049
0.318      0.4976      0.6200      0.2907      0.7047
0.319      0.4971      0.6195      0.2900      0.7046
0.320      0.4965      0.6190      0.2894      0.7044
0.321      0.4959      0.6184      0.2888      0.7039
0.322      0.4954      0.6179      0.2881      0.7035
0.323      0.4948      0.6174      0.2875      0.7033
0.324      0.4942      0.6169      0.2868      0.7030
0.325      0.4936      0.6164      0.2860      0.7028
0.326      0.4931      0.6158      0.2853      0.7025
0.327      0.4925      0.6153      0.2845      0.7023
0.328      0.4919      0.6148      0.2837      0.7021
0.329      0.4913      0.6143      0.2830      0.7018
0.330      0.4908      0.6137      0.2821      0.7016
0.331      0.4902      0.6132      0.2813      0.7013
0.332      0.4896      0.6127      0.2803      0.7011
0.333      0.4890      0.6121      0.2793      0.7008
0.334      0.4884      0.6116      0.2784      0.7006
0.335      0.4878      0.6110      0.2775      0.7003
0.336      0.4872      0.6105      0.2767      0.7001
0.337      0.4866      0.6100      0.2758      0.6998
0.338      0.4860      0.6094      0.2748      0.6996
0.339      0.4854      0.6089      0.2740      0.6993
0.340      0.4848      0.6083      0.2732      0.6988
0.341      0.4842      0.6078      0.2723      0.6982
0.342      0.4836      0.6072      0.2715      0.6976
0.343      0.4830      0.6067      0.2709      0.6970
0.344      0.4824      0.6061      0.2703      0.6964
0.345      0.4818      0.6056      0.2695      0.6958
0.346      0.4812      0.6050      0.2688      0.6955
0.347      0.4806      0.6044      0.2681      0.6953
0.348      0.4800      0.6039      0.2673      0.6950
0.349      0.4794      0.6033      0.2664      0.6948
0.350      0.4788      0.6028      0.2653      0.6945
0.351      0.4781      0.6022      0.2642      0.6943
0.352      0.4775      0.6016      0.2631      0.6941
0.353      0.4769      0.6011      0.2620      0.6938
0.354      0.4763      0.6005      0.2609      0.6933
0.355      0.4756      0.5999      0.2601      0.6928
0.356      0.4750      0.5993      0.2593      0.6923
0.357      0.4744      0.5988      0.2585      0.6918
0.358      0.4738      0.5982      0.2577      0.6913
0.359      0.4731      0.5976      0.2569      0.6908
0.360      0.4725      0.5970      0.2561      0.6903
0.361      0.4718      0.5964      0.2553      0.6898
0.362      0.4712      0.5958      0.2545      0.6893
0.363      0.4706      0.5953      0.2537      0.6888
0.364      0.4699      0.5947      0.2528      0.6883
0.365      0.4693      0.5941      0.2520      0.6879
0.366      0.4686      0.5935      0.2512      0.6876
0.367      0.4680      0.5929      0.2504      0.6872
0.368      0.4673      0.5923      0.2495      0.6869
0.369      0.4667      0.5917      0.2487      0.6866
0.370      0.4660      0.5911      0.2479      0.6862
0.371      0.4653      0.5905      0.2470      0.6857
0.372      0.4647      0.5899      0.2462      0.6852
0.373      0.4640      0.5893      0.2452      0.6846
0.374      0.4634      0.5887      0.2442      0.6841
0.375      0.4627      0.5881      0.2433      0.6835
0.376      0.4620      0.5874      0.2423      0.6829
0.377      0.4613      0.5868      0.2414      0.6824
0.378      0.4607      0.5862      0.2404      0.6818
0.379      0.4600      0.5856      0.2394      0.6812
0.380      0.4593      0.5850      0.2384      0.6806
0.381      0.4586      0.5844      0.2375      0.6801
0.382      0.4580      0.5837      0.2365      0.6795
0.383      0.4573      0.5831      0.2357      0.6789
0.384      0.4566      0.5825      0.2349      0.6783
0.385      0.4559      0.5818      0.2341      0.6778
0.386      0.4552      0.5812      0.2333      0.6772
0.387      0.4545      0.5806      0.2325      0.6767
0.388      0.4538      0.5799      0.2317      0.6763
0.389      0.4531      0.5793      0.2309      0.6759
0.390      0.4524      0.5787      0.2302      0.6755
0.391      0.4517      0.5780      0.2292      0.6751
0.392      0.4510      0.5774      0.2284      0.6747
0.393      0.4503      0.5767      0.2275      0.6743
0.394      0.4496      0.5761      0.2266      0.6739
0.395      0.4489      0.5754      0.2256      0.6735
0.396      0.4482      0.5748      0.2247      0.6731
0.397      0.4474      0.5741      0.2237      0.6726
0.398      0.4467      0.5735      0.2227      0.6722
0.399      0.4460      0.5728      0.2217      0.6718
0.400      0.4453      0.5721      0.2207      0.6713
0.401      0.4445      0.5715      0.2197      0.6707
0.402      0.4438      0.5708      0.2187      0.6701
0.403      0.4431      0.5701      0.2177      0.6694
0.404      0.4424      0.5695      0.2167      0.6688
0.405      0.4416      0.5688      0.2157      0.6682
0.406      0.4409      0.5681      0.2147      0.6675
0.407      0.4401      0.5674      0.2137      0.6669
0.408      0.4394      0.5668      0.2126      0.6662
0.409      0.4386      0.5661      0.2116      0.6656
0.410      0.4379      0.5654      0.2106      0.6650
0.411      0.4371      0.5647      0.2095      0.6645
0.412      0.4364      0.5640      0.2085      0.6641
0.413      0.4356      0.5633      0.2075      0.6637
0.414      0.4349      0.5626      0.2064      0.6632
0.415      0.4341      0.5619      0.2054      0.6627
0.416      0.4333      0.5612      0.2043      0.6623
0.417      0.4326      0.5605      0.2033      0.6619
0.418      0.4318      0.5598      0.2022      0.6614
0.419      0.4310      0.5591      0.2012      0.6610
0.420      0.4303      0.5584      0.2001      0.6605
0.421      0.4295      0.5577      0.1988      0.6600
0.422      0.4287      0.5570      0.1975      0.6596
0.423      0.4279      0.5563      0.1962      0.6591
0.424      0.4271      0.5556      0.1950      0.6587
0.425      0.4263      0.5548      0.1937      0.6582
0.426      0.4256      0.5541      0.1926      0.6577
0.427      0.4248      0.5534      0.1914      0.6571
0.428      0.4240      0.5527      0.1901      0.6565
0.429      0.4232      0.5519      0.1888      0.6558
0.430      0.4224      0.5512      0.1877      0.6552
0.431      0.4216      0.5505      0.1868      0.6545
0.432      0.4207      0.5497      0.1859      0.6539
0.433      0.4199      0.5490      0.1850      0.6532
0.434      0.4191      0.5482      0.1840      0.6526
0.435      0.4183      0.5475      0.1829      0.6519
0.436      0.4175      0.5467      0.1818      0.6513
0.437      0.4167      0.5460      0.1807      0.6506
0.438      0.4158      0.5452      0.1796      0.6500
0.439      0.4150      0.5445      0.1785      0.6493
0.440      0.4142      0.5437      0.1774      0.6486
0.441      0.4133      0.5429      0.1762      0.6480
0.442      0.4125      0.5422      0.1751      0.6473
0.443      0.4117      0.5414      0.1740      0.6466
0.444      0.4108      0.5406      0.1729      0.6460
0.445      0.4100      0.5399      0.1718      0.6453
0.446      0.4091      0.5391      0.1710      0.6446
0.447      0.4083      0.5383      0.1699      0.6439
0.448      0.4074      0.5375      0.1686      0.6432
0.449      0.4066      0.5367      0.1674      0.6428
0.450      0.4057      0.5360      0.1661      0.6421
0.451      0.4048      0.5352      0.1649      0.6413
0.452      0.4040      0.5344      0.1636      0.6406
0.453      0.4031      0.5336      0.1625      0.6399
0.454      0.4022      0.5328      0.1614      0.6391
0.455      0.4013      0.5320      0.1604      0.6384
0.456      0.4005      0.5312      0.1592      0.6377
0.457      0.3996      0.5304      0.1580      0.6372
0.458      0.3987      0.5295      0.1568      0.6367
0.459      0.3978      0.5287      0.1555      0.6363
0.460      0.3969      0.5279      0.1543      0.6359
0.461      0.3960      0.5271      0.1531      0.6355
0.462      0.3951      0.5263      0.1518      0.6351
0.463      0.3942      0.5254      0.1506      0.6347
0.464      0.3933      0.5246      0.1494      0.6343
0.465      0.3924      0.5238      0.1481      0.6339
0.466      0.3915      0.5229      0.1468      0.6335
0.467      0.3906      0.5221      0.1456      0.6331
0.468      0.3896      0.5213      0.1443      0.6327
0.469      0.3887      0.5204      0.1431      0.6323
0.470      0.3878      0.5196      0.1418      0.6318
0.471      0.3868      0.5187      0.1407      0.6314
0.472      0.3859      0.5179      0.1394      0.6310
0.473      0.3850      0.5170      0.1381      0.6306
0.474      0.3840      0.5161      0.1369      0.6301
0.475      0.3831      0.5153      0.1356      0.6297
0.476      0.3821      0.5144      0.1343      0.6293
0.477      0.3812      0.5135      0.1330      0.6289
0.478      0.3802      0.5127      0.1314      0.6284
0.479      0.3793      0.5118      0.1301      0.6280
0.480      0.3783      0.5109      0.1288      0.6276
0.481      0.3773      0.5100      0.1274      0.6271
0.482      0.3764      0.5091      0.1261      0.6267
0.483      0.3754      0.5082      0.1248      0.6263
0.484      0.3744      0.5073      0.1234      0.6258
0.485      0.3734      0.5064      0.1221      0.6254
0.486      0.3724      0.5055      0.1207      0.6249
0.487      0.3714      0.5046      0.1192      0.6245
0.488      0.3705      0.5037      0.1177      0.6240
0.489      0.3695      0.5028      0.1162      0.6236
0.490      0.3685      0.5019      0.1147      0.6232
0.491      0.3674      0.5010      0.1134      0.6226
0.492      0.3664      0.5001      0.1121      0.6218
0.493      0.3654      0.4991      0.1108      0.6209
0.494      0.3644      0.4982      0.1094      0.6201
0.495      0.3634      0.4973      0.1081      0.6193
0.496      0.3624      0.4963      0.1067      0.6185
0.497      0.3613      0.4954      0.1054      0.6176
0.498      0.3603      0.4944      0.1040      0.6168
0.499      0.3593      0.4935      0.1026      0.6160
0.500      0.3582      0.4925      0.1012      0.6151
0.501      0.3572      0.4916      0.0997      0.6143
0.502      0.3561      0.4906      0.0983      0.6134
0.503      0.3551      0.4897      0.0969      0.6126
0.504      0.3540      0.4887      0.0954      0.6117
0.505      0.3529      0.4877      0.0939      0.6109
0.506      0.3519      0.4867      0.0925      0.6100
0.507      0.3508      0.4858      0.0910      0.6091
0.508      0.3497      0.4848      0.0895      0.6083
0.509      0.3486      0.4838      0.0880      0.6074
0.510      0.3475      0.4828      0.0865      0.6067
0.511      0.3465      0.4818      0.0851      0.6061
0.512      0.3454      0.4808      0.0835      0.6055
0.513      0.3443      0.4798      0.0820      0.6048
0.514      0.3432      0.4788      0.0805      0.6042
0.515      0.3421      0.4778      0.0790      0.6035
0.516      0.3409      0.4767      0.0775      0.6029
0.517      0.3398      0.4757      0.0759      0.6022
0.518      0.3387      0.4747      0.0744      0.6016
0.519      0.3376      0.4737      0.0729      0.6009
0.520      0.3364      0.4726      0.0713      0.6002
0.521      0.3353      0.4716      0.0697      0.5996
0.522      0.3342      0.4706      0.0682      0.5989
0.523      0.3330      0.4695      0.0666      0.5982
0.524      0.3319      0.4685      0.0650      0.5976
0.525      0.3307      0.4674      0.0634      0.5969
0.526      0.3296      0.4663      0.0618      0.5962
0.527      0.3284      0.4653      0.0602      0.5955
0.528      0.3272      0.4642      0.0586      0.5949
0.529      0.3260      0.4631      0.0570      0.5942
0.530      0.3249      0.4621      0.0554      0.5936
0.531      0.3237      0.4610      0.0538      0.5933
0.532      0.3225      0.4599      0.0521      0.5929
0.533      0.3213      0.4588      0.0505      0.5926
0.534      0.3201      0.4577      0.0489      0.5919
0.535      0.3189      0.4566      0.0472      0.5911
0.536      0.3177      0.4555      0.0455      0.5902
0.537      0.3165      0.4544      0.0439      0.5894
0.538      0.3152      0.4533      0.0422      0.5885
0.539      0.3140      0.4521      0.0405      0.5876
0.540      0.3128      0.4510      0.0388      0.5867
0.541      0.3115      0.4499      0.0371      0.5859
0.542      0.3103      0.4487      0.0354      0.5852
0.543      0.3091      0.4476      0.0337      0.5845
0.544      0.3078      0.4465      0.0320      0.5838
0.545      0.3065      0.4453      0.0303      0.5831
0.546      0.3053      0.4441      0.0285      0.5824
0.547      0.3040      0.4430      0.0268      0.5816
0.548      0.3027      0.4418      0.0250      0.5809
0.549      0.3015      0.4406      0.0233      0.5802
0.550      0.3002      0.4395      0.0215      0.5795
0.551      0.2989      0.4383      0.0197      0.5787
0.552      0.2976      0.4371      0.0179      0.5780
0.553      0.2963      0.4359      0.0162      0.5772
0.554      0.2950      0.4347      0.0144      0.5765
0.555      0.2936      0.4335      0.0125      0.5757
0.556      0.2923      0.4323      0.0107      0.5750
0.557      0.2910      0.4311      0.0089      0.5742
0.558      0.2897      0.4299      0.0072      0.5735
0.559      0.2883      0.4286      0.0056      0.5727
0.560      0.2870      0.4274      0.0040      0.5720
0.561      0.2856      0.4262      0.0024      0.5712
0.562      0.2843      0.4249      0.0008      0.5704
0.563      0.2829      0.4237     -0.0009      0.5696
0.564      0.2815      0.4224     -0.0029      0.5689
0.565      0.2802      0.4212     -0.0051      0.5681
0.566      0.2788      0.4199     -0.0073      0.5673
0.567      0.2774      0.4186     -0.0096      0.5665
0.568      0.2760      0.4174     -0.0117      0.5657
0.569      0.2746      0.4161     -0.0136      0.5649
0.570      0.2732      0.4148     -0.0156      0.5641
0.571      0.2718      0.4135     -0.0175      0.5633
0.572      0.2703      0.4122     -0.0195      0.5623
0.573      0.2689      0.4109     -0.0214      0.5613
0.574      0.2675      0.4096     -0.0234      0.5602
0.575      0.2660      0.4083     -0.0253      0.5593
0.576      0.2646      0.4069     -0.0271      0.5585
0.577      0.2631      0.4056     -0.0289      0.5577
0.578      0.2617      0.4043     -0.0308      0.5569
0.579      0.2602      0.4029     -0.0326      0.5562
0.580      0.2587      0.4016     -0.0345      0.5554
0.581      0.2572      0.4002     -0.0364      0.5546
0.582      0.2557      0.3988     -0.0383      0.5538
0.583      0.2542      0.3975     -0.0402      0.5530
0.584      0.2527      0.3961     -0.0424      0.5522
0.585      0.2512      0.3947     -0.0447      0.5514
0.586      0.2497      0.3933     -0.0469      0.5506
0.587      0.2482      0.3919     -0.0491      0.5498
0.588      0.2466      0.3905     -0.0511      0.5490
0.589      0.2451      0.3891     -0.0530      0.5482
0.590      0.2435      0.3877     -0.0549      0.5473
0.591      0.2420      0.3863     -0.0569      0.5464
0.592      0.2404      0.3848     -0.0588      0.5455
0.593      0.2388      0.3834     -0.0608      0.5446
0.594      0.2373      0.3820     -0.0627      0.5437
0.595      0.2357      0.3805     -0.0647      0.5428
0.596      0.2341      0.3790     -0.0667      0.5419
0.597      0.2325      0.3776     -0.0687      0.5410
0.598      0.2309      0.3761     -0.0709      0.5401
0.599      0.2292      0.3746     -0.0729      0.5392
0.600      0.2276      0.3731     -0.0749      0.5382
0.601      0.2260      0.3716     -0.0769      0.5373
0.602      0.2243      0.3701     -0.0789      0.5364
0.603      0.2227      0.3686     -0.0809      0.5354
0.604      0.2210      0.3671     -0.0834      0.5345
0.605      0.2193      0.3656     -0.0858      0.5336
0.606      0.2177      0.3640     -0.0883      0.5326
0.607      0.2160      0.3625     -0.0908      0.5316
0.608      0.2143      0.3610     -0.0933      0.5307
0.609      0.2126      0.3594     -0.0958      0.5297
0.610      0.2109      0.3578     -0.0983      0.5287
0.611      0.2091      0.3563     -0.1008      0.5278
0.612      0.2074      0.3547     -0.1034      0.5268
0.613      0.2057      0.3531     -0.1059      0.5258
0.614      0.2039      0.3515     -0.1086      0.5248
0.615      0.2022      0.3499     -0.1114      0.5238
0.616      0.2004      0.3483     -0.1142      0.5228
0.617      0.1986      0.3466     -0.1170      0.5218
0.618      0.1968      0.3450     -0.1196      0.5208
0.619      0.1950      0.3434     -0.1219      0.5198
0.620      0.1932      0.3417     -0.1242      0.5190
0.621      0.1914      0.3401     -0.1268      0.5182
0.622      0.1896      0.3384     -0.1295      0.5174
0.623      0.1878      0.3367     -0.1322      0.5165
0.624      0.1859      0.3350     -0.1349      0.5152
0.625      0.1841      0.3333     -0.1377      0.5140
0.626      0.1822      0.3316     -0.1404      0.5128
0.627      0.1803      0.3299     -0.1430      0.5115
0.628      0.1785      0.3282     -0.1456      0.5103
0.629      0.1766      0.3265     -0.1482      0.5093
0.630      0.1747      0.3247     -0.1508      0.5082
0.631      0.1728      0.3230     -0.1534      0.5071
0.632      0.1708      0.3212     -0.1561      0.5060
0.633      0.1689      0.3195     -0.1587      0.5049
0.634      0.1670      0.3177     -0.1614      0.5044
0.635      0.1650      0.3159     -0.1641      0.5041
0.636      0.1630      0.3141     -0.1668      0.5030
0.637      0.1611      0.3123     -0.1695      0.5017
0.638      0.1591      0.3105     -0.1722      0.5004
0.639      0.1571      0.3086     -0.1750      0.4991
0.640      0.1551      0.3068     -0.1777      0.4980
0.641      0.1530      0.3050     -0.1805      0.4977
0.642      0.1510      0.3031     -0.1833      0.4969
0.643      0.1490      0.3012     -0.1861      0.4957
0.644      0.1469      0.2993     -0.1889      0.4945
0.645      0.1448      0.2975     -0.1917      0.4933
0.646      0.1428      0.2956     -0.1946      0.4921
0.647      0.1407      0.2936     -0.1975      0.4909
0.648      0.1386      0.2917     -0.2003      0.4897
0.649      0.1365      0.2898     -0.2032      0.4884
0.650      0.1343      0.2878     -0.2062      0.4872
0.651      0.1322      0.2859     -0.2091      0.4859
0.652      0.1300      0.2839     -0.2121      0.4847
0.653      0.1279      0.2819     -0.2150      0.4834
0.654      0.1257      0.2800     -0.2180      0.4820
0.655      0.1235      0.2780     -0.2210      0.4803
0.656      0.1213      0.2759     -0.2240      0.4787
0.657      0.1191      0.2739     -0.2271      0.4770
0.658      0.1169      0.2719     -0.2301      0.4753
0.659      0.1146      0.2698     -0.2332      0.4741
0.660      0.1124      0.2678     -0.2363      0.4728
0.661      0.1101      0.2657     -0.2394      0.4715
0.662      0.1078      0.2636     -0.2425      0.4702
0.663      0.1055      0.2615     -0.2457      0.4689
0.664      0.1032      0.2594     -0.2489      0.4676
0.665      0.1009      0.2573     -0.2520      0.4663
0.666      0.0986      0.2552     -0.2552      0.4650
0.667      0.0962      0.2530     -0.2585      0.4636
0.668      0.0939      0.2509     -0.2617      0.4623
0.669      0.0915      0.2487     -0.2650      0.4609
0.670      0.0891      0.2465     -0.2683      0.4596
0.671      0.0867      0.2443     -0.2716      0.4582
0.672      0.0843      0.2421     -0.2751      0.4568
0.673      0.0818      0.2399     -0.2787      0.4555
0.674      0.0794      0.2376     -0.2823      0.4542
0.675      0.0769      0.2354     -0.2859      0.4527
0.676      0.0744      0.2331     -0.2896      0.4513
0.677      0.0719      0.2308     -0.2933      0.4498
0.678      0.0694      0.2285     -0.2968      0.4484
0.679      0.0669      0.2262     -0.3001      0.4471
0.680      0.0644      0.2239     -0.3034      0.4461
0.681      0.0618      0.2215     -0.3068      0.4447
0.682      0.0592      0.2192     -0.3103      0.4432
0.683      0.0566      0.2168     -0.3140      0.4417
0.684      0.0540      0.2144     -0.3178      0.4402
0.685      0.0514      0.2120     -0.3216      0.4388
0.686      0.0488      0.2096     -0.3254      0.4373
0.687      0.0461      0.2072     -0.3293      0.4357
0.688      0.0434      0.2047     -0.3331      0.4344
0.689      0.0407      0.2023     -0.3370      0.4331
0.690      0.0380      0.1998     -0.3409      0.4318
0.691      0.0353      0.1973     -0.3449      0.4303
0.692      0.0326      0.1948     -0.3489      0.4287
0.693      0.0298      0.1923     -0.3529      0.4271
0.694      0.0270      0.1897     -0.3569      0.4254
0.695      0.0242      0.1872     -0.3609      0.4238
0.696      0.0214      0.1846     -0.3646      0.4222
0.697      0.0186      0.1820     -0.3683      0.4205
0.698      0.0157      0.1794     -0.3727      0.4188
0.699      0.0128      0.1768     -0.3765      0.4172
0.700      0.0100      0.1741     -0.3804      0.4155
0.701      0.0070      0.1715     -0.3843      0.4138
0.702      0.0041      0.1688     -0.3891      0.4121
0.703      0.0012      0.1661     -0.3944      0.4107
0.704     -0.0018      0.1634     -0.3987      0.4102
0.705     -0.0048      0.1606     -0.4030      0.4097
0.706     -0.0078      0.1579     -0.4073      0.4092
0.707     -0.0109      0.1551     -0.4117      0.4088
0.708     -0.0139      0.1523     -0.4162      0.4074
0.709     -0.0170      0.1495     -0.4205      0.4059
0.710     -0.0201      0.1467     -0.4246      0.4044
0.711     -0.0232      0.1438     -0.4288      0.4030
0.712     -0.0263      0.1410     -0.4329      0.4015
0.713     -0.0295      0.1381     -0.4372      0.4000
0.714     -0.0327      0.1352     -0.4414      0.3985
0.715     -0.0359      0.1322     -0.4457      0.3970
0.716     -0.0391      0.1293     -0.4500      0.3954
0.717     -0.0424      0.1263     -0.4544      0.3939
0.718     -0.0456      0.1233     -0.4591      0.3924
0.719     -0.0489      0.1203     -0.4639      0.3908
0.720     -0.0522      0.1173     -0.4687      0.3893
0.721     -0.0556      0.1142     -0.4735      0.3880
0.722     -0.0590      0.1111     -0.4783      0.3867
0.723     -0.0623      0.1080     -0.4837      0.3854
0.724     -0.0658      0.1049     -0.4897      0.3838
0.725     -0.0692      0.1018     -0.4957      0.3821
0.726     -0.0727      0.0986     -0.5013      0.3803
0.727     -0.0762      0.0954     -0.5063      0.3785
0.728     -0.0797      0.0922     -0.5114      0.3766
0.729     -0.0832      0.0889     -0.5165      0.3747
0.730     -0.0868      0.0857     -0.5217      0.3730
0.731     -0.0904      0.0824     -0.5269      0.3713
0.732     -0.0940      0.0791     -0.5322      0.3696
0.733     -0.0977      0.0757     -0.5374      0.3679
0.734     -0.1013      0.0724     -0.5428      0.3665
0.735     -0.1050      0.0690     -0.5481      0.3644
0.736     -0.1088      0.0656     -0.5535      0.3626
0.737     -0.1125      0.0621     -0.5590      0.3609
0.738     -0.1163      0.0587     -0.5645      0.3591
0.739     -0.1201      0.0552     -0.5700      0.3573
0.740     -0.1240      0.0517     -0.5756      0.3555
0.741     -0.1279      0.0481     -0.5812      0.3536
0.742     -0.1318      0.0445     -0.5869      0.3518
0.743     -0.1357      0.0409     -0.5923      0.3499
0.744     -0.1397      0.0373     -0.5975      0.3481
0.745     -0.1437      0.0337     -0.6038      0.3462
0.746     -0.1477      0.0300     -0.6100      0.3443
0.747     -0.1518      0.0263     -0.6158      0.3423
0.748     -0.1559      0.0225     -0.6218      0.3404
0.749     -0.1600      0.0187     -0.6278      0.3393
0.750     -0.1642      0.0149     -0.6338      0.3375
0.751     -0.1684      0.0111     -0.6399      0.3356
0.752     -0.1726      0.0072     -0.6460      0.3336
0.753     -0.1769      0.0033     -0.6522      0.3316
0.754     -0.1812     -0.0006     -0.6584      0.3295
0.755     -0.1855     -0.0046     -0.6647      0.3275
0.756     -0.1899     -0.0086     -0.6710      0.3254
0.757     -0.1943     -0.0126     -0.6774      0.3234
0.758     -0.1987     -0.0167     -0.6838      0.3213
0.759     -0.2032     -0.0207     -0.6903      0.3192
0.760     -0.2077     -0.0249     -0.6968      0.3171
0.761     -0.2123     -0.0290     -0.7034      0.3149
0.762     -0.2169     -0.0332     -0.7101      0.3128
0.763     -0.2215     -0.0375     -0.7168      0.3106
0.764     -0.2262     -0.0417     -0.7235      0.3084
0.765     -0.2309     -0.0460     -0.7304      0.3062
0.766     -0.2356     -0.0504     -0.7372      0.3039
0.767     -0.2404     -0.0548     -0.7442      0.3017
0.768     -0.2452     -0.0592     -0.7512      0.2994
0.769     -0.2501     -0.0636     -0.7581      0.2971
0.770     -0.2550     -0.0681     -0.7653      0.2948
0.771     -0.2600     -0.0727     -0.7725      0.2925
0.772     -0.2650     -0.0772     -0.7798      0.2901
0.773     -0.2700     -0.0819     -0.7871      0.2878
0.774     -0.2751     -0.0865     -0.7945      0.2854
0.775     -0.2803     -0.0912     -0.8019      0.2830
0.776     -0.2854     -0.0959     -0.8094      0.2805
0.777     -0.2907     -0.1007     -0.8170      0.2781
0.778     -0.2960     -0.1056     -0.8246      0.2756
0.779     -0.3013     -0.1104     -0.8323      0.2731
0.780     -0.3066     -0.1153     -0.8413      0.2706
0.781     -0.3121     -0.1203     -0.8507      0.2680
0.782     -0.3175     -0.1253     -0.8603      0.2654
0.783     -0.3231     -0.1303     -0.8693      0.2629
0.784     -0.3286     -0.1354     -0.8769      0.2602
0.785     -0.3343     -0.1406     -0.8846      0.2576
0.786     -0.3399     -0.1458     -0.8924      0.2549
0.787     -0.3457     -0.1510     -0.9002      0.2522
0.788     -0.3515     -0.1563     -0.9081      0.2495
0.789     -0.3573     -0.1616     -0.9161      0.2468
0.790     -0.3632     -0.1670     -0.9242      0.2440
0.791     -0.3691     -0.1725     -0.9336      0.2412
0.792     -0.3751     -0.1780     -0.9441      0.2389
0.793     -0.3812     -0.1835     -0.9546      0.2371
0.794     -0.3873     -0.1891     -0.9653      0.2354
0.795     -0.3935     -0.1948     -0.9761      0.2336
0.796     -0.3998     -0.2005     -0.9869      0.2318
0.797     -0.4061     -0.2062     -0.9966      0.2286
0.798     -0.4124     -0.2121     -1.0060      0.2252
0.799     -0.4189     -0.2179     -1.0155      0.2217
0.800     -0.4254     -0.2239     -1.0250      0.2182
0.801     -0.4319     -0.2299     -1.0347      0.2146
0.802     -0.4386     -0.2359     -1.0445      0.2110
0.803     -0.4453     -0.2421     -1.0543      0.2082
0.804     -0.4520     -0.2482     -1.0643      0.2058
0.805     -0.4589     -0.2545     -1.0743      0.2034
0.806     -0.4658     -0.2608     -1.0845      0.1998
0.807     -0.4727     -0.2672     -1.0947      0.1960
0.808     -0.4798     -0.2736     -1.1051      0.1938
0.809     -0.4869     -0.2801     -1.1156      0.1917
0.810     -0.4941     -0.2867     -1.1262      0.1897
0.811     -0.5014     -0.2934     -1.1369      0.1876
0.812     -0.5087     -0.3001     -1.1477      0.1855
0.813     -0.5162     -0.3069     -1.1599      0.1830
0.814     -0.5237     -0.3138     -1.1725      0.1803
0.815     -0.5313     -0.3207     -1.1853      0.1768
0.816     -0.5389     -0.3277     -1.1968      0.1727
0.817     -0.5467     -0.3348     -1.2079      0.1686
0.818     -0.5545     -0.3420     -1.2192      0.1644
0.819     -0.5625     -0.3492     -1.2306      0.1602
0.820     -0.5705     -0.3566     -1.2421      0.1559
0.821     -0.5786     -0.3640     -1.2538      0.1515
0.822     -0.5868     -0.3715     -1.2656      0.1472
0.823     -0.5951     -0.3790     -1.2783      0.1427
0.824     -0.6035     -0.3867     -1.2925      0.1382
0.825     -0.6119     -0.3945     -1.3068      0.1345
0.826     -0.6205     -0.4023     -1.3203      0.1320
0.827     -0.6292     -0.4102     -1.3330      0.1275
0.828     -0.6380     -0.4183     -1.3461      0.1226
0.829     -0.6469     -0.4264     -1.3605      0.1177
0.830     -0.6558     -0.4346     -1.3752      0.1132
0.831     -0.6649     -0.4429     -1.3900      0.1102
0.832     -0.6741     -0.4513     -1.4040      0.1056
0.833     -0.6834     -0.4598     -1.4171      0.1008
0.834     -0.6929     -0.4684     -1.4302      0.0975
0.835     -0.7024     -0.4772     -1.4435      0.0929
0.836     -0.7120     -0.4860     -1.4569      0.0880
0.837     -0.7218     -0.4949     -1.4704      0.0829
0.838     -0.7317     -0.5040     -1.4842      0.0778
0.839     -0.7417     -0.5131     -1.4984      0.0727
0.840     -0.7519     -0.5224     -1.5133      0.0675
0.841     -0.7621     -0.5318     -1.5284      0.0622
0.842     -0.7725     -0.5413     -1.5437      0.0569
0.843     -0.7831     -0.5509     -1.5608      0.0514
0.844     -0.7937     -0.5607     -1.5779      0.0460
0.845     -0.8045     -0.5705     -1.5936      0.0404
0.846     -0.8155     -0.5805     -1.6095      0.0348
0.847     -0.8266     -0.5907     -1.6256      0.0291
0.848     -0.8378     -0.6009     -1.6419      0.0233
0.849     -0.8492     -0.6113     -1.6582      0.0180
0.850     -0.8607     -0.6219     -1.6748      0.0145
0.851     -0.8724     -0.6326     -1.6916      0.0090
0.852     -0.8842     -0.6434     -1.7095      0.0028
0.853     -0.8962     -0.6544     -1.7269     -0.0036
0.854     -0.9084     -0.6655     -1.7446     -0.0100
0.855     -0.9207     -0.6768     -1.7625     -0.0165
0.856     -0.9333     -0.6882     -1.7807     -0.0231
0.857     -0.9459     -0.6998     -1.7992     -0.0298
0.858     -0.9588     -0.7116     -1.8179     -0.0359
0.859     -0.9718     -0.7235     -1.8375     -0.0421
0.860     -0.9851     -0.7356     -1.8593     -0.0483
0.861     -0.9985     -0.7479     -1.8814     -0.0545
0.862     -1.0121     -0.7603     -1.9024     -0.0606
0.863     -1.0259     -0.7730     -1.9227     -0.0667
0.864     -1.0399     -0.7858     -1.9433     -0.0728
0.865     -1.0542     -0.7988     -1.9639     -0.0791
0.866     -1.0686     -0.8120     -1.9848     -0.0855
0.867     -1.0833     -0.8254     -2.0060     -0.0920
0.868     -1.0981     -0.8390     -2.0285     -0.0985
0.869     -1.1133     -0.8528     -2.0511     -0.1052
0.870     -1.1286     -0.8668     -2.0737     -0.1120
0.871     -1.1442     -0.8811     -2.0966     -0.1189
0.872     -1.1600     -0.8955     -2.1198     -0.1258
0.873     -1.1760     -0.9102     -2.1434     -0.1329
0.874     -1.1924     -0.9251     -2.1674     -0.1401
0.875     -1.2090     -0.9403     -2.1918     -0.1482
0.876     -1.2258     -0.9557     -2.2166     -0.1566
0.877     -1.2429     -0.9714     -2.2418     -0.1651
0.878     -1.2603     -0.9873     -2.2674     -0.1738
0.879     -1.2780     -1.0035     -2.2961     -0.1826
0.880     -1.2960     -1.0199     -2.3253     -0.1916
0.881     -1.3143     -1.0366     -2.3550     -0.2007
0.882     -1.3329     -1.0536     -2.3852     -0.2099
0.883     -1.3518     -1.0709     -2.4160     -0.2194
0.884     -1.3711     -1.0885     -2.4472     -0.2290
0.885     -1.3907     -1.1064     -2.4790     -0.2387
0.886     -1.4106     -1.1246     -2.5114     -0.2483
0.887     -1.4309     -1.1432     -2.5443     -0.2578
0.888     -1.4515     -1.1620     -2.5778     -0.2675
0.889     -1.4725     -1.1813     -2.6120     -0.2775
0.890     -1.4939     -1.2008     -2.6458     -0.2888
0.891     -1.5157     -1.2207     -2.6792     -0.3003
0.892     -1.5379     -1.2410     -2.7133     -0.3111
0.893     -1.5605     -1.2617     -2.7480     -0.3218
0.894     -1.5835     -1.2827     -2.7834     -0.3327
0.895     -1.6070     -1.3042     -2.8194     -0.3437
0.896     -1.6309     -1.3261     -2.8561     -0.3550
0.897     -1.6553     -1.3484     -2.8935     -0.3665
0.898     -1.6801     -1.3711     -2.9317     -0.3782
0.899     -1.7055     -1.3943     -2.9706     -0.3910
0.900     -1.7313     -1.4179     -3.0103     -0.4043
0.901     -1.7577     -1.4420     -3.0509     -0.4178
0.902     -1.7846     -1.4666     -3.0922     -0.4316
0.903     -1.8121     -1.4918     -3.1344     -0.4454
0.904     -1.8402     -1.5174     -3.1774     -0.4581
0.905     -1.8688     -1.5436     -3.2214     -0.4711
0.906     -1.8981     -1.5703     -3.2663     -0.4858
0.907     -1.9279     -1.5977     -3.3122     -0.5002
0.908     -1.9585     -1.6256     -3.3590     -0.5125
0.909     -1.9897     -1.6541     -3.4069     -0.5258
0.910     -2.0216     -1.6833     -3.4559     -0.5403
0.911     -2.0542     -1.7131     -3.5060     -0.5550
0.912     -2.0875     -1.7436     -3.5556     -0.5703
0.913     -2.1216     -1.7747     -3.6063     -0.5864
0.914     -2.1565     -1.8067     -3.6582     -0.6028
0.915     -2.1923     -1.8393     -3.7120     -0.6197
0.916     -2.2289     -1.8728     -3.7691     -0.6369
0.917     -2.2663     -1.9070     -3.8276     -0.6546
0.918     -2.3047     -1.9421     -3.8875     -0.6727
0.919     -2.3440     -1.9781     -3.9489     -0.6912
0.920     -2.3843     -2.0149     -4.0118     -0.7102
0.921     -2.4257     -2.0527     -4.0762     -0.7297
0.922     -2.4680     -2.0915     -4.1409     -0.7497
0.923     -2.5115     -2.1312     -4.2082     -0.7702
0.924     -2.5562     -2.1720     -4.2767     -0.7912
0.925     -2.6020     -2.2139     -4.3470     -0.8128
0.926     -2.6491     -2.2570     -4.4193     -0.8350
0.927     -2.6974     -2.3012     -4.4935     -0.8578
0.928     -2.7471     -2.3466     -4.5698     -0.8813
0.929     -2.7982     -2.3933     -4.6460     -0.9053
0.930     -2.8508     -2.4414     -4.7243     -0.9304
0.931     -2.9048     -2.4908     -4.8048     -0.9566
0.932     -2.9605     -2.5417     -4.8876     -0.9836
0.933     -3.0178     -2.5941     -4.9730     -1.0114
0.934     -3.0769     -2.6481     -5.0609     -1.0400
0.935     -3.1378     -2.7038     -5.1539     -1.0695
0.936     -3.2006     -2.7612     -5.2517     -1.1000
0.937     -3.2653     -2.8204     -5.3526     -1.1314
0.938     -3.3322     -2.8816     -5.4567     -1.1638
0.939     -3.4013     -2.9447     -5.5642     -1.1973
0.940     -3.4726     -3.0100     -5.6754     -1.2319
0.941     -3.5464     -3.0774     -5.7903     -1.2677
0.942     -3.6227     -3.1472     -5.9091     -1.3047
0.943     -3.7018     -3.2194     -6.0321     -1.3430
0.944     -3.7836     -3.2942     -6.1596     -1.3827
0.945     -3.8684     -3.3718     -6.2913     -1.4238
0.946     -3.9563     -3.4522     -6.4263     -1.4665
0.947     -4.0476     -3.5356     -6.5664     -1.5108
0.948     -4.1424     -3.6223     -6.7120     -1.5567
0.949     -4.2409     -3.7123     -6.8627     -1.6045
0.950     -4.3433     -3.8060     -7.0172     -1.6541
0.951     -4.4499     -3.9034     -7.1780     -1.6998
0.952     -4.5609     -4.0050     -7.3455     -1.7467
0.953     -4.6767     -4.1108     -7.5201     -1.7957
0.954     -4.7975     -4.2213     -7.7023     -1.8480
0.955     -4.9237     -4.3367     -7.8926     -1.9075
0.956     -5.0556     -4.4573     -8.0916     -1.9697
0.957     -5.1937     -4.5835     -8.2998     -2.0347
0.958     -5.3383     -4.7157     -8.5179     -2.1029
0.959     -5.4900     -4.8544     -8.7466     -2.1744
0.960     -5.6493     -5.0000     -8.9868     -2.2495
0.961     -5.8167     -5.1531     -9.2394     -2.3288
0.962     -5.9929     -5.3142     -9.5052     -2.4143
0.963     -6.1787     -5.4841     -9.7854     -2.5043
0.964     -6.3748     -5.6634    -10.0811     -2.5993
0.965     -6.5821     -5.8529    -10.3937     -2.6998
0.966     -6.8016     -6.0536    -10.7248     -2.8062
0.967     -7.0344     -6.2664    -11.0759     -2.9189
0.968     -7.2817     -6.4925    -11.4489     -3.0279
0.969     -7.5450     -6.7333    -11.8460     -3.1440
0.970     -7.8259     -6.9901    -12.2771     -3.2757
0.971     -8.1261     -7.2646    -12.7405     -3.4173
0.972     -8.4478     -7.5587    -13.2369     -3.5689
0.973     -8.7933     -7.8745    -13.7589     -3.7318
0.974     -9.1654     -8.2147    -14.3317     -3.9072
0.975     -9.5672     -8.5821    -14.9503     -4.0967
0.976    -10.0025     -8.9801    -15.6205     -4.3019
0.977    -10.4757     -9.4127    -16.3489     -4.5251
0.978    -10.9919     -9.8847    -17.1436     -4.7684
0.979    -11.5572    -10.4016    -18.0139     -5.0350
0.980    -12.1791    -10.9702    -18.9712     -5.3282
0.981    -12.8665    -11.5986    -20.0293     -5.6522
0.982    -13.6303    -12.2969    -21.2050     -6.0123
0.983    -14.4838    -13.0773    -22.5190     -6.4147
0.984    -15.4441    -13.9552    -23.9973     -6.8674
0.985    -16.5324    -14.9504    -25.6728     -7.3806
0.986    -17.7762    -16.0875    -27.5875     -7.9670
0.987    -19.2113    -17.3996    -29.7967     -8.6435
0.988    -20.8857    -18.9304    -32.3742     -9.4332
0.989    -22.8643    -20.7395    -35.4050    -10.3659
0.990    -25.2391    -22.9106    -39.0605    -11.4853
0.991    -28.1411    -25.5641    -43.5282    -12.8538
0.992    -31.7689    -28.8806    -49.1130    -14.5641
0.993    -36.4329    -33.1451    -56.2625    -16.7629
0.994    -42.6520    -38.8311    -65.7782    -19.6948
0.995    -51.3587    -46.7917    -79.0999    -23.8003
0.996    -64.4191    -58.7326    -99.0812    -29.9575
0.997    -86.1845    -78.6325   -132.3850    -40.2184
0.998   -129.7188   -118.4355   -198.9921    -60.7480
0.999   -260.3287   -237.8514   -398.8295   -122.3105
