0.001    -92.5112   -123.6961   -121.4479    -65.1738
0.002    -45.7550    -61.3137    -60.2052    -32.0903
0.003    -30.1696    -40.5195    -39.7910    -21.0624
0.004    -22.3770    -30.1225    -29.5839    -15.5485
0.005    -17.7013    -23.8842    -23.4596    -12.2402
0.006    -14.5843    -19.7254    -19.3790    -10.0346
0.007    -12.3578    -16.7548    -16.4656     -8.4592
0.008    -10.6879    -14.5269    -14.2806     -7.2786
0.009     -9.3891    -12.7940    -12.5812     -6.3613
0.010     -8.3501    -11.4077    -11.2216     -5.6275
0.011     -7.5000    -10.2735    -10.1092     -5.0270
0.012     -6.7916     -9.3283     -9.1822     -4.5267
0.013     -6.1921     -8.5285     -8.3979     -4.1033
0.014     -5.6783     -7.8430     -7.7256     -3.7405
0.015     -5.2330     -7.2489     -7.1429     -3.4260
0.016     -4.8434     -6.7290     -6.6330     -3.1508
0.017     -4.4996     -6.2704     -6.1832     -2.9080
0.018     -4.1940     -5.8626     -5.7833     -2.6921
0.019     -3.9206     -5.4978     -5.4249     -2.4990
0.020     -3.6745     -5.1695     -5.1018     -2.3252
0.021     -3.4518     -4.8724     -4.8094     -2.1679
0.022     -3.2494     -4.6024     -4.5436     -2.0250
0.023     -3.0646     -4.3558     -4.3010     -1.8945
0.024     -2.8952     -4.1298     -4.0785     -1.7748
0.025     -2.7394     -3.9218     -3.8739     -1.6647
0.026     -2.5955     -3.7299     -3.6849     -1.5631
0.027     -2.4623     -3.5522     -3.5100     -1.4691
0.028     -2.3386     -3.3871     -3.3476     -1.3817
0.029     -2.2234     -3.2335     -3.1964     -1.3004
0.030     -2.1160     -3.0901     -3.0552     -1.2244
0.031     -2.0154     -2.9559     -2.9232     -1.1534
0.032     -1.9211     -2.8301     -2.7994     -1.0868
0.033     -1.8326     -2.7120     -2.6831     -1.0243
0.034     -1.7492     -2.6008     -2.5737     -0.9654
0.035     -1.6707     -2.4960     -2.4705     -0.9099
0.036     -1.5964     -2.3969     -2.3730     -0.8575
0.037     -1.5262     -2.3033     -2.2809     -0.8079
0.038     -1.4597     -2.2145     -2.1938     -0.7610
0.039     -1.3966     -2.1303     -2.1115     -0.7164
0.040     -1.3367     -2.0504     -2.0333     -0.6741
0.041     -1.2797     -1.9743     -1.9588     -0.6338
0.042     -1.2254     -1.9018     -1.8880     -0.5954
0.043     -1.1736     -1.8328     -1.8204     -0.5589
0.044     -1.1242     -1.7668     -1.7553     -0.5240
0.045     -1.0769     -1.7038     -1.6930     -0.4906
0.046     -1.0318     -1.6435     -1.6334     -0.4587
0.047     -0.9885     -1.5858     -1.5763     -0.4282
0.048     -0.9471     -1.5305     -1.5216     -0.3989
0.049     -0.9073     -1.4775     -1.4691     -0.3708
0.050     -0.8691     -1.4265     -1.4188     -0.3438
0.051     -0.8325     -1.3776     -1.3704     -0.3179
0.052     -0.7972     -1.3306     -1.3238     -0.2930
0.053     -0.7633     -1.2853     -1.2791     -0.2691
0.054     -0.7306     -1.2417     -1.2361     -0.2460
0.055     -0.6991     -1.1997     -1.1947     -0.2238
0.056     -0.6687     -1.1592     -1.1548     -0.2023
0.057     -0.6394     -1.1201     -1.1164     -0.1816
0.058     -0.6112     -1.0824     -1.0792     -0.1616
0.059     -0.5838     -1.0459     -1.0434     -0.1423
0.060     -0.5574     -1.0107     -1.0087     -0.1237
0.061     -0.5319     -0.9766     -0.9751     -0.1056
0.062     -0.5071     -0.9436     -0.9426     -0.0882
0.063     -0.4832     -0.9116     -0.9112     -0.0713
0.064     -0.4600     -0.8807     -0.8808     -0.0549
0.065     -0.4375     -0.8507     -0.8512     -0.0390
0.066     -0.4157     -0.8216     -0.8226     -0.0236
0.067     -0.3946     -0.7934     -0.7948     -0.0087
0.068     -0.3741     -0.7660     -0.7679      0.0058
0.069     -0.3541     -0.7394     -0.7417      0.0199
0.070     -0.3348     -0.7136     -0.7163      0.0336
0.071     -0.3160     -0.6885     -0.6916      0.0469
0.072     -0.2977     -0.6641     -0.6676      0.0598
0.073     -0.2799     -0.6404     -0.6442      0.0723
0.074     -0.2626     -0.6173     -0.6215      0.0846
0.075     -0.2457     -0.5948     -0.5994      0.0965
0.076     -0.2293     -0.5729     -0.5781      0.1080
0.077     -0.2133     -0.5516     -0.5574      0.1193
0.078     -0.1978     -0.5308     -0.5372      0.1303
0.079     -0.1826     -0.5105     -0.5175      0.1410
0.080     -0.1678     -0.4908     -0.4983      0.1516
0.081     -0.1534     -0.4716     -0.4796      0.1619
0.082     -0.1393     -0.4528     -0.4614      0.1720
0.083     -0.1255     -0.4344     -0.4436      0.1818
0.084     -0.1121     -0.4165     -0.4262      0.1915
0.085     -0.0990     -0.3991     -0.4092      0.2008
0.086     -0.0862     -0.3820     -0.3928      0.2100
0.087     -0.0737     -0.3653     -0.3767      0.2189
0.088     -0.0615     -0.3490     -0.3611      0.2277
0.089     -0.0496     -0.3331     -0.3457      0.2361
0.090     -0.0379     -0.3175     -0.3307      0.2442
0.091     -0.0265     -0.3023     -0.3161      0.2522
0.092     -0.0153     -0.2874     -0.3017      0.2599
0.093     -0.0044     -0.2728     -0.2877      0.2675
0.094      0.0063     -0.2585     -0.2740      0.2750
0.095      0.0168     -0.2446     -0.2605      0.2824
0.096      0.0270     -0.2309     -0.2474      0.2897
0.097      0.0371     -0.2175     -0.2345      0.2968
0.098      0.0469     -0.2044     -0.2219      0.3038
0.099      0.0566     -0.1915     -0.2095      0.3107
0.100      0.0660     -0.1789     -0.1974      0.3174
0.101      0.0753     -0.1665     -0.1855      0.3240
0.102      0.0843     -0.1544     -0.1738      0.3302
0.103      0.0932     -0.1426     -0.1624      0.3362
0.104      0.1020     -0.1309     -0.1512      0.3421
0.105      0.1105     -0.1195     -0.1402      0.3481
0.106      0.1189     -0.1083     -0.1294      0.3540
0.107      0.1272     -0.0973     -0.1188      0.3598
0.108      0.1353     -0.0865     -0.1083      0.3657
0.109      0.1432     -0.0759     -0.0979      0.3715
0.110      0.1510     -0.0655     -0.0877      0.3768
0.111      0.1587     -0.0553     -0.0775      0.3821
0.112      0.1662     -0.0452     -0.0674      0.3874
0.113      0.1736     -0.0354     -0.0575      0.3926
0.114      0.1808     -0.0257     -0.0478      0.3977
0.115      0.1880     -0.0162     -0.0383      0.4028
0.116      0.1950     -0.0068     -0.0290      0.4076
0.117      0.2019      0.0024     -0.0197      0.4123
0.118      0.2086      0.0114     -0.0107      0.4169
0.119      0.2153      0.0203     -0.0018      0.4215
0.120      0.2218      0.0290      0.0067      0.4260
0.121      0.2283      0.0376      0.0150      0.4306
0.122      0.2346      0.0461      0.0232      0.4351
0.123      0.2409      0.0544      0.0313      0.4396
0.124      0.2470      0.0626      0.0393      0.4439
0.125      0.2530      0.0706      0.0471      0.4482
0.126      0.2590      0.0786      0.0548      0.4524
0.127      0.2648      0.0864      0.0624      0.4566
0.128      0.2706      0.0940      0.0698      0.4607
0.129      0.2762      0.1016      0.0772      0.4647
0.130      0.2818      0.1090      0.0844      0.4687
0.131      0.2873      0.1164      0.0915      0.4726
0.132      0.2927      0.1236      0.0985      0.4764
0.133      0.2980      0.1307      0.1055      0.4802
0.134      0.3033      0.1377      0.1125      0.4839
0.135      0.3084      0.1446      0.1193      0.4876
0.136      0.3135      0.1514      0.1259      0.4912
0.137      0.3185      0.1581      0.1324      0.4948
0.138      0.3235      0.1647      0.1388      0.4983
0.139      0.3284      0.1712      0.1452      0.5018
0.140      0.3332      0.1776      0.1515      0.5052
0.141      0.3379      0.1839      0.1577      0.5086
0.142      0.3426      0.1901      0.1638      0.5119
0.143      0.3472      0.1963      0.1699      0.5152
0.144      0.3517      0.2023      0.1758      0.5184
0.145      0.3562      0.2083      0.1817      0.5216
0.146      0.3606      0.2142      0.1875      0.5247
0.147      0.3650      0.2200      0.1932      0.5278
0.148      0.3693      0.2258      0.1989      0.5308
0.149      0.3735      0.2314      0.2044      0.5338
0.150      0.3777      0.2370      0.2099      0.5368
0.151      0.3818      0.2425      0.2153      0.5397
0.152      0.3859      0.2479      0.2207      0.5425
0.153      0.3899      0.2533      0.2260      0.5453
0.154      0.3939      0.2586      0.2312      0.5482
0.155      0.3978      0.2638      0.2363      0.5510
0.156      0.4017      0.2690      0.2414      0.5538
0.157      0.4055      0.2741      0.2464      0.5566
0.158      0.4093      0.2791      0.2513      0.5593
0.159      0.4130      0.2841      0.2562      0.5619
0.160      0.4167      0.2890      0.2611      0.5645
0.161      0.4203      0.2938      0.2658      0.5671
0.162      0.4239      0.2986      0.2705      0.5696
0.163      0.4274      0.3033      0.2752      0.5721
0.164      0.4309      0.3080      0.2798      0.5745
0.165      0.4344      0.3126      0.2843      0.5770
0.166      0.4378      0.3172      0.2888      0.5794
0.167      0.4412      0.3217      0.2932      0.5817
0.168      0.4445      0.3261      0.2976      0.5841
0.169      0.4478      0.3305      0.3019      0.5864
0.170      0.4510      0.3348      0.3062      0.5887
0.171      0.4543      0.3391      0.3104      0.5910
0.172      0.4574      0.3434      0.3146      0.5932
0.173      0.4606      0.3476      0.3187      0.5954
0.174      0.4637      0.3517      0.3228      0.5976
0.175      0.4668      0.3558      0.3268      0.5998
0.176      0.4698      0.3599      0.3308      0.6019
0.177      0.4728      0.3639      0.3347      0.6040
0.178      0.4758      0.3678      0.3386      0.6061
0.179      0.4787      0.3717      0.3425      0.6082
0.180      0.4816      0.3756      0.3463      0.6102
0.181      0.4845      0.3794      0.3501      0.6122
0.182      0.4873      0.3832      0.3538      0.6142
0.183      0.4901      0.3870      0.3575      0.6162
0.184      0.4929      0.3907      0.3611      0.6181
0.185      0.4956      0.3944      0.3647      0.6201
0.186      0.4984      0.3980      0.3683      0.6220
0.187      0.5011      0.4016      0.3718      0.6239
0.188      0.5037      0.4051      0.3753      0.6258
0.189      0.5063      0.4086      0.3788      0.6277
0.190      0.5089      0.4121      0.3822      0.6296
0.191      0.5115      0.4155      0.3856      0.6314
0.192      0.5141      0.4189      0.3889      0.6332
0.193      0.5166      0.4223      0.3922      0.6351
0.194      0.5191      0.4256      0.3955      0.6370
0.195      0.5216      0.4289      0.3988      0.6390
0.196      0.5240      0.4322      0.4020      0.6409
0.197      0.5264      0.4354      0.4051      0.6426
0.198      0.5288      0.4386      0.4082      0.6443
0.199      0.5312      0.4418      0.4112      0.6460
0.200      0.5336      0.4449      0.4143      0.6477
0.201      0.5359      0.4480      0.4173      0.6493
0.202      0.5382      0.4511      0.4202      0.6510
0.203      0.5405      0.4542      0.4232      0.6526
0.204      0.5427      0.4572      0.4261      0.6542
0.205      0.5450      0.4601      0.4289      0.6558
0.206      0.5472      0.4631      0.4317      0.6573
0.207      0.5494      0.4660      0.4344      0.6589
0.208      0.5515      0.4689      0.4371      0.6604
0.209      0.5537      0.4718      0.4397      0.6620
0.210      0.5558      0.4746      0.4423      0.6634
0.211      0.5579      0.4775      0.4449      0.6648
0.212      0.5600      0.4802      0.4474      0.6663
0.213      0.5621      0.4830      0.4499      0.6677
0.214      0.5641      0.4857      0.4525      0.6692
0.215      0.5662      0.4885      0.4553      0.6707
0.216      0.5682      0.4911      0.4580      0.6722
0.217      0.5702      0.4938      0.4606      0.6736
0.218      0.5722      0.4964      0.4633      0.6751
0.219      0.5741      0.4991      0.4659      0.6765
0.220      0.5761      0.5016      0.4685      0.6779
0.221      0.5780      0.5042      0.4711      0.6792
0.222      0.5799      0.5068      0.4736      0.6804
0.223      0.5818      0.5093      0.4762      0.6817
0.224      0.5837      0.5118      0.4787      0.6830
0.225      0.5855      0.5142      0.4811      0.6843
0.226      0.5873      0.5167      0.4836      0.6856
0.227      0.5892      0.5191      0.4859      0.6869
0.228      0.5910      0.5215      0.4882      0.6882
0.229      0.5928      0.5239      0.4905      0.6889
0.230      0.5945      0.5263      0.4928      0.6899
0.231      0.5963      0.5286      0.4964      0.6912
0.232      0.5980      0.5310      0.4990      0.6923
0.233      0.5998      0.5333      0.5012      0.6933
0.234      0.6015      0.5356      0.5033      0.6945
0.235      0.6032      0.5378      0.5059      0.6957
0.236      0.6049      0.5401      0.5081      0.6968
0.237      0.6066      0.5423      0.5114      0.6979
0.238      0.6082      0.5445      0.5156      0.6980
0.239      0.6099      0.5467      0.5193      0.6971
0.240      0.6115      0.5489      0.5219      0.6962
0.241      0.6131      0.5511      0.5255      0.6966
0.242      0.6147      0.5532      0.5291      0.6968
0.243      0.6163      0.5553      0.5314      0.6965
0.244      0.6179      0.5574      0.5334      0.6972
0.245      0.6194      0.5595      0.5355      0.6973
0.246      0.6210      0.5616      0.5387      0.6984
0.247      0.6225      0.5636      0.5422      0.6995
0.248      0.6241      0.5657      0.5452      0.6994
0.249      0.6256      0.5677      0.5482      0.6985
0.250      0.6271      0.5697      0.5517      0.6989
0.251      0.6286      0.5717      0.5542      0.6981
0.252      0.6300      0.5737      0.5577      0.6978
0.253      0.6315      0.5756      0.5609      0.6985
0.254      0.6330      0.5776      0.5641      0.6976
0.255      0.6344      0.5795      0.5672      0.6975
0.256      0.6358      0.5814      0.5709      0.6983
0.257      0.6373      0.5833      0.5737      0.6978
0.258      0.6377      0.5830      0.5755      0.6978
0.259      0.6372      0.5827      0.5768      0.6961
0.260      0.6367      0.5824      0.5771      0.6956
0.261      0.6362      0.5821      0.5783      0.6939
0.262      0.6357      0.5818      0.5791      0.6940
0.263      0.6352      0.5815      0.5787      0.6940
0.264      0.6347      0.5812      0.5784      0.6913
0.265      0.6343      0.5809      0.5781      0.6901
0.266      0.6338      0.5806      0.5773      0.6886
0.267      0.6333      0.5803      0.5767      0.6881
0.268      0.6328      0.5800      0.5755      0.6884
0.269      0.6323      0.5797      0.5746      0.6887
0.270      0.6318      0.5794      0.5740      0.6883
0.271      0.6313      0.5791      0.5727      0.6880
0.272      0.6308      0.5788      0.5727      0.6874
0.273      0.6303      0.5785      0.5723      0.6867
0.274      0.6298      0.5782      0.5718      0.6870
0.275      0.6293      0.5779      0.5713      0.6865
0.276      0.6287      0.5775      0.5706      0.6863
0.277      0.6282      0.5772      0.5700      0.6861
0.278      0.6277      0.5769      0.5694      0.6855
0.279      0.6272      0.5766      0.5688      0.6852
0.280      0.6267      0.5763      0.5683      0.6849
0.281      0.6262      0.5760      0.5678      0.6846
0.282      0.6257      0.5757      0.5671      0.6847
0.283      0.6252      0.5754      0.5665      0.6842
0.284      0.6246      0.5750      0.5651      0.6836
0.285      0.6241      0.5747      0.5645      0.6834
0.286      0.6236      0.5744      0.5639      0.6831
0.287      0.6231      0.5741      0.5634      0.6826
0.288      0.6225      0.5738      0.5624      0.6821
0.289      0.6220      0.5735      0.5619      0.6816
0.290      0.6215      0.5731      0.5613      0.6811
0.291      0.6210      0.5728      0.5607      0.6805
0.292      0.6204      0.5725      0.5602      0.6799
0.293      0.6199      0.5722      0.5598      0.6793
0.294      0.6194      0.5718      0.5594      0.6787
0.295      0.6188      0.5715      0.5588      0.6782
0.296      0.6183      0.5712      0.5582      0.6776
0.297      0.6178      0.5709      0.5576      0.6770
0.298      0.6172      0.5705      0.5570      0.6764
0.299      0.6167      0.5702      0.5564      0.6760
0.300      0.6161      0.5699      0.5558      0.6755
0.301      0.6156      0.5695      0.5552      0.6750
0.302      0.6150      0.5692      0.5545      0.6746
0.303      0.6145      0.5689      0.5539      0.6741
0.304      0.6139      0.5685      0.5532      0.6736
0.305      0.6134      0.5682      0.5526      0.6731
0.306      0.6128      0.5679      0.5519      0.6727
0.307      0.6123      0.5675      0.5512      0.6722
0.308      0.6117      0.5672      0.5506      0.6717
0.309      0.6112      0.5669      0.5500      0.6712
0.310      0.6106      0.5665      0.5495      0.6707
0.311      0.6101      0.5662      0.5489      0.6702
0.312      0.6095      0.5658      0.5483      0.6695
0.313      0.6089      0.5655      0.5478      0.6689
0.314      0.6084      0.5652      0.5472      0.6683
0.315      0.6078      0.5648      0.5467      0.6676
0.316      0.6072      0.5645      0.5461      0.6671
0.317      0.6067      0.5641      0.5455      0.6666
0.318      0.6061      0.5638      0.5449      0.6661
0.319      0.6055      0.5634      0.5443      0.6655
0.320      0.6049      0.5631      0.5437      0.6650
0.321      0.6044      0.5627      0.5431      0.6645
0.322      0.6038      0.5624      0.5424      0.6639
0.323      0.6032      0.5620      0.5417      0.6634
0.324      0.6026      0.5617      0.5411      0.6629
0.325      0.6020      0.5613      0.5403      0.6623
0.326      0.6014      0.5610      0.5396      0.6616
0.327      0.6009      0.5606      0.5389      0.6610
0.328      0.6003      0.5602      0.5382      0.6604
0.329      0.5997      0.5599      0.5374      0.6597
0.330      0.5991      0.5595      0.5367      0.6591
0.331      0.5985      0.5592      0.5360      0.6584
0.332      0.5979      0.5588      0.5353      0.6578
0.333      0.5973      0.5584      0.5347      0.6572
0.334      0.5967      0.5581      0.5341      0.6566
0.335      0.5961      0.5577      0.5336      0.6561
0.336      0.5955      0.5573      0.5330      0.6555
0.337      0.5949      0.5570      0.5325      0.6550
0.338      0.5943      0.5566      0.5320      0.6544
0.339      0.5937      0.5562      0.5314      0.6539
0.340      0.5931      0.5559      0.5308      0.6533
0.341      0.5924      0.5555      0.5301      0.6528
0.342      0.5918      0.5551      0.5294      0.6522
0.343      0.5912      0.5547      0.5288      0.6516
0.344      0.5906      0.5544      0.5281      0.6510
0.345      0.5900      0.5540      0.5275      0.6504
0.346      0.5894      0.5536      0.5269      0.6497
0.347      0.5887      0.5532      0.5264      0.6491
0.348      0.5881      0.5528      0.5258      0.6485
0.349      0.5875      0.5525      0.5252      0.6479
0.350      0.5868      0.5521      0.5246      0.6473
0.351      0.5862      0.5517      0.5240      0.6467
0.352      0.5856      0.5513      0.5235      0.6461
0.353      0.5849      0.5509      0.5229      0.6455
0.354      0.5843      0.5505      0.5223      0.6449
0.355      0.5837      0.5501      0.5217      0.6443
0.356      0.5830      0.5498      0.5211      0.6436
0.357      0.5824      0.5494      0.5205      0.6430
0.358      0.5817      0.5490      0.5198      0.6424
0.359      0.5811      0.5486      0.5190      0.6418
0.360      0.5804      0.5482      0.5183      0.6412
0.361      0.5798      0.5478      0.5176      0.6406
0.362      0.5791      0.5474      0.5168      0.6399
0.363      0.5785      0.5470      0.5161      0.6393
0.364      0.5778      0.5466      0.5154      0.6386
0.365      0.5772      0.5462      0.5146      0.6379
0.366      0.5765      0.5458      0.5139      0.6373
0.367      0.5758      0.5454      0.5131      0.6365
0.368      0.5752      0.5450      0.5124      0.6357
0.369      0.5745      0.5446      0.5118      0.6351
0.370      0.5738      0.5442      0.5111      0.6345
0.371      0.5732      0.5438      0.5104      0.6339
0.372      0.5725      0.5434      0.5097      0.6332
0.373      0.5718      0.5429      0.5091      0.6325
0.374      0.5711      0.5425      0.5084      0.6318
0.375      0.5705      0.5421      0.5077      0.6311
0.376      0.5698      0.5417      0.5070      0.6304
0.377      0.5691      0.5413      0.5063      0.6297
0.378      0.5684      0.5409      0.5056      0.6290
0.379      0.5677      0.5404      0.5049      0.6283
0.380      0.5670      0.5400      0.5042      0.6276
0.381      0.5663      0.5396      0.5035      0.6269
0.382      0.5656      0.5392      0.5027      0.6261
0.383      0.5649      0.5388      0.5020      0.6254
0.384      0.5642      0.5383      0.5012      0.6247
0.385      0.5635      0.5379      0.5005      0.6240
0.386      0.5628      0.5375      0.4998      0.6233
0.387      0.5621      0.5370      0.4990      0.6226
0.388      0.5614      0.5366      0.4983      0.6218
0.389      0.5607      0.5362      0.4975      0.6211
0.390      0.5600      0.5357      0.4967      0.6204
0.391      0.5593      0.5353      0.4959      0.6196
0.392      0.5585      0.5349      0.4951      0.6189
0.393      0.5578      0.5344      0.4943      0.6182
0.394      0.5571      0.5340      0.4935      0.6174
0.395      0.5564      0.5335      0.4928      0.6167
0.396      0.5556      0.5331      0.4920      0.6159
0.397      0.5549      0.5327      0.4913      0.6152
0.398      0.5542      0.5322      0.4905      0.6144
0.399      0.5534      0.5318      0.4896      0.6137
0.400      0.5527      0.5313      0.4888      0.6132
0.401      0.5519      0.5309      0.4881      0.6126
0.402      0.5512      0.5304      0.4874      0.6120
0.403      0.5505      0.5300      0.4867      0.6113
0.404      0.5497      0.5295      0.4860      0.6105
0.405      0.5490      0.5291      0.4853      0.6097
0.406      0.5482      0.5286      0.4845      0.6089
0.407      0.5474      0.5281      0.4837      0.6081
0.408      0.5467      0.5277      0.4829      0.6073
0.409      0.5459      0.5272      0.4820      0.6068
0.410      0.5452      0.5267      0.4811      0.6062
0.411      0.5444      0.5263      0.4802      0.6056
0.412      0.5436      0.5258      0.4793      0.6049
0.413      0.5429      0.5253      0.4784      0.6043
0.414      0.5421      0.5249      0.4776      0.6035
0.415      0.5413      0.5244      0.4768      0.6027
0.416      0.5405      0.5239      0.4760      0.6021
0.417      0.5397      0.5234      0.4753      0.6015
0.418      0.5390      0.5230      0.4745      0.6008
0.419      0.5382      0.5225      0.4737      0.6002
0.420      0.5374      0.5220      0.4729      0.5995
0.421      0.5366      0.5215      0.4721      0.5989
0.422      0.5358      0.5210      0.4713      0.5983
0.423      0.5350      0.5206      0.4705      0.5976
0.424      0.5342      0.5201      0.4696      0.5968
0.425      0.5334      0.5196      0.4687      0.5961
0.426      0.5326      0.5191      0.4678      0.5953
0.427      0.5318      0.5186      0.4670      0.5945
0.428      0.5309      0.5181      0.4662      0.5937
0.429      0.5301      0.5176      0.4654      0.5929
0.430      0.5293      0.5171      0.4646      0.5921
0.431      0.5285      0.5166      0.4637      0.5913
0.432      0.5277      0.5161      0.4628      0.5905
0.433      0.5268      0.5156      0.4620      0.5897
0.434      0.5260      0.5151      0.4610      0.5889
0.435      0.5252      0.5146      0.4602      0.5881
0.436      0.5243      0.5141      0.4593      0.5873
0.437      0.5235      0.5136      0.4584      0.5864
0.438      0.5227      0.5131      0.4575      0.5857
0.439      0.5218      0.5126      0.4565      0.5848
0.440      0.5210      0.5120      0.4555      0.5840
0.441      0.5201      0.5115      0.4545      0.5833
0.442      0.5193      0.5110      0.4535      0.5825
0.443      0.5184      0.5105      0.4525      0.5818
0.444      0.5175      0.5100      0.4515      0.5811
0.445      0.5167      0.5094      0.4505      0.5803
0.446      0.5158      0.5089      0.4495      0.5796
0.447      0.5149      0.5084      0.4485      0.5789
0.448      0.5141      0.5079      0.4475      0.5781
0.449      0.5132      0.5073      0.4465      0.5773
0.450      0.5123      0.5068      0.4455      0.5765
0.451      0.5114      0.5062      0.4445      0.5756
0.452      0.5105      0.5057      0.4434      0.5748
0.453      0.5097      0.5052      0.4424      0.5739
0.454      0.5088      0.5046      0.4414      0.5731
0.455      0.5079      0.5041      0.4403      0.5722
0.456      0.5070      0.5035      0.4393      0.5714
0.457      0.5061      0.5030      0.4382      0.5705
0.458      0.5052      0.5024      0.4372      0.5697
0.459      0.5043      0.5019      0.4363      0.5688
0.460      0.5033      0.5013      0.4354      0.5679
0.461      0.5024      0.5008      0.4345      0.5671
0.462      0.5015      0.5002      0.4336      0.5662
0.463      0.5006      0.4997      0.4327      0.5654
0.464      0.4997      0.4991      0.4318      0.5647
0.465      0.4987      0.4985      0.4308      0.5639
0.466      0.4978      0.4980      0.4299      0.5632
0.467      0.4969      0.4974      0.4290      0.5624
0.468      0.4959      0.4968      0.4281      0.5615
0.469      0.4950      0.4962      0.4272      0.5605
0.470      0.4940      0.4957      0.4259      0.5596
0.471      0.4931      0.4951      0.4247      0.5586
0.472      0.4921      0.4945      0.4234      0.5576
0.473      0.4912      0.4939      0.4222      0.5566
0.474      0.4902      0.4933      0.4209      0.5556
0.475      0.4892      0.4928      0.4197      0.5546
0.476      0.4883      0.4922      0.4184      0.5537
0.477      0.4873      0.4916      0.4171      0.5527
0.478      0.4863      0.4910      0.4159      0.5518
0.479      0.4854      0.4904      0.4149      0.5508
0.480      0.4844      0.4898      0.4139      0.5499
0.481      0.4834      0.4892      0.4130      0.5490
0.482      0.4824      0.4886      0.4120      0.5480
0.483      0.4814      0.4880      0.4107      0.5471
0.484      0.4804      0.4874      0.4095      0.5461
0.485      0.4794      0.4868      0.4083      0.5452
0.486      0.4784      0.4862      0.4071      0.5442
0.487      0.4774      0.4855      0.4058      0.5433
0.488      0.4764      0.4849      0.4048      0.5423
0.489      0.4753      0.4843      0.4038      0.5413
0.490      0.4743      0.4837      0.4025      0.5403
0.491      0.4733      0.4831      0.4013      0.5393
0.492      0.4723      0.4824      0.4002      0.5383
0.493      0.4712      0.4818      0.3990      0.5372
0.494      0.4702      0.4812      0.3979      0.5363
0.495      0.4691      0.4805      0.3968      0.5354
0.496      0.4681      0.4799      0.3956      0.5344
0.497      0.4670      0.4793      0.3943      0.5334
0.498      0.4660      0.4786      0.3932      0.5324
0.499      0.4649      0.4780      0.3920      0.5315
0.500      0.4639      0.4773      0.3906      0.5305
0.501      0.4628      0.4767      0.3893      0.5296
0.502      0.4617      0.4760      0.3881      0.5286
0.503      0.4607      0.4754      0.3869      0.5276
0.504      0.4596      0.4747      0.3857      0.5267
0.505      0.4585      0.4741      0.3845      0.5259
0.506      0.4574      0.4734      0.3834      0.5249
0.507      0.4563      0.4727      0.3822      0.5238
0.508      0.4552      0.4721      0.3810      0.5228
0.509      0.4541      0.4714      0.3798      0.5218
0.510      0.4530      0.4707      0.3786      0.5208
0.511      0.4519      0.4701      0.3774      0.5198
0.512      0.4508      0.4694      0.3760      0.5188
0.513      0.4496      0.4687      0.3748      0.5178
0.514      0.4485      0.4680      0.3735      0.5168
0.515      0.4474      0.4673      0.3723      0.5158
0.516      0.4463      0.4666      0.3710      0.5148
0.517      0.4451      0.4659      0.3698      0.5138
0.518      0.4440      0.4652      0.3687      0.5127
0.519      0.4428      0.4645      0.3675      0.5117
0.520      0.4417      0.4638      0.3663      0.5107
0.521      0.4405      0.4631      0.3650      0.5096
0.522      0.4393      0.4624      0.3637      0.5086
0.523      0.4382      0.4617      0.3625      0.5076
0.524      0.4370      0.4610      0.3612      0.5065
0.525      0.4358      0.4603      0.3599      0.5055
0.526      0.4346      0.4596      0.3586      0.5044
0.527      0.4335      0.4589      0.3573      0.5033
0.528      0.4323      0.4581      0.3560      0.5023
0.529      0.4311      0.4574      0.3547      0.5012
0.530      0.4299      0.4567      0.3534      0.5002
0.531      0.4286      0.4559      0.3521      0.4992
0.532      0.4274      0.4552      0.3508      0.4981
0.533      0.4262      0.4545      0.3495      0.4970
0.534      0.4250      0.4537      0.3481      0.4958
0.535      0.4238      0.4530      0.3468      0.4947
0.536      0.4225      0.4522      0.3455      0.4936
0.537      0.4213      0.4515      0.3441      0.4925
0.538      0.4200      0.4507      0.3428      0.4913
0.539      0.4188      0.4499      0.3414      0.4902
0.540      0.4175      0.4492      0.3400      0.4891
0.541      0.4163      0.4484      0.3387      0.4880
0.542      0.4150      0.4476      0.3373      0.4868
0.543      0.4137      0.4469      0.3359      0.4857
0.544      0.4125      0.4461      0.3345      0.4846
0.545      0.4112      0.4453      0.3331      0.4833
0.546      0.4099      0.4445      0.3315      0.4822
0.547      0.4086      0.4437      0.3298      0.4811
0.548      0.4073      0.4429      0.3281      0.4799
0.549      0.4060      0.4422      0.3265      0.4788
0.550      0.4047      0.4414      0.3251      0.4776
0.551      0.4033      0.4406      0.3236      0.4764
0.552      0.4020      0.4397      0.3221      0.4752
0.553      0.4007      0.4389      0.3207      0.4739
0.554      0.3993      0.4381      0.3193      0.4726
0.555      0.3980      0.4373      0.3178      0.4715
0.556      0.3967      0.4365      0.3164      0.4704
0.557      0.3953      0.4357      0.3149      0.4692
0.558      0.3939      0.4348      0.3136      0.4680
0.559      0.3926      0.4340      0.3120      0.4668
0.560      0.3912      0.4332      0.3105      0.4656
0.561      0.3898      0.4323      0.3091      0.4643
0.562      0.3884      0.4315      0.3076      0.4631
0.563      0.3870      0.4307      0.3061      0.4619
0.564      0.3856      0.4298      0.3046      0.4606
0.565      0.3842      0.4289      0.3031      0.4594
0.566      0.3828      0.4281      0.3016      0.4581
0.567      0.3814      0.4272      0.3001      0.4568
0.568      0.3800      0.4264      0.2985      0.4556
0.569      0.3786      0.4255      0.2970      0.4543
0.570      0.3771      0.4246      0.2954      0.4530
0.571      0.3757      0.4237      0.2938      0.4517
0.572      0.3742      0.4229      0.2921      0.4504
0.573      0.3728      0.4220      0.2905      0.4491
0.574      0.3713      0.4211      0.2888      0.4478
0.575      0.3698      0.4202      0.2872      0.4466
0.576      0.3684      0.4193      0.2855      0.4454
0.577      0.3669      0.4184      0.2838      0.4438
0.578      0.3654      0.4175      0.2821      0.4426
0.579      0.3639      0.4166      0.2804      0.4413
0.580      0.3624      0.4157      0.2787      0.4400
0.581      0.3609      0.4147      0.2770      0.4387
0.582      0.3593      0.4138      0.2752      0.4374
0.583      0.3578      0.4129      0.2735      0.4362
0.584      0.3563      0.4119      0.2718      0.4349
0.585      0.3547      0.4110      0.2700      0.4337
0.586      0.3532      0.4101      0.2682      0.4325
0.587      0.3516      0.4091      0.2664      0.4313
0.588      0.3500      0.4082      0.2647      0.4301
0.589      0.3485      0.4072      0.2629      0.4288
0.590      0.3469      0.4062      0.2611      0.4276
0.591      0.3453      0.4053      0.2593      0.4263
0.592      0.3437      0.4043      0.2575      0.4251
0.593      0.3421      0.4033      0.2557      0.4236
0.594      0.3405      0.4024      0.2539      0.4220
0.595      0.3389      0.4014      0.2520      0.4205
0.596      0.3372      0.4004      0.2502      0.4189
0.597      0.3356      0.3994      0.2483      0.4174
0.598      0.3340      0.3984      0.2465      0.4160
0.599      0.3323      0.3974      0.2446      0.4146
0.600      0.3306      0.3964      0.2427      0.4132
0.601      0.3290      0.3954      0.2408      0.4118
0.602      0.3273      0.3943      0.2389      0.4103
0.603      0.3256      0.3933      0.2370      0.4089
0.604      0.3239      0.3923      0.2351      0.4075
0.605      0.3222      0.3913      0.2331      0.4060
0.606      0.3205      0.3902      0.2312      0.4042
0.607      0.3188      0.3892      0.2292      0.4024
0.608      0.3171      0.3881      0.2273      0.4006
0.609      0.3153      0.3871      0.2253      0.3988
0.610      0.3136      0.3860      0.2233      0.3970
0.611      0.3118      0.3849      0.2214      0.3952
0.612      0.3100      0.3839      0.2196      0.3933
0.613      0.3083      0.3828      0.2178      0.3915
0.614      0.3065      0.3817      0.2159      0.3899
0.615      0.3047      0.3806      0.2141      0.3883
0.616      0.3029      0.3795      0.2122      0.3867
0.617      0.3011      0.3784      0.2100      0.3852
0.618      0.2993      0.3773      0.2078      0.3838
0.619      0.2974      0.3762      0.2056      0.3825
0.620      0.2956      0.3751      0.2035      0.3811
0.621      0.2937      0.3739      0.2016      0.3798
0.622      0.2919      0.3728      0.1995      0.3784
0.623      0.2900      0.3717      0.1973      0.3767
0.624      0.2881      0.3705      0.1951      0.3750
0.625      0.2862      0.3694      0.1929      0.3732
0.626      0.2843      0.3682      0.1907      0.3713
0.627      0.2824      0.3671      0.1885      0.3695
0.628      0.2805      0.3659      0.1863      0.3677
0.629      0.2786      0.3647      0.1842      0.3659
0.630      0.2766      0.3636      0.1821      0.3640
0.631      0.2747      0.3624      0.1801      0.3621
0.632      0.2727      0.3612      0.1780      0.3603
0.633      0.2707      0.3600      0.1759      0.3584
0.634      0.2688      0.3588      0.1738      0.3565
0.635      0.2668      0.3576      0.1717      0.3546
0.636      0.2648      0.3563      0.1696      0.3527
0.637      0.2627      0.3551      0.1675      0.3508
0.638      0.2607      0.3539      0.1654      0.3490
0.639      0.2587      0.3526      0.1632      0.3472
0.640      0.2566      0.3514      0.1611      0.3455
0.641      0.2546      0.3501      0.1589      0.3438
0.642      0.2525      0.3489      0.1567      0.3422
0.643      0.2504      0.3476      0.1543      0.3402
0.644      0.2483      0.3463      0.1519      0.3383
0.645      0.2462      0.3451      0.1495      0.3363
0.646      0.2441      0.3438      0.1471      0.3344
0.647      0.2420      0.3425      0.1447      0.3324
0.648      0.2398      0.3412      0.1423      0.3304
0.649      0.2377      0.3399      0.1399      0.3284
0.650      0.2355      0.3385      0.1374      0.3264
0.651      0.2333      0.3372      0.1349      0.3245
0.652      0.2311      0.3359      0.1325      0.3227
0.653      0.2289      0.3345      0.1300      0.3209
0.654      0.2267      0.3332      0.1275      0.3191
0.655      0.2245      0.3318      0.1249      0.3170
0.656      0.2222      0.3305      0.1224      0.3149
0.657      0.2199      0.3291      0.1198      0.3127
0.658      0.2177      0.3277      0.1173      0.3105
0.659      0.2154      0.3263      0.1145      0.3085
0.660      0.2131      0.3249      0.1118      0.3064
0.661      0.2108      0.3235      0.1090      0.3044
0.662      0.2085      0.3221      0.1063      0.3023
0.663      0.2061      0.3207      0.1038      0.3003
0.664      0.2038      0.3193      0.1013      0.2982
0.665      0.2014      0.3178      0.0987      0.2960
0.666      0.1990      0.3164      0.0962      0.2938
0.667      0.1966      0.3149      0.0934      0.2917
0.668      0.1942      0.3135      0.0907      0.2896
0.669      0.1918      0.3120      0.0880      0.2874
0.670      0.1893      0.3105      0.0852      0.2852
0.671      0.1869      0.3090      0.0824      0.2830
0.672      0.1844      0.3075      0.0794      0.2808
0.673      0.1819      0.3060      0.0764      0.2786
0.674      0.1794      0.3045      0.0733      0.2764
0.675      0.1769      0.3030      0.0703      0.2741
0.676      0.1744      0.3014      0.0672      0.2719
0.677      0.1718      0.2999      0.0644      0.2696
0.678      0.1693      0.2983      0.0617      0.2673
0.679      0.1667      0.2967      0.0589      0.2650
0.680      0.1641      0.2952      0.0562      0.2627
0.681      0.1615      0.2936      0.0533      0.2603
0.682      0.1589      0.2920      0.0501      0.2578
0.683      0.1562      0.2904      0.0468      0.2552
0.684      0.1536      0.2888      0.0436      0.2527
0.685      0.1509      0.2871      0.0405      0.2501
0.686      0.1482      0.2855      0.0374      0.2476
0.687      0.1455      0.2838      0.0341      0.2451
0.688      0.1428      0.2822      0.0307      0.2427
0.689      0.1400      0.2805      0.0274      0.2406
0.690      0.1373      0.2788      0.0244      0.2385
0.691      0.1345      0.2772      0.0213      0.2362
0.692      0.1317      0.2755      0.0182      0.2337
0.693      0.1289      0.2737      0.0150      0.2312
0.694      0.1260      0.2720      0.0119      0.2286
0.695      0.1232      0.2703      0.0087      0.2261
0.696      0.1203      0.2685      0.0055      0.2236
0.697      0.1174      0.2668      0.0023      0.2212
0.698      0.1145      0.2650     -0.0009      0.2188
0.699      0.1116      0.2632     -0.0041      0.2163
0.700      0.1086      0.2614     -0.0074      0.2139
0.701      0.1056      0.2596     -0.0107      0.2114
0.702      0.1026      0.2578     -0.0141      0.2089
0.703      0.0996      0.2560     -0.0176      0.2064
0.704      0.0966      0.2541     -0.0211      0.2039
0.705      0.0935      0.2523     -0.0247      0.2013
0.706      0.0905      0.2504     -0.0282      0.1987
0.707      0.0874      0.2485     -0.0315      0.1959
0.708      0.0843      0.2466     -0.0349      0.1931
0.709      0.0811      0.2447     -0.0383      0.1902
0.710      0.0780      0.2428     -0.0417      0.1874
0.711      0.0748      0.2409     -0.0451      0.1845
0.712      0.0716      0.2389     -0.0488      0.1815
0.713      0.0684      0.2370     -0.0525      0.1786
0.714      0.0651      0.2350     -0.0562      0.1756
0.715      0.0619      0.2330     -0.0600      0.1727
0.716      0.0586      0.2310     -0.0638      0.1698
0.717      0.0552      0.2290     -0.0677      0.1670
0.718      0.0519      0.2270     -0.0715      0.1641
0.719      0.0485      0.2249     -0.0754      0.1613
0.720      0.0452      0.2229     -0.0794      0.1584
0.721      0.0418      0.2208     -0.0833      0.1554
0.722      0.0383      0.2187     -0.0873      0.1523
0.723      0.0349      0.2166     -0.0913      0.1494
0.724      0.0314      0.2145     -0.0953      0.1464
0.725      0.0279      0.2124     -0.0995      0.1437
0.726      0.0243      0.2102     -0.1035      0.1406
0.727      0.0208      0.2080     -0.1076      0.1375
0.728      0.0172      0.2059     -0.1118      0.1347
0.729      0.0136      0.2037     -0.1160      0.1319
0.730      0.0099      0.2015     -0.1202      0.1290
0.731      0.0062      0.1992     -0.1244      0.1259
0.732      0.0026      0.1970     -0.1287      0.1228
0.733     -0.0012      0.1947     -0.1330      0.1197
0.734     -0.0049      0.1924     -0.1374      0.1166
0.735     -0.0087      0.1901     -0.1417      0.1134
0.736     -0.0125      0.1878     -0.1461      0.1102
0.737     -0.0164      0.1855     -0.1505      0.1067
0.738     -0.0202      0.1831     -0.1551      0.1035
0.739     -0.0241      0.1808     -0.1596      0.1004
0.740     -0.0280      0.1784     -0.1641      0.0968
0.741     -0.0320      0.1760     -0.1687      0.0931
0.742     -0.0360      0.1736     -0.1733      0.0892
0.743     -0.0400      0.1711     -0.1778      0.0855
0.744     -0.0441      0.1687     -0.1823      0.0824
0.745     -0.0481      0.1662     -0.1870      0.0787
0.746     -0.0522      0.1637     -0.1917      0.0750
0.747     -0.0564      0.1612     -0.1964      0.0712
0.748     -0.0606      0.1586     -0.2012      0.0674
0.749     -0.0648      0.1561     -0.2059      0.0636
0.750     -0.0690      0.1535     -0.2108      0.0600
0.751     -0.0733      0.1509     -0.2156      0.0564
0.752     -0.0776      0.1483     -0.2206      0.0527
0.753     -0.0820      0.1456     -0.2257      0.0491
0.754     -0.0864      0.1429     -0.2309      0.0453
0.755     -0.0908      0.1403     -0.2361      0.0416
0.756     -0.0952      0.1375     -0.2411      0.0378
0.757     -0.0997      0.1348     -0.2462      0.0340
0.758     -0.1043      0.1321     -0.2513      0.0302
0.759     -0.1088      0.1293     -0.2564      0.0263
0.760     -0.1134      0.1265     -0.2616      0.0224
0.761     -0.1181      0.1237     -0.2668      0.0185
0.762     -0.1228      0.1208     -0.2721      0.0145
0.763     -0.1275      0.1179     -0.2774      0.0105
0.764     -0.1323      0.1150     -0.2828      0.0065
0.765     -0.1371      0.1121     -0.2882      0.0024
0.766     -0.1419      0.1092     -0.2936     -0.0017
0.767     -0.1468      0.1062     -0.2990     -0.0058
0.768     -0.1517      0.1032     -0.3047     -0.0100
0.769     -0.1567      0.1002     -0.3103     -0.0143
0.770     -0.1617      0.0971     -0.3159     -0.0185
0.771     -0.1668      0.0941     -0.3218     -0.0228
0.772     -0.1719      0.0910     -0.3282     -0.0271
0.773     -0.1770      0.0878     -0.3346     -0.0315
0.774     -0.1822      0.0847     -0.3411     -0.0357
0.775     -0.1875      0.0815     -0.3474     -0.0400
0.776     -0.1927      0.0783     -0.3537     -0.0444
0.777     -0.1981      0.0750     -0.3601     -0.0491
0.778     -0.2035      0.0718     -0.3665     -0.0538
0.779     -0.2089      0.0685     -0.3730     -0.0585
0.780     -0.2144      0.0651     -0.3795     -0.0631
0.781     -0.2199      0.0618     -0.3861     -0.0678
0.782     -0.2255      0.0584     -0.3927     -0.0725
0.783     -0.2311      0.0550     -0.3992     -0.0773
0.784     -0.2368      0.0515     -0.4058     -0.0821
0.785     -0.2425      0.0480     -0.4125     -0.0870
0.786     -0.2483      0.0445     -0.4190     -0.0919
0.787     -0.2542      0.0410     -0.4256     -0.0968
0.788     -0.2601      0.0374     -0.4323     -0.1017
0.789     -0.2660      0.0338     -0.4390     -0.1066
0.790     -0.2720      0.0301     -0.4458     -0.1118
0.791     -0.2781      0.0264     -0.4526     -0.1171
0.792     -0.2842      0.0227     -0.4595     -0.1223
0.793     -0.2904      0.0189     -0.4665     -0.1275
0.794     -0.2967      0.0151     -0.4736     -0.1328
0.795     -0.3030      0.0113     -0.4807     -0.1381
0.796     -0.3094      0.0074     -0.4879     -0.1433
0.797     -0.3158      0.0035     -0.4951     -0.1485
0.798     -0.3223     -0.0004     -0.5025     -0.1538
0.799     -0.3289     -0.0044     -0.5100     -0.1591
0.800     -0.3355     -0.0085     -0.5178     -0.1645
0.801     -0.3422     -0.0125     -0.5256     -0.1701
0.802     -0.3489     -0.0166     -0.5335     -0.1754
0.803     -0.3558     -0.0208     -0.5415     -0.1810
0.804     -0.3627     -0.0250     -0.5496     -0.1866
0.805     -0.3696     -0.0292     -0.5577     -0.1922
0.806     -0.3767     -0.0335     -0.5659     -0.1979
0.807     -0.3838     -0.0378     -0.5739     -0.2037
0.808     -0.3910     -0.0422     -0.5820     -0.2096
0.809     -0.3983     -0.0466     -0.5902     -0.2155
0.810     -0.4056     -0.0511     -0.5989     -0.2214
0.811     -0.4130     -0.0556     -0.6078     -0.2274
0.812     -0.4205     -0.0601     -0.6168     -0.2335
0.813     -0.4281     -0.0647     -0.6260     -0.2397
0.814     -0.4358     -0.0694     -0.6350     -0.2459
0.815     -0.4435     -0.0741     -0.6441     -0.2524
0.816     -0.4513     -0.0789     -0.6532     -0.2587
0.817     -0.4592     -0.0837     -0.6625     -0.2651
0.818     -0.4672     -0.0885     -0.6718     -0.2716
0.819     -0.4753     -0.0935     -0.6813     -0.2781
0.820     -0.4835     -0.0984     -0.6909     -0.2847
0.821     -0.4918     -0.1034     -0.7005     -0.2914
0.822     -0.5001     -0.1085     -0.7100     -0.2981
0.823     -0.5086     -0.1137     -0.7200     -0.3050
0.824     -0.5172     -0.1189     -0.7302     -0.3119
0.825     -0.5258     -0.1241     -0.7403     -0.3190
0.826     -0.5346     -0.1294     -0.7505     -0.3261
0.827     -0.5434     -0.1348     -0.7608     -0.3335
0.828     -0.5524     -0.1403     -0.7712     -0.3410
0.829     -0.5614     -0.1458     -0.7817     -0.3486
0.830     -0.5706     -0.1513     -0.7923     -0.3565
0.831     -0.5799     -0.1570     -0.8030     -0.3647
0.832     -0.5892     -0.1627     -0.8142     -0.3729
0.833     -0.5987     -0.1685     -0.8254     -0.3813
0.834     -0.6084     -0.1743     -0.8368     -0.3898
0.835     -0.6181     -0.1802     -0.8482     -0.3984
0.836     -0.6279     -0.1862     -0.8598     -0.4071
0.837     -0.6379     -0.1922     -0.8714     -0.4160
0.838     -0.6480     -0.1984     -0.8833     -0.4249
0.839     -0.6582     -0.2046     -0.8955     -0.4339
0.840     -0.6685     -0.2109     -0.9080     -0.4431
0.841     -0.6790     -0.2172     -0.9205     -0.4520
0.842     -0.6896     -0.2237     -0.9331     -0.4608
0.843     -0.7004     -0.2302     -0.9458     -0.4698
0.844     -0.7112     -0.2368     -0.9587     -0.4789
0.845     -0.7223     -0.2435     -0.9718     -0.4881
0.846     -0.7334     -0.2503     -0.9850     -0.4974
0.847     -0.7447     -0.2572     -0.9984     -0.5068
0.848     -0.7562     -0.2641     -1.0120     -0.5163
0.849     -0.7678     -0.2712     -1.0257     -0.5260
0.850     -0.7796     -0.2783     -1.0397     -0.5356
0.851     -0.7915     -0.2856     -1.0538     -0.5452
0.852     -0.8036     -0.2929     -1.0681     -0.5549
0.853     -0.8158     -0.3004     -1.0826     -0.5647
0.854     -0.8282     -0.3079     -1.0973     -0.5746
0.855     -0.8408     -0.3156     -1.1124     -0.5848
0.856     -0.8536     -0.3233     -1.1274     -0.5961
0.857     -0.8665     -0.3312     -1.1426     -0.6075
0.858     -0.8796     -0.3392     -1.1579     -0.6191
0.859     -0.8930     -0.3473     -1.1734     -0.6303
0.860     -0.9065     -0.3555     -1.1891     -0.6416
0.861     -0.9201     -0.3638     -1.2050     -0.6530
0.862     -0.9340     -0.3722     -1.2212     -0.6646
0.863     -0.9481     -0.3808     -1.2376     -0.6763
0.864     -0.9624     -0.3895     -1.2543     -0.6883
0.865     -0.9769     -0.3983     -1.2712     -0.7009
0.866     -0.9917     -0.4073     -1.2883     -0.7136
0.867     -1.0066     -0.4163     -1.3063     -0.7265
0.868     -1.0218     -0.4256     -1.3237     -0.7396
0.869     -1.0372     -0.4349     -1.3413     -0.7528
0.870     -1.0529     -0.4444     -1.3595     -0.7657
0.871     -1.0687     -0.4541     -1.3780     -0.7788
0.872     -1.0849     -0.4639     -1.3970     -0.7921
0.873     -1.1013     -0.4739     -1.4164     -0.8056
0.874     -1.1179     -0.4840     -1.4359     -0.8193
0.875     -1.1348     -0.4943     -1.4555     -0.8332
0.876     -1.1520     -0.5047     -1.4755     -0.8474
0.877     -1.1695     -0.5153     -1.4958     -0.8617
0.878     -1.1873     -0.5261     -1.5163     -0.8763
0.879     -1.2053     -0.5371     -1.5373     -0.8912
0.880     -1.2237     -0.5482     -1.5587     -0.9063
0.881     -1.2423     -0.5596     -1.5807     -0.9217
0.882     -1.2613     -0.5711     -1.6030     -0.9374
0.883     -1.2806     -0.5828     -1.6258     -0.9535
0.884     -1.3002     -0.5948     -1.6489     -0.9699
0.885     -1.3202     -0.6069     -1.6724     -0.9865
0.886     -1.3405     -0.6193     -1.6964     -1.0035
0.887     -1.3612     -0.6318     -1.7207     -1.0207
0.888     -1.3823     -0.6446     -1.7455     -1.0383
0.889     -1.4037     -0.6577     -1.7708     -1.0561
0.890     -1.4255     -0.6709     -1.7965     -1.0743
0.891     -1.4477     -0.6844     -1.8227     -1.0928
0.892     -1.4704     -0.6982     -1.8493     -1.1117
0.893     -1.4934     -0.7122     -1.8765     -1.1309
0.894     -1.5169     -0.7265     -1.9042     -1.1505
0.895     -1.5409     -0.7410     -1.9324     -1.1705
0.896     -1.5653     -0.7558     -1.9611     -1.1911
0.897     -1.5901     -0.7710     -1.9904     -1.2122
0.898     -1.6155     -0.7864     -2.0203     -1.2336
0.899     -1.6414     -0.8021     -2.0507     -1.2552
0.900     -1.6677     -0.8181     -2.0818     -1.2771
0.901     -1.6947     -0.8345     -2.1131     -1.2994
0.902     -1.7221     -0.8512     -2.1449     -1.3222
0.903     -1.7502     -0.8682     -2.1774     -1.3454
0.904     -1.7788     -0.8856     -2.2106     -1.3691
0.905     -1.8080     -0.9034     -2.2444     -1.3934
0.906     -1.8378     -0.9215     -2.2793     -1.4181
0.907     -1.8683     -0.9400     -2.3158     -1.4434
0.908     -1.8994     -0.9589     -2.3532     -1.4694
0.909     -1.9313     -0.9783     -2.3913     -1.4959
0.910     -1.9638     -0.9981     -2.4291     -1.5231
0.911     -1.9971     -1.0183     -2.4677     -1.5508
0.912     -2.0311     -1.0389     -2.5072     -1.5791
0.913     -2.0659     -1.0601     -2.5475     -1.6082
0.914     -2.1015     -1.0817     -2.5888     -1.6379
0.915     -2.1380     -1.1039     -2.6309     -1.6682
0.916     -2.1753     -1.1266     -2.6745     -1.6996
0.917     -2.2135     -1.1498     -2.7191     -1.7323
0.918     -2.2526     -1.1736     -2.7652     -1.7658
0.919     -2.2928     -1.1980     -2.8124     -1.8001
0.920     -2.3339     -1.2230     -2.8609     -1.8353
0.921     -2.3760     -1.2486     -2.9105     -1.8713
0.922     -2.4193     -1.2749     -2.9615     -1.9083
0.923     -2.4636     -1.3018     -3.0137     -1.9462
0.924     -2.5092     -1.3295     -3.0674     -1.9852
0.925     -2.5559     -1.3579     -3.1224     -2.0251
0.926     -2.6039     -1.3871     -3.1790     -2.0662
0.927     -2.6533     -1.4171     -3.2371     -2.1083
0.928     -2.7039     -1.4479     -3.2968     -2.1506
0.929     -2.7561     -1.4795     -3.3582     -2.1942
0.930     -2.8097     -1.5121     -3.4214     -2.2389
0.931     -2.8648     -1.5457     -3.4863     -2.2850
0.932     -2.9216     -1.5802     -3.5532     -2.3324
0.933     -2.9801     -1.6157     -3.6221     -2.3813
0.934     -3.0404     -1.6523     -3.6931     -2.4316
0.935     -3.1025     -1.6901     -3.7663     -2.4835
0.936     -3.1665     -1.7290     -3.8417     -2.5371
0.937     -3.2326     -1.7692     -3.9196     -2.5922
0.938     -3.3008     -1.8106     -3.9999     -2.6491
0.939     -3.3713     -1.8534     -4.0829     -2.7080
0.940     -3.4441     -1.8977     -4.1683     -2.7688
0.941     -3.5194     -1.9434     -4.2553     -2.8316
0.942     -3.5972     -1.9908     -4.3476     -2.8967
0.943     -3.6778     -2.0397     -4.4435     -2.9640
0.944     -3.7613     -2.0905     -4.5423     -3.0337
0.945     -3.8478     -2.1430     -4.6443     -3.1060
0.946     -3.9375     -2.1976     -4.7499     -3.1809
0.947     -4.0306     -2.2541     -4.8596     -3.2586
0.948     -4.1273     -2.3129     -4.9730     -3.3394
0.949     -4.2278     -2.3740     -5.0899     -3.4233
0.950     -4.3323     -2.4375     -5.2115     -3.5106
0.951     -4.4410     -2.5036     -5.3381     -3.6014
0.952     -4.5543     -2.5724     -5.4714     -3.6960
0.953     -4.6724     -2.6442     -5.6112     -3.7946
0.954     -4.7957     -2.7191     -5.7571     -3.8976
0.955     -4.9244     -2.7973     -5.9096     -4.0054
0.956     -5.0590     -2.8791     -6.0690     -4.1187
0.957     -5.1998     -2.9647     -6.2358     -4.2372
0.958     -5.3473     -3.0544     -6.4106     -4.3613
0.959     -5.5021     -3.1484     -6.5929     -4.4915
0.960     -5.6645     -3.2471     -6.7851     -4.6282
0.961     -5.8353     -3.3509     -6.9865     -4.7720
0.962     -6.0151     -3.4602     -7.1984     -4.9233
0.963     -6.2046     -3.5754     -7.4216     -5.0828
0.964     -6.4047     -3.6970     -7.6573     -5.2511
0.965     -6.6161     -3.8255     -7.9065     -5.4290
0.966     -6.8400     -3.9615     -8.1702     -5.6151
0.967     -7.0775     -4.1059     -8.4500     -5.8120
0.968     -7.3298     -4.2592     -8.7473     -6.0213
0.969     -7.5984     -4.4225     -9.0638     -6.2441
0.970     -7.8850     -4.5966     -9.4013     -6.4817
0.971     -8.1912     -4.7827     -9.7621     -6.7357
0.972     -8.5194     -4.9821    -10.1487     -7.0078
0.973     -8.8718     -5.1963    -10.5639     -7.3018
0.974     -9.2514     -5.4270    -11.0111     -7.6188
0.975     -9.6613     -5.6761    -11.4940     -7.9612
0.976    -10.1054     -5.9460    -12.0173     -8.3321
0.977    -10.5881     -6.2394    -12.5857     -8.7361
0.978    -11.1147     -6.5594    -13.2051     -9.1795
0.979    -11.6914     -6.9099    -13.8835     -9.6650
0.980    -12.3258     -7.2955    -14.6298    -10.1963
0.981    -13.0270     -7.7216    -15.4546    -10.7804
0.982    -13.8062     -8.1951    -16.3712    -11.4295
0.983    -14.6769     -8.7243    -17.3955    -12.1549
0.984    -15.6564     -9.3197    -18.5477    -12.9710
0.985    -16.7667     -9.9944    -19.8538    -13.8960
0.986    -18.0356    -10.7656    -21.3465    -14.9551
0.987    -19.4996    -11.6552    -23.0687    -16.1778
0.988    -21.2076    -12.6932    -25.0777    -17.6054
0.989    -23.2260    -13.9200    -27.4523    -19.2899
0.990    -25.6485    -15.3923    -30.3019    -21.3131
0.991    -28.6093    -17.1916    -33.7849    -23.7859
0.992    -32.3099    -19.4407    -38.1379    -26.8764
0.993    -37.0677    -22.3323    -43.7350    -30.8498
0.994    -43.4123    -26.1879    -51.1985    -36.1451
0.995    -52.2937    -31.5858    -61.6463    -43.5533
0.996    -65.6175    -39.6825    -77.3187    -54.6675
0.997    -87.8214    -53.1771   -103.4388    -73.1894
0.998   -132.2280    -80.1662   -155.6784   -110.2309
0.999   -265.4681   -161.1524   -312.4914   -221.3802
