0.001    -69.6213    -85.0022    -81.4598    -57.8712
0.002    -34.3236    -41.9829    -40.2386    -28.4626
0.003    -22.5577    -27.6431    -26.4982    -18.6597
0.004    -16.6748    -20.4732    -19.6280    -13.7582
0.005    -13.1450    -16.1713    -15.5059    -10.8174
0.006    -10.7918    -13.3033    -12.7578     -8.8568
0.007     -9.1110    -11.2548    -10.7949     -7.4564
0.008     -7.8504     -9.7184     -9.3228     -6.4061
0.009     -6.8699     -8.5234     -8.1777     -5.5892
0.010     -6.0855     -7.5674     -7.2617     -4.9356
0.011     -5.4437     -6.7852     -6.5122     -4.4009
0.012     -4.9089     -6.1334     -5.8877     -3.9554
0.013     -4.4564     -5.5819     -5.3592     -3.5783
0.014     -4.0685     -5.1092     -4.9062     -3.2551
0.015     -3.7323     -4.6995     -4.5138     -2.9741
0.016     -3.4382     -4.3410     -4.1713     -2.7273
0.017     -3.1786     -4.0246     -3.8691     -2.5096
0.018     -2.9479     -3.7435     -3.6005     -2.3160
0.019     -2.7415     -3.4919     -3.3602     -2.1429
0.020     -2.5557     -3.2655     -3.1439     -1.9870
0.021     -2.3876     -3.0606     -2.9477     -1.8460
0.022     -2.2348     -2.8744     -2.7684     -1.7178
0.023     -2.0953     -2.7044     -2.6047     -1.6008
0.024     -1.9674     -2.5485     -2.4547     -1.4935
0.025     -1.8498     -2.4051     -2.3167     -1.3954
0.026     -1.7412     -2.2727     -2.1893     -1.3052
0.027     -1.6406     -2.1502     -2.0713     -1.2214
0.028     -1.5472     -2.0364     -1.9618     -1.1426
0.029     -1.4603     -1.9304     -1.8603     -1.0692
0.030     -1.3791     -1.8315     -1.7655     -1.0007
0.031     -1.3032     -1.7390     -1.6769     -0.9367
0.032     -1.2320     -1.6523     -1.5934     -0.8766
0.033     -1.1652     -1.5708     -1.5150     -0.8205
0.034     -1.1023     -1.4941     -1.4412     -0.7677
0.035     -1.0430     -1.4218     -1.3716     -0.7179
0.036     -0.9869     -1.3535     -1.3059     -0.6709
0.037     -0.9339     -1.2889     -1.2437     -0.6264
0.038     -0.8837     -1.2277     -1.1848     -0.5843
0.039     -0.8361     -1.1697     -1.1289     -0.5444
0.040     -0.7908     -1.1145     -1.0760     -0.5064
0.041     -0.7478     -1.0621     -1.0260     -0.4703
0.042     -0.7068     -1.0121     -0.9783     -0.4359
0.043     -0.6677     -0.9645     -0.9329     -0.4031
0.044     -0.6304     -0.9190     -0.8895     -0.3718
0.045     -0.5947     -0.8755     -0.8480     -0.3419
0.046     -0.5606     -0.8340     -0.8079     -0.3133
0.047     -0.5280     -0.7942     -0.7695     -0.2859
0.048     -0.4967     -0.7560     -0.7327     -0.2596
0.049     -0.4667     -0.7194     -0.6974     -0.2344
0.050     -0.4379     -0.6843     -0.6635     -0.2103
0.051     -0.4102     -0.6506     -0.6309     -0.1870
0.052     -0.3835     -0.6181     -0.5996     -0.1647
0.053     -0.3579     -0.5869     -0.5695     -0.1432
0.054     -0.3333     -0.5569     -0.5405     -0.1225
0.055     -0.3095     -0.5279     -0.5125     -0.1026
0.056     -0.2866     -0.5000     -0.4856     -0.0834
0.057     -0.2645     -0.4730     -0.4595     -0.0648
0.058     -0.2431     -0.4470     -0.4344     -0.0469
0.059     -0.2225     -0.4218     -0.4102     -0.0300
0.060     -0.2025     -0.3975     -0.3867     -0.0137
0.061     -0.1832     -0.3740     -0.3642      0.0020
0.062     -0.1646     -0.3513     -0.3424      0.0172
0.063     -0.1465     -0.3292     -0.3214      0.0320
0.064     -0.1290     -0.3079     -0.3010      0.0465
0.065     -0.1120     -0.2872     -0.2813      0.0609
0.066     -0.0956     -0.2672     -0.2626      0.0748
0.067     -0.0796     -0.2477     -0.2444      0.0883
0.068     -0.0641     -0.2288     -0.2267      0.1015
0.069     -0.0491     -0.2105     -0.2096      0.1142
0.070     -0.0345     -0.1927     -0.1929      0.1266
0.071     -0.0202     -0.1754     -0.1768      0.1385
0.072     -0.0064     -0.1585     -0.1610      0.1498
0.073      0.0070     -0.1422     -0.1457      0.1608
0.074      0.0201     -0.1262     -0.1308      0.1715
0.075      0.0328     -0.1107     -0.1163      0.1819
0.076      0.0452     -0.0956     -0.1022      0.1920
0.077      0.0572     -0.0809     -0.0881      0.2019
0.078      0.0690     -0.0666     -0.0744      0.2115
0.079      0.0804     -0.0526     -0.0610      0.2209
0.080      0.0916     -0.0390     -0.0479      0.2301
0.081      0.1025     -0.0258     -0.0352      0.2390
0.082      0.1131     -0.0128     -0.0227      0.2477
0.083      0.1235     -0.0002     -0.0105      0.2562
0.084      0.1336      0.0122      0.0014      0.2644
0.085      0.1435      0.0242      0.0130      0.2725
0.086      0.1532      0.0360      0.0244      0.2804
0.087      0.1626      0.0475      0.0354      0.2882
0.088      0.1718      0.0587      0.0463      0.2957
0.089      0.1808      0.0697      0.0569      0.3031
0.090      0.1897      0.0805      0.0672      0.3103
0.091      0.1983      0.0910      0.0773      0.3174
0.092      0.2067      0.1012      0.0872      0.3243
0.093      0.2150      0.1113      0.0966      0.3310
0.094      0.2230      0.1211      0.1060      0.3376
0.095      0.2309      0.1308      0.1154      0.3441
0.096      0.2387      0.1402      0.1246      0.3504
0.097      0.2463      0.1495      0.1335      0.3566
0.098      0.2537      0.1585      0.1421      0.3627
0.099      0.2610      0.1674      0.1504      0.3687
0.100      0.2681      0.1761      0.1588      0.3746
0.101      0.2751      0.1846      0.1671      0.3806
0.102      0.2819      0.1929      0.1752      0.3865
0.103      0.2887      0.2011      0.1832      0.3922
0.104      0.2953      0.2092      0.1910      0.3977
0.105      0.3017      0.2170      0.1987      0.4030
0.106      0.3081      0.2248      0.2063      0.4082
0.107      0.3143      0.2323      0.2133      0.4133
0.108      0.3204      0.2398      0.2201      0.4183
0.109      0.3264      0.2471      0.2272      0.4232
0.110      0.3323      0.2543      0.2342      0.4280
0.111      0.3381      0.2613      0.2410      0.4328
0.112      0.3437      0.2682      0.2475      0.4376
0.113      0.3493      0.2750      0.2539      0.4424
0.114      0.3548      0.2817      0.2603      0.4470
0.115      0.3602      0.2883      0.2666      0.4517
0.116      0.3655      0.2947      0.2729      0.4562
0.117      0.3707      0.3011      0.2790      0.4606
0.118      0.3758      0.3073      0.2851      0.4650
0.119      0.3808      0.3134      0.2909      0.4693
0.120      0.3858      0.3195      0.2967      0.4737
0.121      0.3906      0.3254      0.3023      0.4781
0.122      0.3954      0.3312      0.3079      0.4822
0.123      0.4001      0.3369      0.3133      0.4863
0.124      0.4047      0.3426      0.3187      0.4903
0.125      0.4093      0.3481      0.3240      0.4942
0.126      0.4138      0.3536      0.3292      0.4981
0.127      0.4182      0.3590      0.3343      0.5019
0.128      0.4225      0.3643      0.3394      0.5057
0.129      0.4268      0.3695      0.3443      0.5094
0.130      0.4310      0.3746      0.3492      0.5130
0.131      0.4352      0.3797      0.3540      0.5166
0.132      0.4392      0.3846      0.3588      0.5201
0.133      0.4433      0.3895      0.3634      0.5236
0.134      0.4472      0.3944      0.3680      0.5270
0.135      0.4511      0.3991      0.3726      0.5304
0.136      0.4550      0.4038      0.3770      0.5336
0.137      0.4588      0.4084      0.3815      0.5367
0.138      0.4625      0.4130      0.3860      0.5398
0.139      0.4662      0.4175      0.3904      0.5428
0.140      0.4698      0.4219      0.3947      0.5458
0.141      0.4734      0.4262      0.3990      0.5488
0.142      0.4769      0.4305      0.4032      0.5517
0.143      0.4804      0.4348      0.4073      0.5545
0.144      0.4838      0.4390      0.4111      0.5574
0.145      0.4872      0.4431      0.4149      0.5603
0.146      0.4905      0.4471      0.4187      0.5631
0.147      0.4938      0.4512      0.4224      0.5659
0.148      0.4971      0.4551      0.4261      0.5686
0.149      0.5003      0.4590      0.4297      0.5711
0.150      0.5034      0.4629      0.4333      0.5737
0.151      0.5065      0.4667      0.4369      0.5764
0.152      0.5096      0.4704      0.4405      0.5790
0.153      0.5126      0.4741      0.4440      0.5816
0.154      0.5156      0.4778      0.4475      0.5840
0.155      0.5186      0.4814      0.4509      0.5863
0.156      0.5215      0.4849      0.4543      0.5887
0.157      0.5244      0.4884      0.4576      0.5910
0.158      0.5272      0.4919      0.4609      0.5932
0.159      0.5301      0.4953      0.4642      0.5955
0.160      0.5328      0.4987      0.4674      0.5978
0.161      0.5356      0.5020      0.4706      0.6001
0.162      0.5383      0.5053      0.4738      0.6023
0.163      0.5410      0.5086      0.4769      0.6045
0.164      0.5436      0.5118      0.4799      0.6067
0.165      0.5462      0.5150      0.4830      0.6089
0.166      0.5488      0.5181      0.4859      0.6110
0.167      0.5513      0.5212      0.4889      0.6131
0.168      0.5538      0.5243      0.4919      0.6152
0.169      0.5563      0.5273      0.4949      0.6172
0.170      0.5588      0.5303      0.4978      0.6193
0.171      0.5612      0.5333      0.5007      0.6213
0.172      0.5636      0.5362      0.5035      0.6234
0.173      0.5660      0.5391      0.5064      0.6254
0.174      0.5683      0.5420      0.5091      0.6274
0.175      0.5707      0.5448      0.5119      0.6295
0.176      0.5729      0.5476      0.5145      0.6315
0.177      0.5752      0.5504      0.5171      0.6335
0.178      0.5775      0.5531      0.5196      0.6354
0.179      0.5797      0.5558      0.5222      0.6372
0.180      0.5819      0.5585      0.5247      0.6390
0.181      0.5840      0.5611      0.5272      0.6408
0.182      0.5862      0.5637      0.5296      0.6426
0.183      0.5883      0.5663      0.5320      0.6444
0.184      0.5904      0.5688      0.5345      0.6462
0.185      0.5925      0.5714      0.5369      0.6480
0.186      0.5945      0.5739      0.5393      0.6498
0.187      0.5965      0.5763      0.5417      0.6515
0.188      0.5985      0.5788      0.5440      0.6532
0.189      0.6005      0.5812      0.5463      0.6549
0.190      0.6025      0.5836      0.5486      0.6566
0.191      0.6044      0.5860      0.5509      0.6582
0.192      0.6064      0.5883      0.5532      0.6599
0.193      0.6083      0.5907      0.5554      0.6615
0.194      0.6102      0.5929      0.5576      0.6630
0.195      0.6120      0.5952      0.5596      0.6645
0.196      0.6139      0.5975      0.5616      0.6661
0.197      0.6157      0.5997      0.5638      0.6675
0.198      0.6175      0.6019      0.5659      0.6689
0.199      0.6193      0.6041      0.5681      0.6704
0.200      0.6211      0.6063      0.5702      0.6718
0.201      0.6228      0.6084      0.5724      0.6732
0.202      0.6246      0.6105      0.5744      0.6746
0.203      0.6263      0.6126      0.5764      0.6760
0.204      0.6280      0.6147      0.5785      0.6772
0.205      0.6297      0.6167      0.5805      0.6786
0.206      0.6314      0.6188      0.5825      0.6799
0.207      0.6330      0.6208      0.5845      0.6813
0.208      0.6347      0.6228      0.5867      0.6823
0.209      0.6363      0.6248      0.5886      0.6836
0.210      0.6379      0.6267      0.5913      0.6849
0.211      0.6395      0.6287      0.5938      0.6852
0.212      0.6411      0.6306      0.5957      0.6858
0.213      0.6426      0.6325      0.5986      0.6866
0.214      0.6442      0.6344      0.6010      0.6879
0.215      0.6457      0.6363      0.6045      0.6892
0.216      0.6472      0.6381      0.6065      0.6896
0.217      0.6487      0.6400      0.6083      0.6913
0.218      0.6502      0.6418      0.6086      0.6925
0.219      0.6517      0.6436      0.6097      0.6952
0.220      0.6521      0.6454      0.6088      0.6964
0.221      0.6515      0.6458      0.6078      0.6963
0.222      0.6510      0.6455      0.6068      0.6969
0.223      0.6504      0.6452      0.6044      0.6978
0.224      0.6498      0.6449      0.6031      0.6973
0.225      0.6492      0.6446      0.6021      0.6985
0.226      0.6487      0.6443      0.5999      0.6987
0.227      0.6481      0.6440      0.5980      0.6991
0.228      0.6475      0.6437      0.5964      0.6988
0.229      0.6469      0.6434      0.5944      0.6990
0.230      0.6464      0.6431      0.5930      0.6987
0.231      0.6458      0.6428      0.5915      0.6994
0.232      0.6452      0.6426      0.5905      0.7006
0.233      0.6446      0.6423      0.5892      0.7007
0.234      0.6440      0.6420      0.5880      0.7004
0.235      0.6435      0.6417      0.5874      0.6999
0.236      0.6429      0.6414      0.5867      0.7003
0.237      0.6423      0.6411      0.5859      0.6998
0.238      0.6417      0.6408      0.5852      0.6992
0.239      0.6411      0.6405      0.5843      0.6987
0.240      0.6405      0.6401      0.5835      0.6982
0.241      0.6399      0.6398      0.5828      0.6976
0.242      0.6393      0.6395      0.5822      0.6971
0.243      0.6387      0.6392      0.5816      0.6966
0.244      0.6381      0.6389      0.5810      0.6960
0.245      0.6375      0.6386      0.5803      0.6955
0.246      0.6369      0.6383      0.5796      0.6949
0.247      0.6363      0.6380      0.5790      0.6943
0.248      0.6357      0.6377      0.5783      0.6936
0.249      0.6351      0.6374      0.5777      0.6930
0.250      0.6345      0.6371      0.5771      0.6924
0.251      0.6339      0.6368      0.5764      0.6917
0.252      0.6333      0.6364      0.5757      0.6911
0.253      0.6326      0.6361      0.5751      0.6905
0.254      0.6320      0.6358      0.5744      0.6898
0.255      0.6314      0.6355      0.5737      0.6892
0.256      0.6308      0.6352      0.5731      0.6886
0.257      0.6302      0.6349      0.5724      0.6879
0.258      0.6295      0.6345      0.5718      0.6873
0.259      0.6289      0.6342      0.5711      0.6866
0.260      0.6283      0.6339      0.5704      0.6860
0.261      0.6277      0.6336      0.5697      0.6854
0.262      0.6270      0.6333      0.5691      0.6848
0.263      0.6264      0.6329      0.5683      0.6841
0.264      0.6258      0.6326      0.5675      0.6835
0.265      0.6251      0.6323      0.5667      0.6829
0.266      0.6245      0.6320      0.5660      0.6823
0.267      0.6239      0.6316      0.5652      0.6817
0.268      0.6232      0.6313      0.5646      0.6810
0.269      0.6226      0.6310      0.5639      0.6804
0.270      0.6219      0.6307      0.5632      0.6798
0.271      0.6213      0.6303      0.5624      0.6791
0.272      0.6206      0.6300      0.5616      0.6786
0.273      0.6200      0.6297      0.5609      0.6781
0.274      0.6193      0.6293      0.5602      0.6774
0.275      0.6187      0.6290      0.5595      0.6768
0.276      0.6180      0.6287      0.5588      0.6761
0.277      0.6174      0.6283      0.5580      0.6755
0.278      0.6167      0.6280      0.5573      0.6748
0.279      0.6161      0.6277      0.5566      0.6741
0.280      0.6154      0.6273      0.5559      0.6735
0.281      0.6147      0.6270      0.5551      0.6729
0.282      0.6141      0.6266      0.5544      0.6724
0.283      0.6134      0.6263      0.5536      0.6718
0.284      0.6127      0.6260      0.5529      0.6713
0.285      0.6121      0.6256      0.5522      0.6708
0.286      0.6114      0.6253      0.5514      0.6703
0.287      0.6107      0.6249      0.5507      0.6697
0.288      0.6100      0.6246      0.5499      0.6692
0.289      0.6094      0.6242      0.5492      0.6687
0.290      0.6087      0.6239      0.5484      0.6681
0.291      0.6080      0.6235      0.5477      0.6676
0.292      0.6073      0.6232      0.5469      0.6671
0.293      0.6066      0.6228      0.5462      0.6665
0.294      0.6059      0.6225      0.5454      0.6658
0.295      0.6053      0.6221      0.5446      0.6651
0.296      0.6046      0.6218      0.5438      0.6645
0.297      0.6039      0.6214      0.5431      0.6639
0.298      0.6032      0.6211      0.5423      0.6633
0.299      0.6025      0.6207      0.5415      0.6628
0.300      0.6018      0.6204      0.5407      0.6622
0.301      0.6011      0.6200      0.5400      0.6614
0.302      0.6004      0.6196      0.5392      0.6607
0.303      0.5997      0.6193      0.5384      0.6599
0.304      0.5990      0.6189      0.5377      0.6592
0.305      0.5982      0.6186      0.5369      0.6584
0.306      0.5975      0.6182      0.5361      0.6577
0.307      0.5968      0.6178      0.5354      0.6570
0.308      0.5961      0.6175      0.5346      0.6563
0.309      0.5954      0.6171      0.5337      0.6557
0.310      0.5947      0.6167      0.5329      0.6551
0.311      0.5939      0.6164      0.5321      0.6544
0.312      0.5932      0.6160      0.5313      0.6538
0.313      0.5925      0.6156      0.5305      0.6532
0.314      0.5918      0.6152      0.5297      0.6525
0.315      0.5910      0.6149      0.5289      0.6519
0.316      0.5903      0.6145      0.5281      0.6512
0.317      0.5896      0.6141      0.5273      0.6506
0.318      0.5888      0.6137      0.5265      0.6500
0.319      0.5881      0.6134      0.5256      0.6493
0.320      0.5874      0.6130      0.5248      0.6487
0.321      0.5866      0.6126      0.5240      0.6480
0.322      0.5859      0.6122      0.5232      0.6474
0.323      0.5851      0.6118      0.5223      0.6468
0.324      0.5844      0.6115      0.5216      0.6462
0.325      0.5836      0.6111      0.5207      0.6456
0.326      0.5829      0.6107      0.5198      0.6450
0.327      0.5821      0.6103      0.5190      0.6444
0.328      0.5813      0.6099      0.5182      0.6437
0.329      0.5806      0.6095      0.5173      0.6430
0.330      0.5798      0.6091      0.5165      0.6422
0.331      0.5790      0.6087      0.5156      0.6415
0.332      0.5783      0.6083      0.5148      0.6408
0.333      0.5775      0.6080      0.5139      0.6401
0.334      0.5767      0.6076      0.5131      0.6393
0.335      0.5760      0.6072      0.5122      0.6387
0.336      0.5752      0.6068      0.5114      0.6380
0.337      0.5744      0.6064      0.5105      0.6373
0.338      0.5736      0.6060      0.5096      0.6366
0.339      0.5728      0.6056      0.5087      0.6359
0.340      0.5721      0.6052      0.5078      0.6351
0.341      0.5713      0.6048      0.5068      0.6344
0.342      0.5705      0.6044      0.5060      0.6336
0.343      0.5697      0.6039      0.5051      0.6328
0.344      0.5689      0.6035      0.5043      0.6320
0.345      0.5681      0.6031      0.5034      0.6311
0.346      0.5673      0.6027      0.5026      0.6303
0.347      0.5665      0.6023      0.5017      0.6296
0.348      0.5657      0.6019      0.5008      0.6288
0.349      0.5649      0.6015      0.4997      0.6281
0.350      0.5640      0.6011      0.4986      0.6275
0.351      0.5632      0.6007      0.4977      0.6267
0.352      0.5624      0.6002      0.4968      0.6260
0.353      0.5616      0.5998      0.4959      0.6252
0.354      0.5608      0.5994      0.4950      0.6244
0.355      0.5600      0.5990      0.4940      0.6236
0.356      0.5591      0.5986      0.4931      0.6228
0.357      0.5583      0.5981      0.4922      0.6221
0.358      0.5575      0.5977      0.4913      0.6213
0.359      0.5566      0.5973      0.4904      0.6205
0.360      0.5558      0.5969      0.4893      0.6197
0.361      0.5550      0.5964      0.4882      0.6190
0.362      0.5541      0.5960      0.4873      0.6183
0.363      0.5533      0.5956      0.4864      0.6176
0.364      0.5524      0.5951      0.4856      0.6169
0.365      0.5516      0.5947      0.4847      0.6162
0.366      0.5507      0.5943      0.4838      0.6155
0.367      0.5499      0.5938      0.4829      0.6148
0.368      0.5490      0.5934      0.4820      0.6141
0.369      0.5481      0.5929      0.4810      0.6134
0.370      0.5473      0.5925      0.4801      0.6127
0.371      0.5464      0.5921      0.4791      0.6120
0.372      0.5455      0.5916      0.4783      0.6112
0.373      0.5447      0.5912      0.4774      0.6105
0.374      0.5438      0.5907      0.4763      0.6098
0.375      0.5429      0.5903      0.4753      0.6091
0.376      0.5420      0.5898      0.4743      0.6084
0.377      0.5412      0.5894      0.4734      0.6076
0.378      0.5403      0.5889      0.4724      0.6069
0.379      0.5394      0.5885      0.4714      0.6062
0.380      0.5385      0.5880      0.4704      0.6054
0.381      0.5376      0.5876      0.4694      0.6047
0.382      0.5367      0.5871      0.4684      0.6040
0.383      0.5358      0.5866      0.4673      0.6032
0.384      0.5349      0.5862      0.4663      0.6025
0.385      0.5340      0.5857      0.4652      0.6017
0.386      0.5331      0.5852      0.4642      0.6010
0.387      0.5322      0.5848      0.4631      0.6002
0.388      0.5312      0.5843      0.4621      0.5995
0.389      0.5303      0.5838      0.4610      0.5986
0.390      0.5294      0.5834      0.4599      0.5978
0.391      0.5285      0.5829      0.4588      0.5970
0.392      0.5276      0.5824      0.4578      0.5962
0.393      0.5266      0.5819      0.4567      0.5953
0.394      0.5257      0.5815      0.4556      0.5944
0.395      0.5248      0.5810      0.4545      0.5935
0.396      0.5238      0.5805      0.4534      0.5926
0.397      0.5229      0.5800      0.4523      0.5917
0.398      0.5219      0.5795      0.4512      0.5910
0.399      0.5210      0.5791      0.4501      0.5903
0.400      0.5200      0.5786      0.4490      0.5896
0.401      0.5191      0.5781      0.4479      0.5888
0.402      0.5181      0.5776      0.4468      0.5879
0.403      0.5172      0.5771      0.4457      0.5871
0.404      0.5162      0.5766      0.4448      0.5862
0.405      0.5152      0.5761      0.4439      0.5854
0.406      0.5142      0.5756      0.4430      0.5845
0.407      0.5133      0.5751      0.4421      0.5837
0.408      0.5123      0.5746      0.4412      0.5828
0.409      0.5113      0.5741      0.4403      0.5820
0.410      0.5103      0.5736      0.4394      0.5811
0.411      0.5093      0.5731      0.4383      0.5802
0.412      0.5084      0.5726      0.4373      0.5794
0.413      0.5074      0.5721      0.4361      0.5785
0.414      0.5064      0.5716      0.4350      0.5775
0.415      0.5054      0.5711      0.4339      0.5766
0.416      0.5044      0.5706      0.4327      0.5757
0.417      0.5033      0.5700      0.4316      0.5749
0.418      0.5023      0.5695      0.4304      0.5739
0.419      0.5013      0.5690      0.4293      0.5729
0.420      0.5003      0.5685      0.4281      0.5719
0.421      0.4993      0.5680      0.4270      0.5709
0.422      0.4982      0.5674      0.4258      0.5699
0.423      0.4972      0.5669      0.4246      0.5689
0.424      0.4962      0.5664      0.4235      0.5680
0.425      0.4951      0.5659      0.4223      0.5671
0.426      0.4941      0.5653      0.4211      0.5662
0.427      0.4931      0.5648      0.4199      0.5653
0.428      0.4920      0.5643      0.4187      0.5643
0.429      0.4910      0.5637      0.4175      0.5634
0.430      0.4899      0.5632      0.4163      0.5625
0.431      0.4889      0.5626      0.4151      0.5616
0.432      0.4878      0.5621      0.4139      0.5608
0.433      0.4867      0.5616      0.4127      0.5598
0.434      0.4857      0.5610      0.4114      0.5588
0.435      0.4846      0.5605      0.4101      0.5578
0.436      0.4835      0.5599      0.4087      0.5569
0.437      0.4824      0.5594      0.4074      0.5560
0.438      0.4813      0.5588      0.4060      0.5552
0.439      0.4802      0.5582      0.4047      0.5543
0.440      0.4792      0.5577      0.4033      0.5535
0.441      0.4781      0.5571      0.4020      0.5526
0.442      0.4770      0.5566      0.4006      0.5517
0.443      0.4759      0.5560      0.3992      0.5509
0.444      0.4747      0.5554      0.3978      0.5499
0.445      0.4736      0.5549      0.3965      0.5489
0.446      0.4725      0.5543      0.3951      0.5479
0.447      0.4714      0.5537      0.3937      0.5470
0.448      0.4703      0.5531      0.3923      0.5457
0.449      0.4691      0.5526      0.3909      0.5448
0.450      0.4680      0.5520      0.3896      0.5439
0.451      0.4669      0.5514      0.3882      0.5428
0.452      0.4657      0.5508      0.3867      0.5417
0.453      0.4646      0.5502      0.3854      0.5406
0.454      0.4634      0.5497      0.3842      0.5395
0.455      0.4623      0.5491      0.3829      0.5386
0.456      0.4611      0.5485      0.3817      0.5376
0.457      0.4600      0.5479      0.3805      0.5365
0.458      0.4588      0.5473      0.3792      0.5353
0.459      0.4576      0.5467      0.3780      0.5342
0.460      0.4564      0.5461      0.3767      0.5332
0.461      0.4553      0.5455      0.3753      0.5322
0.462      0.4541      0.5449      0.3740      0.5311
0.463      0.4529      0.5443      0.3727      0.5301
0.464      0.4517      0.5437      0.3713      0.5291
0.465      0.4505      0.5430      0.3700      0.5280
0.466      0.4493      0.5424      0.3687      0.5269
0.467      0.4481      0.5418      0.3674      0.5259
0.468      0.4469      0.5412      0.3661      0.5249
0.469      0.4457      0.5406      0.3648      0.5238
0.470      0.4444      0.5399      0.3635      0.5227
0.471      0.4432      0.5393      0.3621      0.5217
0.472      0.4420      0.5387      0.3607      0.5206
0.473      0.4408      0.5381      0.3592      0.5195
0.474      0.4395      0.5374      0.3577      0.5184
0.475      0.4383      0.5368      0.3563      0.5173
0.476      0.4370      0.5362      0.3549      0.5163
0.477      0.4358      0.5355      0.3535      0.5152
0.478      0.4345      0.5349      0.3520      0.5141
0.479      0.4333      0.5342      0.3506      0.5130
0.480      0.4320      0.5336      0.3492      0.5119
0.481      0.4307      0.5329      0.3477      0.5108
0.482      0.4294      0.5323      0.3462      0.5097
0.483      0.4282      0.5316      0.3446      0.5085
0.484      0.4269      0.5310      0.3431      0.5072
0.485      0.4256      0.5303      0.3416      0.5059
0.486      0.4243      0.5296      0.3401      0.5046
0.487      0.4230      0.5290      0.3387      0.5034
0.488      0.4217      0.5283      0.3373      0.5021
0.489      0.4204      0.5276      0.3359      0.5010
0.490      0.4190      0.5270      0.3345      0.4999
0.491      0.4177      0.5263      0.3331      0.4988
0.492      0.4164      0.5256      0.3317      0.4977
0.493      0.4151      0.5249      0.3302      0.4966
0.494      0.4137      0.5242      0.3287      0.4955
0.495      0.4124      0.5236      0.3272      0.4944
0.496      0.4110      0.5229      0.3257      0.4932
0.497      0.4097      0.5222      0.3241      0.4921
0.498      0.4083      0.5215      0.3226      0.4910
0.499      0.4070      0.5208      0.3210      0.4899
0.500      0.4056      0.5201      0.3193      0.4887
0.501      0.4042      0.5194      0.3176      0.4876
0.502      0.4028      0.5187      0.3159      0.4865
0.503      0.4014      0.5180      0.3142      0.4853
0.504      0.4000      0.5173      0.3125      0.4841
0.505      0.3986      0.5165      0.3108      0.4829
0.506      0.3972      0.5158      0.3091      0.4817
0.507      0.3958      0.5151      0.3074      0.4804
0.508      0.3944      0.5144      0.3058      0.4792
0.509      0.3930      0.5137      0.3042      0.4780
0.510      0.3916      0.5129      0.3026      0.4767
0.511      0.3901      0.5122      0.3010      0.4756
0.512      0.3887      0.5115      0.2994      0.4744
0.513      0.3872      0.5107      0.2978      0.4732
0.514      0.3858      0.5100      0.2961      0.4719
0.515      0.3843      0.5092      0.2945      0.4706
0.516      0.3829      0.5085      0.2929      0.4693
0.517      0.3814      0.5077      0.2912      0.4682
0.518      0.3799      0.5070      0.2895      0.4670
0.519      0.3785      0.5062      0.2877      0.4658
0.520      0.3770      0.5055      0.2859      0.4647
0.521      0.3755      0.5047      0.2841      0.4635
0.522      0.3740      0.5039      0.2825      0.4623
0.523      0.3725      0.5032      0.2809      0.4609
0.524      0.3710      0.5024      0.2793      0.4595
0.525      0.3694      0.5016      0.2777      0.4581
0.526      0.3679      0.5008      0.2760      0.4567
0.527      0.3664      0.5001      0.2743      0.4553
0.528      0.3648      0.4993      0.2726      0.4539
0.529      0.3633      0.4985      0.2708      0.4525
0.530      0.3617      0.4977      0.2691      0.4511
0.531      0.3602      0.4969      0.2673      0.4496
0.532      0.3586      0.4961      0.2656      0.4482
0.533      0.3571      0.4953      0.2638      0.4468
0.534      0.3555      0.4945      0.2620      0.4453
0.535      0.3539      0.4937      0.2602      0.4440
0.536      0.3523      0.4929      0.2584      0.4426
0.537      0.3507      0.4920      0.2566      0.4412
0.538      0.3491      0.4912      0.2548      0.4398
0.539      0.3475      0.4904      0.2530      0.4384
0.540      0.3459      0.4896      0.2512      0.4370
0.541      0.3442      0.4887      0.2492      0.4356
0.542      0.3426      0.4879      0.2474      0.4341
0.543      0.3410      0.4871      0.2454      0.4328
0.544      0.3393      0.4862      0.2434      0.4315
0.545      0.3377      0.4854      0.2413      0.4303
0.546      0.3360      0.4845      0.2392      0.4290
0.547      0.3343      0.4837      0.2371      0.4277
0.548      0.3327      0.4828      0.2351      0.4264
0.549      0.3310      0.4820      0.2330      0.4251
0.550      0.3293      0.4811      0.2309      0.4237
0.551      0.3276      0.4802      0.2288      0.4224
0.552      0.3259      0.4793      0.2267      0.4211
0.553      0.3242      0.4785      0.2246      0.4198
0.554      0.3224      0.4776      0.2225      0.4184
0.555      0.3207      0.4767      0.2204      0.4171
0.556      0.3190      0.4758      0.2183      0.4157
0.557      0.3172      0.4749      0.2163      0.4143
0.558      0.3155      0.4740      0.2144      0.4128
0.559      0.3137      0.4731      0.2126      0.4113
0.560      0.3119      0.4722      0.2108      0.4098
0.561      0.3102      0.4713      0.2089      0.4083
0.562      0.3084      0.4704      0.2071      0.4068
0.563      0.3066      0.4695      0.2052      0.4053
0.564      0.3048      0.4686      0.2034      0.4037
0.565      0.3030      0.4676      0.2015      0.4022
0.566      0.3012      0.4667      0.1994      0.4007
0.567      0.2993      0.4658      0.1971      0.3991
0.568      0.2975      0.4648      0.1949      0.3975
0.569      0.2956      0.4639      0.1926      0.3960
0.570      0.2938      0.4630      0.1902      0.3944
0.571      0.2919      0.4620      0.1879      0.3928
0.572      0.2901      0.4610      0.1856      0.3912
0.573      0.2882      0.4601      0.1833      0.3896
0.574      0.2863      0.4591      0.1809      0.3880
0.575      0.2844      0.4582      0.1785      0.3864
0.576      0.2825      0.4572      0.1762      0.3848
0.577      0.2806      0.4562      0.1738      0.3832
0.578      0.2787      0.4552      0.1714      0.3815
0.579      0.2767      0.4542      0.1690      0.3799
0.580      0.2748      0.4532      0.1665      0.3782
0.581      0.2728      0.4522      0.1643      0.3766
0.582      0.2709      0.4512      0.1622      0.3749
0.583      0.2689      0.4502      0.1601      0.3732
0.584      0.2669      0.4492      0.1580      0.3715
0.585      0.2649      0.4482      0.1559      0.3700
0.586      0.2629      0.4472      0.1537      0.3685
0.587      0.2609      0.4462      0.1512      0.3670
0.588      0.2589      0.4451      0.1487      0.3655
0.589      0.2569      0.4441      0.1462      0.3639
0.590      0.2548      0.4430      0.1437      0.3619
0.591      0.2528      0.4420      0.1411      0.3600
0.592      0.2507      0.4409      0.1386      0.3580
0.593      0.2487      0.4399      0.1360      0.3560
0.594      0.2466      0.4388      0.1334      0.3542
0.595      0.2445      0.4378      0.1309      0.3525
0.596      0.2424      0.4367      0.1283      0.3507
0.597      0.2403      0.4356      0.1256      0.3489
0.598      0.2382      0.4345      0.1232      0.3471
0.599      0.2360      0.4334      0.1207      0.3453
0.600      0.2339      0.4323      0.1183      0.3435
0.601      0.2318      0.4312      0.1158      0.3416
0.602      0.2296      0.4301      0.1134      0.3398
0.603      0.2274      0.4290      0.1109      0.3379
0.604      0.2252      0.4279      0.1084      0.3361
0.605      0.2230      0.4268      0.1059      0.3342
0.606      0.2208      0.4257      0.1033      0.3323
0.607      0.2186      0.4245      0.1007      0.3304
0.608      0.2164      0.4234      0.0982      0.3286
0.609      0.2141      0.4222      0.0956      0.3266
0.610      0.2119      0.4211      0.0930      0.3248
0.611      0.2096      0.4199      0.0904      0.3230
0.612      0.2074      0.4188      0.0878      0.3209
0.613      0.2051      0.4176      0.0852      0.3189
0.614      0.2028      0.4164      0.0826      0.3170
0.615      0.2005      0.4153      0.0799      0.3150
0.616      0.1981      0.4141      0.0773      0.3130
0.617      0.1958      0.4129      0.0746      0.3110
0.618      0.1935      0.4117      0.0719      0.3090
0.619      0.1911      0.4105      0.0692      0.3070
0.620      0.1887      0.4093      0.0665      0.3050
0.621      0.1863      0.4080      0.0637      0.3030
0.622      0.1839      0.4068      0.0610      0.3010
0.623      0.1815      0.4056      0.0581      0.2989
0.624      0.1791      0.4043      0.0552      0.2968
0.625      0.1767      0.4031      0.0524      0.2948
0.626      0.1742      0.4018      0.0495      0.2927
0.627      0.1718      0.4006      0.0465      0.2907
0.628      0.1693      0.3993      0.0436      0.2887
0.629      0.1668      0.3981      0.0407      0.2866
0.630      0.1643      0.3968      0.0377      0.2846
0.631      0.1618      0.3955      0.0347      0.2825
0.632      0.1593      0.3942      0.0317      0.2804
0.633      0.1567      0.3929      0.0287      0.2783
0.634      0.1542      0.3916      0.0257      0.2762
0.635      0.1516      0.3903      0.0226      0.2741
0.636      0.1490      0.3890      0.0194      0.2720
0.637      0.1464      0.3876      0.0162      0.2698
0.638      0.1438      0.3863      0.0130      0.2677
0.639      0.1412      0.3850      0.0097      0.2655
0.640      0.1385      0.3836      0.0065      0.2634
0.641      0.1359      0.3822      0.0032      0.2612
0.642      0.1332      0.3809     -0.0001      0.2590
0.643      0.1305      0.3795     -0.0034      0.2566
0.644      0.1278      0.3781     -0.0066      0.2542
0.645      0.1251      0.3767     -0.0096      0.2518
0.646      0.1224      0.3753     -0.0126      0.2495
0.647      0.1196      0.3739     -0.0156      0.2473
0.648      0.1169      0.3725     -0.0190      0.2451
0.649      0.1141      0.3711     -0.0223      0.2429
0.650      0.1113      0.3697     -0.0257      0.2406
0.651      0.1085      0.3682     -0.0291      0.2384
0.652      0.1056      0.3668     -0.0323      0.2361
0.653      0.1028      0.3653     -0.0357      0.2338
0.654      0.0999      0.3639     -0.0392      0.2315
0.655      0.0971      0.3624     -0.0426      0.2292
0.656      0.0942      0.3609     -0.0460      0.2269
0.657      0.0913      0.3594     -0.0493      0.2245
0.658      0.0883      0.3579     -0.0527      0.2221
0.659      0.0854      0.3564     -0.0562      0.2197
0.660      0.0824      0.3549     -0.0598      0.2172
0.661      0.0794      0.3534     -0.0635      0.2148
0.662      0.0765      0.3519     -0.0670      0.2123
0.663      0.0734      0.3503     -0.0705      0.2098
0.664      0.0704      0.3488     -0.0740      0.2073
0.665      0.0674      0.3472     -0.0776      0.2048
0.666      0.0643      0.3457     -0.0811      0.2023
0.667      0.0612      0.3441     -0.0847      0.1998
0.668      0.0581      0.3425     -0.0883      0.1972
0.669      0.0550      0.3409     -0.0920      0.1947
0.670      0.0518      0.3393     -0.0956      0.1921
0.671      0.0487      0.3377     -0.0993      0.1895
0.672      0.0455      0.3360     -0.1030      0.1869
0.673      0.0423      0.3344     -0.1068      0.1842
0.674      0.0391      0.3328     -0.1106      0.1816
0.675      0.0358      0.3311     -0.1145      0.1789
0.676      0.0326      0.3294     -0.1183      0.1762
0.677      0.0293      0.3278     -0.1222      0.1735
0.678      0.0260      0.3261     -0.1261      0.1708
0.679      0.0227      0.3244     -0.1300      0.1681
0.680      0.0193      0.3227     -0.1340      0.1653
0.681      0.0159      0.3210     -0.1380      0.1626
0.682      0.0126      0.3192     -0.1420      0.1598
0.683      0.0092      0.3175     -0.1460      0.1570
0.684      0.0057      0.3157     -0.1501      0.1542
0.685      0.0023      0.3140     -0.1542      0.1513
0.686     -0.0012      0.3122     -0.1583      0.1485
0.687     -0.0047      0.3104     -0.1624      0.1456
0.688     -0.0082      0.3086     -0.1666      0.1427
0.689     -0.0117      0.3068     -0.1708      0.1398
0.690     -0.0153      0.3050     -0.1750      0.1369
0.691     -0.0189      0.3032     -0.1792      0.1339
0.692     -0.0225      0.3013     -0.1835      0.1310
0.693     -0.0261      0.2995     -0.1878      0.1280
0.694     -0.0298      0.2976     -0.1921      0.1250
0.695     -0.0335      0.2957     -0.1965      0.1220
0.696     -0.0372      0.2938     -0.2009      0.1189
0.697     -0.0409      0.2919     -0.2052      0.1161
0.698     -0.0446      0.2900     -0.2094      0.1133
0.699     -0.0484      0.2881     -0.2138      0.1105
0.700     -0.0522      0.2861     -0.2181      0.1077
0.701     -0.0560      0.2842     -0.2225      0.1049
0.702     -0.0599      0.2822     -0.2268      0.1020
0.703     -0.0638      0.2802     -0.2313      0.0991
0.704     -0.0677      0.2782     -0.2357      0.0962
0.705     -0.0716      0.2762     -0.2405      0.0933
0.706     -0.0756      0.2742     -0.2454      0.0904
0.707     -0.0796      0.2721     -0.2504      0.0873
0.708     -0.0836      0.2701     -0.2554      0.0839
0.709     -0.0876      0.2680     -0.2604      0.0806
0.710     -0.0917      0.2659     -0.2654      0.0772
0.711     -0.0958      0.2639     -0.2703      0.0738
0.712     -0.0999      0.2617     -0.2751      0.0704
0.713     -0.1041      0.2596     -0.2800      0.0670
0.714     -0.1082      0.2575     -0.2848      0.0635
0.715     -0.1125      0.2553     -0.2897      0.0600
0.716     -0.1167      0.2532     -0.2946      0.0565
0.717     -0.1210      0.2510     -0.2995      0.0530
0.718     -0.1253      0.2488     -0.3045      0.0497
0.719     -0.1296      0.2466     -0.3095      0.0463
0.720     -0.1340      0.2443     -0.3146      0.0429
0.721     -0.1384      0.2421     -0.3197      0.0394
0.722     -0.1428      0.2398     -0.3249      0.0357
0.723     -0.1472      0.2375     -0.3303      0.0320
0.724     -0.1517      0.2353     -0.3358      0.0282
0.725     -0.1563      0.2329     -0.3413      0.0244
0.726     -0.1608      0.2306     -0.3469      0.0206
0.727     -0.1654      0.2283     -0.3525      0.0168
0.728     -0.1700      0.2259     -0.3581      0.0130
0.729     -0.1747      0.2235     -0.3637      0.0091
0.730     -0.1794      0.2211     -0.3693      0.0052
0.731     -0.1841      0.2187     -0.3749      0.0012
0.732     -0.1889      0.2163     -0.3805     -0.0028
0.733     -0.1937      0.2138     -0.3862     -0.0068
0.734     -0.1985      0.2114     -0.3919     -0.0108
0.735     -0.2034      0.2089     -0.3977     -0.0149
0.736     -0.2083      0.2064     -0.4035     -0.0190
0.737     -0.2132      0.2038     -0.4094     -0.0231
0.738     -0.2182      0.2013     -0.4153     -0.0272
0.739     -0.2232      0.1987     -0.4212     -0.0314
0.740     -0.2283      0.1961     -0.4272     -0.0357
0.741     -0.2334      0.1935     -0.4333     -0.0399
0.742     -0.2385      0.1909     -0.4393     -0.0442
0.743     -0.2437      0.1883     -0.4455     -0.0486
0.744     -0.2489      0.1856     -0.4516     -0.0529
0.745     -0.2542      0.1829     -0.4579     -0.0573
0.746     -0.2595      0.1802     -0.4642     -0.0617
0.747     -0.2648      0.1775     -0.4705     -0.0661
0.748     -0.2702      0.1747     -0.4770     -0.0705
0.749     -0.2756      0.1719     -0.4836     -0.0750
0.750     -0.2811      0.1691     -0.4902     -0.0795
0.751     -0.2866      0.1663     -0.4969     -0.0841
0.752     -0.2922      0.1635     -0.5036     -0.0887
0.753     -0.2978      0.1606     -0.5103     -0.0933
0.754     -0.3034      0.1577     -0.5171     -0.0980
0.755     -0.3091      0.1548     -0.5239     -0.1027
0.756     -0.3149      0.1519     -0.5303     -0.1075
0.757     -0.3207      0.1489     -0.5369     -0.1123
0.758     -0.3265      0.1459     -0.5435     -0.1171
0.759     -0.3324      0.1429     -0.5505     -0.1220
0.760     -0.3383      0.1399     -0.5575     -0.1269
0.761     -0.3443      0.1368     -0.5646     -0.1318
0.762     -0.3504      0.1337     -0.5718     -0.1368
0.763     -0.3564      0.1306     -0.5790     -0.1419
0.764     -0.3626      0.1275     -0.5862     -0.1470
0.765     -0.3688      0.1243     -0.5936     -0.1521
0.766     -0.3750      0.1211     -0.6010     -0.1572
0.767     -0.3813      0.1179     -0.6084     -0.1625
0.768     -0.3877      0.1147     -0.6159     -0.1677
0.769     -0.3941      0.1114     -0.6235     -0.1730
0.770     -0.4005      0.1081     -0.6312     -0.1784
0.771     -0.4071      0.1048     -0.6389     -0.1838
0.772     -0.4136      0.1014     -0.6467     -0.1892
0.773     -0.4203      0.0980     -0.6546     -0.1947
0.774     -0.4270      0.0946     -0.6625     -0.2002
0.775     -0.4337      0.0911     -0.6705     -0.2058
0.776     -0.4405      0.0877     -0.6785     -0.2114
0.777     -0.4474      0.0841     -0.6867     -0.2171
0.778     -0.4543      0.0806     -0.6949     -0.2229
0.779     -0.4613      0.0770     -0.7032     -0.2287
0.780     -0.4684      0.0734     -0.7115     -0.2346
0.781     -0.4755      0.0698     -0.7200     -0.2405
0.782     -0.4827      0.0661     -0.7285     -0.2465
0.783     -0.4900      0.0624     -0.7371     -0.2525
0.784     -0.4973      0.0586     -0.7458     -0.2586
0.785     -0.5047      0.0549     -0.7545     -0.2647
0.786     -0.5122      0.0511     -0.7634     -0.2709
0.787     -0.5197      0.0472     -0.7723     -0.2772
0.788     -0.5273      0.0433     -0.7811     -0.2835
0.789     -0.5350      0.0394     -0.7899     -0.2899
0.790     -0.5427      0.0354     -0.7993     -0.2963
0.791     -0.5505      0.0314     -0.8088     -0.3028
0.792     -0.5584      0.0274     -0.8182     -0.3094
0.793     -0.5664      0.0233     -0.8276     -0.3160
0.794     -0.5745      0.0192     -0.8371     -0.3227
0.795     -0.5826      0.0151     -0.8468     -0.3294
0.796     -0.5908      0.0109     -0.8565     -0.3363
0.797     -0.5991      0.0066     -0.8663     -0.3431
0.798     -0.6075      0.0023     -0.8762     -0.3500
0.799     -0.6159     -0.0020     -0.8862     -0.3569
0.800     -0.6245     -0.0063     -0.8964     -0.3640
0.801     -0.6331     -0.0108     -0.9066     -0.3711
0.802     -0.6418     -0.0152     -0.9169     -0.3782
0.803     -0.6506     -0.0197     -0.9273     -0.3854
0.804     -0.6595     -0.0242     -0.9378     -0.3927
0.805     -0.6685     -0.0288     -0.9485     -0.4001
0.806     -0.6776     -0.0335     -0.9592     -0.4076
0.807     -0.6867     -0.0382     -0.9701     -0.4152
0.808     -0.6960     -0.0429     -0.9811     -0.4229
0.809     -0.7054     -0.0477     -0.9922     -0.4306
0.810     -0.7148     -0.0525     -1.0034     -0.4387
0.811     -0.7244     -0.0574     -1.0147     -0.4465
0.812     -0.7340     -0.0623     -1.0261     -0.4543
0.813     -0.7438     -0.0673     -1.0377     -0.4624
0.814     -0.7537     -0.0724     -1.0494     -0.4706
0.815     -0.7637     -0.0775     -1.0612     -0.4789
0.816     -0.7737     -0.0826     -1.0735     -0.4872
0.817     -0.7839     -0.0878     -1.0859     -0.4956
0.818     -0.7943     -0.0931     -1.0984     -0.5042
0.819     -0.8047     -0.0984     -1.1111     -0.5128
0.820     -0.8152     -0.1038     -1.1239     -0.5215
0.821     -0.8259     -0.1093     -1.1368     -0.5303
0.822     -0.8366     -0.1148     -1.1499     -0.5394
0.823     -0.8475     -0.1204     -1.1632     -0.5486
0.824     -0.8586     -0.1260     -1.1766     -0.5579
0.825     -0.8697     -0.1317     -1.1899     -0.5673
0.826     -0.8810     -0.1374     -1.2031     -0.5768
0.827     -0.8924     -0.1433     -1.2165     -0.5864
0.828     -0.9039     -0.1492     -1.2301     -0.5957
0.829     -0.9156     -0.1551     -1.2438     -0.6052
0.830     -0.9274     -0.1612     -1.2577     -0.6148
0.831     -0.9394     -0.1673     -1.2718     -0.6245
0.832     -0.9515     -0.1735     -1.2860     -0.6343
0.833     -0.9637     -0.1797     -1.3003     -0.6444
0.834     -0.9761     -0.1860     -1.3149     -0.6546
0.835     -0.9886     -0.1925     -1.3296     -0.6650
0.836     -1.0013     -0.1989     -1.3445     -0.6755
0.837     -1.0142     -0.2055     -1.3596     -0.6861
0.838     -1.0272     -0.2121     -1.3749     -0.6969
0.839     -1.0403     -0.2189     -1.3904     -0.7078
0.840     -1.0536     -0.2257     -1.4061     -0.7188
0.841     -1.0671     -0.2326     -1.4219     -0.7300
0.842     -1.0808     -0.2396     -1.4380     -0.7413
0.843     -1.0947     -0.2466     -1.4542     -0.7528
0.844     -1.1087     -0.2538     -1.4707     -0.7644
0.845     -1.1229     -0.2611     -1.4874     -0.7761
0.846     -1.1373     -0.2684     -1.5043     -0.7880
0.847     -1.1518     -0.2759     -1.5214     -0.8001
0.848     -1.1666     -0.2834     -1.5388     -0.8123
0.849     -1.1816     -0.2911     -1.5564     -0.8247
0.850     -1.1967     -0.2988     -1.5742     -0.8372
0.851     -1.2121     -0.3067     -1.5922     -0.8499
0.852     -1.2276     -0.3146     -1.6106     -0.8628
0.853     -1.2434     -0.3227     -1.6293     -0.8759
0.854     -1.2594     -0.3309     -1.6483     -0.8891
0.855     -1.2756     -0.3391     -1.6675     -0.9025
0.856     -1.2921     -0.3475     -1.6870     -0.9161
0.857     -1.3088     -0.3561     -1.7067     -0.9299
0.858     -1.3257     -0.3647     -1.7267     -0.9439
0.859     -1.3428     -0.3735     -1.7470     -0.9581
0.860     -1.3602     -0.3824     -1.7675     -0.9725
0.861     -1.3779     -0.3914     -1.7880     -0.9871
0.862     -1.3958     -0.4005     -1.8089     -1.0019
0.863     -1.4139     -0.4098     -1.8301     -1.0170
0.864     -1.4323     -0.4192     -1.8516     -1.0322
0.865     -1.4510     -0.4288     -1.8737     -1.0477
0.866     -1.4700     -0.4385     -1.8964     -1.0634
0.867     -1.4893     -0.4483     -1.9194     -1.0793
0.868     -1.5088     -0.4583     -1.9427     -1.0955
0.869     -1.5287     -0.4685     -1.9664     -1.1120
0.870     -1.5489     -0.4788     -1.9905     -1.1286
0.871     -1.5693     -0.4892     -2.0150     -1.1456
0.872     -1.5901     -0.4999     -2.0398     -1.1628
0.873     -1.6113     -0.5107     -2.0649     -1.1803
0.874     -1.6327     -0.5216     -2.0903     -1.1980
0.875     -1.6545     -0.5328     -2.1161     -1.2161
0.876     -1.6767     -0.5441     -2.1424     -1.2344
0.877     -1.6992     -0.5556     -2.1690     -1.2530
0.878     -1.7221     -0.5673     -2.1961     -1.2720
0.879     -1.7453     -0.5792     -2.2237     -1.2912
0.880     -1.7690     -0.5913     -2.2519     -1.3108
0.881     -1.7930     -0.6035     -2.2806     -1.3307
0.882     -1.8175     -0.6160     -2.3099     -1.3506
0.883     -1.8423     -0.6288     -2.3396     -1.3708
0.884     -1.8676     -0.6417     -2.3699     -1.3914
0.885     -1.8934     -0.6548     -2.4007     -1.4123
0.886     -1.9195     -0.6682     -2.4320     -1.4336
0.887     -1.9462     -0.6818     -2.4639     -1.4553
0.888     -1.9733     -0.6957     -2.4964     -1.4774
0.889     -2.0009     -0.7098     -2.5294     -1.4998
0.890     -2.0291     -0.7242     -2.5630     -1.5234
0.891     -2.0577     -0.7388     -2.5973     -1.5474
0.892     -2.0869     -0.7537     -2.6322     -1.5718
0.893     -2.1166     -0.7689     -2.6677     -1.5967
0.894     -2.1469     -0.7844     -2.7039     -1.6221
0.895     -2.1777     -0.8002     -2.7408     -1.6480
0.896     -2.2091     -0.8162     -2.7785     -1.6743
0.897     -2.2412     -0.8326     -2.8168     -1.7012
0.898     -2.2739     -0.8493     -2.8559     -1.7286
0.899     -2.3072     -0.8663     -2.8958     -1.7562
0.900     -2.3412     -0.8837     -2.9364     -1.7843
0.901     -2.3759     -0.9014     -2.9779     -1.8130
0.902     -2.4113     -0.9195     -3.0203     -1.8423
0.903     -2.4474     -0.9380     -3.0635     -1.8722
0.904     -2.4843     -0.9568     -3.1076     -1.9027
0.905     -2.5219     -0.9761     -3.1526     -1.9339
0.906     -2.5604     -0.9957     -3.1985     -1.9657
0.907     -2.5996     -1.0158     -3.2454     -1.9982
0.908     -2.6398     -1.0363     -3.2934     -2.0314
0.909     -2.6808     -1.0573     -3.3423     -2.0653
0.910     -2.7227     -1.0787     -3.3918     -2.1000
0.911     -2.7656     -1.1006     -3.4418     -2.1355
0.912     -2.8094     -1.1230     -3.4929     -2.1718
0.913     -2.8543     -1.1459     -3.5452     -2.2089
0.914     -2.9001     -1.1694     -3.5987     -2.2469
0.915     -2.9471     -1.1934     -3.6542     -2.2857
0.916     -2.9952     -1.2180     -3.7115     -2.3255
0.917     -3.0444     -1.2431     -3.7701     -2.3663
0.918     -3.0949     -1.2689     -3.8302     -2.4080
0.919     -3.1466     -1.2953     -3.8918     -2.4508
0.920     -3.1996     -1.3224     -3.9548     -2.4947
0.921     -3.2539     -1.3502     -4.0198     -2.5396
0.922     -3.3096     -1.3787     -4.0866     -2.5857
0.923     -3.3668     -1.4079     -4.1552     -2.6330
0.924     -3.4255     -1.4379     -4.2256     -2.6816
0.925     -3.4857     -1.4686     -4.2978     -2.7315
0.926     -3.5476     -1.5003     -4.3721     -2.7826
0.927     -3.6111     -1.5327     -4.4483     -2.8352
0.928     -3.6764     -1.5661     -4.5267     -2.8893
0.929     -3.7436     -1.6005     -4.6063     -2.9446
0.930     -3.8127     -1.6358     -4.6878     -3.0012
0.931     -3.8838     -1.6721     -4.7717     -3.0594
0.932     -3.9570     -1.7095     -4.8581     -3.1193
0.933     -4.0323     -1.7480     -4.9470     -3.1811
0.934     -4.1100     -1.7877     -5.0389     -3.2447
0.935     -4.1900     -1.8286     -5.1342     -3.3103
0.936     -4.2725     -1.8708     -5.2324     -3.3779
0.937     -4.3577     -1.9143     -5.3338     -3.4476
0.938     -4.4456     -1.9592     -5.4385     -3.5196
0.939     -4.5364     -2.0056     -5.5466     -3.5942
0.940     -4.6302     -2.0536     -5.6583     -3.6714
0.941     -4.7272     -2.1031     -5.7738     -3.7516
0.942     -4.8275     -2.1544     -5.8933     -3.8346
0.943     -4.9314     -2.2075     -6.0169     -3.9205
0.944     -5.0389     -2.2625     -6.1450     -4.0094
0.945     -5.1504     -2.3194     -6.2777     -4.1016
0.946     -5.2660     -2.3785     -6.4154     -4.1972
0.947     -5.3860     -2.4398     -6.5582     -4.2964
0.948     -5.5106     -2.5035     -6.7066     -4.3995
0.949     -5.6400     -2.5697     -6.8607     -4.5065
0.950     -5.7747     -2.6385     -7.0203     -4.6179
0.951     -5.9148     -2.7101     -7.1863     -4.7338
0.952     -6.0608     -2.7847     -7.3592     -4.8545
0.953     -6.2130     -2.8625     -7.5395     -4.9804
0.954     -6.3718     -2.9437     -7.7276     -5.1117
0.955     -6.5377     -3.0284     -7.9241     -5.2488
0.956     -6.7111     -3.1171     -8.1295     -5.3922
0.957     -6.8926     -3.2098     -8.3445     -5.5423
0.958     -7.0827     -3.3070     -8.5697     -5.6995
0.959     -7.2821     -3.4089     -8.8059     -5.8644
0.960     -7.4914     -3.5159     -9.0539     -6.0376
0.961     -7.7115     -3.6283     -9.3146     -6.2196
0.962     -7.9432     -3.7468     -9.5891     -6.4112
0.963     -8.1874     -3.8716     -9.8783     -6.6131
0.964     -8.4452     -4.0033    -10.1837     -6.8263
0.965     -8.7177     -4.1426    -10.5065     -7.0516
0.966     -9.0062     -4.2900    -10.8483     -7.2902
0.967     -9.3122     -4.4464    -11.2108     -7.5430
0.968     -9.6374     -4.6126    -11.5959     -7.8105
0.969     -9.9835     -4.7895    -12.0059     -8.0952
0.970    -10.3526     -4.9782    -12.4432     -8.3990
0.971    -10.7473     -5.1799    -12.9108     -8.7236
0.972    -11.1702     -5.3960    -13.4117     -9.0715
0.973    -11.6243     -5.6281    -13.9497     -9.4451
0.974    -12.1134     -5.8780    -14.5291     -9.8474
0.975    -12.6416     -6.1480    -15.1548    -10.2820
0.976    -13.2139     -6.4405    -15.8327    -10.7528
0.977    -13.8359     -6.7584    -16.5695    -11.2645
0.978    -14.5145     -7.1051    -17.3733    -11.8226
0.979    -15.2577     -7.4850    -18.2564    -12.4340
0.980    -16.0751     -7.9028    -19.2278    -13.1065
0.981    -16.9787     -8.3645    -20.3016    -13.8498
0.982    -17.9826     -8.8776    -21.4946    -14.6757
0.983    -19.1047     -9.4511    -22.8279    -15.5987
0.984    -20.3670    -10.0962    -24.3281    -16.6371
0.985    -21.7977    -10.8274    -26.0282    -17.8142
0.986    -23.4327    -11.6630    -27.9711    -19.1591
0.987    -25.3192    -12.6271    -30.2130    -20.7111
0.988    -27.5201    -13.7520    -32.8285    -22.5217
0.989    -30.1212    -15.0814    -35.9195    -24.6615
0.990    -33.2428    -16.6766    -39.6290    -27.2295
0.991    -37.0578    -18.6264    -44.1624    -30.3682
0.992    -41.8266    -21.0636    -49.8295    -34.2971
0.993    -47.9578    -24.1970    -57.1156    -39.3484
0.994    -56.1322    -28.3750    -66.8294    -46.0825
0.995    -67.5779    -34.2248    -80.4314    -55.5121
0.996    -84.7454    -42.9983   -100.8242    -69.6558
0.997   -113.3580    -57.6217   -134.8097    -93.2285
0.998   -170.5831    -86.8690   -202.7838   -140.3752
0.999   -342.2817   -174.6151   -406.7707   -281.8405
