0.001    -37.9151    -32.9269    -45.2013    -30.9274
0.002    -18.4682    -15.9898    -22.1053    -14.9780
0.003    -11.9858    -10.3440    -14.4089     -9.6647
0.004     -8.7447     -7.5212    -10.5606     -7.0096
0.005     -6.8000     -5.8275     -8.2507     -5.4165
0.006     -5.5035     -4.6983     -6.7084     -4.3544
0.007     -4.5775     -3.8918     -5.6072     -3.5953
0.008     -3.8830     -3.2869     -4.7831     -3.0257
0.009     -3.3428     -2.8164     -4.1421     -2.5799
0.010     -2.9106     -2.4400     -3.6293     -2.2232
0.011     -2.5570     -2.1321     -3.2097     -1.9327
0.012     -2.2624     -1.8754     -2.8601     -1.6918
0.013     -2.0131     -1.6583     -2.5643     -1.4878
0.014     -1.7994     -1.4722     -2.3107     -1.3112
0.015     -1.6142     -1.3109     -2.0909     -1.1581
0.016     -1.4521     -1.1697     -1.8986     -1.0242
0.017     -1.3091     -1.0452     -1.7289     -0.9084
0.018     -1.1820     -0.9345     -1.5775     -0.8055
0.019     -1.0683     -0.8354     -1.4419     -0.7134
0.020     -0.9659     -0.7463     -1.3199     -0.6306
0.021     -0.8733     -0.6656     -1.2095     -0.5545
0.022     -0.7891     -0.5923     -1.1098     -0.4847
0.023     -0.7123     -0.5254     -1.0188     -0.4211
0.024     -0.6418     -0.4640     -0.9354     -0.3627
0.025     -0.5770     -0.4076     -0.8587     -0.3099
0.026     -0.5171     -0.3554     -0.7879     -0.2611
0.027     -0.4617     -0.3072     -0.7224     -0.2159
0.028     -0.4103     -0.2624     -0.6616     -0.1740
0.029     -0.3624     -0.2207     -0.6052     -0.1350
0.030     -0.3177     -0.1817     -0.5521     -0.0979
0.031     -0.2759     -0.1453     -0.5023     -0.0631
0.032     -0.2367     -0.1112     -0.4559     -0.0304
0.033     -0.1998     -0.0791     -0.4124      0.0003
0.034     -0.1652     -0.0489     -0.3713      0.0292
0.035     -0.1325     -0.0204     -0.3327      0.0563
0.036     -0.1016      0.0065     -0.2961      0.0814
0.037     -0.0724      0.0319     -0.2615      0.1052
0.038     -0.0448      0.0560     -0.2286      0.1278
0.039     -0.0185      0.0789     -0.1975      0.1492
0.040      0.0064      0.1006     -0.1679      0.1695
0.041      0.0301      0.1212     -0.1398      0.1888
0.042      0.0527      0.1409     -0.1130      0.2073
0.043      0.0743      0.1596     -0.0874      0.2248
0.044      0.0948      0.1776     -0.0630      0.2420
0.045      0.1145      0.1947     -0.0397      0.2583
0.046      0.1333      0.2110     -0.0174      0.2738
0.047      0.1512      0.2267      0.0038      0.2887
0.048      0.1685      0.2417      0.0240      0.3029
0.049      0.1850      0.2561      0.0433      0.3166
0.050      0.2009      0.2699      0.0619      0.3297
0.051      0.2161      0.2832      0.0799      0.3423
0.052      0.2308      0.2960      0.0973      0.3544
0.053      0.2449      0.3083      0.1140      0.3661
0.054      0.2585      0.3201      0.1301      0.3773
0.055      0.2716      0.3315      0.1456      0.3881
0.056      0.2842      0.3425      0.1605      0.3986
0.057      0.2964      0.3531      0.1749      0.4086
0.058      0.3082      0.3634      0.1889      0.4184
0.059      0.3196      0.3733      0.2023      0.4279
0.060      0.3305      0.3829      0.2153      0.4371
0.061      0.3412      0.3921      0.2279      0.4460
0.062      0.3514      0.4011      0.2403      0.4546
0.063      0.3614      0.4097      0.2522      0.4629
0.064      0.3711      0.4181      0.2638      0.4709
0.065      0.3804      0.4263      0.2750      0.4787
0.066      0.3895      0.4342      0.2860      0.4863
0.067      0.3983      0.4418      0.2966      0.4937
0.068      0.4068      0.4493      0.3068      0.5008
0.069      0.4151      0.4565      0.3164      0.5077
0.070      0.4231      0.4635      0.3258      0.5144
0.071      0.4310      0.4703      0.3349      0.5210
0.072      0.4386      0.4769      0.3438      0.5273
0.073      0.4460      0.4834      0.3524      0.5335
0.074      0.4532      0.4897      0.3607      0.5395
0.075      0.4602      0.4958      0.3690      0.5454
0.076      0.4670      0.5017      0.3771      0.5511
0.077      0.4737      0.5075      0.3850      0.5566
0.078      0.4801      0.5131      0.3928      0.5621
0.079      0.4864      0.5186      0.4003      0.5673
0.080      0.4926      0.5240      0.4077      0.5724
0.081      0.4986      0.5292      0.4149      0.5771
0.082      0.5045      0.5343      0.4220      0.5818
0.083      0.5102      0.5393      0.4288      0.5863
0.084      0.5157      0.5442      0.4355      0.5907
0.085      0.5212      0.5489      0.4421      0.5950
0.086      0.5265      0.5535      0.4485      0.5993
0.087      0.5317      0.5581      0.4547      0.6034
0.088      0.5368      0.5625      0.4608      0.6074
0.089      0.5418      0.5668      0.4668      0.6114
0.090      0.5466      0.5710      0.4726      0.6153
0.091      0.5514      0.5752      0.4783      0.6192
0.092      0.5560      0.5792      0.4839      0.6230
0.093      0.5606      0.5832      0.4893      0.6268
0.094      0.5650      0.5871      0.4947      0.6305
0.095      0.5694      0.5909      0.4999      0.6341
0.096      0.5736      0.5946      0.5050      0.6376
0.097      0.5778      0.5982      0.5101      0.6410
0.098      0.5819      0.6018      0.5149      0.6444
0.099      0.5859      0.6053      0.5196      0.6477
0.100      0.5898      0.6087      0.5242      0.6510
0.101      0.5937      0.6120      0.5288      0.6542
0.102      0.5975      0.6153      0.5333      0.6573
0.103      0.6012      0.6185      0.5377      0.6604
0.104      0.6048      0.6217      0.5419      0.6635
0.105      0.6084      0.6248      0.5463      0.6665
0.106      0.6118      0.6279      0.5504      0.6692
0.107      0.6153      0.6308      0.5546      0.6720
0.108      0.6186      0.6338      0.5586      0.6747
0.109      0.6219      0.6367      0.5628      0.6772
0.110      0.6252      0.6395      0.5666      0.6793
0.111      0.6284      0.6422      0.5706      0.6820
0.112      0.6315      0.6450      0.5742      0.6825
0.113      0.6346      0.6477      0.5780      0.6868
0.114      0.6376      0.6503      0.5814      0.6904
0.115      0.6406      0.6529      0.5850      0.6923
0.116      0.6435      0.6554      0.5884      0.6972
0.117      0.6463      0.6579      0.5923      0.7012
0.118      0.6492      0.6604      0.5950      0.7045
0.119      0.6519      0.6628      0.5992      0.7077
0.120      0.6547      0.6647      0.6014      0.7113
0.121      0.6544      0.6639      0.6004      0.7128
0.122      0.6538      0.6631      0.5972      0.7132
0.123      0.6532      0.6623      0.5944      0.7148
0.124      0.6527      0.6614      0.5918      0.7166
0.125      0.6521      0.6606      0.5893      0.7181
0.126      0.6515      0.6598      0.5870      0.7183
0.127      0.6509      0.6590      0.5839      0.7192
0.128      0.6504      0.6581      0.5829      0.7214
0.129      0.6498      0.6573      0.5817      0.7230
0.130      0.6492      0.6565      0.5799      0.7232
0.131      0.6486      0.6556      0.5787      0.7242
0.132      0.6480      0.6548      0.5778      0.7239
0.133      0.6475      0.6539      0.5771      0.7238
0.134      0.6469      0.6531      0.5765      0.7253
0.135      0.6463      0.6522      0.5758      0.7249
0.136      0.6457      0.6514      0.5752      0.7248
0.137      0.6451      0.6505      0.5745      0.7244
0.138      0.6445      0.6497      0.5737      0.7240
0.139      0.6439      0.6488      0.5731      0.7236
0.140      0.6433      0.6480      0.5722      0.7230
0.141      0.6427      0.6471      0.5713      0.7224
0.142      0.6421      0.6462      0.5703      0.7218
0.143      0.6415      0.6454      0.5694      0.7212
0.144      0.6409      0.6445      0.5684      0.7206
0.145      0.6403      0.6437      0.5677      0.7200
0.146      0.6397      0.6428      0.5670      0.7194
0.147      0.6391      0.6419      0.5663      0.7188
0.148      0.6385      0.6410      0.5656      0.7182
0.149      0.6379      0.6402      0.5649      0.7179
0.150      0.6373      0.6393      0.5642      0.7175
0.151      0.6367      0.6384      0.5636      0.7169
0.152      0.6361      0.6375      0.5629      0.7162
0.153      0.6355      0.6366      0.5623      0.7157
0.154      0.6348      0.6358      0.5616      0.7153
0.155      0.6342      0.6349      0.5610      0.7149
0.156      0.6336      0.6340      0.5603      0.7145
0.157      0.6330      0.6331      0.5596      0.7140
0.158      0.6324      0.6322      0.5590      0.7136
0.159      0.6317      0.6313      0.5582      0.7132
0.160      0.6311      0.6304      0.5574      0.7128
0.161      0.6305      0.6295      0.5567      0.7124
0.162      0.6299      0.6286      0.5559      0.7119
0.163      0.6292      0.6277      0.5551      0.7115
0.164      0.6286      0.6268      0.5544      0.7111
0.165      0.6280      0.6259      0.5536      0.7107
0.166      0.6274      0.6250      0.5528      0.7103
0.167      0.6267      0.6240      0.5520      0.7098
0.168      0.6261      0.6231      0.5512      0.7093
0.169      0.6254      0.6222      0.5504      0.7087
0.170      0.6248      0.6213      0.5497      0.7082
0.171      0.6242      0.6204      0.5489      0.7078
0.172      0.6235      0.6194      0.5481      0.7073
0.173      0.6229      0.6185      0.5473      0.7069
0.174      0.6222      0.6176      0.5465      0.7064
0.175      0.6216      0.6167      0.5457      0.7060
0.176      0.6209      0.6157      0.5450      0.7053
0.177      0.6203      0.6148      0.5442      0.7047
0.178      0.6196      0.6139      0.5435      0.7041
0.179      0.6190      0.6129      0.5428      0.7035
0.180      0.6183      0.6120      0.5420      0.7029
0.181      0.6177      0.6110      0.5412      0.7022
0.182      0.6170      0.6101      0.5404      0.7016
0.183      0.6164      0.6091      0.5396      0.7010
0.184      0.6157      0.6082      0.5388      0.7004
0.185      0.6150      0.6072      0.5379      0.6997
0.186      0.6144      0.6063      0.5371      0.6991
0.187      0.6137      0.6053      0.5363      0.6985
0.188      0.6130      0.6043      0.5355      0.6980
0.189      0.6124      0.6034      0.5347      0.6976
0.190      0.6117      0.6024      0.5338      0.6971
0.191      0.6110      0.6014      0.5330      0.6966
0.192      0.6104      0.6005      0.5322      0.6961
0.193      0.6097      0.5995      0.5314      0.6957
0.194      0.6090      0.5985      0.5305      0.6952
0.195      0.6083      0.5975      0.5297      0.6947
0.196      0.6076      0.5966      0.5289      0.6942
0.197      0.6070      0.5956      0.5280      0.6938
0.198      0.6063      0.5946      0.5272      0.6933
0.199      0.6056      0.5936      0.5264      0.6928
0.200      0.6049      0.5926      0.5256      0.6923
0.201      0.6042      0.5916      0.5247      0.6918
0.202      0.6035      0.5906      0.5238      0.6913
0.203      0.6028      0.5896      0.5230      0.6908
0.204      0.6021      0.5886      0.5221      0.6904
0.205      0.6014      0.5876      0.5213      0.6898
0.206      0.6007      0.5866      0.5206      0.6892
0.207      0.6000      0.5856      0.5199      0.6885
0.208      0.5993      0.5846      0.5193      0.6880
0.209      0.5986      0.5836      0.5187      0.6876
0.210      0.5979      0.5826      0.5180      0.6872
0.211      0.5972      0.5816      0.5172      0.6869
0.212      0.5965      0.5805      0.5163      0.6864
0.213      0.5958      0.5795      0.5154      0.6858
0.214      0.5951      0.5785      0.5146      0.6852
0.215      0.5944      0.5775      0.5137      0.6849
0.216      0.5937      0.5764      0.5128      0.6844
0.217      0.5929      0.5754      0.5119      0.6839
0.218      0.5922      0.5744      0.5110      0.6834
0.219      0.5915      0.5733      0.5101      0.6827
0.220      0.5908      0.5723      0.5092      0.6819
0.221      0.5901      0.5712      0.5083      0.6811
0.222      0.5893      0.5702      0.5074      0.6803
0.223      0.5886      0.5691      0.5065      0.6795
0.224      0.5879      0.5681      0.5056      0.6788
0.225      0.5871      0.5670      0.5047      0.6782
0.226      0.5864      0.5660      0.5038      0.6775
0.227      0.5857      0.5649      0.5030      0.6769
0.228      0.5849      0.5638      0.5022      0.6762
0.229      0.5842      0.5628      0.5014      0.6756
0.230      0.5834      0.5617      0.5004      0.6749
0.231      0.5827      0.5606      0.4994      0.6743
0.232      0.5820      0.5596      0.4983      0.6736
0.233      0.5812      0.5585      0.4974      0.6730
0.234      0.5805      0.5574      0.4965      0.6724
0.235      0.5797      0.5563      0.4956      0.6718
0.236      0.5790      0.5552      0.4946      0.6712
0.237      0.5782      0.5541      0.4937      0.6707
0.238      0.5774      0.5531      0.4927      0.6701
0.239      0.5767      0.5520      0.4918      0.6695
0.240      0.5759      0.5509      0.4909      0.6689
0.241      0.5752      0.5498      0.4899      0.6683
0.242      0.5744      0.5487      0.4890      0.6679
0.243      0.5736      0.5475      0.4880      0.6675
0.244      0.5729      0.5464      0.4871      0.6671
0.245      0.5721      0.5453      0.4861      0.6665
0.246      0.5713      0.5442      0.4852      0.6657
0.247      0.5705      0.5431      0.4842      0.6651
0.248      0.5698      0.5420      0.4834      0.6646
0.249      0.5690      0.5409      0.4824      0.6641
0.250      0.5682      0.5397      0.4814      0.6636
0.251      0.5674      0.5386      0.4804      0.6631
0.252      0.5666      0.5375      0.4794      0.6626
0.253      0.5658      0.5363      0.4784      0.6621
0.254      0.5650      0.5352      0.4774      0.6616
0.255      0.5642      0.5340      0.4764      0.6612
0.256      0.5635      0.5329      0.4755      0.6607
0.257      0.5627      0.5318      0.4745      0.6600
0.258      0.5619      0.5306      0.4735      0.6595
0.259      0.5611      0.5294      0.4725      0.6590
0.260      0.5603      0.5283      0.4715      0.6585
0.261      0.5594      0.5271      0.4704      0.6580
0.262      0.5586      0.5260      0.4694      0.6574
0.263      0.5578      0.5248      0.4684      0.6569
0.264      0.5570      0.5236      0.4675      0.6564
0.265      0.5562      0.5225      0.4665      0.6559
0.266      0.5554      0.5213      0.4655      0.6553
0.267      0.5546      0.5201      0.4645      0.6548
0.268      0.5537      0.5189      0.4632      0.6543
0.269      0.5529      0.5177      0.4621      0.6538
0.270      0.5521      0.5165      0.4611      0.6531
0.271      0.5513      0.5153      0.4601      0.6523
0.272      0.5504      0.5141      0.4591      0.6516
0.273      0.5496      0.5129      0.4581      0.6509
0.274      0.5488      0.5117      0.4571      0.6501
0.275      0.5479      0.5105      0.4561      0.6494
0.276      0.5471      0.5093      0.4551      0.6486
0.277      0.5463      0.5081      0.4541      0.6479
0.278      0.5454      0.5069      0.4530      0.6471
0.279      0.5446      0.5057      0.4520      0.6464
0.280      0.5437      0.5045      0.4510      0.6458
0.281      0.5429      0.5032      0.4500      0.6451
0.282      0.5420      0.5020      0.4490      0.6444
0.283      0.5412      0.5008      0.4479      0.6438
0.284      0.5403      0.4995      0.4469      0.6431
0.285      0.5394      0.4983      0.4459      0.6425
0.286      0.5386      0.4971      0.4448      0.6420
0.287      0.5377      0.4958      0.4438      0.6415
0.288      0.5368      0.4946      0.4427      0.6411
0.289      0.5360      0.4933      0.4417      0.6404
0.290      0.5351      0.4920      0.4406      0.6396
0.291      0.5342      0.4908      0.4396      0.6388
0.292      0.5333      0.4895      0.4385      0.6380
0.293      0.5325      0.4883      0.4375      0.6372
0.294      0.5316      0.4870      0.4365      0.6363
0.295      0.5307      0.4857      0.4355      0.6356
0.296      0.5298      0.4844      0.4346      0.6349
0.297      0.5289      0.4831      0.4335      0.6342
0.298      0.5280      0.4819      0.4324      0.6335
0.299      0.5271      0.4806      0.4312      0.6328
0.300      0.5262      0.4793      0.4301      0.6321
0.301      0.5253      0.4780      0.4289      0.6312
0.302      0.5244      0.4767      0.4278      0.6304
0.303      0.5235      0.4754      0.4269      0.6297
0.304      0.5226      0.4741      0.4258      0.6290
0.305      0.5217      0.4728      0.4246      0.6284
0.306      0.5208      0.4714      0.4234      0.6277
0.307      0.5199      0.4701      0.4221      0.6270
0.308      0.5190      0.4688      0.4209      0.6263
0.309      0.5180      0.4675      0.4197      0.6256
0.310      0.5171      0.4661      0.4184      0.6250
0.311      0.5162      0.4648      0.4173      0.6243
0.312      0.5153      0.4635      0.4162      0.6236
0.313      0.5143      0.4621      0.4151      0.6229
0.314      0.5134      0.4608      0.4139      0.6222
0.315      0.5125      0.4594      0.4128      0.6215
0.316      0.5115      0.4581      0.4117      0.6208
0.317      0.5106      0.4567      0.4106      0.6201
0.318      0.5096      0.4553      0.4095      0.6194
0.319      0.5087      0.4540      0.4085      0.6188
0.320      0.5077      0.4526      0.4074      0.6180
0.321      0.5068      0.4512      0.4062      0.6173
0.322      0.5058      0.4499      0.4050      0.6166
0.323      0.5049      0.4485      0.4036      0.6159
0.324      0.5039      0.4471      0.4024      0.6152
0.325      0.5029      0.4457      0.4013      0.6145
0.326      0.5020      0.4443      0.4001      0.6138
0.327      0.5010      0.4429      0.3989      0.6131
0.328      0.5000      0.4415      0.3977      0.6125
0.329      0.4990      0.4401      0.3966      0.6119
0.330      0.4981      0.4387      0.3956      0.6114
0.331      0.4971      0.4373      0.3946      0.6109
0.332      0.4961      0.4358      0.3936      0.6103
0.333      0.4951      0.4344      0.3925      0.6096
0.334      0.4941      0.4330      0.3913      0.6089
0.335      0.4931      0.4316      0.3900      0.6081
0.336      0.4921      0.4301      0.3887      0.6073
0.337      0.4911      0.4287      0.3875      0.6065
0.338      0.4901      0.4272      0.3862      0.6057
0.339      0.4891      0.4258      0.3849      0.6049
0.340      0.4881      0.4243      0.3836      0.6041
0.341      0.4871      0.4229      0.3823      0.6033
0.342      0.4861      0.4214      0.3811      0.6024
0.343      0.4850      0.4199      0.3798      0.6016
0.344      0.4840      0.4185      0.3785      0.6008
0.345      0.4830      0.4170      0.3772      0.6000
0.346      0.4820      0.4155      0.3759      0.5991
0.347      0.4809      0.4140      0.3747      0.5983
0.348      0.4799      0.4125      0.3734      0.5975
0.349      0.4789      0.4110      0.3721      0.5967
0.350      0.4778      0.4095      0.3709      0.5959
0.351      0.4768      0.4080      0.3696      0.5950
0.352      0.4757      0.4065      0.3684      0.5942
0.353      0.4747      0.4050      0.3671      0.5934
0.354      0.4736      0.4035      0.3658      0.5925
0.355      0.4726      0.4020      0.3645      0.5917
0.356      0.4715      0.4004      0.3632      0.5909
0.357      0.4705      0.3989      0.3620      0.5900
0.358      0.4694      0.3974      0.3607      0.5893
0.359      0.4683      0.3958      0.3594      0.5884
0.360      0.4672      0.3943      0.3581      0.5875
0.361      0.4662      0.3927      0.3568      0.5866
0.362      0.4651      0.3912      0.3555      0.5857
0.363      0.4640      0.3896      0.3541      0.5849
0.364      0.4629      0.3880      0.3527      0.5840
0.365      0.4618      0.3865      0.3511      0.5831
0.366      0.4607      0.3849      0.3495      0.5823
0.367      0.4596      0.3833      0.3480      0.5814
0.368      0.4585      0.3817      0.3464      0.5806
0.369      0.4574      0.3801      0.3448      0.5798
0.370      0.4563      0.3785      0.3432      0.5791
0.371      0.4552      0.3769      0.3418      0.5782
0.372      0.4541      0.3753      0.3406      0.5773
0.373      0.4530      0.3737      0.3394      0.5764
0.374      0.4518      0.3721      0.3382      0.5754
0.375      0.4507      0.3705      0.3370      0.5744
0.376      0.4496      0.3688      0.3358      0.5734
0.377      0.4485      0.3672      0.3346      0.5726
0.378      0.4473      0.3656      0.3333      0.5719
0.379      0.4462      0.3639      0.3321      0.5710
0.380      0.4450      0.3623      0.3309      0.5701
0.381      0.4439      0.3606      0.3295      0.5692
0.382      0.4427      0.3590      0.3280      0.5682
0.383      0.4416      0.3573      0.3266      0.5674
0.384      0.4404      0.3556      0.3251      0.5666
0.385      0.4393      0.3540      0.3236      0.5658
0.386      0.4381      0.3523      0.3221      0.5651
0.387      0.4369      0.3506      0.3206      0.5643
0.388      0.4357      0.3489      0.3190      0.5636
0.389      0.4346      0.3472      0.3174      0.5630
0.390      0.4334      0.3455      0.3158      0.5623
0.391      0.4322      0.3438      0.3141      0.5616
0.392      0.4310      0.3421      0.3125      0.5605
0.393      0.4298      0.3404      0.3108      0.5596
0.394      0.4286      0.3386      0.3093      0.5588
0.395      0.4274      0.3369      0.3079      0.5580
0.396      0.4262      0.3352      0.3064      0.5572
0.397      0.4250      0.3334      0.3049      0.5564
0.398      0.4238      0.3317      0.3035      0.5556
0.399      0.4226      0.3299      0.3020      0.5548
0.400      0.4214      0.3282      0.3005      0.5540
0.401      0.4201      0.3264      0.2991      0.5532
0.402      0.4189      0.3246      0.2976      0.5524
0.403      0.4177      0.3228      0.2961      0.5516
0.404      0.4164      0.3211      0.2946      0.5508
0.405      0.4152      0.3193      0.2930      0.5498
0.406      0.4139      0.3175      0.2912      0.5489
0.407      0.4127      0.3157      0.2897      0.5480
0.408      0.4114      0.3139      0.2881      0.5471
0.409      0.4102      0.3120      0.2865      0.5462
0.410      0.4089      0.3102      0.2848      0.5455
0.411      0.4076      0.3084      0.2832      0.5448
0.412      0.4064      0.3066      0.2815      0.5441
0.413      0.4051      0.3047      0.2798      0.5433
0.414      0.4038      0.3029      0.2781      0.5425
0.415      0.4025      0.3010      0.2766      0.5416
0.416      0.4012      0.2992      0.2751      0.5408
0.417      0.3999      0.2973      0.2733      0.5399
0.418      0.3986      0.2954      0.2717      0.5391
0.419      0.3973      0.2936      0.2701      0.5382
0.420      0.3960      0.2917      0.2685      0.5373
0.421      0.3947      0.2898      0.2669      0.5365
0.422      0.3934      0.2879      0.2653      0.5356
0.423      0.3921      0.2860      0.2636      0.5347
0.424      0.3908      0.2841      0.2620      0.5339
0.425      0.3894      0.2822      0.2603      0.5330
0.426      0.3881      0.2802      0.2586      0.5321
0.427      0.3868      0.2783      0.2569      0.5312
0.428      0.3854      0.2764      0.2552      0.5303
0.429      0.3841      0.2744      0.2534      0.5295
0.430      0.3827      0.2725      0.2517      0.5286
0.431      0.3814      0.2705      0.2499      0.5277
0.432      0.3800      0.2686      0.2480      0.5268
0.433      0.3786      0.2666      0.2462      0.5259
0.434      0.3772      0.2646      0.2444      0.5250
0.435      0.3759      0.2626      0.2426      0.5241
0.436      0.3745      0.2606      0.2409      0.5231
0.437      0.3731      0.2586      0.2390      0.5222
0.438      0.3717      0.2566      0.2372      0.5213
0.439      0.3703      0.2546      0.2353      0.5204
0.440      0.3689      0.2526      0.2334      0.5195
0.441      0.3675      0.2506      0.2315      0.5187
0.442      0.3661      0.2485      0.2296      0.5179
0.443      0.3647      0.2465      0.2277      0.5171
0.444      0.3632      0.2444      0.2258      0.5163
0.445      0.3618      0.2424      0.2241      0.5155
0.446      0.3604      0.2403      0.2223      0.5147
0.447      0.3590      0.2382      0.2205      0.5138
0.448      0.3575      0.2362      0.2188      0.5130
0.449      0.3561      0.2341      0.2170      0.5122
0.450      0.3546      0.2320      0.2152      0.5112
0.451      0.3531      0.2299      0.2134      0.5100
0.452      0.3517      0.2278      0.2116      0.5089
0.453      0.3502      0.2257      0.2098      0.5078
0.454      0.3487      0.2235      0.2080      0.5067
0.455      0.3473      0.2214      0.2061      0.5055
0.456      0.3458      0.2193      0.2043      0.5042
0.457      0.3443      0.2171      0.2023      0.5032
0.458      0.3428      0.2149      0.2000      0.5022
0.459      0.3413      0.2128      0.1980      0.5012
0.460      0.3398      0.2106      0.1963      0.5000
0.461      0.3383      0.2084      0.1945      0.4989
0.462      0.3367      0.2062      0.1925      0.4978
0.463      0.3352      0.2040      0.1903      0.4966
0.464      0.3337      0.2018      0.1883      0.4955
0.465      0.3321      0.1996      0.1864      0.4944
0.466      0.3306      0.1974      0.1842      0.4932
0.467      0.3291      0.1952      0.1821      0.4921
0.468      0.3275      0.1929      0.1802      0.4909
0.469      0.3259      0.1907      0.1783      0.4897
0.470      0.3244      0.1884      0.1764      0.4886
0.471      0.3228      0.1862      0.1745      0.4874
0.472      0.3212      0.1839      0.1725      0.4862
0.473      0.3196      0.1816      0.1706      0.4851
0.474      0.3181      0.1793      0.1686      0.4839
0.475      0.3165      0.1770      0.1667      0.4827
0.476      0.3149      0.1747      0.1647      0.4815
0.477      0.3133      0.1724      0.1628      0.4803
0.478      0.3116      0.1701      0.1608      0.4791
0.479      0.3100      0.1677      0.1588      0.4779
0.480      0.3084      0.1654      0.1568      0.4767
0.481      0.3068      0.1631      0.1548      0.4755
0.482      0.3051      0.1607      0.1528      0.4742
0.483      0.3035      0.1583      0.1508      0.4730
0.484      0.3018      0.1559      0.1488      0.4718
0.485      0.3002      0.1536      0.1468      0.4706
0.486      0.2985      0.1512      0.1447      0.4695
0.487      0.2968      0.1487      0.1426      0.4684
0.488      0.2952      0.1463      0.1406      0.4674
0.489      0.2935      0.1439      0.1386      0.4663
0.490      0.2918      0.1415      0.1365      0.4653
0.491      0.2901      0.1390      0.1344      0.4642
0.492      0.2884      0.1366      0.1321      0.4631
0.493      0.2867      0.1341      0.1297      0.4621
0.494      0.2850      0.1316      0.1274      0.4610
0.495      0.2832      0.1291      0.1252      0.4599
0.496      0.2815      0.1267      0.1230      0.4589
0.497      0.2798      0.1242      0.1208      0.4578
0.498      0.2780      0.1216      0.1186      0.4567
0.499      0.2763      0.1191      0.1164      0.4556
0.500      0.2745      0.1166      0.1142      0.4545
0.501      0.2727      0.1140      0.1119      0.4534
0.502      0.2710      0.1115      0.1097      0.4523
0.503      0.2692      0.1089      0.1074      0.4512
0.504      0.2674      0.1063      0.1051      0.4501
0.505      0.2656      0.1038      0.1028      0.4489
0.506      0.2638      0.1012      0.1005      0.4478
0.507      0.2620      0.0986      0.0983      0.4467
0.508      0.2602      0.0959      0.0959      0.4455
0.509      0.2584      0.0933      0.0936      0.4443
0.510      0.2565      0.0907      0.0913      0.4430
0.511      0.2547      0.0880      0.0890      0.4416
0.512      0.2528      0.0854      0.0866      0.4404
0.513      0.2510      0.0827      0.0843      0.4392
0.514      0.2491      0.0800      0.0819      0.4380
0.515      0.2473      0.0773      0.0795      0.4368
0.516      0.2454      0.0746      0.0770      0.4357
0.517      0.2435      0.0719      0.0746      0.4345
0.518      0.2416      0.0692      0.0721      0.4333
0.519      0.2397      0.0664      0.0696      0.4321
0.520      0.2378      0.0637      0.0672      0.4309
0.521      0.2359      0.0609      0.0647      0.4296
0.522      0.2340      0.0582      0.0622      0.4284
0.523      0.2320      0.0554      0.0596      0.4272
0.524      0.2301      0.0526      0.0571      0.4260
0.525      0.2281      0.0498      0.0546      0.4248
0.526      0.2262      0.0469      0.0520      0.4235
0.527      0.2242      0.0441      0.0495      0.4223
0.528      0.2222      0.0413      0.0469      0.4210
0.529      0.2203      0.0384      0.0443      0.4198
0.530      0.2183      0.0356      0.0415      0.4185
0.531      0.2163      0.0327      0.0387      0.4173
0.532      0.2143      0.0298      0.0360      0.4160
0.533      0.2123      0.0269      0.0336      0.4147
0.534      0.2102      0.0240      0.0312      0.4134
0.535      0.2082      0.0210      0.0286      0.4122
0.536      0.2062      0.0181      0.0259      0.4109
0.537      0.2041      0.0151      0.0233      0.4096
0.538      0.2020      0.0122      0.0206      0.4083
0.539      0.2000      0.0092      0.0179      0.4070
0.540      0.1979      0.0062      0.0152      0.4056
0.541      0.1958      0.0032      0.0125      0.4042
0.542      0.1937      0.0002      0.0097      0.4027
0.543      0.1916     -0.0029      0.0070      0.4012
0.544      0.1895     -0.0059      0.0043      0.3997
0.545      0.1874     -0.0090      0.0015      0.3982
0.546      0.1852     -0.0120     -0.0013      0.3968
0.547      0.1831     -0.0151     -0.0041      0.3955
0.548      0.1809     -0.0182     -0.0068      0.3943
0.549      0.1788     -0.0213     -0.0096      0.3930
0.550      0.1766     -0.0245     -0.0123      0.3917
0.551      0.1744     -0.0276     -0.0151      0.3905
0.552      0.1722     -0.0308     -0.0179      0.3892
0.553      0.1700     -0.0339     -0.0207      0.3879
0.554      0.1678     -0.0371     -0.0234      0.3866
0.555      0.1656     -0.0403     -0.0261      0.3852
0.556      0.1634     -0.0435     -0.0290      0.3838
0.557      0.1611     -0.0468     -0.0320      0.3824
0.558      0.1589     -0.0500     -0.0349      0.3810
0.559      0.1566     -0.0533     -0.0377      0.3796
0.560      0.1544     -0.0565     -0.0406      0.3780
0.561      0.1521     -0.0598     -0.0435      0.3764
0.562      0.1498     -0.0631     -0.0464      0.3748
0.563      0.1475     -0.0664     -0.0494      0.3732
0.564      0.1452     -0.0698     -0.0523      0.3715
0.565      0.1429     -0.0731     -0.0553      0.3699
0.566      0.1405     -0.0765     -0.0582      0.3683
0.567      0.1382     -0.0798     -0.0612      0.3666
0.568      0.1358     -0.0832     -0.0642      0.3650
0.569      0.1335     -0.0866     -0.0672      0.3633
0.570      0.1311     -0.0901     -0.0702      0.3616
0.571      0.1287     -0.0935     -0.0733      0.3600
0.572      0.1263     -0.0970     -0.0764      0.3583
0.573      0.1239     -0.1004     -0.0795      0.3566
0.574      0.1215     -0.1039     -0.0827      0.3549
0.575      0.1190     -0.1074     -0.0859      0.3534
0.576      0.1166     -0.1110     -0.0891      0.3520
0.577      0.1141     -0.1145     -0.0922      0.3506
0.578      0.1117     -0.1181     -0.0953      0.3492
0.579      0.1092     -0.1216     -0.0983      0.3478
0.580      0.1067     -0.1252     -0.1014      0.3463
0.581      0.1042     -0.1288     -0.1045      0.3449
0.582      0.1017     -0.1324     -0.1077      0.3434
0.583      0.0991     -0.1361     -0.1108      0.3417
0.584      0.0966     -0.1397     -0.1140      0.3400
0.585      0.0941     -0.1434     -0.1171      0.3383
0.586      0.0915     -0.1471     -0.1203      0.3366
0.587      0.0889     -0.1508     -0.1235      0.3347
0.588      0.0863     -0.1546     -0.1267      0.3331
0.589      0.0837     -0.1583     -0.1299      0.3313
0.590      0.0811     -0.1621     -0.1332      0.3295
0.591      0.0785     -0.1659     -0.1364      0.3276
0.592      0.0758     -0.1697     -0.1397      0.3258
0.593      0.0732     -0.1735     -0.1430      0.3239
0.594      0.0705     -0.1773     -0.1462      0.3220
0.595      0.0678     -0.1812     -0.1494      0.3201
0.596      0.0652     -0.1851     -0.1526      0.3182
0.597      0.0624     -0.1890     -0.1558      0.3163
0.598      0.0597     -0.1929     -0.1591      0.3144
0.599      0.0570     -0.1968     -0.1625      0.3125
0.600      0.0542     -0.2008     -0.1662      0.3106
0.601      0.0515     -0.2048     -0.1698      0.3086
0.602      0.0487     -0.2088     -0.1734      0.3067
0.603      0.0459     -0.2128     -0.1769      0.3047
0.604      0.0431     -0.2168     -0.1803      0.3028
0.605      0.0403     -0.2209     -0.1838      0.3008
0.606      0.0375     -0.2249     -0.1874      0.2988
0.607      0.0346     -0.2290     -0.1909      0.2971
0.608      0.0318     -0.2332     -0.1945      0.2954
0.609      0.0289     -0.2373     -0.1981      0.2937
0.610      0.0260     -0.2415     -0.2018      0.2920
0.611      0.0231     -0.2456     -0.2055      0.2902
0.612      0.0202     -0.2499     -0.2092      0.2885
0.613      0.0173     -0.2541     -0.2129      0.2865
0.614      0.0143     -0.2583     -0.2167      0.2844
0.615      0.0113     -0.2626     -0.2204      0.2823
0.616      0.0084     -0.2669     -0.2242      0.2801
0.617      0.0054     -0.2712     -0.2280      0.2779
0.618      0.0024     -0.2755     -0.2319      0.2758
0.619     -0.0007     -0.2799     -0.2357      0.2736
0.620     -0.0037     -0.2843     -0.2396      0.2714
0.621     -0.0068     -0.2887     -0.2435      0.2692
0.622     -0.0098     -0.2931     -0.2474      0.2670
0.623     -0.0129     -0.2976     -0.2514      0.2647
0.624     -0.0160     -0.3021     -0.2554      0.2625
0.625     -0.0192     -0.3066     -0.2596      0.2602
0.626     -0.0223     -0.3111     -0.2638      0.2582
0.627     -0.0255     -0.3156     -0.2680      0.2562
0.628     -0.0286     -0.3202     -0.2722      0.2542
0.629     -0.0318     -0.3248     -0.2762      0.2523
0.630     -0.0350     -0.3294     -0.2802      0.2503
0.631     -0.0383     -0.3341     -0.2842      0.2483
0.632     -0.0415     -0.3388     -0.2883      0.2463
0.633     -0.0448     -0.3435     -0.2926      0.2443
0.634     -0.0481     -0.3482     -0.2969      0.2422
0.635     -0.0514     -0.3529     -0.3013      0.2402
0.636     -0.0547     -0.3577     -0.3056      0.2381
0.637     -0.0580     -0.3625     -0.3100      0.2361
0.638     -0.0614     -0.3673     -0.3144      0.2340
0.639     -0.0647     -0.3722     -0.3189      0.2319
0.640     -0.0681     -0.3771     -0.3233      0.2298
0.641     -0.0715     -0.3820     -0.3278      0.2277
0.642     -0.0750     -0.3869     -0.3322      0.2256
0.643     -0.0784     -0.3919     -0.3365      0.2234
0.644     -0.0819     -0.3969     -0.3409      0.2213
0.645     -0.0854     -0.4019     -0.3454      0.2191
0.646     -0.0889     -0.4070     -0.3498      0.2168
0.647     -0.0924     -0.4120     -0.3543      0.2144
0.648     -0.0959     -0.4172     -0.3588      0.2120
0.649     -0.0995     -0.4223     -0.3634      0.2097
0.650     -0.1031     -0.4275     -0.3679      0.2073
0.651     -0.1067     -0.4327     -0.3725      0.2049
0.652     -0.1103     -0.4379     -0.3771      0.2024
0.653     -0.1140     -0.4431     -0.3818      0.2000
0.654     -0.1176     -0.4484     -0.3866      0.1976
0.655     -0.1213     -0.4537     -0.3914      0.1951
0.656     -0.1250     -0.4591     -0.3963      0.1926
0.657     -0.1288     -0.4645     -0.4012      0.1901
0.658     -0.1325     -0.4699     -0.4061      0.1876
0.659     -0.1363     -0.4753     -0.4111      0.1851
0.660     -0.1401     -0.4808     -0.4160      0.1826
0.661     -0.1439     -0.4863     -0.4210      0.1800
0.662     -0.1478     -0.4918     -0.4261      0.1774
0.663     -0.1516     -0.4974     -0.4312      0.1749
0.664     -0.1555     -0.5030     -0.4363      0.1723
0.665     -0.1594     -0.5087     -0.4414      0.1697
0.666     -0.1634     -0.5143     -0.4465      0.1670
0.667     -0.1673     -0.5200     -0.4517      0.1644
0.668     -0.1713     -0.5258     -0.4570      0.1617
0.669     -0.1753     -0.5316     -0.4622      0.1591
0.670     -0.1794     -0.5374     -0.4675      0.1564
0.671     -0.1834     -0.5432     -0.4728      0.1537
0.672     -0.1875     -0.5491     -0.4782      0.1509
0.673     -0.1916     -0.5550     -0.4836      0.1482
0.674     -0.1957     -0.5610     -0.4890      0.1454
0.675     -0.1999     -0.5670     -0.4944      0.1427
0.676     -0.2041     -0.5730     -0.4999      0.1399
0.677     -0.2083     -0.5791     -0.5054      0.1371
0.678     -0.2125     -0.5852     -0.5110      0.1342
0.679     -0.2168     -0.5913     -0.5166      0.1314
0.680     -0.2211     -0.5975     -0.5222      0.1285
0.681     -0.2254     -0.6037     -0.5278      0.1256
0.682     -0.2297     -0.6099     -0.5335      0.1227
0.683     -0.2341     -0.6162     -0.5393      0.1198
0.684     -0.2385     -0.6226     -0.5450      0.1169
0.685     -0.2429     -0.6290     -0.5508      0.1139
0.686     -0.2474     -0.6354     -0.5567      0.1110
0.687     -0.2519     -0.6418     -0.5625      0.1080
0.688     -0.2564     -0.6483     -0.5685      0.1050
0.689     -0.2609     -0.6549     -0.5744      0.1019
0.690     -0.2655     -0.6615     -0.5804      0.0989
0.691     -0.2701     -0.6681     -0.5864      0.0958
0.692     -0.2747     -0.6748     -0.5925      0.0927
0.693     -0.2794     -0.6815     -0.5986      0.0896
0.694     -0.2841     -0.6882     -0.6046      0.0865
0.695     -0.2888     -0.6950     -0.6104      0.0833
0.696     -0.2935     -0.7019     -0.6162      0.0802
0.697     -0.2983     -0.7088     -0.6220      0.0770
0.698     -0.3031     -0.7157     -0.6279      0.0738
0.699     -0.3080     -0.7227     -0.6338      0.0705
0.700     -0.3129     -0.7297     -0.6398      0.0673
0.701     -0.3178     -0.7368     -0.6457      0.0640
0.702     -0.3227     -0.7439     -0.6518      0.0607
0.703     -0.3277     -0.7511     -0.6578      0.0574
0.704     -0.3327     -0.7583     -0.6640      0.0540
0.705     -0.3377     -0.7656     -0.6701      0.0507
0.706     -0.3428     -0.7729     -0.6766      0.0473
0.707     -0.3479     -0.7803     -0.6832      0.0439
0.708     -0.3531     -0.7877     -0.6898      0.0404
0.709     -0.3583     -0.7951     -0.6965      0.0370
0.710     -0.3635     -0.8027     -0.7033      0.0335
0.711     -0.3687     -0.8102     -0.7101      0.0300
0.712     -0.3740     -0.8179     -0.7169      0.0264
0.713     -0.3794     -0.8255     -0.7238      0.0229
0.714     -0.3847     -0.8333     -0.7308      0.0193
0.715     -0.3901     -0.8411     -0.7377      0.0157
0.716     -0.3956     -0.8489     -0.7448      0.0121
0.717     -0.4011     -0.8568     -0.7519      0.0084
0.718     -0.4066     -0.8648     -0.7590      0.0047
0.719     -0.4121     -0.8728     -0.7664      0.0010
0.720     -0.4177     -0.8808     -0.7739     -0.0027
0.721     -0.4234     -0.8890     -0.7810     -0.0065
0.722     -0.4291     -0.8971     -0.7881     -0.0103
0.723     -0.4348     -0.9054     -0.7954     -0.0141
0.724     -0.4405     -0.9137     -0.8029     -0.0179
0.725     -0.4463     -0.9220     -0.8104     -0.0218
0.726     -0.4522     -0.9305     -0.8180     -0.0257
0.727     -0.4581     -0.9390     -0.8256     -0.0296
0.728     -0.4640     -0.9475     -0.8332     -0.0336
0.729     -0.4700     -0.9561     -0.8410     -0.0376
0.730     -0.4760     -0.9648     -0.8487     -0.0416
0.731     -0.4821     -0.9735     -0.8566     -0.0457
0.732     -0.4882     -0.9823     -0.8645     -0.0497
0.733     -0.4943     -0.9912     -0.8724     -0.0539
0.734     -0.5005     -1.0001     -0.8805     -0.0580
0.735     -0.5068     -1.0091     -0.8885     -0.0622
0.736     -0.5131     -1.0182     -0.8967     -0.0664
0.737     -0.5194     -1.0274     -0.9049     -0.0706
0.738     -0.5258     -1.0366     -0.9131     -0.0749
0.739     -0.5323     -1.0458     -0.9215     -0.0792
0.740     -0.5388     -1.0552     -0.9299     -0.0835
0.741     -0.5453     -1.0646     -0.9383     -0.0879
0.742     -0.5519     -1.0741     -0.9468     -0.0923
0.743     -0.5585     -1.0837     -0.9554     -0.0967
0.744     -0.5652     -1.0933     -0.9641     -0.1012
0.745     -0.5720     -1.1031     -0.9728     -0.1057
0.746     -0.5788     -1.1129     -0.9816     -0.1102
0.747     -0.5856     -1.1227     -0.9904     -0.1148
0.748     -0.5926     -1.1327     -0.9994     -0.1194
0.749     -0.5995     -1.1427     -1.0084     -0.1240
0.750     -0.6065     -1.1529     -1.0175     -0.1287
0.751     -0.6136     -1.1630     -1.0266     -0.1334
0.752     -0.6207     -1.1733     -1.0358     -0.1382
0.753     -0.6279     -1.1837     -1.0451     -0.1430
0.754     -0.6352     -1.1941     -1.0545     -0.1478
0.755     -0.6425     -1.2047     -1.0639     -0.1527
0.756     -0.6499     -1.2153     -1.0735     -0.1576
0.757     -0.6573     -1.2260     -1.0831     -0.1626
0.758     -0.6648     -1.2368     -1.0927     -0.1676
0.759     -0.6723     -1.2477     -1.1025     -0.1726
0.760     -0.6800     -1.2586     -1.1124     -0.1777
0.761     -0.6876     -1.2697     -1.1221     -0.1829
0.762     -0.6954     -1.2809     -1.1319     -0.1880
0.763     -0.7032     -1.2921     -1.1418     -0.1932
0.764     -0.7111     -1.3035     -1.1518     -0.1985
0.765     -0.7190     -1.3149     -1.1619     -0.2038
0.766     -0.7270     -1.3264     -1.1720     -0.2091
0.767     -0.7351     -1.3381     -1.1822     -0.2145
0.768     -0.7432     -1.3498     -1.1926     -0.2200
0.769     -0.7515     -1.3617     -1.2030     -0.2255
0.770     -0.7598     -1.3736     -1.2135     -0.2310
0.771     -0.7681     -1.3857     -1.2243     -0.2366
0.772     -0.7766     -1.3978     -1.2355     -0.2422
0.773     -0.7851     -1.4101     -1.2468     -0.2479
0.774     -0.7937     -1.4225     -1.2580     -0.2536
0.775     -0.8023     -1.4349     -1.2688     -0.2594
0.776     -0.8111     -1.4475     -1.2797     -0.2652
0.777     -0.8199     -1.4602     -1.2907     -0.2711
0.778     -0.8288     -1.4731     -1.3017     -0.2770
0.779     -0.8378     -1.4860     -1.3129     -0.2830
0.780     -0.8468     -1.4991     -1.3243     -0.2891
0.781     -0.8560     -1.5122     -1.3361     -0.2952
0.782     -0.8652     -1.5255     -1.3480     -0.3013
0.783     -0.8745     -1.5389     -1.3600     -0.3076
0.784     -0.8839     -1.5525     -1.3720     -0.3134
0.785     -0.8934     -1.5662     -1.3843     -0.3199
0.786     -0.9030     -1.5799     -1.3966     -0.3266
0.787     -0.9126     -1.5939     -1.4090     -0.3330
0.788     -0.9224     -1.6079     -1.4218     -0.3398
0.789     -0.9322     -1.6221     -1.4347     -0.3464
0.790     -0.9422     -1.6364     -1.4478     -0.3529
0.791     -0.9522     -1.6509     -1.4610     -0.3600
0.792     -0.9623     -1.6655     -1.4744     -0.3671
0.793     -0.9726     -1.6802     -1.4878     -0.3744
0.794     -0.9829     -1.6951     -1.5014     -0.3817
0.795     -0.9933     -1.7102     -1.5151     -0.3890
0.796     -1.0039     -1.7253     -1.5290     -0.3965
0.797     -1.0145     -1.7407     -1.5430     -0.4040
0.798     -1.0253     -1.7561     -1.5571     -0.4115
0.799     -1.0361     -1.7718     -1.5714     -0.4190
0.800     -1.0471     -1.7876     -1.5858     -0.4267
0.801     -1.0581     -1.8035     -1.6004     -0.4344
0.802     -1.0693     -1.8196     -1.6150     -0.4422
0.803     -1.0806     -1.8359     -1.6295     -0.4501
0.804     -1.0920     -1.8523     -1.6445     -0.4580
0.805     -1.1035     -1.8689     -1.6597     -0.4661
0.806     -1.1152     -1.8857     -1.6749     -0.4742
0.807     -1.1269     -1.9027     -1.6900     -0.4824
0.808     -1.1388     -1.9198     -1.7052     -0.4907
0.809     -1.1508     -1.9371     -1.7205     -0.4990
0.810     -1.1630     -1.9546     -1.7361     -0.5075
0.811     -1.1753     -1.9723     -1.7518     -0.5160
0.812     -1.1877     -1.9901     -1.7676     -0.5247
0.813     -1.2002     -2.0082     -1.7836     -0.5330
0.814     -1.2128     -2.0264     -1.7998     -0.5412
0.815     -1.2256     -2.0449     -1.8162     -0.5496
0.816     -1.2386     -2.0635     -1.8327     -0.5580
0.817     -1.2517     -2.0824     -1.8495     -0.5665
0.818     -1.2649     -2.1014     -1.8670     -0.5750
0.819     -1.2783     -2.1207     -1.8847     -0.5837
0.820     -1.2918     -2.1402     -1.9027     -0.5925
0.821     -1.3055     -2.1599     -1.9203     -0.6014
0.822     -1.3193     -2.1798     -1.9380     -0.6104
0.823     -1.3333     -2.2000     -1.9559     -0.6194
0.824     -1.3474     -2.2203     -1.9741     -0.6286
0.825     -1.3617     -2.2409     -1.9924     -0.6379
0.826     -1.3762     -2.2618     -2.0109     -0.6473
0.827     -1.3908     -2.2829     -2.0297     -0.6568
0.828     -1.4056     -2.3042     -2.0487     -0.6664
0.829     -1.4206     -2.3258     -2.0679     -0.6764
0.830     -1.4358     -2.3476     -2.0873     -0.6866
0.831     -1.4511     -2.3697     -2.1069     -0.6970
0.832     -1.4666     -2.3921     -2.1268     -0.7075
0.833     -1.4823     -2.4147     -2.1470     -0.7182
0.834     -1.4982     -2.4376     -2.1673     -0.7290
0.835     -1.5143     -2.4607     -2.1879     -0.7399
0.836     -1.5306     -2.4842     -2.2088     -0.7509
0.837     -1.5470     -2.5079     -2.2299     -0.7621
0.838     -1.5637     -2.5320     -2.2513     -0.7734
0.839     -1.5806     -2.5563     -2.2730     -0.7849
0.840     -1.5977     -2.5810     -2.2949     -0.7965
0.841     -1.6150     -2.6059     -2.3171     -0.8082
0.842     -1.6326     -2.6312     -2.3396     -0.8201
0.843     -1.6503     -2.6568     -2.3623     -0.8321
0.844     -1.6683     -2.6827     -2.3854     -0.8443
0.845     -1.6865     -2.7089     -2.4087     -0.8567
0.846     -1.7050     -2.7355     -2.4324     -0.8692
0.847     -1.7237     -2.7625     -2.4564     -0.8819
0.848     -1.7426     -2.7897     -2.4806     -0.8947
0.849     -1.7618     -2.8174     -2.5052     -0.9077
0.850     -1.7813     -2.8454     -2.5302     -0.9209
0.851     -1.8010     -2.8738     -2.5554     -0.9343
0.852     -1.8210     -2.9026     -2.5810     -0.9478
0.853     -1.8412     -2.9318     -2.6070     -0.9616
0.854     -1.8617     -2.9614     -2.6333     -0.9755
0.855     -1.8825     -2.9913     -2.6600     -0.9896
0.856     -1.9036     -3.0217     -2.6870     -1.0039
0.857     -1.9250     -3.0526     -2.7144     -1.0184
0.858     -1.9467     -3.0838     -2.7423     -1.0331
0.859     -1.9687     -3.1155     -2.7705     -1.0480
0.860     -1.9910     -3.1477     -2.7991     -1.0632
0.861     -2.0137     -3.1803     -2.8281     -1.0785
0.862     -2.0366     -3.2134     -2.8575     -1.0941
0.863     -2.0599     -3.2469     -2.8874     -1.1099
0.864     -2.0836     -3.2810     -2.9177     -1.1259
0.865     -2.1076     -3.3156     -2.9485     -1.1422
0.866     -2.1319     -3.3507     -2.9797     -1.1587
0.867     -2.1566     -3.3863     -3.0116     -1.1755
0.868     -2.1817     -3.4224     -3.0447     -1.1925
0.869     -2.2072     -3.4591     -3.0783     -1.2098
0.870     -2.2331     -3.4964     -3.1123     -1.2273
0.871     -2.2594     -3.5343     -3.1470     -1.2451
0.872     -2.2860     -3.5727     -3.1821     -1.2632
0.873     -2.3131     -3.6117     -3.2178     -1.2816
0.874     -2.3407     -3.6514     -3.2541     -1.3002
0.875     -2.3686     -3.6917     -3.2909     -1.3192
0.876     -2.3970     -3.7327     -3.3284     -1.3385
0.877     -2.4259     -3.7743     -3.3664     -1.3581
0.878     -2.4553     -3.8166     -3.4051     -1.3780
0.879     -2.4851     -3.8596     -3.4444     -1.3982
0.880     -2.5155     -3.9033     -3.4844     -1.4188
0.881     -2.5463     -3.9477     -3.5248     -1.4397
0.882     -2.5777     -3.9929     -3.5653     -1.4610
0.883     -2.6096     -4.0389     -3.6066     -1.4826
0.884     -2.6421     -4.0857     -3.6485     -1.5046
0.885     -2.6751     -4.1333     -3.6912     -1.5270
0.886     -2.7087     -4.1817     -3.7347     -1.5498
0.887     -2.7429     -4.2309     -3.7789     -1.5730
0.888     -2.7777     -4.2811     -3.8239     -1.5966
0.889     -2.8131     -4.3321     -3.8692     -1.6206
0.890     -2.8492     -4.3841     -3.9153     -1.6451
0.891     -2.8859     -4.4371     -3.9621     -1.6700
0.892     -2.9234     -4.4910     -4.0099     -1.6954
0.893     -2.9615     -4.5459     -4.0585     -1.7212
0.894     -3.0003     -4.6019     -4.1081     -1.7476
0.895     -3.0399     -4.6589     -4.1586     -1.7744
0.896     -3.0802     -4.7170     -4.2100     -1.8017
0.897     -3.1214     -4.7763     -4.2625     -1.8296
0.898     -3.1633     -4.8367     -4.3160     -1.8581
0.899     -3.2061     -4.8983     -4.3705     -1.8866
0.900     -3.2497     -4.9611     -4.4262     -1.9156
0.901     -3.2942     -5.0253     -4.4829     -1.9453
0.902     -3.3396     -5.0907     -4.5409     -1.9755
0.903     -3.3859     -5.1574     -4.6000     -2.0063
0.904     -3.4332     -5.2256     -4.6603     -2.0378
0.905     -3.4815     -5.2952     -4.7220     -2.0700
0.906     -3.5309     -5.3663     -4.7849     -2.1028
0.907     -3.5813     -5.4389     -4.8492     -2.1364
0.908     -3.6327     -5.5131     -4.9149     -2.1707
0.909     -3.6854     -5.5889     -4.9820     -2.2057
0.910     -3.7391     -5.6664     -5.0506     -2.2415
0.911     -3.7941     -5.7456     -5.1211     -2.2781
0.912     -3.8504     -5.8267     -5.1938     -2.3156
0.913     -3.9079     -5.9096     -5.2682     -2.3539
0.914     -3.9668     -5.9944     -5.3444     -2.3931
0.915     -4.0271     -6.0812     -5.4224     -2.4332
0.916     -4.0888     -6.1701     -5.5022     -2.4743
0.917     -4.1520     -6.2612     -5.5839     -2.5164
0.918     -4.2167     -6.3544     -5.6677     -2.5595
0.919     -4.2830     -6.4500     -5.7534     -2.6036
0.920     -4.3510     -6.5479     -5.8414     -2.6489
0.921     -4.4207     -6.6484     -5.9316     -2.6953
0.922     -4.4922     -6.7514     -6.0240     -2.7429
0.923     -4.5655     -6.8570     -6.1190     -2.7917
0.924     -4.6408     -6.9655     -6.2167     -2.8422
0.925     -4.7181     -7.0769     -6.3171     -2.8944
0.926     -4.7975     -7.1912     -6.4202     -2.9480
0.927     -4.8790     -7.3087     -6.5260     -3.0031
0.928     -4.9628     -7.4295     -6.6349     -3.0597
0.929     -5.0490     -7.5536     -6.7468     -3.1179
0.930     -5.1376     -7.6814     -6.8619     -3.1777
0.931     -5.2288     -7.8128     -6.9803     -3.2393
0.932     -5.3227     -7.9480     -7.1022     -3.3026
0.933     -5.4194     -8.0874     -7.2277     -3.3664
0.934     -5.5190     -8.2309     -7.3571     -3.4321
0.935     -5.6217     -8.3788     -7.4901     -3.4998
0.936     -5.7276     -8.5314     -7.6265     -3.5696
0.937     -5.8369     -8.6888     -7.7673     -3.6417
0.938     -5.9497     -8.8513     -7.9125     -3.7160
0.939     -6.0661     -9.0192     -8.0626     -3.7928
0.940     -6.1865     -9.1926     -8.2177     -3.8722
0.941     -6.3109     -9.3719     -8.3780     -3.9543
0.942     -6.4397     -9.5574     -8.5438     -4.0395
0.943     -6.5729     -9.7493     -8.7157     -4.1282
0.944     -6.7109     -9.9482     -8.8943     -4.2201
0.945     -6.8540    -10.1543     -9.0793     -4.3156
0.946     -7.0023    -10.3680     -9.2711     -4.4153
0.947     -7.1562    -10.5897     -9.4703     -4.5187
0.948     -7.3160    -10.8201     -9.6770     -4.6261
0.949     -7.4822    -11.0594     -9.8919     -4.7377
0.950     -7.6549    -11.3083    -10.1154     -4.8537
0.951     -7.8347    -11.5674    -10.3480     -4.9745
0.952     -8.0220    -11.8372    -10.5903     -5.1003
0.953     -8.2173    -12.1186    -10.8429     -5.2315
0.954     -8.4210    -12.4122    -11.1065     -5.3684
0.955     -8.6338    -12.7188    -11.3818     -5.5114
0.956     -8.8563    -13.0393    -11.6696     -5.6608
0.957     -9.0892    -13.3748    -11.9708     -5.8173
0.958     -9.3331    -13.7263    -12.2863     -5.9811
0.959     -9.5889    -14.0949    -12.6172     -6.1530
0.960     -9.8575    -14.4819    -12.9647     -6.3335
0.961    -10.1399    -14.8888    -13.3300     -6.5231
0.962    -10.4372    -15.3170    -13.7146     -6.7228
0.963    -10.7505    -15.7685    -14.1199     -6.9333
0.964    -11.0812    -16.2450    -14.5477     -7.1555
0.965    -11.4308    -16.7487    -15.0000     -7.3904
0.966    -11.8010    -17.2821    -15.4788     -7.6391
0.967    -12.1937    -17.8478    -15.9868     -7.9028
0.968    -12.6108    -18.4489    -16.5264     -8.1831
0.969    -13.0549    -19.0887    -17.1009     -8.4814
0.970    -13.5285    -19.7712    -17.7121     -8.7996
0.971    -14.0349    -20.5008    -18.3654     -9.1398
0.972    -14.5774    -21.2824    -19.0653     -9.5052
0.973    -15.1601    -22.1220    -19.8170     -9.8984
0.974    -15.7877    -23.0262    -20.6265    -10.3218
0.975    -16.4654    -24.0026    -21.5008    -10.7790
0.976    -17.1996    -25.0605    -22.4481    -11.2745
0.977    -17.9977    -26.2103    -23.4776    -11.8129
0.978    -18.8683    -27.4648    -24.6008    -12.4003
0.979    -19.8217    -28.8386    -25.8307    -13.0436
0.980    -20.8706    -30.3498    -27.1858    -13.7489
0.981    -22.0299    -32.0201    -28.6885    -14.5260
0.982    -23.3180    -33.8761    -30.3584    -15.3895
0.983    -24.7577    -35.9503    -32.2246    -16.3546
0.984    -26.3772    -38.2837    -34.3241    -17.4402
0.985    -28.2128    -40.9285    -36.7011    -18.6708
0.986    -30.3105    -43.9510    -39.4124    -20.0770
0.987    -32.7310    -47.4384    -42.5410    -21.6998
0.988    -35.5547    -51.5070    -46.1910    -23.5967
0.989    -38.8921    -56.3154    -50.5073    -25.8388
0.990    -42.8969    -62.0861    -55.6910    -28.5293
0.991    -47.7917    -69.1384    -62.0263    -31.8172
0.992    -53.9103    -77.9538    -69.9453    -35.9283
0.993    -61.7765    -89.2877    -80.1264    -41.2119
0.994    -72.2654   -104.4006    -93.6958    -48.2596
0.995    -86.9500   -125.5590   -112.6924    -58.1237
0.996   -108.9770   -157.2948   -141.1881    -72.9212
0.997   -145.6863   -210.1872   -188.6758    -97.5824
0.998   -219.1096   -315.9804   -283.6544   -146.9076
0.999   -439.3884   -633.3864   -568.6254   -294.8993
