0.001    -92.5112    -58.1471   -111.0074    -75.1286
0.002    -45.7550    -28.6136    -54.9896    -37.0755
0.003    -30.1696    -18.7690    -36.3170    -24.3938
0.004    -22.3770    -13.8468    -26.9807    -18.0530
0.005    -17.7013    -10.8934    -21.3790    -14.2485
0.006    -14.5843     -8.9245    -17.6444    -11.7121
0.007    -12.3578     -7.5182    -14.9769     -9.9004
0.008    -10.6879     -6.4634    -12.9763     -8.5417
0.009     -9.3891     -5.6430    -11.4202     -7.4834
0.010     -8.3501     -4.9867    -10.1754     -6.6352
0.011     -7.5000     -4.4497     -9.1569     -5.9412
0.012     -6.7916     -4.0023     -8.3081     -5.3629
0.013     -6.1921     -3.6236     -7.5900     -4.8735
0.014     -5.6783     -3.2991     -6.9744     -4.4551
0.015     -5.2330     -3.0178     -6.4409     -4.0927
0.016     -4.8434     -2.7717     -5.9741     -3.7753
0.017     -4.4996     -2.5545     -5.5622     -3.4947
0.018     -4.1940     -2.3615     -5.1961     -3.2461
0.019     -3.9206     -2.1888     -4.8685     -3.0237
0.020     -3.6745     -2.0333     -4.5736     -2.8236
0.021     -3.4518     -1.8927     -4.3069     -2.6426
0.022     -3.2494     -1.7649     -4.0644     -2.4780
0.023     -3.0646     -1.6481     -3.8435     -2.3277
0.024     -2.8952     -1.5411     -3.6419     -2.1899
0.025     -2.7394     -1.4427     -3.4565     -2.0631
0.026     -2.5955     -1.3518     -3.2842     -1.9460
0.027     -2.4623     -1.2677     -3.1245     -1.8376
0.028     -2.3386     -1.1895     -2.9762     -1.7367
0.029     -2.2234     -1.1168     -2.8382     -1.6416
0.030     -2.1160     -1.0489     -2.7094     -1.5530
0.031     -2.0154     -0.9854     -2.5888     -1.4700
0.032     -1.9211     -0.9258     -2.4758     -1.3922
0.033     -1.8326     -0.8699     -2.3697     -1.3197
0.034     -1.7492     -0.8173     -2.2698     -1.2528
0.035     -1.6707     -0.7676     -2.1756     -1.1898
0.036     -1.5964     -0.7207     -2.0866     -1.1302
0.037     -1.5262     -0.6764     -2.0025     -1.0739
0.038     -1.4597     -0.6344     -1.9228     -1.0205
0.039     -1.3966     -0.5945     -1.8471     -0.9699
0.040     -1.3367     -0.5567     -1.7753     -0.9214
0.041     -1.2797     -0.5207     -1.7075     -0.8750
0.042     -1.2254     -0.4864     -1.6428     -0.8308
0.043     -1.1736     -0.4536     -1.5806     -0.7887
0.044     -1.1242     -0.4224     -1.5212     -0.7484
0.045     -1.0769     -0.3926     -1.4644     -0.7100
0.046     -1.0318     -0.3641     -1.4101     -0.6732
0.047     -0.9885     -0.3367     -1.3581     -0.6373
0.048     -0.9471     -0.3106     -1.3082     -0.6028
0.049     -0.9073     -0.2854     -1.2606     -0.5696
0.050     -0.8691     -0.2613     -1.2147     -0.5377
0.051     -0.8325     -0.2382     -1.1707     -0.5071
0.052     -0.7972     -0.2159     -1.1286     -0.4777
0.053     -0.7633     -0.1945     -1.0883     -0.4494
0.054     -0.7306     -0.1738     -1.0500     -0.4221
0.055     -0.6991     -0.1539     -1.0131     -0.3958
0.056     -0.6687     -0.1348     -0.9775     -0.3705
0.057     -0.6394     -0.1163     -0.9428     -0.3460
0.058     -0.6112     -0.0984     -0.9089     -0.3224
0.059     -0.5838     -0.0811     -0.8762     -0.2996
0.060     -0.5574     -0.0644     -0.8445     -0.2775
0.061     -0.5319     -0.0483     -0.8139     -0.2563
0.062     -0.5071     -0.0327     -0.7843     -0.2362
0.063     -0.4832     -0.0176     -0.7556     -0.2166
0.064     -0.4600     -0.0029     -0.7278     -0.1977
0.065     -0.4375      0.0113     -0.7009     -0.1793
0.066     -0.4157      0.0251     -0.6747     -0.1616
0.067     -0.3946      0.0384     -0.6494     -0.1443
0.068     -0.3741      0.0514     -0.6257     -0.1275
0.069     -0.3541      0.0640     -0.6022     -0.1113
0.070     -0.3348      0.0762     -0.5787     -0.0953
0.071     -0.3160      0.0881     -0.5559     -0.0798
0.072     -0.2977      0.0996     -0.5337     -0.0651
0.073     -0.2799      0.1109     -0.5121     -0.0507
0.074     -0.2626      0.1218     -0.4912     -0.0365
0.075     -0.2457      0.1324     -0.4710     -0.0228
0.076     -0.2293      0.1428     -0.4513     -0.0097
0.077     -0.2133      0.1529     -0.4322      0.0031
0.078     -0.1978      0.1627     -0.4135      0.0156
0.079     -0.1826      0.1723     -0.3953      0.0277
0.080     -0.1678      0.1817     -0.3776      0.0396
0.081     -0.1534      0.1908     -0.3603      0.0511
0.082     -0.1393      0.1997     -0.3434      0.0624
0.083     -0.1255      0.2084     -0.3269      0.0734
0.084     -0.1121      0.2168     -0.3112      0.0844
0.085     -0.0990      0.2251     -0.2960      0.0952
0.086     -0.0862      0.2332     -0.2812      0.1058
0.087     -0.0737      0.2411     -0.2666      0.1164
0.088     -0.0615      0.2488     -0.2517      0.1267
0.089     -0.0496      0.2563     -0.2371      0.1368
0.090     -0.0379      0.2637     -0.2232      0.1466
0.091     -0.0265      0.2709     -0.2098      0.1561
0.092     -0.0153      0.2780     -0.1968      0.1653
0.093     -0.0044      0.2849     -0.1840      0.1743
0.094      0.0063      0.2916     -0.1715      0.1833
0.095      0.0168      0.2982     -0.1592      0.1921
0.096      0.0270      0.3047     -0.1472      0.2008
0.097      0.0371      0.3111     -0.1355      0.2092
0.098      0.0469      0.3173     -0.1240      0.2175
0.099      0.0566      0.3234     -0.1125      0.2257
0.100      0.0660      0.3293     -0.1011      0.2335
0.101      0.0753      0.3352     -0.0901      0.2409
0.102      0.0843      0.3409     -0.0795      0.2482
0.103      0.0932      0.3465     -0.0691      0.2553
0.104      0.1020      0.3521     -0.0589      0.2621
0.105      0.1105      0.3575     -0.0489      0.2688
0.106      0.1189      0.3628     -0.0390      0.2753
0.107      0.1272      0.3680     -0.0294      0.2821
0.108      0.1353      0.3731     -0.0199      0.2888
0.109      0.1432      0.3781     -0.0106      0.2953
0.110      0.1510      0.3830     -0.0015      0.3018
0.111      0.1587      0.3879      0.0074      0.3082
0.112      0.1662      0.3926      0.0162      0.3145
0.113      0.1736      0.3973      0.0249      0.3204
0.114      0.1808      0.4019      0.0334      0.3263
0.115      0.1880      0.4064      0.0417      0.3319
0.116      0.1950      0.4108      0.0499      0.3375
0.117      0.2019      0.4152      0.0580      0.3430
0.118      0.2086      0.4194      0.0659      0.3484
0.119      0.2153      0.4236      0.0737      0.3537
0.120      0.2218      0.4278      0.0814      0.3589
0.121      0.2283      0.4319      0.0889      0.3641
0.122      0.2346      0.4359      0.0963      0.3693
0.123      0.2409      0.4398      0.1036      0.3743
0.124      0.2470      0.4437      0.1108      0.3793
0.125      0.2530      0.4475      0.1178      0.3843
0.126      0.2590      0.4512      0.1248      0.3891
0.127      0.2648      0.4549      0.1316      0.3941
0.128      0.2706      0.4585      0.1383      0.3989
0.129      0.2762      0.4621      0.1450      0.4037
0.130      0.2818      0.4656      0.1516      0.4082
0.131      0.2873      0.4691      0.1583      0.4128
0.132      0.2927      0.4725      0.1649      0.4172
0.133      0.2980      0.4759      0.1714      0.4215
0.134      0.3033      0.4792      0.1776      0.4257
0.135      0.3084      0.4825      0.1837      0.4299
0.136      0.3135      0.4857      0.1900      0.4340
0.137      0.3185      0.4889      0.1961      0.4380
0.138      0.3235      0.4920      0.2019      0.4420
0.139      0.3284      0.4951      0.2076      0.4459
0.140      0.3332      0.4981      0.2132      0.4497
0.141      0.3379      0.5011      0.2188      0.4536
0.142      0.3426      0.5040      0.2243      0.4574
0.143      0.3472      0.5070      0.2297      0.4610
0.144      0.3517      0.5098      0.2350      0.4647
0.145      0.3562      0.5126      0.2402      0.4683
0.146      0.3606      0.5154      0.2454      0.4718
0.147      0.3650      0.5182      0.2505      0.4754
0.148      0.3693      0.5209      0.2556      0.4788
0.149      0.3735      0.5236      0.2606      0.4823
0.150      0.3777      0.5262      0.2655      0.4856
0.151      0.3818      0.5288      0.2703      0.4890
0.152      0.3859      0.5314      0.2751      0.4923
0.153      0.3899      0.5339      0.2798      0.4955
0.154      0.3939      0.5365      0.2844      0.4987
0.155      0.3978      0.5389      0.2890      0.5019
0.156      0.4017      0.5414      0.2936      0.5050
0.157      0.4055      0.5438      0.2981      0.5082
0.158      0.4093      0.5462      0.3025      0.5114
0.159      0.4130      0.5485      0.3069      0.5145
0.160      0.4167      0.5508      0.3114      0.5175
0.161      0.4203      0.5531      0.3158      0.5206
0.162      0.4239      0.5554      0.3201      0.5236
0.163      0.4274      0.5576      0.3241      0.5264
0.164      0.4309      0.5598      0.3284      0.5292
0.165      0.4344      0.5620      0.3327      0.5319
0.166      0.4378      0.5642      0.3369      0.5346
0.167      0.4412      0.5663      0.3410      0.5373
0.168      0.4445      0.5684      0.3450      0.5400
0.169      0.4478      0.5705      0.3490      0.5428
0.170      0.4510      0.5726      0.3529      0.5455
0.171      0.4543      0.5746      0.3568      0.5483
0.172      0.4574      0.5766      0.3606      0.5510
0.173      0.4606      0.5786      0.3644      0.5536
0.174      0.4637      0.5805      0.3682      0.5562
0.175      0.4668      0.5825      0.3719      0.5587
0.176      0.4698      0.5844      0.3755      0.5612
0.177      0.4728      0.5863      0.3792      0.5636
0.178      0.4758      0.5882      0.3828      0.5661
0.179      0.4787      0.5900      0.3863      0.5685
0.180      0.4816      0.5919      0.3898      0.5707
0.181      0.4845      0.5937      0.3933      0.5731
0.182      0.4873      0.5955      0.3967      0.5752
0.183      0.4901      0.5972      0.4001      0.5776
0.184      0.4929      0.5990      0.4034      0.5799
0.185      0.4956      0.6007      0.4067      0.5823
0.186      0.4984      0.6024      0.4099      0.5845
0.187      0.5011      0.6041      0.4132      0.5867
0.188      0.5037      0.6058      0.4163      0.5889
0.189      0.5063      0.6075      0.4193      0.5910
0.190      0.5089      0.6091      0.4222      0.5932
0.191      0.5115      0.6108      0.4251      0.5953
0.192      0.5141      0.6124      0.4280      0.5973
0.193      0.5166      0.6140      0.4309      0.5994
0.194      0.5191      0.6155      0.4340      0.6013
0.195      0.5216      0.6171      0.4371      0.6033
0.196      0.5240      0.6186      0.4402      0.6052
0.197      0.5264      0.6202      0.4432      0.6071
0.198      0.5288      0.6217      0.4462      0.6090
0.199      0.5312      0.6232      0.4492      0.6109
0.200      0.5336      0.6247      0.4521      0.6127
0.201      0.5359      0.6261      0.4549      0.6145
0.202      0.5382      0.6276      0.4577      0.6163
0.203      0.5405      0.6290      0.4604      0.6182
0.204      0.5427      0.6305      0.4631      0.6201
0.205      0.5450      0.6319      0.4658      0.6220
0.206      0.5472      0.6333      0.4685      0.6238
0.207      0.5494      0.6347      0.4711      0.6257
0.208      0.5515      0.6360      0.4737      0.6276
0.209      0.5537      0.6374      0.4763      0.6294
0.210      0.5558      0.6387      0.4788      0.6313
0.211      0.5579      0.6401      0.4813      0.6331
0.212      0.5600      0.6414      0.4838      0.6348
0.213      0.5621      0.6427      0.4862      0.6365
0.214      0.5641      0.6440      0.4886      0.6382
0.215      0.5662      0.6453      0.4910      0.6399
0.216      0.5682      0.6465      0.4934      0.6415
0.217      0.5702      0.6478      0.4958      0.6431
0.218      0.5722      0.6491      0.4983      0.6447
0.219      0.5741      0.6503      0.5007      0.6463
0.220      0.5761      0.6515      0.5031      0.6479
0.221      0.5780      0.6527      0.5054      0.6495
0.222      0.5799      0.6539      0.5077      0.6511
0.223      0.5818      0.6551      0.5099      0.6526
0.224      0.5837      0.6563      0.5120      0.6541
0.225      0.5855      0.6575      0.5142      0.6556
0.226      0.5873      0.6586      0.5163      0.6572
0.227      0.5892      0.6598      0.5184      0.6586
0.228      0.5910      0.6609      0.5206      0.6601
0.229      0.5928      0.6621      0.5229      0.6614
0.230      0.5945      0.6632      0.5251      0.6629
0.231      0.5963      0.6643      0.5273      0.6644
0.232      0.5980      0.6654      0.5294      0.6659
0.233      0.5998      0.6665      0.5315      0.6673
0.234      0.6015      0.6676      0.5339      0.6687
0.235      0.6032      0.6687      0.5361      0.6701
0.236      0.6049      0.6697      0.5381      0.6714
0.237      0.6066      0.6708      0.5401      0.6723
0.238      0.6082      0.6718      0.5419      0.6728
0.239      0.6099      0.6729      0.5438      0.6736
0.240      0.6115      0.6739      0.5459      0.6741
0.241      0.6131      0.6749      0.5478      0.6753
0.242      0.6147      0.6759      0.5496      0.6764
0.243      0.6163      0.6769      0.5519      0.6776
0.244      0.6179      0.6779      0.5543      0.6784
0.245      0.6194      0.6789      0.5576      0.6788
0.246      0.6210      0.6799      0.5599      0.6800
0.247      0.6225      0.6809      0.5617      0.6809
0.248      0.6241      0.6818      0.5651      0.6815
0.249      0.6256      0.6828      0.5675      0.6824
0.250      0.6271      0.6837      0.5695      0.6824
0.251      0.6286      0.6847      0.5724      0.6832
0.252      0.6300      0.6856      0.5751      0.6832
0.253      0.6315      0.6865      0.5773      0.6831
0.254      0.6330      0.6875      0.5791      0.6827
0.255      0.6344      0.6884      0.5819      0.6835
0.256      0.6358      0.6893      0.5845      0.6846
0.257      0.6373      0.6902      0.5873      0.6846
0.258      0.6377      0.6911      0.5886      0.6842
0.259      0.6372      0.6920      0.5883      0.6826
0.260      0.6367      0.6928      0.5896      0.6818
0.261      0.6362      0.6937      0.5894      0.6810
0.262      0.6357      0.6946      0.5896      0.6798
0.263      0.6352      0.6954      0.5892      0.6779
0.264      0.6347      0.6956      0.5890      0.6780
0.265      0.6343      0.6949      0.5888      0.6775
0.266      0.6338      0.6941      0.5875      0.6774
0.267      0.6333      0.6934      0.5863      0.6764
0.268      0.6328      0.6927      0.5856      0.6767
0.269      0.6323      0.6920      0.5837      0.6768
0.270      0.6318      0.6912      0.5836      0.6764
0.271      0.6313      0.6905      0.5830      0.6765
0.272      0.6308      0.6898      0.5821      0.6768
0.273      0.6303      0.6891      0.5812      0.6766
0.274      0.6298      0.6883      0.5807      0.6768
0.275      0.6293      0.6876      0.5802      0.6764
0.276      0.6287      0.6868      0.5797      0.6764
0.277      0.6282      0.6861      0.5791      0.6759
0.278      0.6277      0.6853      0.5774      0.6761
0.279      0.6272      0.6846      0.5770      0.6755
0.280      0.6267      0.6839      0.5765      0.6758
0.281      0.6262      0.6831      0.5760      0.6759
0.282      0.6257      0.6824      0.5748      0.6754
0.283      0.6252      0.6816      0.5742      0.6751
0.284      0.6246      0.6808      0.5736      0.6748
0.285      0.6241      0.6801      0.5730      0.6739
0.286      0.6236      0.6793      0.5722      0.6741
0.287      0.6231      0.6786      0.5703      0.6736
0.288      0.6225      0.6778      0.5699      0.6731
0.289      0.6220      0.6770      0.5694      0.6726
0.290      0.6215      0.6763      0.5690      0.6721
0.291      0.6210      0.6755      0.5680      0.6716
0.292      0.6204      0.6747      0.5674      0.6711
0.293      0.6199      0.6739      0.5668      0.6706
0.294      0.6194      0.6732      0.5663      0.6700
0.295      0.6188      0.6724      0.5657      0.6695
0.296      0.6183      0.6716      0.5651      0.6689
0.297      0.6178      0.6708      0.5646      0.6684
0.298      0.6172      0.6700      0.5640      0.6678
0.299      0.6167      0.6692      0.5634      0.6674
0.300      0.6161      0.6684      0.5628      0.6670
0.301      0.6156      0.6676      0.5623      0.6666
0.302      0.6150      0.6668      0.5617      0.6662
0.303      0.6145      0.6660      0.5611      0.6658
0.304      0.6139      0.6652      0.5605      0.6654
0.305      0.6134      0.6644      0.5599      0.6648
0.306      0.6128      0.6636      0.5593      0.6643
0.307      0.6123      0.6628      0.5587      0.6637
0.308      0.6117      0.6620      0.5581      0.6631
0.309      0.6112      0.6612      0.5576      0.6625
0.310      0.6106      0.6604      0.5570      0.6619
0.311      0.6101      0.6596      0.5564      0.6614
0.312      0.6095      0.6588      0.5558      0.6609
0.313      0.6089      0.6579      0.5552      0.6605
0.314      0.6084      0.6571      0.5547      0.6601
0.315      0.6078      0.6563      0.5540      0.6597
0.316      0.6072      0.6555      0.5534      0.6592
0.317      0.6067      0.6546      0.5527      0.6585
0.318      0.6061      0.6538      0.5521      0.6578
0.319      0.6055      0.6529      0.5515      0.6571
0.320      0.6049      0.6521      0.5509      0.6565
0.321      0.6044      0.6513      0.5503      0.6558
0.322      0.6038      0.6504      0.5497      0.6554
0.323      0.6032      0.6496      0.5491      0.6550
0.324      0.6026      0.6487      0.5484      0.6545
0.325      0.6020      0.6479      0.5478      0.6541
0.326      0.6014      0.6470      0.5472      0.6534
0.327      0.6009      0.6462      0.5466      0.6528
0.328      0.6003      0.6453      0.5460      0.6522
0.329      0.5997      0.6444      0.5454      0.6515
0.330      0.5991      0.6436      0.5447      0.6509
0.331      0.5985      0.6427      0.5439      0.6502
0.332      0.5979      0.6418      0.5431      0.6496
0.333      0.5973      0.6410      0.5422      0.6491
0.334      0.5967      0.6401      0.5415      0.6487
0.335      0.5961      0.6392      0.5409      0.6483
0.336      0.5955      0.6383      0.5402      0.6479
0.337      0.5949      0.6375      0.5396      0.6473
0.338      0.5943      0.6366      0.5389      0.6468
0.339      0.5937      0.6357      0.5383      0.6463
0.340      0.5931      0.6348      0.5376      0.6459
0.341      0.5924      0.6339      0.5370      0.6455
0.342      0.5918      0.6330      0.5363      0.6451
0.343      0.5912      0.6321      0.5356      0.6447
0.344      0.5906      0.6312      0.5349      0.6441
0.345      0.5900      0.6303      0.5341      0.6435
0.346      0.5894      0.6294      0.5333      0.6429
0.347      0.5887      0.6285      0.5325      0.6423
0.348      0.5881      0.6276      0.5318      0.6417
0.349      0.5875      0.6267      0.5310      0.6410
0.350      0.5868      0.6257      0.5302      0.6405
0.351      0.5862      0.6248      0.5294      0.6399
0.352      0.5856      0.6239      0.5286      0.6393
0.353      0.5849      0.6230      0.5279      0.6387
0.354      0.5843      0.6220      0.5271      0.6380
0.355      0.5837      0.6211      0.5263      0.6374
0.356      0.5830      0.6202      0.5255      0.6367
0.357      0.5824      0.6192      0.5247      0.6361
0.358      0.5817      0.6183      0.5241      0.6354
0.359      0.5811      0.6173      0.5235      0.6347
0.360      0.5804      0.6164      0.5228      0.6341
0.361      0.5798      0.6154      0.5220      0.6334
0.362      0.5791      0.6145      0.5212      0.6328
0.363      0.5785      0.6135      0.5207      0.6323
0.364      0.5778      0.6126      0.5201      0.6317
0.365      0.5772      0.6116      0.5196      0.6312
0.366      0.5765      0.6107      0.5188      0.6306
0.367      0.5758      0.6097      0.5179      0.6301
0.368      0.5752      0.6087      0.5171      0.6295
0.369      0.5745      0.6077      0.5163      0.6289
0.370      0.5738      0.6068      0.5156      0.6284
0.371      0.5732      0.6058      0.5149      0.6278
0.372      0.5725      0.6048      0.5141      0.6273
0.373      0.5718      0.6038      0.5134      0.6268
0.374      0.5711      0.6028      0.5127      0.6263
0.375      0.5705      0.6018      0.5120      0.6257
0.376      0.5698      0.6008      0.5111      0.6250
0.377      0.5691      0.5998      0.5103      0.6244
0.378      0.5684      0.5988      0.5095      0.6237
0.379      0.5677      0.5978      0.5087      0.6230
0.380      0.5670      0.5968      0.5079      0.6223
0.381      0.5663      0.5958      0.5070      0.6218
0.382      0.5656      0.5948      0.5063      0.6213
0.383      0.5649      0.5938      0.5056      0.6207
0.384      0.5642      0.5927      0.5049      0.6202
0.385      0.5635      0.5917      0.5043      0.6196
0.386      0.5628      0.5907      0.5036      0.6191
0.387      0.5621      0.5897      0.5028      0.6186
0.388      0.5614      0.5886      0.5021      0.6178
0.389      0.5607      0.5876      0.5011      0.6171
0.390      0.5600      0.5865      0.5002      0.6163
0.391      0.5593      0.5855      0.4993      0.6156
0.392      0.5585      0.5844      0.4985      0.6148
0.393      0.5578      0.5834      0.4977      0.6141
0.394      0.5571      0.5823      0.4969      0.6133
0.395      0.5564      0.5813      0.4961      0.6125
0.396      0.5556      0.5802      0.4954      0.6118
0.397      0.5549      0.5791      0.4946      0.6110
0.398      0.5542      0.5781      0.4937      0.6102
0.399      0.5534      0.5770      0.4928      0.6095
0.400      0.5527      0.5759      0.4920      0.6089
0.401      0.5519      0.5748      0.4911      0.6083
0.402      0.5512      0.5738      0.4902      0.6078
0.403      0.5505      0.5727      0.4893      0.6072
0.404      0.5497      0.5716      0.4884      0.6067
0.405      0.5490      0.5705      0.4875      0.6061
0.406      0.5482      0.5694      0.4866      0.6055
0.407      0.5474      0.5683      0.4857      0.6049
0.408      0.5467      0.5672      0.4848      0.6043
0.409      0.5459      0.5661      0.4841      0.6035
0.410      0.5452      0.5649      0.4833      0.6028
0.411      0.5444      0.5638      0.4826      0.6020
0.412      0.5436      0.5627      0.4819      0.6013
0.413      0.5429      0.5616      0.4811      0.6005
0.414      0.5421      0.5605      0.4804      0.6000
0.415      0.5413      0.5593      0.4796      0.5995
0.416      0.5405      0.5582      0.4789      0.5988
0.417      0.5397      0.5570      0.4781      0.5981
0.418      0.5390      0.5559      0.4773      0.5973
0.419      0.5382      0.5547      0.4765      0.5966
0.420      0.5374      0.5536      0.4757      0.5959
0.421      0.5366      0.5524      0.4748      0.5951
0.422      0.5358      0.5513      0.4740      0.5944
0.423      0.5350      0.5501      0.4731      0.5936
0.424      0.5342      0.5489      0.4723      0.5929
0.425      0.5334      0.5478      0.4713      0.5921
0.426      0.5326      0.5466      0.4704      0.5913
0.427      0.5318      0.5454      0.4694      0.5906
0.428      0.5309      0.5442      0.4685      0.5898
0.429      0.5301      0.5430      0.4677      0.5890
0.430      0.5293      0.5418      0.4670      0.5884
0.431      0.5285      0.5406      0.4660      0.5879
0.432      0.5277      0.5394      0.4650      0.5874
0.433      0.5268      0.5382      0.4640      0.5867
0.434      0.5260      0.5370      0.4629      0.5858
0.435      0.5252      0.5358      0.4619      0.5850
0.436      0.5243      0.5346      0.4608      0.5843
0.437      0.5235      0.5334      0.4600      0.5836
0.438      0.5227      0.5321      0.4592      0.5830
0.439      0.5218      0.5309      0.4582      0.5822
0.440      0.5210      0.5297      0.4571      0.5814
0.441      0.5201      0.5284      0.4561      0.5805
0.442      0.5193      0.5272      0.4551      0.5796
0.443      0.5184      0.5259      0.4541      0.5788
0.444      0.5175      0.5247      0.4530      0.5781
0.445      0.5167      0.5234      0.4520      0.5774
0.446      0.5158      0.5222      0.4509      0.5767
0.447      0.5149      0.5209      0.4499      0.5761
0.448      0.5141      0.5196      0.4489      0.5754
0.449      0.5132      0.5183      0.4480      0.5747
0.450      0.5123      0.5171      0.4470      0.5739
0.451      0.5114      0.5158      0.4459      0.5730
0.452      0.5105      0.5145      0.4448      0.5720
0.453      0.5097      0.5132      0.4436      0.5713
0.454      0.5088      0.5119      0.4425      0.5706
0.455      0.5079      0.5106      0.4414      0.5699
0.456      0.5070      0.5093      0.4403      0.5691
0.457      0.5061      0.5079      0.4392      0.5684
0.458      0.5052      0.5066      0.4381      0.5677
0.459      0.5043      0.5053      0.4370      0.5669
0.460      0.5033      0.5040      0.4359      0.5662
0.461      0.5024      0.5026      0.4348      0.5654
0.462      0.5015      0.5013      0.4337      0.5647
0.463      0.5006      0.4999      0.4326      0.5639
0.464      0.4997      0.4986      0.4315      0.5632
0.465      0.4987      0.4972      0.4304      0.5624
0.466      0.4978      0.4959      0.4293      0.5617
0.467      0.4969      0.4945      0.4282      0.5609
0.468      0.4959      0.4931      0.4270      0.5602
0.469      0.4950      0.4918      0.4259      0.5594
0.470      0.4940      0.4904      0.4248      0.5586
0.471      0.4931      0.4890      0.4236      0.5578
0.472      0.4921      0.4876      0.4225      0.5572
0.473      0.4912      0.4862      0.4214      0.5566
0.474      0.4902      0.4848      0.4203      0.5558
0.475      0.4892      0.4834      0.4191      0.5550
0.476      0.4883      0.4820      0.4180      0.5542
0.477      0.4873      0.4806      0.4169      0.5534
0.478      0.4863      0.4792      0.4157      0.5526
0.479      0.4854      0.4777      0.4145      0.5517
0.480      0.4844      0.4763      0.4133      0.5509
0.481      0.4834      0.4749      0.4120      0.5501
0.482      0.4824      0.4734      0.4107      0.5493
0.483      0.4814      0.4720      0.4095      0.5485
0.484      0.4804      0.4705      0.4083      0.5478
0.485      0.4794      0.4690      0.4071      0.5470
0.486      0.4784      0.4676      0.4059      0.5462
0.487      0.4774      0.4661      0.4046      0.5455
0.488      0.4764      0.4646      0.4034      0.5447
0.489      0.4753      0.4631      0.4022      0.5439
0.490      0.4743      0.4616      0.4010      0.5432
0.491      0.4733      0.4601      0.3997      0.5427
0.492      0.4723      0.4586      0.3984      0.5421
0.493      0.4712      0.4571      0.3971      0.5415
0.494      0.4702      0.4556      0.3957      0.5410
0.495      0.4691      0.4541      0.3944      0.5404
0.496      0.4681      0.4526      0.3930      0.5396
0.497      0.4670      0.4510      0.3917      0.5387
0.498      0.4660      0.4495      0.3903      0.5379
0.499      0.4649      0.4480      0.3890      0.5371
0.500      0.4639      0.4464      0.3877      0.5361
0.501      0.4628      0.4448      0.3864      0.5354
0.502      0.4617      0.4433      0.3852      0.5345
0.503      0.4607      0.4417      0.3840      0.5337
0.504      0.4596      0.4401      0.3828      0.5328
0.505      0.4585      0.4386      0.3815      0.5319
0.506      0.4574      0.4370      0.3803      0.5311
0.507      0.4563      0.4354      0.3791      0.5302
0.508      0.4552      0.4338      0.3777      0.5293
0.509      0.4541      0.4322      0.3763      0.5284
0.510      0.4530      0.4305      0.3748      0.5276
0.511      0.4519      0.4289      0.3734      0.5267
0.512      0.4508      0.4273      0.3720      0.5258
0.513      0.4496      0.4257      0.3706      0.5249
0.514      0.4485      0.4240      0.3692      0.5240
0.515      0.4474      0.4224      0.3677      0.5231
0.516      0.4463      0.4207      0.3664      0.5222
0.517      0.4451      0.4191      0.3650      0.5213
0.518      0.4440      0.4174      0.3635      0.5203
0.519      0.4428      0.4157      0.3620      0.5194
0.520      0.4417      0.4140      0.3606      0.5184
0.521      0.4405      0.4123      0.3591      0.5175
0.522      0.4393      0.4106      0.3576      0.5166
0.523      0.4382      0.4089      0.3562      0.5157
0.524      0.4370      0.4072      0.3550      0.5148
0.525      0.4358      0.4055      0.3537      0.5139
0.526      0.4346      0.4038      0.3524      0.5130
0.527      0.4335      0.4020      0.3510      0.5120
0.528      0.4323      0.4003      0.3495      0.5111
0.529      0.4311      0.3986      0.3480      0.5101
0.530      0.4299      0.3968      0.3465      0.5092
0.531      0.4286      0.3950      0.3449      0.5082
0.532      0.4274      0.3933      0.3434      0.5072
0.533      0.4262      0.3915      0.3418      0.5063
0.534      0.4250      0.3897      0.3403      0.5053
0.535      0.4238      0.3879      0.3387      0.5043
0.536      0.4225      0.3861      0.3372      0.5033
0.537      0.4213      0.3843      0.3356      0.5022
0.538      0.4200      0.3825      0.3340      0.5011
0.539      0.4188      0.3807      0.3324      0.5000
0.540      0.4175      0.3788      0.3308      0.4989
0.541      0.4163      0.3770      0.3293      0.4978
0.542      0.4150      0.3751      0.3277      0.4970
0.543      0.4137      0.3733      0.3262      0.4959
0.544      0.4125      0.3714      0.3247      0.4948
0.545      0.4112      0.3696      0.3232      0.4939
0.546      0.4099      0.3677      0.3215      0.4931
0.547      0.4086      0.3658      0.3199      0.4922
0.548      0.4073      0.3639      0.3183      0.4912
0.549      0.4060      0.3620      0.3166      0.4902
0.550      0.4047      0.3601      0.3150      0.4891
0.551      0.4033      0.3581      0.3134      0.4881
0.552      0.4020      0.3562      0.3118      0.4870
0.553      0.4007      0.3543      0.3103      0.4860
0.554      0.3993      0.3523      0.3087      0.4849
0.555      0.3980      0.3504      0.3071      0.4839
0.556      0.3967      0.3484      0.3056      0.4829
0.557      0.3953      0.3464      0.3042      0.4820
0.558      0.3939      0.3444      0.3026      0.4810
0.559      0.3926      0.3424      0.3010      0.4800
0.560      0.3912      0.3404      0.2994      0.4791
0.561      0.3898      0.3384      0.2977      0.4781
0.562      0.3884      0.3364      0.2961      0.4771
0.563      0.3870      0.3344      0.2944      0.4761
0.564      0.3856      0.3323      0.2927      0.4751
0.565      0.3842      0.3303      0.2911      0.4741
0.566      0.3828      0.3282      0.2894      0.4731
0.567      0.3814      0.3262      0.2877      0.4721
0.568      0.3800      0.3241      0.2860      0.4711
0.569      0.3786      0.3220      0.2843      0.4701
0.570      0.3771      0.3199      0.2824      0.4688
0.571      0.3757      0.3178      0.2806      0.4675
0.572      0.3742      0.3157      0.2788      0.4661
0.573      0.3728      0.3136      0.2771      0.4648
0.574      0.3713      0.3114      0.2754      0.4638
0.575      0.3698      0.3093      0.2736      0.4628
0.576      0.3684      0.3071      0.2719      0.4618
0.577      0.3669      0.3049      0.2701      0.4608
0.578      0.3654      0.3028      0.2683      0.4599
0.579      0.3639      0.3006      0.2665      0.4589
0.580      0.3624      0.2984      0.2648      0.4576
0.581      0.3609      0.2962      0.2632      0.4563
0.582      0.3593      0.2940      0.2614      0.4551
0.583      0.3578      0.2917      0.2595      0.4541
0.584      0.3563      0.2895      0.2577      0.4528
0.585      0.3547      0.2872      0.2559      0.4515
0.586      0.3532      0.2850      0.2540      0.4502
0.587      0.3516      0.2827      0.2522      0.4489
0.588      0.3500      0.2804      0.2503      0.4475
0.589      0.3485      0.2781      0.2484      0.4462
0.590      0.3469      0.2758      0.2465      0.4449
0.591      0.3453      0.2735      0.2446      0.4435
0.592      0.3437      0.2712      0.2427      0.4422
0.593      0.3421      0.2688      0.2408      0.4408
0.594      0.3405      0.2665      0.2389      0.4395
0.595      0.3389      0.2641      0.2370      0.4381
0.596      0.3372      0.2617      0.2350      0.4370
0.597      0.3356      0.2594      0.2331      0.4358
0.598      0.3340      0.2570      0.2311      0.4347
0.599      0.3323      0.2546      0.2291      0.4335
0.600      0.3306      0.2521      0.2271      0.4323
0.601      0.3290      0.2497      0.2252      0.4311
0.602      0.3273      0.2473      0.2232      0.4299
0.603      0.3256      0.2448      0.2211      0.4287
0.604      0.3239      0.2423      0.2191      0.4275
0.605      0.3222      0.2398      0.2171      0.4263
0.606      0.3205      0.2373      0.2150      0.4251
0.607      0.3188      0.2348      0.2130      0.4239
0.608      0.3171      0.2323      0.2109      0.4227
0.609      0.3153      0.2298      0.2089      0.4215
0.610      0.3136      0.2272      0.2068      0.4202
0.611      0.3118      0.2247      0.2047      0.4190
0.612      0.3100      0.2221      0.2026      0.4177
0.613      0.3083      0.2195      0.2005      0.4165
0.614      0.3065      0.2169      0.1984      0.4152
0.615      0.3047      0.2143      0.1962      0.4139
0.616      0.3029      0.2117      0.1940      0.4127
0.617      0.3011      0.2090      0.1919      0.4114
0.618      0.2993      0.2064      0.1896      0.4101
0.619      0.2974      0.2037      0.1871      0.4088
0.620      0.2956      0.2010      0.1847      0.4073
0.621      0.2937      0.1983      0.1823      0.4058
0.622      0.2919      0.1956      0.1800      0.4042
0.623      0.2900      0.1929      0.1776      0.4027
0.624      0.2881      0.1901      0.1753      0.4012
0.625      0.2862      0.1874      0.1731      0.3999
0.626      0.2843      0.1846      0.1709      0.3985
0.627      0.2824      0.1818      0.1687      0.3972
0.628      0.2805      0.1790      0.1665      0.3958
0.629      0.2786      0.1762      0.1643      0.3943
0.630      0.2766      0.1734      0.1620      0.3926
0.631      0.2747      0.1705      0.1598      0.3909
0.632      0.2727      0.1677      0.1575      0.3893
0.633      0.2707      0.1648      0.1552      0.3880
0.634      0.2688      0.1619      0.1530      0.3866
0.635      0.2668      0.1590      0.1507      0.3853
0.636      0.2648      0.1561      0.1483      0.3839
0.637      0.2627      0.1531      0.1460      0.3825
0.638      0.2607      0.1502      0.1437      0.3811
0.639      0.2587      0.1472      0.1413      0.3795
0.640      0.2566      0.1442      0.1389      0.3780
0.641      0.2546      0.1412      0.1364      0.3764
0.642      0.2525      0.1382      0.1339      0.3749
0.643      0.2504      0.1351      0.1315      0.3733
0.644      0.2483      0.1321      0.1290      0.3717
0.645      0.2462      0.1290      0.1264      0.3701
0.646      0.2441      0.1259      0.1239      0.3685
0.647      0.2420      0.1228      0.1214      0.3669
0.648      0.2398      0.1197      0.1188      0.3652
0.649      0.2377      0.1165      0.1162      0.3636
0.650      0.2355      0.1134      0.1137      0.3619
0.651      0.2333      0.1102      0.1110      0.3603
0.652      0.2311      0.1070      0.1082      0.3586
0.653      0.2289      0.1038      0.1054      0.3570
0.654      0.2267      0.1005      0.1026      0.3553
0.655      0.2245      0.0973      0.0998      0.3536
0.656      0.2222      0.0940      0.0969      0.3519
0.657      0.2199      0.0907      0.0940      0.3502
0.658      0.2177      0.0874      0.0912      0.3484
0.659      0.2154      0.0841      0.0882      0.3467
0.660      0.2131      0.0807      0.0853      0.3450
0.661      0.2108      0.0773      0.0824      0.3432
0.662      0.2085      0.0739      0.0795      0.3414
0.663      0.2061      0.0705      0.0768      0.3397
0.664      0.2038      0.0671      0.0741      0.3379
0.665      0.2014      0.0637      0.0713      0.3361
0.666      0.1990      0.0602      0.0686      0.3343
0.667      0.1966      0.0567      0.0658      0.3325
0.668      0.1942      0.0532      0.0631      0.3306
0.669      0.1918      0.0496      0.0603      0.3288
0.670      0.1893      0.0461      0.0575      0.3269
0.671      0.1869      0.0425      0.0542      0.3251
0.672      0.1844      0.0389      0.0509      0.3232
0.673      0.1819      0.0353      0.0477      0.3213
0.674      0.1794      0.0316      0.0447      0.3194
0.675      0.1769      0.0280      0.0418      0.3175
0.676      0.1744      0.0243      0.0388      0.3156
0.677      0.1718      0.0206      0.0359      0.3137
0.678      0.1693      0.0168      0.0329      0.3117
0.679      0.1667      0.0131      0.0299      0.3098
0.680      0.1641      0.0093      0.0268      0.3078
0.681      0.1615      0.0055      0.0238      0.3058
0.682      0.1589      0.0017      0.0207      0.3039
0.683      0.1562     -0.0022      0.0176      0.3021
0.684      0.1536     -0.0061      0.0145      0.3002
0.685      0.1509     -0.0100      0.0114      0.2983
0.686      0.1482     -0.0139      0.0082      0.2965
0.687      0.1455     -0.0179      0.0051      0.2946
0.688      0.1428     -0.0218      0.0018      0.2926
0.689      0.1400     -0.0259     -0.0017      0.2905
0.690      0.1373     -0.0299     -0.0051      0.2884
0.691      0.1345     -0.0339     -0.0086      0.2863
0.692      0.1317     -0.0380     -0.0121      0.2841
0.693      0.1289     -0.0421     -0.0157      0.2820
0.694      0.1260     -0.0463     -0.0192      0.2798
0.695      0.1232     -0.0504     -0.0228      0.2777
0.696      0.1203     -0.0546     -0.0264      0.2755
0.697      0.1174     -0.0588     -0.0300      0.2733
0.698      0.1145     -0.0631     -0.0336      0.2711
0.699      0.1116     -0.0674     -0.0373      0.2688
0.700      0.1086     -0.0717     -0.0410      0.2666
0.701      0.1056     -0.0760     -0.0447      0.2642
0.702      0.1026     -0.0804     -0.0484      0.2618
0.703      0.0996     -0.0847     -0.0522      0.2594
0.704      0.0966     -0.0892     -0.0560      0.2570
0.705      0.0935     -0.0936     -0.0595      0.2545
0.706      0.0905     -0.0981     -0.0630      0.2520
0.707      0.0874     -0.1026     -0.0665      0.2496
0.708      0.0843     -0.1071     -0.0701      0.2472
0.709      0.0811     -0.1117     -0.0736      0.2448
0.710      0.0780     -0.1163     -0.0772      0.2424
0.711      0.0748     -0.1210     -0.0810      0.2400
0.712      0.0716     -0.1256     -0.0850      0.2376
0.713      0.0684     -0.1303     -0.0889      0.2351
0.714      0.0651     -0.1351     -0.0929      0.2326
0.715      0.0619     -0.1398     -0.0970      0.2300
0.716      0.0586     -0.1446     -0.1010      0.2273
0.717      0.0552     -0.1495     -0.1051      0.2247
0.718      0.0519     -0.1543     -0.1090      0.2221
0.719      0.0485     -0.1592     -0.1128      0.2194
0.720      0.0452     -0.1642     -0.1167      0.2167
0.721      0.0418     -0.1691     -0.1207      0.2144
0.722      0.0383     -0.1742     -0.1246      0.2121
0.723      0.0349     -0.1792     -0.1286      0.2097
0.724      0.0314     -0.1843     -0.1326      0.2071
0.725      0.0279     -0.1894     -0.1367      0.2044
0.726      0.0243     -0.1946     -0.1407      0.2017
0.727      0.0208     -0.1998     -0.1448      0.1989
0.728      0.0172     -0.2050     -0.1490      0.1960
0.729      0.0136     -0.2103     -0.1533      0.1931
0.730      0.0099     -0.2156     -0.1577      0.1901
0.731      0.0062     -0.2209     -0.1621      0.1872
0.732      0.0026     -0.2263     -0.1666      0.1842
0.733     -0.0012     -0.2317     -0.1711      0.1812
0.734     -0.0049     -0.2372     -0.1756      0.1782
0.735     -0.0087     -0.2427     -0.1803      0.1752
0.736     -0.0125     -0.2483     -0.1850      0.1721
0.737     -0.0164     -0.2539     -0.1898      0.1690
0.738     -0.0202     -0.2595     -0.1946      0.1659
0.739     -0.0241     -0.2652     -0.1992      0.1628
0.740     -0.0280     -0.2709     -0.2039      0.1596
0.741     -0.0320     -0.2767     -0.2086      0.1565
0.742     -0.0360     -0.2825     -0.2133      0.1536
0.743     -0.0400     -0.2884     -0.2181      0.1507
0.744     -0.0441     -0.2943     -0.2233      0.1478
0.745     -0.0481     -0.3002     -0.2284      0.1450
0.746     -0.0522     -0.3062     -0.2336      0.1421
0.747     -0.0564     -0.3123     -0.2389      0.1392
0.748     -0.0606     -0.3184     -0.2439      0.1362
0.749     -0.0648     -0.3245     -0.2488      0.1333
0.750     -0.0690     -0.3307     -0.2537      0.1303
0.751     -0.0733     -0.3369     -0.2587      0.1273
0.752     -0.0776     -0.3432     -0.2637      0.1243
0.753     -0.0820     -0.3496     -0.2687      0.1211
0.754     -0.0864     -0.3560     -0.2738      0.1178
0.755     -0.0908     -0.3624     -0.2790      0.1144
0.756     -0.0952     -0.3689     -0.2842      0.1110
0.757     -0.0997     -0.3755     -0.2897      0.1076
0.758     -0.1043     -0.3821     -0.2951      0.1042
0.759     -0.1088     -0.3887     -0.3006      0.1007
0.760     -0.1134     -0.3955     -0.3061      0.0970
0.761     -0.1181     -0.4022     -0.3117      0.0934
0.762     -0.1228     -0.4091     -0.3174      0.0897
0.763     -0.1275     -0.4159     -0.3231      0.0859
0.764     -0.1323     -0.4229     -0.3288      0.0822
0.765     -0.1371     -0.4299     -0.3346      0.0784
0.766     -0.1419     -0.4370     -0.3404      0.0745
0.767     -0.1468     -0.4441     -0.3463      0.0707
0.768     -0.1517     -0.4513     -0.3522      0.0669
0.769     -0.1567     -0.4585     -0.3582      0.0634
0.770     -0.1617     -0.4658     -0.3642      0.0599
0.771     -0.1668     -0.4732     -0.3704      0.0563
0.772     -0.1719     -0.4807     -0.3767      0.0524
0.773     -0.1770     -0.4882     -0.3831      0.0484
0.774     -0.1822     -0.4957     -0.3895      0.0444
0.775     -0.1875     -0.5034     -0.3960      0.0404
0.776     -0.1927     -0.5111     -0.4025      0.0363
0.777     -0.1981     -0.5189     -0.4091      0.0322
0.778     -0.2035     -0.5267     -0.4158      0.0281
0.779     -0.2089     -0.5346     -0.4225      0.0239
0.780     -0.2144     -0.5426     -0.4293      0.0196
0.781     -0.2199     -0.5507     -0.4362      0.0154
0.782     -0.2255     -0.5588     -0.4431      0.0111
0.783     -0.2311     -0.5670     -0.4499      0.0070
0.784     -0.2368     -0.5753     -0.4566      0.0029
0.785     -0.2425     -0.5837     -0.4634     -0.0013
0.786     -0.2483     -0.5921     -0.4702     -0.0055
0.787     -0.2542     -0.6007     -0.4771     -0.0097
0.788     -0.2601     -0.6093     -0.4841     -0.0142
0.789     -0.2660     -0.6180     -0.4915     -0.0188
0.790     -0.2720     -0.6267     -0.4986     -0.0233
0.791     -0.2781     -0.6356     -0.5057     -0.0280
0.792     -0.2842     -0.6445     -0.5128     -0.0326
0.793     -0.2904     -0.6535     -0.5200     -0.0374
0.794     -0.2967     -0.6627     -0.5276     -0.0421
0.795     -0.3030     -0.6719     -0.5354     -0.0469
0.796     -0.3094     -0.6812     -0.5434     -0.0518
0.797     -0.3158     -0.6905     -0.5516     -0.0567
0.798     -0.3223     -0.7000     -0.5595     -0.0616
0.799     -0.3289     -0.7096     -0.5673     -0.0666
0.800     -0.3355     -0.7192     -0.5751     -0.0717
0.801     -0.3422     -0.7290     -0.5832     -0.0768
0.802     -0.3489     -0.7389     -0.5916     -0.0819
0.803     -0.3558     -0.7488     -0.6002     -0.0871
0.804     -0.3627     -0.7589     -0.6088     -0.0924
0.805     -0.3696     -0.7691     -0.6174     -0.0977
0.806     -0.3767     -0.7793     -0.6258     -0.1031
0.807     -0.3838     -0.7897     -0.6344     -0.1085
0.808     -0.3910     -0.8002     -0.6429     -0.1139
0.809     -0.3983     -0.8108     -0.6516     -0.1195
0.810     -0.4056     -0.8215     -0.6604     -0.1251
0.811     -0.4130     -0.8323     -0.6695     -0.1307
0.812     -0.4205     -0.8433     -0.6786     -0.1364
0.813     -0.4281     -0.8543     -0.6878     -0.1422
0.814     -0.4358     -0.8655     -0.6972     -0.1480
0.815     -0.4435     -0.8768     -0.7066     -0.1539
0.816     -0.4513     -0.8882     -0.7162     -0.1599
0.817     -0.4592     -0.8997     -0.7258     -0.1659
0.818     -0.4672     -0.9114     -0.7356     -0.1720
0.819     -0.4753     -0.9232     -0.7454     -0.1782
0.820     -0.4835     -0.9351     -0.7554     -0.1844
0.821     -0.4918     -0.9472     -0.7655     -0.1907
0.822     -0.5001     -0.9594     -0.7757     -0.1971
0.823     -0.5086     -0.9717     -0.7859     -0.2035
0.824     -0.5172     -0.9842     -0.7962     -0.2100
0.825     -0.5258     -0.9968     -0.8066     -0.2165
0.826     -0.5346     -1.0095     -0.8171     -0.2229
0.827     -0.5434     -1.0224     -0.8278     -0.2294
0.828     -0.5524     -1.0355     -0.8385     -0.2359
0.829     -0.5614     -1.0487     -0.8494     -0.2427
0.830     -0.5706     -1.0621     -0.8605     -0.2496
0.831     -0.5799     -1.0756     -0.8716     -0.2567
0.832     -0.5892     -1.0893     -0.8827     -0.2638
0.833     -0.5987     -1.1031     -0.8940     -0.2710
0.834     -0.6084     -1.1172     -0.9057     -0.2783
0.835     -0.6181     -1.1313     -0.9176     -0.2857
0.836     -0.6279     -1.1457     -0.9297     -0.2932
0.837     -0.6379     -1.1602     -0.9418     -0.3007
0.838     -0.6480     -1.1750     -0.9542     -0.3084
0.839     -0.6582     -1.1899     -0.9667     -0.3161
0.840     -0.6685     -1.2049     -0.9793     -0.3240
0.841     -0.6790     -1.2202     -0.9921     -0.3319
0.842     -0.6896     -1.2357     -1.0051     -0.3399
0.843     -0.7004     -1.2513     -1.0182     -0.3479
0.844     -0.7112     -1.2672     -1.0316     -0.3560
0.845     -0.7223     -1.2833     -1.0450     -0.3643
0.846     -0.7334     -1.2995     -1.0587     -0.3726
0.847     -0.7447     -1.3160     -1.0725     -0.3810
0.848     -0.7562     -1.3327     -1.0865     -0.3896
0.849     -0.7678     -1.3497     -1.1007     -0.3983
0.850     -0.7796     -1.3668     -1.1151     -0.4071
0.851     -0.7915     -1.3842     -1.1297     -0.4160
0.852     -0.8036     -1.4018     -1.1445     -0.4250
0.853     -0.8158     -1.4197     -1.1594     -0.4341
0.854     -0.8282     -1.4378     -1.1746     -0.4434
0.855     -0.8408     -1.4562     -1.1900     -0.4528
0.856     -0.8536     -1.4748     -1.2056     -0.4624
0.857     -0.8665     -1.4936     -1.2215     -0.4720
0.858     -0.8796     -1.5128     -1.2371     -0.4818
0.859     -0.8930     -1.5322     -1.2529     -0.4918
0.860     -0.9065     -1.5519     -1.2690     -0.5019
0.861     -0.9201     -1.5718     -1.2858     -0.5123
0.862     -0.9340     -1.5921     -1.3031     -0.5228
0.863     -0.9481     -1.6126     -1.3206     -0.5336
0.864     -0.9624     -1.6335     -1.3384     -0.5445
0.865     -0.9769     -1.6546     -1.3565     -0.5555
0.866     -0.9917     -1.6761     -1.3745     -0.5667
0.867     -1.0066     -1.6979     -1.3928     -0.5781
0.868     -1.0218     -1.7201     -1.4114     -0.5896
0.869     -1.0372     -1.7425     -1.4302     -0.6014
0.870     -1.0529     -1.7653     -1.4493     -0.6133
0.871     -1.0687     -1.7885     -1.4688     -0.6256
0.872     -1.0849     -1.8120     -1.4885     -0.6382
0.873     -1.1013     -1.8359     -1.5086     -0.6511
0.874     -1.1179     -1.8602     -1.5289     -0.6642
0.875     -1.1348     -1.8849     -1.5495     -0.6775
0.876     -1.1520     -1.9100     -1.5705     -0.6905
0.877     -1.1695     -1.9354     -1.5918     -0.7036
0.878     -1.1873     -1.9613     -1.6134     -0.7170
0.879     -1.2053     -1.9877     -1.6354     -0.7306
0.880     -1.2237     -2.0144     -1.6578     -0.7444
0.881     -1.2423     -2.0416     -1.6805     -0.7584
0.882     -1.2613     -2.0693     -1.7037     -0.7727
0.883     -1.2806     -2.0974     -1.7272     -0.7872
0.884     -1.3002     -2.1261     -1.7511     -0.8020
0.885     -1.3202     -2.1552     -1.7755     -0.8170
0.886     -1.3405     -2.1848     -1.8003     -0.8323
0.887     -1.3612     -2.2150     -1.8255     -0.8480
0.888     -1.3823     -2.2457     -1.8512     -0.8640
0.889     -1.4037     -2.2769     -1.8773     -0.8804
0.890     -1.4255     -2.3088     -1.9039     -0.8970
0.891     -1.4477     -2.3412     -1.9310     -0.9142
0.892     -1.4704     -2.3742     -1.9586     -0.9316
0.893     -1.4934     -2.4078     -1.9867     -0.9494
0.894     -1.5169     -2.4421     -2.0153     -0.9676
0.895     -1.5409     -2.4770     -2.0445     -0.9858
0.896     -1.5653     -2.5126     -2.0743     -1.0043
0.897     -1.5901     -2.5488     -2.1046     -1.0232
0.898     -1.6155     -2.5858     -2.1355     -1.0425
0.899     -1.6414     -2.6235     -2.1671     -1.0621
0.900     -1.6677     -2.6620     -2.1992     -1.0820
0.901     -1.6947     -2.7012     -2.2320     -1.1023
0.902     -1.7221     -2.7413     -2.2655     -1.1231
0.903     -1.7502     -2.7822     -2.2997     -1.1443
0.904     -1.7788     -2.8239     -2.3346     -1.1659
0.905     -1.8080     -2.8665     -2.3702     -1.1881
0.906     -1.8378     -2.9100     -2.4066     -1.2108
0.907     -1.8683     -2.9545     -2.4437     -1.2340
0.908     -1.8994     -2.9999     -2.4817     -1.2577
0.909     -1.9313     -3.0463     -2.5211     -1.2820
0.910     -1.9638     -3.0937     -2.5615     -1.3067
0.911     -1.9971     -3.1422     -2.6027     -1.3320
0.912     -2.0311     -3.1918     -2.6448     -1.3578
0.913     -2.0659     -3.2426     -2.6880     -1.3842
0.914     -2.1015     -3.2945     -2.7319     -1.4112
0.915     -2.1380     -3.3477     -2.7765     -1.4390
0.916     -2.1753     -3.4021     -2.8221     -1.4677
0.917     -2.2135     -3.4578     -2.8688     -1.4968
0.918     -2.2526     -3.5149     -2.9167     -1.5266
0.919     -2.2928     -3.5734     -2.9658     -1.5571
0.920     -2.3339     -3.6334     -3.0161     -1.5884
0.921     -2.3760     -3.6949     -3.0676     -1.6205
0.922     -2.4193     -3.7579     -3.1199     -1.6529
0.923     -2.4636     -3.8226     -3.1733     -1.6860
0.924     -2.5092     -3.8890     -3.2284     -1.7205
0.925     -2.5559     -3.9572     -3.2860     -1.7560
0.926     -2.6039     -4.0272     -3.3452     -1.7924
0.927     -2.6533     -4.0991     -3.4060     -1.8298
0.928     -2.7039     -4.1730     -3.4684     -1.8679
0.929     -2.7561     -4.2490     -3.5324     -1.9069
0.930     -2.8097     -4.3272     -3.5980     -1.9466
0.931     -2.8648     -4.4077     -3.6655     -1.9874
0.932     -2.9216     -4.4905     -3.7349     -2.0295
0.933     -2.9801     -4.5758     -3.8066     -2.0735
0.934     -3.0404     -4.6636     -3.8802     -2.1190
0.935     -3.1025     -4.7542     -3.9561     -2.1659
0.936     -3.1665     -4.8476     -4.0344     -2.2138
0.937     -3.2326     -4.9440     -4.1153     -2.2634
0.938     -3.3008     -5.0434     -4.1987     -2.3155
0.939     -3.3713     -5.1462     -4.2849     -2.3688
0.940     -3.4441     -5.2523     -4.3739     -2.4232
0.941     -3.5194     -5.3621     -4.4660     -2.4795
0.942     -3.5972     -5.4756     -4.5612     -2.5377
0.943     -3.6778     -5.5932     -4.6598     -2.5980
0.944     -3.7613     -5.7149     -4.7619     -2.6604
0.945     -3.8478     -5.8411     -4.8677     -2.7251
0.946     -3.9375     -5.9719     -4.9774     -2.7922
0.947     -4.0306     -6.1076     -5.0912     -2.8618
0.948     -4.1273     -6.2486     -5.2095     -2.9341
0.949     -4.2278     -6.3951     -5.3324     -3.0092
0.950     -4.3323     -6.5475     -5.4602     -3.0874
0.951     -4.4410     -6.7061     -5.5932     -3.1687
0.952     -4.5543     -6.8713     -5.7317     -3.2534
0.953     -4.6724     -7.0435     -5.8762     -3.3417
0.954     -4.7957     -7.2232     -6.0269     -3.4339
0.955     -4.9244     -7.4110     -6.1843     -3.5301
0.956     -5.0590     -7.6072     -6.3489     -3.6324
0.957     -5.1998     -7.8126     -6.5212     -3.7399
0.958     -5.3473     -8.0277     -6.7016     -3.8526
0.959     -5.5021     -8.2533     -6.8909     -3.9707
0.960     -5.6645     -8.4903     -7.0895     -4.0948
0.961     -5.8353     -8.7393     -7.2985     -4.2252
0.962     -6.0151     -9.0015     -7.5184     -4.3624
0.963     -6.2046     -9.2779     -7.7501     -4.5068
0.964     -6.4047     -9.5696     -7.9948     -4.6572
0.965     -6.6161     -9.8779     -8.2534     -4.8162
0.966     -6.8400    -10.2045     -8.5285     -4.9845
0.967     -7.0775    -10.5508     -8.8203     -5.1631
0.968     -7.3298    -10.9187     -9.1304     -5.3528
0.969     -7.5984    -11.3104     -9.4605     -5.5547
0.970     -7.8850    -11.7282     -9.8126     -5.7701
0.971     -8.1912    -12.1748    -10.1889     -6.0000
0.972     -8.5194    -12.6533    -10.5922     -6.2449
0.973     -8.8718    -13.1673    -11.0253     -6.5080
0.974     -9.2514    -13.7208    -11.4917     -6.7913
0.975     -9.6613    -14.3185    -11.9949     -7.0973
0.976    -10.1054    -14.9661    -12.5372     -7.4288
0.977    -10.5881    -15.6700    -13.1265     -7.7897
0.978    -11.1147    -16.4380    -13.7694     -8.1859
0.979    -11.6914    -17.2789    -14.4736     -8.6198
0.980    -12.3258    -18.2041    -15.2482     -9.0971
0.981    -13.0270    -19.2266    -16.1042     -9.6246
0.982    -13.8062    -20.3628    -17.0555    -10.2108
0.983    -14.6769    -21.6324    -18.1186    -10.8659
0.984    -15.6564    -23.0610    -19.3146    -11.6029
0.985    -16.7667    -24.6800    -20.6703    -12.4383
0.986    -18.0356    -26.5301    -22.2229    -13.3930
0.987    -19.4996    -28.6651    -24.0193    -14.4943
0.988    -21.2076    -31.1559    -26.1149    -15.7793
0.989    -23.2260    -34.0992    -28.5920    -17.2978
0.990    -25.6485    -37.6316    -31.5643    -19.1204
0.991    -28.6093    -41.9490    -35.1975    -21.3482
0.992    -32.3099    -47.3458    -39.7383    -24.1323
0.993    -37.0677    -54.2838    -45.5764    -27.7111
0.994    -43.4123    -63.5353    -53.3619    -32.4810
0.995    -52.2937    -76.4877    -64.2593    -39.1592
0.996    -65.6175    -95.9165    -80.6088    -49.1765
0.997    -87.8214   -128.2941   -107.8540    -65.8693
0.998   -132.2280   -193.0566   -162.3422    -99.2531
0.999   -265.4681   -387.3587   -325.8238   -199.4055
