0.001    -23.1316    -33.8894    -31.4052    -14.2468
0.002    -11.0677    -16.4296    -15.2023     -6.6300
0.003     -7.0464    -10.6097     -9.8013     -4.0911
0.004     -5.0358     -7.6997     -7.1008     -2.8217
0.005     -3.8294     -5.9537     -5.4805     -2.0600
0.006     -3.0251     -4.7897     -4.4001     -1.5522
0.007     -2.4506     -3.9583     -3.6275     -1.1895
0.008     -2.0198     -3.3347     -3.0480     -0.9175
0.009     -1.6847     -2.8497     -2.5973     -0.7059
0.010     -1.4166     -2.4618     -2.2367     -0.5366
0.011     -1.1973     -2.1443     -1.9417     -0.3981
0.012     -1.0145     -1.8798     -1.6959     -0.2822
0.013     -0.8598     -1.6559     -1.4878     -0.1841
0.014     -0.7272     -1.4640     -1.3095     -0.1000
0.015     -0.6123     -1.2978     -1.1550     -0.0271
0.016     -0.5118     -1.1523     -1.0198      0.0367
0.017     -0.4231     -1.0239     -0.9005      0.0930
0.018     -0.3442     -0.9098     -0.7945      0.1430
0.019     -0.2737     -0.8077     -0.6998      0.1878
0.020     -0.2102     -0.7158     -0.6149      0.2281
0.021     -0.1528     -0.6326     -0.5380      0.2645
0.022     -0.1005     -0.5570     -0.4681      0.2974
0.023     -0.0529     -0.4880     -0.4043      0.3275
0.024     -0.0091     -0.4248     -0.3459      0.3551
0.025      0.0311     -0.3666     -0.2921      0.3808
0.026      0.0682     -0.3129     -0.2424      0.4045
0.027      0.1026     -0.2631     -0.1964      0.4264
0.028      0.1345     -0.2169     -0.1537      0.4468
0.029      0.1642     -0.1739     -0.1139      0.4657
0.030      0.1919     -0.1338     -0.0768      0.4833
0.031      0.2179     -0.0962     -0.0421      0.4997
0.032      0.2422     -0.0610     -0.0096      0.5146
0.033      0.2650     -0.0280      0.0210      0.5281
0.034      0.2865      0.0032      0.0498      0.5416
0.035      0.3068      0.0325      0.0769      0.5542
0.036      0.3260      0.0602      0.1025      0.5642
0.037      0.3441      0.0864      0.1290      0.5731
0.038      0.3612      0.1113      0.1535      0.5792
0.039      0.3775      0.1348      0.1855      0.5775
0.040      0.3930      0.1572      0.2145      0.5786
0.041      0.4077      0.1785      0.2463      0.5795
0.042      0.4217      0.1988      0.2753      0.5793
0.043      0.4351      0.2181      0.2961      0.5813
0.044      0.4347      0.2356      0.2996      0.5757
0.045      0.4340      0.2355      0.3005      0.5705
0.046      0.4333      0.2353      0.2983      0.5703
0.047      0.4327      0.2352      0.2970      0.5713
0.048      0.4320      0.2351      0.2971      0.5689
0.049      0.4313      0.2350      0.2932      0.5686
0.050      0.4306      0.2349      0.2920      0.5702
0.051      0.4299      0.2348      0.2889      0.5723
0.052      0.4292      0.2347      0.2861      0.5723
0.053      0.4285      0.2345      0.2828      0.5732
0.054      0.4278      0.2344      0.2822      0.5725
0.055      0.4271      0.2343      0.2817      0.5718
0.056      0.4264      0.2342      0.2811      0.5710
0.057      0.4257      0.2341      0.2805      0.5703
0.058      0.4250      0.2340      0.2799      0.5696
0.059      0.4243      0.2339      0.2794      0.5688
0.060      0.4236      0.2337      0.2788      0.5681
0.061      0.4229      0.2336      0.2782      0.5673
0.062      0.4222      0.2335      0.2776      0.5666
0.063      0.4215      0.2334      0.2771      0.5657
0.064      0.4208      0.2333      0.2765      0.5647
0.065      0.4201      0.2332      0.2759      0.5638
0.066      0.4194      0.2330      0.2753      0.5629
0.067      0.4187      0.2329      0.2747      0.5623
0.068      0.4180      0.2328      0.2742      0.5616
0.069      0.4172      0.2327      0.2735      0.5610
0.070      0.4165      0.2326      0.2730      0.5605
0.071      0.4158      0.2325      0.2724      0.5598
0.072      0.4151      0.2323      0.2718      0.5591
0.073      0.4144      0.2322      0.2712      0.5584
0.074      0.4136      0.2321      0.2706      0.5578
0.075      0.4129      0.2320      0.2700      0.5571
0.076      0.4122      0.2319      0.2694      0.5565
0.077      0.4115      0.2317      0.2688      0.5558
0.078      0.4107      0.2316      0.2681      0.5550
0.079      0.4100      0.2315      0.2672      0.5542
0.080      0.4093      0.2314      0.2663      0.5533
0.081      0.4085      0.2313      0.2654      0.5525
0.082      0.4078      0.2311      0.2645      0.5516
0.083      0.4071      0.2310      0.2636      0.5508
0.084      0.4063      0.2309      0.2627      0.5499
0.085      0.4056      0.2308      0.2621      0.5491
0.086      0.4048      0.2306      0.2615      0.5482
0.087      0.4041      0.2305      0.2610      0.5474
0.088      0.4033      0.2304      0.2604      0.5466
0.089      0.4026      0.2303      0.2598      0.5458
0.090      0.4018      0.2301      0.2593      0.5450
0.091      0.4011      0.2300      0.2587      0.5442
0.092      0.4003      0.2299      0.2581      0.5434
0.093      0.3996      0.2298      0.2575      0.5427
0.094      0.3988      0.2297      0.2570      0.5419
0.095      0.3981      0.2295      0.2564      0.5412
0.096      0.3973      0.2294      0.2558      0.5405
0.097      0.3965      0.2293      0.2552      0.5397
0.098      0.3958      0.2291      0.2545      0.5390
0.099      0.3950      0.2290      0.2537      0.5383
0.100      0.3943      0.2289      0.2530      0.5375
0.101      0.3935      0.2288      0.2523      0.5368
0.102      0.3927      0.2286      0.2516      0.5360
0.103      0.3919      0.2285      0.2508      0.5353
0.104      0.3912      0.2284      0.2501      0.5346
0.105      0.3904      0.2283      0.2494      0.5340
0.106      0.3896      0.2281      0.2486      0.5334
0.107      0.3888      0.2280      0.2479      0.5328
0.108      0.3881      0.2279      0.2472      0.5321
0.109      0.3873      0.2277      0.2464      0.5315
0.110      0.3865      0.2276      0.2457      0.5305
0.111      0.3857      0.2275      0.2449      0.5294
0.112      0.3849      0.2274      0.2441      0.5285
0.113      0.3841      0.2272      0.2431      0.5277
0.114      0.3833      0.2271      0.2422      0.5270
0.115      0.3825      0.2270      0.2412      0.5262
0.116      0.3818      0.2268      0.2403      0.5254
0.117      0.3810      0.2267      0.2393      0.5247
0.118      0.3802      0.2266      0.2383      0.5239
0.119      0.3794      0.2264      0.2374      0.5231
0.120      0.3786      0.2263      0.2364      0.5222
0.121      0.3778      0.2262      0.2354      0.5212
0.122      0.3769      0.2260      0.2345      0.5201
0.123      0.3761      0.2259      0.2335      0.5194
0.124      0.3753      0.2258      0.2325      0.5188
0.125      0.3745      0.2256      0.2316      0.5182
0.126      0.3737      0.2255      0.2306      0.5175
0.127      0.3729      0.2254      0.2296      0.5169
0.128      0.3721      0.2252      0.2286      0.5161
0.129      0.3713      0.2251      0.2276      0.5153
0.130      0.3704      0.2250      0.2266      0.5145
0.131      0.3696      0.2248      0.2257      0.5137
0.132      0.3688      0.2247      0.2247      0.5128
0.133      0.3680      0.2246      0.2237      0.5116
0.134      0.3671      0.2244      0.2226      0.5104
0.135      0.3663      0.2243      0.2217      0.5097
0.136      0.3655      0.2242      0.2207      0.5091
0.137      0.3646      0.2240      0.2197      0.5084
0.138      0.3638      0.2239      0.2187      0.5077
0.139      0.3630      0.2237      0.2177      0.5071
0.140      0.3621      0.2236      0.2166      0.5063
0.141      0.3613      0.2235      0.2156      0.5056
0.142      0.3604      0.2233      0.2146      0.5049
0.143      0.3596      0.2232      0.2136      0.5041
0.144      0.3587      0.2230      0.2126      0.5032
0.145      0.3579      0.2229      0.2116      0.5024
0.146      0.3570      0.2228      0.2105      0.5016
0.147      0.3562      0.2226      0.2095      0.5008
0.148      0.3553      0.2225      0.2085      0.4999
0.149      0.3545      0.2223      0.2074      0.4991
0.150      0.3536      0.2222      0.2064      0.4983
0.151      0.3528      0.2221      0.2054      0.4975
0.152      0.3519      0.2219      0.2043      0.4966
0.153      0.3510      0.2218      0.2033      0.4958
0.154      0.3502      0.2216      0.2023      0.4949
0.155      0.3493      0.2215      0.2014      0.4940
0.156      0.3484      0.2213      0.2006      0.4929
0.157      0.3475      0.2212      0.1999      0.4919
0.158      0.3467      0.2211      0.1991      0.4908
0.159      0.3458      0.2209      0.1983      0.4897
0.160      0.3449      0.2208      0.1974      0.4885
0.161      0.3440      0.2206      0.1966      0.4873
0.162      0.3432      0.2205      0.1958      0.4862
0.163      0.3423      0.2203      0.1950      0.4854
0.164      0.3414      0.2202      0.1942      0.4847
0.165      0.3405      0.2200      0.1934      0.4840
0.166      0.3396      0.2199      0.1926      0.4833
0.167      0.3387      0.2197      0.1918      0.4827
0.168      0.3378      0.2196      0.1910      0.4820
0.169      0.3369      0.2194      0.1901      0.4813
0.170      0.3360      0.2193      0.1893      0.4806
0.171      0.3351      0.2191      0.1885      0.4799
0.172      0.3342      0.2190      0.1877      0.4792
0.173      0.3333      0.2188      0.1868      0.4782
0.174      0.3324      0.2187      0.1860      0.4772
0.175      0.3315      0.2185      0.1852      0.4762
0.176      0.3305      0.2184      0.1843      0.4751
0.177      0.3296      0.2182      0.1835      0.4741
0.178      0.3287      0.2181      0.1827      0.4731
0.179      0.3278      0.2179      0.1818      0.4723
0.180      0.3269      0.2178      0.1810      0.4715
0.181      0.3259      0.2176      0.1800      0.4704
0.182      0.3250      0.2175      0.1786      0.4693
0.183      0.3241      0.2173      0.1773      0.4683
0.184      0.3232      0.2172      0.1759      0.4677
0.185      0.3222      0.2170      0.1745      0.4670
0.186      0.3213      0.2169      0.1731      0.4664
0.187      0.3203      0.2167      0.1717      0.4658
0.188      0.3194      0.2166      0.1706      0.4651
0.189      0.3185      0.2164      0.1696      0.4643
0.190      0.3175      0.2162      0.1685      0.4636
0.191      0.3166      0.2161      0.1674      0.4628
0.192      0.3156      0.2159      0.1663      0.4620
0.193      0.3147      0.2158      0.1652      0.4612
0.194      0.3137      0.2156      0.1642      0.4604
0.195      0.3127      0.2155      0.1633      0.4596
0.196      0.3118      0.2153      0.1624      0.4587
0.197      0.3108      0.2151      0.1616      0.4579
0.198      0.3099      0.2150      0.1607      0.4571
0.199      0.3089      0.2148      0.1596      0.4563
0.200      0.3079      0.2147      0.1584      0.4555
0.201      0.3069      0.2145      0.1572      0.4546
0.202      0.3060      0.2143      0.1559      0.4533
0.203      0.3050      0.2142      0.1547      0.4521
0.204      0.3040      0.2140      0.1534      0.4508
0.205      0.3030      0.2139      0.1521      0.4496
0.206      0.3020      0.2137      0.1509      0.4485
0.207      0.3011      0.2135      0.1498      0.4475
0.208      0.3001      0.2134      0.1487      0.4466
0.209      0.2991      0.2132      0.1476      0.4456
0.210      0.2981      0.2130      0.1464      0.4447
0.211      0.2971      0.2129      0.1457      0.4439
0.212      0.2961      0.2127      0.1449      0.4432
0.213      0.2951      0.2125      0.1441      0.4425
0.214      0.2941      0.2124      0.1427      0.4419
0.215      0.2931      0.2122      0.1412      0.4412
0.216      0.2921      0.2121      0.1398      0.4405
0.217      0.2910      0.2119      0.1385      0.4398
0.218      0.2900      0.2117      0.1375      0.4391
0.219      0.2890      0.2115      0.1366      0.4384
0.220      0.2880      0.2114      0.1356      0.4378
0.221      0.2870      0.2112      0.1346      0.4372
0.222      0.2859      0.2110      0.1336      0.4366
0.223      0.2849      0.2109      0.1326      0.4359
0.224      0.2839      0.2107      0.1317      0.4351
0.225      0.2828      0.2105      0.1307      0.4342
0.226      0.2818      0.2104      0.1297      0.4333
0.227      0.2808      0.2102      0.1287      0.4324
0.228      0.2797      0.2100      0.1275      0.4315
0.229      0.2787      0.2098      0.1263      0.4307
0.230      0.2776      0.2097      0.1250      0.4298
0.231      0.2766      0.2095      0.1238      0.4289
0.232      0.2755      0.2093      0.1226      0.4280
0.233      0.2745      0.2092      0.1213      0.4271
0.234      0.2734      0.2090      0.1201      0.4262
0.235      0.2724      0.2088      0.1189      0.4253
0.236      0.2713      0.2086      0.1179      0.4244
0.237      0.2702      0.2085      0.1169      0.4234
0.238      0.2692      0.2083      0.1159      0.4223
0.239      0.2681      0.2081      0.1148      0.4213
0.240      0.2670      0.2079      0.1138      0.4205
0.241      0.2659      0.2077      0.1128      0.4197
0.242      0.2649      0.2076      0.1117      0.4188
0.243      0.2638      0.2074      0.1107      0.4180
0.244      0.2627      0.2072      0.1097      0.4171
0.245      0.2616      0.2070      0.1086      0.4162
0.246      0.2605      0.2068      0.1076      0.4150
0.247      0.2594      0.2067      0.1065      0.4137
0.248      0.2583      0.2065      0.1055      0.4125
0.249      0.2572      0.2063      0.1045      0.4113
0.250      0.2561      0.2061      0.1034      0.4100
0.251      0.2550      0.2059      0.1023      0.4088
0.252      0.2539      0.2058      0.1013      0.4076
0.253      0.2528      0.2056      0.1002      0.4063
0.254      0.2517      0.2054      0.0989      0.4051
0.255      0.2506      0.2052      0.0976      0.4038
0.256      0.2494      0.2050      0.0967      0.4025
0.257      0.2483      0.2048      0.0957      0.4013
0.258      0.2472      0.2047      0.0948      0.4000
0.259      0.2460      0.2045      0.0938      0.3989
0.260      0.2449      0.2043      0.0927      0.3977
0.261      0.2438      0.2041      0.0917      0.3966
0.262      0.2426      0.2039      0.0906      0.3954
0.263      0.2415      0.2037      0.0892      0.3942
0.264      0.2403      0.2035      0.0878      0.3931
0.265      0.2392      0.2033      0.0863      0.3919
0.266      0.2380      0.2031      0.0849      0.3908
0.267      0.2369      0.2030      0.0835      0.3896
0.268      0.2357      0.2028      0.0820      0.3884
0.269      0.2346      0.2026      0.0806      0.3872
0.270      0.2334      0.2024      0.0791      0.3860
0.271      0.2322      0.2022      0.0777      0.3849
0.272      0.2311      0.2020      0.0762      0.3837
0.273      0.2299      0.2018      0.0748      0.3825
0.274      0.2287      0.2016      0.0733      0.3813
0.275      0.2275      0.2014      0.0719      0.3801
0.276      0.2263      0.2012      0.0704      0.3789
0.277      0.2252      0.2010      0.0691      0.3777
0.278      0.2240      0.2008      0.0682      0.3765
0.279      0.2228      0.2006      0.0673      0.3753
0.280      0.2216      0.2004      0.0664      0.3741
0.281      0.2204      0.2002      0.0655      0.3729
0.282      0.2192      0.2000      0.0646      0.3716
0.283      0.2180      0.1998      0.0634      0.3703
0.284      0.2168      0.1996      0.0619      0.3689
0.285      0.2155      0.1994      0.0605      0.3675
0.286      0.2143      0.1992      0.0594      0.3661
0.287      0.2131      0.1990      0.0580      0.3647
0.288      0.2119      0.1988      0.0565      0.3633
0.289      0.2106      0.1986      0.0551      0.3619
0.290      0.2094      0.1984      0.0536      0.3605
0.291      0.2082      0.1982      0.0521      0.3591
0.292      0.2069      0.1980      0.0506      0.3577
0.293      0.2057      0.1978      0.0491      0.3563
0.294      0.2045      0.1976      0.0476      0.3553
0.295      0.2032      0.1974      0.0461      0.3542
0.296      0.2020      0.1972      0.0446      0.3532
0.297      0.2007      0.1970      0.0431      0.3521
0.298      0.1994      0.1968      0.0416      0.3510
0.299      0.1982      0.1966      0.0401      0.3500
0.300      0.1969      0.1964      0.0386      0.3487
0.301      0.1956      0.1962      0.0371      0.3472
0.302      0.1944      0.1959      0.0355      0.3458
0.303      0.1931      0.1957      0.0340      0.3444
0.304      0.1918      0.1955      0.0325      0.3430
0.305      0.1905      0.1953      0.0309      0.3415
0.306      0.1892      0.1951      0.0294      0.3401
0.307      0.1879      0.1949      0.0278      0.3386
0.308      0.1866      0.1947      0.0263      0.3372
0.309      0.1853      0.1945      0.0247      0.3358
0.310      0.1840      0.1942      0.0232      0.3345
0.311      0.1827      0.1940      0.0219      0.3331
0.312      0.1814      0.1938      0.0206      0.3315
0.313      0.1801      0.1936      0.0190      0.3300
0.314      0.1788      0.1934      0.0174      0.3290
0.315      0.1775      0.1932      0.0158      0.3280
0.316      0.1761      0.1929      0.0142      0.3269
0.317      0.1748      0.1927      0.0125      0.3256
0.318      0.1735      0.1925      0.0109      0.3243
0.319      0.1721      0.1923      0.0093      0.3230
0.320      0.1708      0.1921      0.0076      0.3217
0.321      0.1694      0.1918      0.0060      0.3204
0.322      0.1681      0.1916      0.0043      0.3191
0.323      0.1667      0.1914      0.0027      0.3175
0.324      0.1654      0.1912      0.0010      0.3161
0.325      0.1640      0.1909     -0.0006      0.3149
0.326      0.1627      0.1907     -0.0018      0.3137
0.327      0.1613      0.1905     -0.0029      0.3125
0.328      0.1599      0.1903     -0.0040      0.3112
0.329      0.1585      0.1900     -0.0057      0.3099
0.330      0.1571      0.1898     -0.0071      0.3086
0.331      0.1558      0.1896     -0.0084      0.3072
0.332      0.1544      0.1894     -0.0097      0.3059
0.333      0.1530      0.1891     -0.0110      0.3046
0.334      0.1516      0.1889     -0.0123      0.3032
0.335      0.1502      0.1887     -0.0136      0.3017
0.336      0.1488      0.1884     -0.0149      0.3005
0.337      0.1474      0.1882     -0.0162      0.2994
0.338      0.1459      0.1880     -0.0175      0.2982
0.339      0.1445      0.1877     -0.0189      0.2970
0.340      0.1431      0.1875     -0.0202      0.2958
0.341      0.1417      0.1873     -0.0215      0.2948
0.342      0.1402      0.1870     -0.0228      0.2938
0.343      0.1388      0.1868     -0.0242      0.2927
0.344      0.1373      0.1865     -0.0261      0.2911
0.345      0.1359      0.1863     -0.0280      0.2897
0.346      0.1345      0.1861     -0.0299      0.2885
0.347      0.1330      0.1858     -0.0318      0.2872
0.348      0.1315      0.1856     -0.0337      0.2860
0.349      0.1301      0.1853     -0.0357      0.2847
0.350      0.1286      0.1851     -0.0376      0.2835
0.351      0.1271      0.1849     -0.0396      0.2823
0.352      0.1256      0.1846     -0.0415      0.2811
0.353      0.1242      0.1844     -0.0435      0.2799
0.354      0.1227      0.1841     -0.0455      0.2787
0.355      0.1212      0.1839     -0.0474      0.2774
0.356      0.1197      0.1836     -0.0494      0.2761
0.357      0.1182      0.1834     -0.0514      0.2747
0.358      0.1167      0.1831     -0.0534      0.2734
0.359      0.1152      0.1829     -0.0554      0.2722
0.360      0.1137      0.1826     -0.0574      0.2709
0.361      0.1121      0.1824     -0.0594      0.2694
0.362      0.1106      0.1821     -0.0614      0.2681
0.363      0.1091      0.1819     -0.0632      0.2667
0.364      0.1075      0.1816     -0.0647      0.2654
0.365      0.1060      0.1814     -0.0661      0.2641
0.366      0.1045      0.1811     -0.0676      0.2627
0.367      0.1029      0.1809     -0.0690      0.2615
0.368      0.1014      0.1806     -0.0705      0.2604
0.369      0.0998      0.1804     -0.0719      0.2592
0.370      0.0982      0.1801     -0.0734      0.2579
0.371      0.0967      0.1798     -0.0749      0.2565
0.372      0.0951      0.1796     -0.0764      0.2552
0.373      0.0935      0.1793     -0.0779      0.2539
0.374      0.0919      0.1791     -0.0793      0.2525
0.375      0.0903      0.1788     -0.0808      0.2512
0.376      0.0888      0.1785     -0.0826      0.2498
0.377      0.0872      0.1783     -0.0846      0.2485
0.378      0.0856      0.1780     -0.0866      0.2471
0.379      0.0839      0.1777     -0.0886      0.2456
0.380      0.0823      0.1775     -0.0906      0.2440
0.381      0.0807      0.1772     -0.0926      0.2424
0.382      0.0791      0.1769     -0.0946      0.2408
0.383      0.0775      0.1767     -0.0966      0.2394
0.384      0.0758      0.1764     -0.0986      0.2380
0.385      0.0742      0.1761     -0.1007      0.2367
0.386      0.0725      0.1759     -0.1027      0.2353
0.387      0.0709      0.1756     -0.1047      0.2338
0.388      0.0692      0.1753     -0.1068      0.2322
0.389      0.0676      0.1750     -0.1089      0.2305
0.390      0.0659      0.1748     -0.1109      0.2289
0.391      0.0642      0.1745     -0.1130      0.2274
0.392      0.0625      0.1742     -0.1151      0.2259
0.393      0.0609      0.1739     -0.1172      0.2243
0.394      0.0592      0.1737     -0.1193      0.2225
0.395      0.0575      0.1734     -0.1212      0.2208
0.396      0.0558      0.1731     -0.1225      0.2190
0.397      0.0541      0.1728     -0.1237      0.2172
0.398      0.0523      0.1725     -0.1257      0.2155
0.399      0.0506      0.1723     -0.1280      0.2137
0.400      0.0489      0.1720     -0.1307      0.2121
0.401      0.0472      0.1717     -0.1332      0.2106
0.402      0.0454      0.1714     -0.1347      0.2092
0.403      0.0437      0.1711     -0.1369      0.2078
0.404      0.0420      0.1708     -0.1391      0.2063
0.405      0.0402      0.1705     -0.1414      0.2049
0.406      0.0384      0.1702     -0.1437      0.2034
0.407      0.0367      0.1700     -0.1458      0.2020
0.408      0.0349      0.1697     -0.1479      0.2005
0.409      0.0331      0.1694     -0.1501      0.1991
0.410      0.0313      0.1691     -0.1524      0.1976
0.411      0.0296      0.1688     -0.1547      0.1961
0.412      0.0278      0.1685     -0.1570      0.1946
0.413      0.0260      0.1682     -0.1593      0.1932
0.414      0.0242      0.1679     -0.1616      0.1918
0.415      0.0223      0.1676     -0.1635      0.1904
0.416      0.0205      0.1673     -0.1654      0.1889
0.417      0.0187      0.1670     -0.1673      0.1872
0.418      0.0169      0.1667     -0.1692      0.1856
0.419      0.0150      0.1664     -0.1716      0.1841
0.420      0.0132      0.1661     -0.1740      0.1826
0.421      0.0113      0.1658     -0.1765      0.1811
0.422      0.0095      0.1655     -0.1790      0.1795
0.423      0.0076      0.1652     -0.1815      0.1780
0.424      0.0057      0.1649     -0.1839      0.1765
0.425      0.0039      0.1645     -0.1864      0.1752
0.426      0.0020      0.1642     -0.1889      0.1739
0.427      0.0001      0.1639     -0.1914      0.1726
0.428     -0.0018      0.1636     -0.1940      0.1713
0.429     -0.0037      0.1633     -0.1965      0.1698
0.430     -0.0056      0.1630     -0.1988      0.1679
0.431     -0.0075      0.1627     -0.2010      0.1661
0.432     -0.0095      0.1623     -0.2032      0.1642
0.433     -0.0114      0.1620     -0.2054      0.1623
0.434     -0.0133      0.1617     -0.2076      0.1607
0.435     -0.0153      0.1614     -0.2098      0.1591
0.436     -0.0172      0.1611     -0.2124      0.1575
0.437     -0.0192      0.1607     -0.2149      0.1559
0.438     -0.0211      0.1604     -0.2174      0.1543
0.439     -0.0231      0.1601     -0.2200      0.1527
0.440     -0.0251      0.1598     -0.2225      0.1514
0.441     -0.0271      0.1594     -0.2246      0.1503
0.442     -0.0291      0.1591     -0.2267      0.1493
0.443     -0.0311      0.1588     -0.2289      0.1482
0.444     -0.0331      0.1585     -0.2310      0.1468
0.445     -0.0351      0.1581     -0.2332      0.1452
0.446     -0.0371      0.1578     -0.2354      0.1435
0.447     -0.0391      0.1575     -0.2375      0.1418
0.448     -0.0412      0.1571     -0.2397      0.1400
0.449     -0.0432      0.1568     -0.2419      0.1383
0.450     -0.0453      0.1564     -0.2441      0.1366
0.451     -0.0473      0.1561     -0.2463      0.1348
0.452     -0.0494      0.1558     -0.2486      0.1334
0.453     -0.0515      0.1554     -0.2509      0.1321
0.454     -0.0536      0.1551     -0.2533      0.1306
0.455     -0.0556      0.1547     -0.2557      0.1288
0.456     -0.0577      0.1544     -0.2580      0.1271
0.457     -0.0598      0.1540     -0.2604      0.1253
0.458     -0.0620      0.1537     -0.2628      0.1236
0.459     -0.0641      0.1533     -0.2652      0.1222
0.460     -0.0662      0.1530     -0.2677      0.1208
0.461     -0.0683      0.1526     -0.2701      0.1191
0.462     -0.0705      0.1523     -0.2725      0.1174
0.463     -0.0726      0.1519     -0.2750      0.1157
0.464     -0.0748      0.1516     -0.2774      0.1140
0.465     -0.0770      0.1512     -0.2799      0.1123
0.466     -0.0791      0.1509     -0.2824      0.1106
0.467     -0.0813      0.1505     -0.2849      0.1089
0.468     -0.0835      0.1501     -0.2873      0.1071
0.469     -0.0857      0.1498     -0.2898      0.1054
0.470     -0.0879      0.1494     -0.2924      0.1034
0.471     -0.0901      0.1490     -0.2951      0.1013
0.472     -0.0924      0.1487     -0.2979      0.0991
0.473     -0.0946      0.1483     -0.3007      0.0969
0.474     -0.0968      0.1479     -0.3035      0.0946
0.475     -0.0991      0.1476     -0.3063      0.0928
0.476     -0.1014      0.1472     -0.3089      0.0910
0.477     -0.1036      0.1468     -0.3113      0.0893
0.478     -0.1059      0.1464     -0.3137      0.0879
0.479     -0.1082      0.1461     -0.3161      0.0865
0.480     -0.1105      0.1457     -0.3185      0.0851
0.481     -0.1128      0.1453     -0.3209      0.0832
0.482     -0.1151      0.1449     -0.3233      0.0811
0.483     -0.1174      0.1445     -0.3259      0.0790
0.484     -0.1198      0.1442     -0.3284      0.0768
0.485     -0.1221      0.1438     -0.3312      0.0750
0.486     -0.1244      0.1434     -0.3339      0.0730
0.487     -0.1268      0.1430     -0.3368      0.0713
0.488     -0.1292      0.1426     -0.3401      0.0695
0.489     -0.1315      0.1422     -0.3431      0.0677
0.490     -0.1339      0.1418     -0.3460      0.0659
0.491     -0.1363      0.1414     -0.3490      0.0642
0.492     -0.1387      0.1410     -0.3520      0.0625
0.493     -0.1411      0.1406     -0.3550      0.0609
0.494     -0.1436      0.1402     -0.3581      0.0592
0.495     -0.1460      0.1398     -0.3611      0.0574
0.496     -0.1484      0.1394     -0.3641      0.0556
0.497     -0.1509      0.1390     -0.3672      0.0540
0.498     -0.1533      0.1386     -0.3703      0.0522
0.499     -0.1558      0.1382     -0.3734      0.0503
0.500     -0.1583      0.1378     -0.3765      0.0483
0.501     -0.1608      0.1374     -0.3796      0.0464
0.502     -0.1633      0.1370     -0.3827      0.0444
0.503     -0.1658      0.1366     -0.3858      0.0424
0.504     -0.1683      0.1362     -0.3887      0.0405
0.505     -0.1709      0.1357     -0.3916      0.0385
0.506     -0.1734      0.1353     -0.3949      0.0365
0.507     -0.1760      0.1349     -0.3983      0.0345
0.508     -0.1785      0.1345     -0.4016      0.0324
0.509     -0.1811      0.1341     -0.4050      0.0304
0.510     -0.1837      0.1336     -0.4083      0.0284
0.511     -0.1863      0.1332     -0.4114      0.0264
0.512     -0.1889      0.1328     -0.4146      0.0243
0.513     -0.1915      0.1323     -0.4176      0.0222
0.514     -0.1941      0.1319     -0.4205      0.0202
0.515     -0.1968      0.1315     -0.4239      0.0181
0.516     -0.1994      0.1310     -0.4277      0.0160
0.517     -0.2021      0.1306     -0.4311      0.0139
0.518     -0.2047      0.1302     -0.4344      0.0118
0.519     -0.2074      0.1297     -0.4377      0.0097
0.520     -0.2101      0.1293     -0.4411      0.0076
0.521     -0.2128      0.1288     -0.4445      0.0055
0.522     -0.2155      0.1284     -0.4479      0.0031
0.523     -0.2182      0.1279     -0.4513      0.0007
0.524     -0.2210      0.1275     -0.4547     -0.0014
0.525     -0.2237      0.1270     -0.4581     -0.0033
0.526     -0.2265      0.1266     -0.4616     -0.0053
0.527     -0.2293      0.1261     -0.4650     -0.0075
0.528     -0.2321      0.1257     -0.4685     -0.0097
0.529     -0.2348      0.1252     -0.4720     -0.0118
0.530     -0.2377      0.1247     -0.4755     -0.0141
0.531     -0.2405      0.1243     -0.4790     -0.0163
0.532     -0.2433      0.1238     -0.4825     -0.0185
0.533     -0.2462      0.1233     -0.4861     -0.0207
0.534     -0.2490      0.1229     -0.4896     -0.0230
0.535     -0.2519      0.1224     -0.4931     -0.0252
0.536     -0.2548      0.1219     -0.4965     -0.0275
0.537     -0.2577      0.1214     -0.5000     -0.0297
0.538     -0.2606      0.1210     -0.5034     -0.0316
0.539     -0.2635      0.1205     -0.5069     -0.0334
0.540     -0.2664      0.1200     -0.5102     -0.0353
0.541     -0.2694      0.1195     -0.5133     -0.0372
0.542     -0.2723      0.1190     -0.5167     -0.0393
0.543     -0.2753      0.1185     -0.5204     -0.0421
0.544     -0.2783      0.1180     -0.5242     -0.0448
0.545     -0.2813      0.1175     -0.5280     -0.0475
0.546     -0.2843      0.1170     -0.5316     -0.0497
0.547     -0.2873      0.1165     -0.5352     -0.0517
0.548     -0.2903      0.1160     -0.5388     -0.0537
0.549     -0.2934      0.1155     -0.5424     -0.0557
0.550     -0.2964      0.1150     -0.5465     -0.0577
0.551     -0.2995      0.1145     -0.5507     -0.0600
0.552     -0.3026      0.1140     -0.5549     -0.0626
0.553     -0.3057      0.1135     -0.5587     -0.0652
0.554     -0.3088      0.1130     -0.5624     -0.0679
0.555     -0.3120      0.1125     -0.5660     -0.0703
0.556     -0.3151      0.1120     -0.5697     -0.0726
0.557     -0.3183      0.1114     -0.5735     -0.0748
0.558     -0.3214      0.1109     -0.5776     -0.0771
0.559     -0.3246      0.1104     -0.5817     -0.0795
0.560     -0.3278      0.1099     -0.5859     -0.0818
0.561     -0.3311      0.1093     -0.5900     -0.0841
0.562     -0.3343      0.1088     -0.5942     -0.0865
0.563     -0.3375      0.1083     -0.5984     -0.0888
0.564     -0.3408      0.1077     -0.6028     -0.0909
0.565     -0.3441      0.1072     -0.6073     -0.0930
0.566     -0.3474      0.1066     -0.6114     -0.0951
0.567     -0.3507      0.1061     -0.6156     -0.0973
0.568     -0.3540      0.1055     -0.6198     -0.1003
0.569     -0.3573      0.1050     -0.6240     -0.1032
0.570     -0.3607      0.1044     -0.6283     -0.1056
0.571     -0.3641      0.1039     -0.6326     -0.1081
0.572     -0.3674      0.1033     -0.6370     -0.1105
0.573     -0.3708      0.1028     -0.6417     -0.1130
0.574     -0.3743      0.1022     -0.6459     -0.1155
0.575     -0.3777      0.1016     -0.6502     -0.1180
0.576     -0.3811      0.1011     -0.6545     -0.1205
0.577     -0.3846      0.1005     -0.6589     -0.1230
0.578     -0.3881      0.0999     -0.6632     -0.1256
0.579     -0.3916      0.0994     -0.6676     -0.1289
0.580     -0.3951      0.0988     -0.6720     -0.1314
0.581     -0.3986      0.0982     -0.6764     -0.1340
0.582     -0.4022      0.0976     -0.6808     -0.1365
0.583     -0.4058      0.0970     -0.6852     -0.1391
0.584     -0.4093      0.0964     -0.6897     -0.1417
0.585     -0.4129      0.0958     -0.6942     -0.1442
0.586     -0.4166      0.0952     -0.6987     -0.1468
0.587     -0.4202      0.0946     -0.7033     -0.1494
0.588     -0.4238      0.0940     -0.7078     -0.1521
0.589     -0.4275      0.0934     -0.7124     -0.1547
0.590     -0.4312      0.0928     -0.7170     -0.1573
0.591     -0.4349      0.0922     -0.7216     -0.1600
0.592     -0.4386      0.0916     -0.7263     -0.1627
0.593     -0.4424      0.0910     -0.7305     -0.1655
0.594     -0.4461      0.0904     -0.7346     -0.1688
0.595     -0.4499      0.0897     -0.7388     -0.1714
0.596     -0.4537      0.0891     -0.7429     -0.1738
0.597     -0.4575      0.0885     -0.7471     -0.1762
0.598     -0.4614      0.0878     -0.7514     -0.1790
0.599     -0.4652      0.0872     -0.7556     -0.1817
0.600     -0.4691      0.0866     -0.7599     -0.1843
0.601     -0.4730      0.0859     -0.7646     -0.1871
0.602     -0.4769      0.0853     -0.7693     -0.1900
0.603     -0.4809      0.0846     -0.7740     -0.1930
0.604     -0.4848      0.0840     -0.7788     -0.1958
0.605     -0.4888      0.0833     -0.7837     -0.1987
0.606     -0.4928      0.0827     -0.7886     -0.2015
0.607     -0.4968      0.0820     -0.7936     -0.2044
0.608     -0.5008      0.0813     -0.7986     -0.2073
0.609     -0.5049      0.0807     -0.8036     -0.2103
0.610     -0.5090      0.0800     -0.8086     -0.2137
0.611     -0.5131      0.0793     -0.8137     -0.2171
0.612     -0.5172      0.0786     -0.8188     -0.2205
0.613     -0.5213      0.0780     -0.8243     -0.2239
0.614     -0.5255      0.0773     -0.8300     -0.2268
0.615     -0.5297      0.0766     -0.8357     -0.2303
0.616     -0.5339      0.0759     -0.8414     -0.2333
0.617     -0.5381      0.0752     -0.8472     -0.2363
0.618     -0.5423      0.0745     -0.8530     -0.2394
0.619     -0.5466      0.0738     -0.8588     -0.2424
0.620     -0.5509      0.0731     -0.8646     -0.2455
0.621     -0.5552      0.0724     -0.8705     -0.2485
0.622     -0.5596      0.0717     -0.8764     -0.2516
0.623     -0.5639      0.0709     -0.8824     -0.2548
0.624     -0.5683      0.0702     -0.8881     -0.2579
0.625     -0.5727      0.0695     -0.8936     -0.2610
0.626     -0.5771      0.0688     -0.8991     -0.2642
0.627     -0.5816      0.0680     -0.9047     -0.2674
0.628     -0.5861      0.0673     -0.9103     -0.2706
0.629     -0.5906      0.0665     -0.9159     -0.2738
0.630     -0.5951      0.0658     -0.9215     -0.2770
0.631     -0.5997      0.0651     -0.9272     -0.2803
0.632     -0.6042      0.0643     -0.9329     -0.2835
0.633     -0.6089      0.0635     -0.9387     -0.2868
0.634     -0.6135      0.0628     -0.9445     -0.2900
0.635     -0.6181      0.0620     -0.9503     -0.2932
0.636     -0.6228      0.0612     -0.9561     -0.2968
0.637     -0.6275      0.0605     -0.9620     -0.3002
0.638     -0.6322      0.0597     -0.9679     -0.3042
0.639     -0.6370      0.0589     -0.9738     -0.3081
0.640     -0.6418      0.0581     -0.9798     -0.3121
0.641     -0.6466      0.0573     -0.9858     -0.3162
0.642     -0.6514      0.0565     -0.9924     -0.3202
0.643     -0.6563      0.0557     -0.9992     -0.3243
0.644     -0.6612      0.0549     -1.0060     -0.3284
0.645     -0.6661      0.0541     -1.0128     -0.3323
0.646     -0.6711      0.0533     -1.0191     -0.3357
0.647     -0.6760      0.0525     -1.0248     -0.3395
0.648     -0.6810      0.0516     -1.0306     -0.3437
0.649     -0.6861      0.0508     -1.0365     -0.3473
0.650     -0.6911      0.0500     -1.0423     -0.3506
0.651     -0.6962      0.0491     -1.0482     -0.3540
0.652     -0.7013      0.0483     -1.0542     -0.3573
0.653     -0.7065      0.0474     -1.0605     -0.3607
0.654     -0.7117      0.0466     -1.0670     -0.3641
0.655     -0.7169      0.0457     -1.0731     -0.3675
0.656     -0.7221      0.0449     -1.0792     -0.3710
0.657     -0.7274      0.0440     -1.0853     -0.3745
0.658     -0.7327      0.0431     -1.0915     -0.3783
0.659     -0.7380      0.0422     -1.0979     -0.3820
0.660     -0.7434      0.0414     -1.1057     -0.3861
0.661     -0.7488      0.0405     -1.1133     -0.3903
0.662     -0.7542      0.0396     -1.1200     -0.3944
0.663     -0.7596      0.0387     -1.1268     -0.3985
0.664     -0.7651      0.0378     -1.1337     -0.4021
0.665     -0.7706      0.0369     -1.1406     -0.4057
0.666     -0.7762      0.0359     -1.1475     -0.4094
0.667     -0.7818      0.0350     -1.1545     -0.4136
0.668     -0.7874      0.0341     -1.1620     -0.4183
0.669     -0.7931      0.0332     -1.1694     -0.4230
0.670     -0.7988      0.0322     -1.1770     -0.4277
0.671     -0.8045      0.0313     -1.1842     -0.4325
0.672     -0.8102      0.0303     -1.1912     -0.4372
0.673     -0.8160      0.0294     -1.1983     -0.4419
0.674     -0.8219      0.0284     -1.2054     -0.4464
0.675     -0.8277      0.0275     -1.2126     -0.4509
0.676     -0.8336      0.0265     -1.2201     -0.4555
0.677     -0.8396      0.0255     -1.2280     -0.4600
0.678     -0.8456      0.0245     -1.2359     -0.4646
0.679     -0.8516      0.0235     -1.2436     -0.4692
0.680     -0.8576      0.0225     -1.2509     -0.4739
0.681     -0.8637      0.0215     -1.2582     -0.4786
0.682     -0.8698      0.0205     -1.2656     -0.4833
0.683     -0.8760      0.0195     -1.2730     -0.4880
0.684     -0.8822      0.0185     -1.2805     -0.4928
0.685     -0.8885      0.0174     -1.2880     -0.4968
0.686     -0.8947      0.0164     -1.2956     -0.5011
0.687     -0.9011      0.0154     -1.3033     -0.5052
0.688     -0.9074      0.0143     -1.3113     -0.5093
0.689     -0.9138      0.0133     -1.3193     -0.5135
0.690     -0.9203      0.0122     -1.3273     -0.5177
0.691     -0.9268      0.0111     -1.3357     -0.5220
0.692     -0.9333      0.0101     -1.3445     -0.5263
0.693     -0.9399      0.0090     -1.3534     -0.5306
0.694     -0.9465      0.0079     -1.3623     -0.5349
0.695     -0.9532      0.0068     -1.3713     -0.5398
0.696     -0.9599      0.0057     -1.3803     -0.5452
0.697     -0.9666      0.0046     -1.3891     -0.5506
0.698     -0.9734      0.0034     -1.3975     -0.5560
0.699     -0.9802      0.0023     -1.4059     -0.5615
0.700     -0.9871      0.0012     -1.4143     -0.5670
0.701     -0.9941      0.0000     -1.4226     -0.5725
0.702     -1.0010     -0.0011     -1.4310     -0.5781
0.703     -1.0081     -0.0023     -1.4395     -0.5829
0.704     -1.0151     -0.0034     -1.4480     -0.5874
0.705     -1.0223     -0.0046     -1.4565     -0.5919
0.706     -1.0294     -0.0058     -1.4651     -0.5964
0.707     -1.0366     -0.0070     -1.4738     -0.6015
0.708     -1.0439     -0.0082     -1.4825     -0.6079
0.709     -1.0512     -0.0094     -1.4910     -0.6144
0.710     -1.0586     -0.0106     -1.4999     -0.6210
0.711     -1.0660     -0.0118     -1.5091     -0.6276
0.712     -1.0735     -0.0131     -1.5181     -0.6333
0.713     -1.0810     -0.0143     -1.5271     -0.6387
0.714     -1.0886     -0.0155     -1.5362     -0.6441
0.715     -1.0962     -0.0168     -1.5454     -0.6496
0.716     -1.1039     -0.0181     -1.5546     -0.6551
0.717     -1.1116     -0.0193     -1.5639     -0.6606
0.718     -1.1194     -0.0206     -1.5739     -0.6662
0.719     -1.1272     -0.0219     -1.5840     -0.6719
0.720     -1.1351     -0.0232     -1.5942     -0.6775
0.721     -1.1431     -0.0245     -1.6038     -0.6832
0.722     -1.1511     -0.0259     -1.6141     -0.6890
0.723     -1.1592     -0.0272     -1.6246     -0.6948
0.724     -1.1673     -0.0285     -1.6352     -0.7006
0.725     -1.1755     -0.0299     -1.6458     -0.7065
0.726     -1.1838     -0.0312     -1.6561     -0.7124
0.727     -1.1921     -0.0326     -1.6665     -0.7184
0.728     -1.2004     -0.0340     -1.6769     -0.7244
0.729     -1.2089     -0.0354     -1.6874     -0.7304
0.730     -1.2174     -0.0368     -1.6981     -0.7365
0.731     -1.2259     -0.0382     -1.7091     -0.7427
0.732     -1.2345     -0.0396     -1.7202     -0.7489
0.733     -1.2432     -0.0410     -1.7313     -0.7551
0.734     -1.2520     -0.0425     -1.7423     -0.7614
0.735     -1.2608     -0.0439     -1.7532     -0.7677
0.736     -1.2697     -0.0454     -1.7642     -0.7741
0.737     -1.2786     -0.0469     -1.7756     -0.7805
0.738     -1.2877     -0.0484     -1.7879     -0.7870
0.739     -1.2968     -0.0499     -1.7998     -0.7935
0.740     -1.3059     -0.0514     -1.8110     -0.8001
0.741     -1.3151     -0.0529     -1.8228     -0.8067
0.742     -1.3244     -0.0544     -1.8349     -0.8134
0.743     -1.3338     -0.0560     -1.8471     -0.8201
0.744     -1.3433     -0.0575     -1.8594     -0.8269
0.745     -1.3528     -0.0591     -1.8718     -0.8337
0.746     -1.3624     -0.0607     -1.8835     -0.8411
0.747     -1.3721     -0.0623     -1.8948     -0.8486
0.748     -1.3818     -0.0639     -1.9063     -0.8558
0.749     -1.3916     -0.0655     -1.9181     -0.8637
0.750     -1.4015     -0.0671     -1.9315     -0.8710
0.751     -1.4115     -0.0688     -1.9450     -0.8777
0.752     -1.4216     -0.0704     -1.9586     -0.8846
0.753     -1.4317     -0.0721     -1.9724     -0.8915
0.754     -1.4420     -0.0738     -1.9863     -0.8985
0.755     -1.4523     -0.0755     -2.0001     -0.9055
0.756     -1.4627     -0.0772     -2.0131     -0.9126
0.757     -1.4732     -0.0789     -2.0256     -0.9201
0.758     -1.4837     -0.0807     -2.0381     -0.9277
0.759     -1.4944     -0.0824     -2.0508     -0.9353
0.760     -1.5051     -0.0842     -2.0635     -0.9430
0.761     -1.5160     -0.0860     -2.0764     -0.9508
0.762     -1.5269     -0.0878     -2.0893     -0.9587
0.763     -1.5379     -0.0896     -2.1030     -0.9666
0.764     -1.5490     -0.0915     -2.1171     -0.9745
0.765     -1.5603     -0.0933     -2.1313     -0.9826
0.766     -1.5716     -0.0952     -2.1455     -0.9907
0.767     -1.5830     -0.0970     -2.1600     -0.9989
0.768     -1.5945     -0.0989     -2.1745     -1.0071
0.769     -1.6061     -0.1009     -2.1892     -1.0154
0.770     -1.6178     -0.1028     -2.2040     -1.0238
0.771     -1.6296     -0.1047     -2.2189     -1.0323
0.772     -1.6415     -0.1067     -2.2340     -1.0413
0.773     -1.6535     -0.1087     -2.2491     -1.0499
0.774     -1.6656     -0.1107     -2.2645     -1.0588
0.775     -1.6778     -0.1127     -2.2799     -1.0679
0.776     -1.6902     -0.1147     -2.2950     -1.0770
0.777     -1.7026     -0.1168     -2.3100     -1.0862
0.778     -1.7152     -0.1188     -2.3252     -1.0955
0.779     -1.7278     -0.1209     -2.3409     -1.1039
0.780     -1.7406     -0.1230     -2.3577     -1.1122
0.781     -1.7535     -0.1252     -2.3746     -1.1213
0.782     -1.7665     -0.1273     -2.3916     -1.1306
0.783     -1.7797     -0.1295     -2.4087     -1.1400
0.784     -1.7929     -0.1317     -2.4255     -1.1495
0.785     -1.8063     -0.1339     -2.4424     -1.1591
0.786     -1.8198     -0.1361     -2.4603     -1.1688
0.787     -1.8335     -0.1383     -2.4783     -1.1786
0.788     -1.8472     -0.1406     -2.4955     -1.1885
0.789     -1.8611     -0.1429     -2.5128     -1.1991
0.790     -1.8752     -0.1452     -2.5303     -1.2097
0.791     -1.8893     -0.1475     -2.5479     -1.2205
0.792     -1.9036     -0.1499     -2.5661     -1.2314
0.793     -1.9181     -0.1523     -2.5848     -1.2424
0.794     -1.9326     -0.1547     -2.6044     -1.2535
0.795     -1.9474     -0.1571     -2.6244     -1.2640
0.796     -1.9622     -0.1596     -2.6434     -1.2738
0.797     -1.9772     -0.1620     -2.6623     -1.2838
0.798     -1.9924     -0.1645     -2.6814     -1.2938
0.799     -2.0077     -0.1671     -2.7006     -1.3040
0.800     -2.0232     -0.1696     -2.7208     -1.3147
0.801     -2.0388     -0.1722     -2.7412     -1.3260
0.802     -2.0546     -0.1748     -2.7618     -1.3373
0.803     -2.0705     -0.1774     -2.7826     -1.3487
0.804     -2.0866     -0.1801     -2.8036     -1.3603
0.805     -2.1029     -0.1827     -2.8249     -1.3719
0.806     -2.1193     -0.1855     -2.8462     -1.3837
0.807     -2.1359     -0.1882     -2.8678     -1.3956
0.808     -2.1527     -0.1910     -2.8896     -1.4077
0.809     -2.1696     -0.1938     -2.9116     -1.4198
0.810     -2.1868     -0.1966     -2.9338     -1.4321
0.811     -2.2041     -0.1994     -2.9562     -1.4446
0.812     -2.2216     -0.2023     -2.9783     -1.4571
0.813     -2.2392     -0.2052     -3.0006     -1.4698
0.814     -2.2571     -0.2082     -3.0232     -1.4826
0.815     -2.2752     -0.2112     -3.0460     -1.4956
0.816     -2.2934     -0.2142     -3.0691     -1.5087
0.817     -2.3119     -0.2172     -3.0924     -1.5219
0.818     -2.3306     -0.2203     -3.1162     -1.5353
0.819     -2.3494     -0.2234     -3.1409     -1.5489
0.820     -2.3685     -0.2265     -3.1659     -1.5626
0.821     -2.3878     -0.2297     -3.1912     -1.5765
0.822     -2.4073     -0.2329     -3.2167     -1.5906
0.823     -2.4270     -0.2362     -3.2426     -1.6049
0.824     -2.4470     -0.2395     -3.2672     -1.6200
0.825     -2.4672     -0.2428     -3.2915     -1.6348
0.826     -2.4876     -0.2462     -3.3161     -1.6489
0.827     -2.5082     -0.2496     -3.3410     -1.6638
0.828     -2.5291     -0.2530     -3.3671     -1.6790
0.829     -2.5503     -0.2565     -3.3953     -1.6943
0.830     -2.5717     -0.2600     -3.4239     -1.7099
0.831     -2.5933     -0.2636     -3.4529     -1.7256
0.832     -2.6152     -0.2672     -3.4822     -1.7414
0.833     -2.6373     -0.2709     -3.5118     -1.7575
0.834     -2.6598     -0.2746     -3.5418     -1.7738
0.835     -2.6825     -0.2783     -3.5722     -1.7903
0.836     -2.7054     -0.2821     -3.6029     -1.8069
0.837     -2.7287     -0.2859     -3.6340     -1.8238
0.838     -2.7522     -0.2898     -3.6655     -1.8409
0.839     -2.7761     -0.2937     -3.6970     -1.8582
0.840     -2.8002     -0.2977     -3.7273     -1.8757
0.841     -2.8246     -0.3017     -3.7580     -1.8934
0.842     -2.8494     -0.3058     -3.7909     -1.9114
0.843     -2.8744     -0.3099     -3.8244     -1.9295
0.844     -2.8998     -0.3141     -3.8583     -1.9480
0.845     -2.9255     -0.3184     -3.8926     -1.9666
0.846     -2.9516     -0.3227     -3.9273     -1.9855
0.847     -2.9779     -0.3270     -3.9615     -2.0046
0.848     -3.0047     -0.3314     -3.9958     -2.0240
0.849     -3.0318     -0.3359     -4.0306     -2.0437
0.850     -3.0592     -0.3404     -4.0659     -2.0636
0.851     -3.0870     -0.3450     -4.1017     -2.0838
0.852     -3.1152     -0.3496     -4.1379     -2.1042
0.853     -3.1438     -0.3543     -4.1746     -2.1250
0.854     -3.1727     -0.3591     -4.2119     -2.1460
0.855     -3.2021     -0.3640     -4.2496     -2.1673
0.856     -3.2319     -0.3689     -4.2879     -2.1889
0.857     -3.2621     -0.3738     -4.3267     -2.2108
0.858     -3.2927     -0.3789     -4.3661     -2.2330
0.859     -3.3237     -0.3840     -4.4060     -2.2555
0.860     -3.3552     -0.3892     -4.4465     -2.2784
0.861     -3.3872     -0.3945     -4.4875     -2.3016
0.862     -3.4196     -0.3998     -4.5292     -2.3251
0.863     -3.4524     -0.4052     -4.5715     -2.3489
0.864     -3.4858     -0.4107     -4.6144     -2.3731
0.865     -3.5197     -0.4163     -4.6579     -2.3977
0.866     -3.5540     -0.4220     -4.7020     -2.4226
0.867     -3.5889     -0.4277     -4.7459     -2.4479
0.868     -3.6243     -0.4336     -4.7922     -2.4736
0.869     -3.6603     -0.4395     -4.8386     -2.4997
0.870     -3.6968     -0.4455     -4.8856     -2.5262
0.871     -3.7338     -0.4516     -4.9332     -2.5531
0.872     -3.7715     -0.4578     -4.9816     -2.5804
0.873     -3.8097     -0.4641     -5.0308     -2.6071
0.874     -3.8486     -0.4705     -5.0796     -2.6340
0.875     -3.8880     -0.4770     -5.1297     -2.6613
0.876     -3.9281     -0.4836     -5.1818     -2.6895
0.877     -3.9689     -0.4904     -5.2347     -2.7191
0.878     -4.0103     -0.4972     -5.2885     -2.7492
0.879     -4.0524     -0.5041     -5.3428     -2.7798
0.880     -4.0952     -0.5112     -5.3978     -2.8109
0.881     -4.1388     -0.5184     -5.4538     -2.8425
0.882     -4.1830     -0.5257     -5.5107     -2.8747
0.883     -4.2281     -0.5331     -5.5686     -2.9074
0.884     -4.2739     -0.5406     -5.6275     -2.9407
0.885     -4.3205     -0.5483     -5.6874     -2.9745
0.886     -4.3679     -0.5561     -5.7483     -3.0089
0.887     -4.4161     -0.5641     -5.8104     -3.0440
0.888     -4.4653     -0.5722     -5.8735     -3.0797
0.889     -4.5153     -0.5804     -5.9378     -3.1160
0.890     -4.5662     -0.5888     -6.0032     -3.1529
0.891     -4.6180     -0.5974     -6.0699     -3.1906
0.892     -4.6708     -0.6061     -6.1378     -3.2289
0.893     -4.7246     -0.6149     -6.2069     -3.2680
0.894     -4.7794     -0.6240     -6.2774     -3.3078
0.895     -4.8353     -0.6332     -6.3492     -3.3484
0.896     -4.8922     -0.6426     -6.4224     -3.3897
0.897     -4.9502     -0.6521     -6.4970     -3.4319
0.898     -5.0094     -0.6619     -6.5730     -3.4749
0.899     -5.0697     -0.6718     -6.6506     -3.5187
0.900     -5.1313     -0.6820     -6.7297     -3.5634
0.901     -5.1941     -0.6923     -6.8105     -3.6090
0.902     -5.2581     -0.7029     -6.8928     -3.6555
0.903     -5.3235     -0.7137     -6.9754     -3.7030
0.904     -5.3903     -0.7247     -7.0596     -3.7515
0.905     -5.4584     -0.7359     -7.1456     -3.8010
0.906     -5.5281     -0.7474     -7.2334     -3.8515
0.907     -5.5992     -0.7591     -7.3232     -3.9032
0.908     -5.6718     -0.7711     -7.4148     -3.9560
0.909     -5.7461     -0.7833     -7.5085     -4.0099
0.910     -5.8220     -0.7958     -7.6043     -4.0650
0.911     -5.8996     -0.8086     -7.7022     -4.1214
0.912     -5.9789     -0.8217     -7.8023     -4.1771
0.913     -6.0601     -0.8351     -7.9048     -4.2340
0.914     -6.1432     -0.8488     -8.0096     -4.2922
0.915     -6.2283     -0.8628     -8.1169     -4.3518
0.916     -6.3153     -0.8772     -8.2267     -4.4128
0.917     -6.4045     -0.8919     -8.3392     -4.4753
0.918     -6.4958     -0.9069     -8.4544     -4.5393
0.919     -6.5894     -0.9223     -8.5725     -4.6049
0.920     -6.6853     -0.9382     -8.6935     -4.6721
0.921     -6.7837     -0.9544     -8.8176     -4.7411
0.922     -6.8846     -0.9710     -8.9449     -4.8118
0.923     -6.9881     -0.9881     -9.0755     -4.8843
0.924     -7.0943     -1.0056     -9.2113     -4.9588
0.925     -7.2034     -1.0236     -9.3526     -5.0352
0.926     -7.3154     -1.0420     -9.4977     -5.1137
0.927     -7.4304     -1.0610     -9.6468     -5.1949
0.928     -7.5487     -1.0805     -9.8000     -5.2797
0.929     -7.6703     -1.1005     -9.9576     -5.3670
0.930     -7.7954     -1.1212    -10.1196     -5.4567
0.931     -7.9241     -1.1424    -10.2864     -5.5491
0.932     -8.0566     -1.1642    -10.4580     -5.6435
0.933     -8.1930     -1.1867    -10.6348     -5.7391
0.934     -8.3336     -1.2099    -10.8169     -5.8376
0.935     -8.4785     -1.2338    -11.0046     -5.9392
0.936     -8.6279     -1.2584    -11.1982     -6.0440
0.937     -8.7821     -1.2838    -11.3980     -6.1520
0.938     -8.9412     -1.3100    -11.6041     -6.2639
0.939     -9.1056     -1.3371    -11.8171     -6.3818
0.940     -9.2754     -1.3651    -12.0372     -6.5037
0.941     -9.4510     -1.3941    -12.2607     -6.6297
0.942     -9.6327     -1.4240    -12.4913     -6.7601
0.943     -9.8207     -1.4550    -12.7300     -6.8950
0.944    -10.0155     -1.4871    -12.9772     -7.0347
0.945    -10.2173     -1.5204    -13.2334     -7.1796
0.946    -10.4266     -1.5549    -13.4990     -7.3272
0.947    -10.6438     -1.5907    -13.7748     -7.4799
0.948    -10.8693     -1.6279    -14.0611     -7.6386
0.949    -11.1037     -1.6665    -14.3586     -7.8034
0.950    -11.3475     -1.7067    -14.6680     -7.9748
0.951    -11.6012     -1.7485    -14.9901     -8.1532
0.952    -11.8655     -1.7921    -15.3256     -8.3391
0.953    -12.1411     -1.8375    -15.6754     -8.5328
0.954    -12.4286     -1.8849    -16.0404     -8.7350
0.955    -12.7289     -1.9344    -16.4216     -8.9462
0.956    -13.0428     -1.9862    -16.8201     -9.1670
0.957    -13.3714     -2.0404    -17.2372     -9.3980
0.958    -13.7156     -2.0971    -17.6741     -9.6408
0.959    -14.0766     -2.1566    -18.1323     -9.8985
0.960    -14.4556     -2.2191    -18.6151    -10.1690
0.961    -14.8541     -2.2848    -19.1261    -10.4534
0.962    -15.2736     -2.3539    -19.6640    -10.7527
0.963    -15.7157     -2.4268    -20.2310    -11.0682
0.964    -16.1824     -2.5037    -20.8295    -11.4013
0.965    -16.6757     -2.5851    -21.4622    -11.7534
0.966    -17.1980     -2.6712    -22.1321    -12.1262
0.967    -17.7521     -2.7625    -22.8426    -12.5216
0.968    -18.3408     -2.8595    -23.5975    -12.9417
0.969    -18.9674     -2.9628    -24.4011    -13.3890
0.970    -19.6358     -3.0730    -25.2582    -13.8659
0.971    -20.3504     -3.1908    -26.1746    -14.3759
0.972    -21.1159     -3.3170    -27.1564    -14.9223
0.973    -21.9381     -3.4526    -28.2108    -15.5090
0.974    -22.8236     -3.5985    -29.3464    -16.1410
0.975    -23.7799     -3.7562    -30.5728    -16.8235
0.976    -24.8161     -3.9270    -31.9016    -17.5631
0.977    -25.9421     -4.1126    -33.3456    -18.3693
0.978    -27.1706     -4.3151    -34.9212    -19.2506
0.979    -28.5161     -4.5369    -36.6383    -20.2158
0.980    -29.9962     -4.7809    -38.5342    -21.2775
0.981    -31.6320     -5.0506    -40.6390    -22.4509
0.982    -33.4497     -5.3502    -42.9735    -23.7547
0.983    -35.4811     -5.6851    -45.5788    -25.2120
0.984    -37.7665     -6.0618    -48.5096    -26.8514
0.985    -40.3566     -6.4889    -51.8266    -28.7080
0.986    -43.3168     -6.9768    -55.6138    -30.8196
0.987    -46.7323     -7.5399    -59.9840    -33.2561
0.988    -50.7171     -8.1968    -65.0823    -36.0988
0.989    -55.4264     -8.9731    -71.1074    -39.4582
0.990    -61.0776     -9.9046    -78.3379    -43.4897
0.991    -67.9846    -11.0432    -87.1750    -48.4168
0.992    -76.6184    -12.4665    -98.2210    -54.5760
0.993    -87.7190    -14.2963   -112.4242    -62.4955
0.994   -102.5184    -16.7361   -131.3595    -73.0525
0.995   -123.2412    -20.1522   -157.8515    -87.8349
0.996   -154.3234    -25.2759   -197.5709   -110.0085
0.997   -206.1277    -33.8155   -263.8297   -146.9673
0.998   -309.7250    -50.8947   -396.3847   -220.8949
0.999   -620.5887   -102.1407   -794.1059   -442.7373
