0.001    -34.8749    -32.2228    -43.9571    -26.1132
0.002    -16.9373    -15.6180    -21.4750    -12.5598
0.003    -10.9581    -10.0831    -13.9809     -8.0420
0.004     -7.9684     -7.3156    -10.2328     -5.7831
0.005     -6.1747     -5.6551     -7.9839     -4.4277
0.006     -4.9788     -4.5481     -6.4847     -3.5234
0.007     -4.1247     -3.7574     -5.4138     -2.8774
0.008     -3.4840     -3.1644     -4.6107     -2.3929
0.009     -2.9858     -2.7031     -3.9860     -2.0161
0.010     -2.5872     -2.3341     -3.4863     -1.7153
0.011     -2.2610     -2.0322     -3.0774     -1.4691
0.012     -1.9892     -1.7806     -2.7366     -1.2636
0.013     -1.7593     -1.5678     -2.4483     -1.0896
0.014     -1.5621     -1.3853     -2.2014     -0.9406
0.015     -1.3913     -1.2271     -1.9877     -0.8114
0.016     -1.2418     -1.0888     -1.8007     -0.6983
0.017     -1.1099     -0.9667     -1.6357     -0.5988
0.018     -0.9927     -0.8582     -1.4891     -0.5106
0.019     -0.8878     -0.7610     -1.3579     -0.4317
0.020     -0.7934     -0.6737     -1.2398     -0.3607
0.021     -0.7080     -0.5946     -1.1330     -0.2965
0.022     -0.6303     -0.5227     -1.0358     -0.2381
0.023     -0.5594     -0.4571     -0.9469     -0.1848
0.024     -0.4944     -0.3969     -0.8654     -0.1359
0.025     -0.4346     -0.3416     -0.7904     -0.0907
0.026     -0.3794     -0.2905     -0.7212     -0.0490
0.027     -0.3283     -0.2432     -0.6571     -0.0104
0.028     -0.2809     -0.1992     -0.5976      0.0256
0.029     -0.2367     -0.1583     -0.5422      0.0591
0.030     -0.1955     -0.1202     -0.4905      0.0904
0.031     -0.1569     -0.0845     -0.4421      0.1197
0.032     -0.1207     -0.0510     -0.3967      0.1471
0.033     -0.0868     -0.0195     -0.3541      0.1729
0.034     -0.0548      0.0101     -0.3140      0.1971
0.035     -0.0246      0.0380     -0.2762      0.2200
0.036      0.0038      0.0643     -0.2405      0.2416
0.037      0.0308      0.0893     -0.2067      0.2620
0.038      0.0563      0.1129     -0.1747      0.2813
0.039      0.0805      0.1353     -0.1442      0.2997
0.040      0.1035      0.1566     -0.1153      0.3173
0.041      0.1254      0.1768     -0.0878      0.3341
0.042      0.1462      0.1961     -0.0616      0.3501
0.043      0.1661      0.2145     -0.0366      0.3649
0.044      0.1850      0.2321     -0.0128      0.3790
0.045      0.2031      0.2488      0.0100      0.3927
0.046      0.2205      0.2649      0.0318      0.4059
0.047      0.2371      0.2802      0.0527      0.4184
0.048      0.2530      0.2950      0.0726      0.4305
0.049      0.2682      0.3091      0.0918      0.4420
0.050      0.2829      0.3226      0.1102      0.4531
0.051      0.2969      0.3357      0.1279      0.4638
0.052      0.3105      0.3482      0.1449      0.4740
0.053      0.3235      0.3602      0.1613      0.4839
0.054      0.3360      0.3718      0.1771      0.4933
0.055      0.3481      0.3830      0.1923      0.5024
0.056      0.3597      0.3938      0.2069      0.5112
0.057      0.3710      0.4042      0.2210      0.5197
0.058      0.3818      0.4142      0.2346      0.5279
0.059      0.3923      0.4240      0.2476      0.5358
0.060      0.4025      0.4333      0.2602      0.5434
0.061      0.4123      0.4424      0.2724      0.5508
0.062      0.4217      0.4512      0.2841      0.5580
0.063      0.4309      0.4597      0.2955      0.5649
0.064      0.4398      0.4679      0.3065      0.5716
0.065      0.4484      0.4759      0.3172      0.5781
0.066      0.4568      0.4837      0.3276      0.5844
0.067      0.4649      0.4912      0.3377      0.5905
0.068      0.4728      0.4985      0.3476      0.5965
0.069      0.4804      0.5055      0.3572      0.6022
0.070      0.4879      0.5124      0.3665      0.6078
0.071      0.4951      0.5191      0.3755      0.6133
0.072      0.5021      0.5256      0.3843      0.6184
0.073      0.5089      0.5319      0.3929      0.6234
0.074      0.5156      0.5380      0.4012      0.6283
0.075      0.5220      0.5440      0.4093      0.6330
0.076      0.5283      0.5499      0.4172      0.6376
0.077      0.5345      0.5555      0.4249      0.6420
0.078      0.5404      0.5611      0.4324      0.6465
0.079      0.5463      0.5665      0.4397      0.6510
0.080      0.5519      0.5717      0.4468      0.6553
0.081      0.5575      0.5768      0.4538      0.6596
0.082      0.5629      0.5818      0.4605      0.6637
0.083      0.5681      0.5867      0.4671      0.6677
0.084      0.5733      0.5915      0.4736      0.6716
0.085      0.5783      0.5961      0.4799      0.6755
0.086      0.5832      0.6007      0.4861      0.6792
0.087      0.5880      0.6051      0.4921      0.6829
0.088      0.5927      0.6094      0.4979      0.6855
0.089      0.5973      0.6137      0.5056      0.6878
0.090      0.6018      0.6178      0.5119      0.6891
0.091      0.6061      0.6219      0.5186      0.6898
0.092      0.6104      0.6259      0.5267      0.6899
0.093      0.6146      0.6297      0.5345      0.6908
0.094      0.6187      0.6335      0.5435      0.6900
0.095      0.6208      0.6335      0.5505      0.6874
0.096      0.6204      0.6329      0.5549      0.6843
0.097      0.6200      0.6324      0.5566      0.6813
0.098      0.6195      0.6319      0.5592      0.6800
0.099      0.6191      0.6313      0.5593      0.6786
0.100      0.6187      0.6308      0.5596      0.6778
0.101      0.6183      0.6302      0.5592      0.6766
0.102      0.6179      0.6296      0.5588      0.6756
0.103      0.6174      0.6291      0.5584      0.6752
0.104      0.6170      0.6285      0.5580      0.6747
0.105      0.6166      0.6280      0.5576      0.6743
0.106      0.6162      0.6274      0.5572      0.6739
0.107      0.6157      0.6269      0.5569      0.6734
0.108      0.6153      0.6263      0.5565      0.6731
0.109      0.6149      0.6257      0.5562      0.6728
0.110      0.6145      0.6252      0.5558      0.6725
0.111      0.6140      0.6246      0.5554      0.6722
0.112      0.6136      0.6241      0.5548      0.6718
0.113      0.6132      0.6235      0.5543      0.6712
0.114      0.6127      0.6229      0.5538      0.6707
0.115      0.6123      0.6223      0.5533      0.6702
0.116      0.6119      0.6218      0.5529      0.6697
0.117      0.6114      0.6212      0.5525      0.6692
0.118      0.6110      0.6206      0.5520      0.6687
0.119      0.6106      0.6201      0.5516      0.6682
0.120      0.6101      0.6195      0.5512      0.6677
0.121      0.6097      0.6189      0.5507      0.6673
0.122      0.6092      0.6183      0.5503      0.6668
0.123      0.6088      0.6177      0.5499      0.6664
0.124      0.6084      0.6172      0.5494      0.6659
0.125      0.6079      0.6166      0.5489      0.6654
0.126      0.6075      0.6160      0.5485      0.6650
0.127      0.6070      0.6154      0.5480      0.6645
0.128      0.6066      0.6148      0.5475      0.6641
0.129      0.6061      0.6142      0.5469      0.6636
0.130      0.6057      0.6136      0.5463      0.6632
0.131      0.6052      0.6131      0.5458      0.6627
0.132      0.6048      0.6125      0.5454      0.6623
0.133      0.6043      0.6119      0.5449      0.6619
0.134      0.6039      0.6113      0.5445      0.6615
0.135      0.6034      0.6107      0.5441      0.6611
0.136      0.6030      0.6101      0.5437      0.6606
0.137      0.6025      0.6095      0.5432      0.6600
0.138      0.6021      0.6089      0.5428      0.6595
0.139      0.6016      0.6083      0.5423      0.6590
0.140      0.6011      0.6077      0.5418      0.6585
0.141      0.6007      0.6071      0.5413      0.6581
0.142      0.6002      0.6065      0.5408      0.6576
0.143      0.5998      0.6059      0.5403      0.6571
0.144      0.5993      0.6053      0.5398      0.6567
0.145      0.5988      0.6046      0.5394      0.6563
0.146      0.5984      0.6040      0.5389      0.6559
0.147      0.5979      0.6034      0.5384      0.6555
0.148      0.5974      0.6028      0.5379      0.6551
0.149      0.5970      0.6022      0.5374      0.6546
0.150      0.5965      0.6016      0.5369      0.6542
0.151      0.5960      0.6010      0.5364      0.6538
0.152      0.5955      0.6003      0.5359      0.6534
0.153      0.5951      0.5997      0.5354      0.6530
0.154      0.5946      0.5991      0.5349      0.6526
0.155      0.5941      0.5985      0.5344      0.6522
0.156      0.5936      0.5978      0.5339      0.6518
0.157      0.5932      0.5972      0.5335      0.6513
0.158      0.5927      0.5966      0.5331      0.6509
0.159      0.5922      0.5960      0.5327      0.6505
0.160      0.5917      0.5953      0.5323      0.6501
0.161      0.5912      0.5947      0.5319      0.6497
0.162      0.5908      0.5941      0.5314      0.6492
0.163      0.5903      0.5934      0.5309      0.6488
0.164      0.5898      0.5928      0.5303      0.6483
0.165      0.5893      0.5921      0.5299      0.6478
0.166      0.5888      0.5915      0.5295      0.6474
0.167      0.5883      0.5909      0.5290      0.6469
0.168      0.5878      0.5902      0.5286      0.6465
0.169      0.5873      0.5896      0.5281      0.6460
0.170      0.5869      0.5889      0.5277      0.6455
0.171      0.5864      0.5883      0.5273      0.6450
0.172      0.5859      0.5876      0.5268      0.6445
0.173      0.5854      0.5870      0.5264      0.6440
0.174      0.5849      0.5863      0.5259      0.6434
0.175      0.5844      0.5857      0.5255      0.6429
0.176      0.5839      0.5850      0.5251      0.6424
0.177      0.5834      0.5843      0.5246      0.6419
0.178      0.5829      0.5837      0.5242      0.6413
0.179      0.5824      0.5830      0.5237      0.6408
0.180      0.5819      0.5824      0.5233      0.6403
0.181      0.5814      0.5817      0.5228      0.6397
0.182      0.5808      0.5810      0.5223      0.6392
0.183      0.5803      0.5804      0.5218      0.6387
0.184      0.5798      0.5797      0.5213      0.6382
0.185      0.5793      0.5790      0.5207      0.6376
0.186      0.5788      0.5783      0.5202      0.6371
0.187      0.5783      0.5777      0.5197      0.6365
0.188      0.5778      0.5770      0.5192      0.6360
0.189      0.5773      0.5763      0.5187      0.6356
0.190      0.5767      0.5756      0.5181      0.6351
0.191      0.5762      0.5750      0.5176      0.6347
0.192      0.5757      0.5743      0.5171      0.6342
0.193      0.5752      0.5736      0.5167      0.6338
0.194      0.5747      0.5729      0.5163      0.6333
0.195      0.5741      0.5722      0.5158      0.6329
0.196      0.5736      0.5715      0.5152      0.6324
0.197      0.5731      0.5708      0.5147      0.6318
0.198      0.5726      0.5701      0.5142      0.6313
0.199      0.5720      0.5694      0.5137      0.6308
0.200      0.5715      0.5687      0.5133      0.6303
0.201      0.5710      0.5681      0.5128      0.6298
0.202      0.5704      0.5674      0.5123      0.6293
0.203      0.5699      0.5666      0.5119      0.6288
0.204      0.5694      0.5659      0.5113      0.6283
0.205      0.5688      0.5652      0.5107      0.6277
0.206      0.5683      0.5645      0.5100      0.6270
0.207      0.5677      0.5638      0.5095      0.6265
0.208      0.5672      0.5631      0.5089      0.6260
0.209      0.5667      0.5624      0.5084      0.6255
0.210      0.5661      0.5617      0.5079      0.6250
0.211      0.5656      0.5610      0.5073      0.6245
0.212      0.5650      0.5603      0.5068      0.6240
0.213      0.5645      0.5595      0.5063      0.6235
0.214      0.5639      0.5588      0.5057      0.6230
0.215      0.5634      0.5581      0.5051      0.6224
0.216      0.5628      0.5574      0.5045      0.6219
0.217      0.5623      0.5566      0.5039      0.6214
0.218      0.5617      0.5559      0.5034      0.6209
0.219      0.5612      0.5552      0.5029      0.6204
0.220      0.5606      0.5544      0.5024      0.6199
0.221      0.5600      0.5537      0.5020      0.6194
0.222      0.5595      0.5530      0.5015      0.6188
0.223      0.5589      0.5522      0.5010      0.6181
0.224      0.5584      0.5515      0.5005      0.6174
0.225      0.5578      0.5507      0.4999      0.6168
0.226      0.5572      0.5500      0.4993      0.6164
0.227      0.5567      0.5493      0.4987      0.6159
0.228      0.5561      0.5485      0.4984      0.6155
0.229      0.5555      0.5478      0.4980      0.6150
0.230      0.5549      0.5470      0.4975      0.6144
0.231      0.5544      0.5463      0.4970      0.6137
0.232      0.5538      0.5455      0.4964      0.6131
0.233      0.5532      0.5447      0.4959      0.6126
0.234      0.5526      0.5440      0.4954      0.6122
0.235      0.5521      0.5432      0.4947      0.6118
0.236      0.5515      0.5425      0.4940      0.6112
0.237      0.5509      0.5417      0.4933      0.6105
0.238      0.5503      0.5409      0.4926      0.6099
0.239      0.5497      0.5402      0.4921      0.6092
0.240      0.5491      0.5394      0.4916      0.6085
0.241      0.5485      0.5386      0.4910      0.6079
0.242      0.5479      0.5378      0.4903      0.6072
0.243      0.5474      0.5371      0.4898      0.6066
0.244      0.5468      0.5363      0.4893      0.6060
0.245      0.5462      0.5355      0.4887      0.6055
0.246      0.5456      0.5347      0.4880      0.6050
0.247      0.5450      0.5339      0.4873      0.6044
0.248      0.5444      0.5331      0.4866      0.6038
0.249      0.5438      0.5323      0.4859      0.6031
0.250      0.5432      0.5315      0.4853      0.6025
0.251      0.5426      0.5308      0.4847      0.6019
0.252      0.5420      0.5300      0.4841      0.6012
0.253      0.5413      0.5292      0.4835      0.6006
0.254      0.5407      0.5284      0.4829      0.6000
0.255      0.5401      0.5276      0.4823      0.5993
0.256      0.5395      0.5267      0.4817      0.5987
0.257      0.5389      0.5259      0.4811      0.5980
0.258      0.5383      0.5251      0.4805      0.5974
0.259      0.5377      0.5243      0.4799      0.5969
0.260      0.5370      0.5235      0.4793      0.5963
0.261      0.5364      0.5227      0.4786      0.5956
0.262      0.5358      0.5219      0.4780      0.5948
0.263      0.5352      0.5210      0.4774      0.5941
0.264      0.5345      0.5202      0.4768      0.5935
0.265      0.5339      0.5194      0.4761      0.5929
0.266      0.5333      0.5186      0.4755      0.5923
0.267      0.5327      0.5177      0.4747      0.5917
0.268      0.5320      0.5169      0.4740      0.5911
0.269      0.5314      0.5161      0.4732      0.5904
0.270      0.5307      0.5152      0.4725      0.5897
0.271      0.5301      0.5144      0.4718      0.5891
0.272      0.5295      0.5136      0.4711      0.5885
0.273      0.5288      0.5127      0.4704      0.5881
0.274      0.5282      0.5119      0.4697      0.5876
0.275      0.5275      0.5110      0.4690      0.5871
0.276      0.5269      0.5102      0.4683      0.5866
0.277      0.5262      0.5093      0.4675      0.5861
0.278      0.5256      0.5085      0.4668      0.5856
0.279      0.5249      0.5076      0.4661      0.5850
0.280      0.5243      0.5067      0.4654      0.5844
0.281      0.5236      0.5059      0.4646      0.5838
0.282      0.5230      0.5050      0.4638      0.5832
0.283      0.5223      0.5042      0.4630      0.5827
0.284      0.5216      0.5033      0.4622      0.5822
0.285      0.5210      0.5024      0.4616      0.5817
0.286      0.5203      0.5015      0.4609      0.5812
0.287      0.5196      0.5007      0.4602      0.5806
0.288      0.5190      0.4998      0.4595      0.5801
0.289      0.5183      0.4989      0.4588      0.5796
0.290      0.5176      0.4980      0.4581      0.5791
0.291      0.5170      0.4971      0.4574      0.5785
0.292      0.5163      0.4962      0.4567      0.5778
0.293      0.5156      0.4953      0.4560      0.5771
0.294      0.5149      0.4945      0.4553      0.5764
0.295      0.5142      0.4936      0.4546      0.5757
0.296      0.5136      0.4927      0.4539      0.5750
0.297      0.5129      0.4918      0.4532      0.5743
0.298      0.5122      0.4908      0.4524      0.5737
0.299      0.5115      0.4899      0.4517      0.5731
0.300      0.5108      0.4890      0.4511      0.5725
0.301      0.5101      0.4881      0.4503      0.5719
0.302      0.5094      0.4872      0.4495      0.5713
0.303      0.5087      0.4863      0.4487      0.5707
0.304      0.5080      0.4854      0.4478      0.5700
0.305      0.5073      0.4844      0.4470      0.5694
0.306      0.5066      0.4835      0.4462      0.5687
0.307      0.5059      0.4826      0.4454      0.5679
0.308      0.5052      0.4817      0.4446      0.5671
0.309      0.5045      0.4807      0.4438      0.5664
0.310      0.5038      0.4798      0.4431      0.5657
0.311      0.5030      0.4788      0.4424      0.5650
0.312      0.5023      0.4779      0.4417      0.5643
0.313      0.5016      0.4770      0.4410      0.5636
0.314      0.5009      0.4760      0.4404      0.5629
0.315      0.5002      0.4751      0.4397      0.5622
0.316      0.4994      0.4741      0.4388      0.5615
0.317      0.4987      0.4732      0.4378      0.5608
0.318      0.4980      0.4722      0.4368      0.5601
0.319      0.4972      0.4712      0.4358      0.5593
0.320      0.4965      0.4703      0.4348      0.5585
0.321      0.4958      0.4693      0.4339      0.5577
0.322      0.4950      0.4683      0.4330      0.5570
0.323      0.4943      0.4674      0.4322      0.5563
0.324      0.4936      0.4664      0.4314      0.5557
0.325      0.4928      0.4654      0.4305      0.5551
0.326      0.4921      0.4644      0.4297      0.5544
0.327      0.4913      0.4634      0.4288      0.5536
0.328      0.4906      0.4625      0.4280      0.5530
0.329      0.4898      0.4615      0.4273      0.5526
0.330      0.4890      0.4605      0.4267      0.5522
0.331      0.4883      0.4595      0.4260      0.5517
0.332      0.4875      0.4585      0.4251      0.5509
0.333      0.4868      0.4575      0.4242      0.5501
0.334      0.4860      0.4565      0.4233      0.5493
0.335      0.4852      0.4555      0.4223      0.5485
0.336      0.4845      0.4545      0.4214      0.5477
0.337      0.4837      0.4534      0.4204      0.5469
0.338      0.4829      0.4524      0.4195      0.5460
0.339      0.4821      0.4514      0.4185      0.5452
0.340      0.4814      0.4504      0.4177      0.5444
0.341      0.4806      0.4494      0.4168      0.5436
0.342      0.4798      0.4483      0.4159      0.5428
0.343      0.4790      0.4473      0.4151      0.5420
0.344      0.4782      0.4463      0.4142      0.5413
0.345      0.4774      0.4452      0.4133      0.5406
0.346      0.4766      0.4442      0.4124      0.5398
0.347      0.4758      0.4431      0.4115      0.5391
0.348      0.4750      0.4421      0.4107      0.5383
0.349      0.4742      0.4410      0.4099      0.5376
0.350      0.4734      0.4400      0.4089      0.5368
0.351      0.4726      0.4389      0.4080      0.5361
0.352      0.4718      0.4379      0.4071      0.5353
0.353      0.4710      0.4368      0.4062      0.5346
0.354      0.4702      0.4357      0.4053      0.5337
0.355      0.4694      0.4346      0.4044      0.5329
0.356      0.4686      0.4336      0.4035      0.5323
0.357      0.4677      0.4325      0.4026      0.5315
0.358      0.4669      0.4314      0.4019      0.5307
0.359      0.4661      0.4303      0.4011      0.5299
0.360      0.4653      0.4292      0.4003      0.5290
0.361      0.4644      0.4281      0.3995      0.5281
0.362      0.4636      0.4271      0.3987      0.5272
0.363      0.4628      0.4260      0.3979      0.5263
0.364      0.4619      0.4249      0.3972      0.5254
0.365      0.4611      0.4237      0.3964      0.5246
0.366      0.4602      0.4226      0.3956      0.5238
0.367      0.4594      0.4215      0.3948      0.5231
0.368      0.4585      0.4204      0.3940      0.5224
0.369      0.4577      0.4193      0.3931      0.5216
0.370      0.4568      0.4182      0.3921      0.5209
0.371      0.4560      0.4170      0.3911      0.5202
0.372      0.4551      0.4159      0.3902      0.5195
0.373      0.4543      0.4148      0.3892      0.5187
0.374      0.4534      0.4136      0.3882      0.5180
0.375      0.4525      0.4125      0.3872      0.5173
0.376      0.4516      0.4114      0.3863      0.5165
0.377      0.4508      0.4102      0.3853      0.5158
0.378      0.4499      0.4091      0.3843      0.5151
0.379      0.4490      0.4079      0.3833      0.5144
0.380      0.4481      0.4067      0.3824      0.5136
0.381      0.4472      0.4056      0.3815      0.5129
0.382      0.4464      0.4044      0.3806      0.5122
0.383      0.4455      0.4032      0.3798      0.5114
0.384      0.4446      0.4021      0.3789      0.5107
0.385      0.4437      0.4009      0.3780      0.5099
0.386      0.4428      0.3997      0.3771      0.5092
0.387      0.4419      0.3985      0.3762      0.5083
0.388      0.4410      0.3973      0.3750      0.5075
0.389      0.4401      0.3961      0.3738      0.5067
0.390      0.4391      0.3949      0.3725      0.5059
0.391      0.4382      0.3937      0.3713      0.5052
0.392      0.4373      0.3925      0.3701      0.5043
0.393      0.4364      0.3913      0.3691      0.5034
0.394      0.4355      0.3901      0.3679      0.5025
0.395      0.4345      0.3889      0.3667      0.5015
0.396      0.4336      0.3877      0.3657      0.5007
0.397      0.4327      0.3864      0.3647      0.4999
0.398      0.4317      0.3852      0.3638      0.4989
0.399      0.4308      0.3840      0.3628      0.4980
0.400      0.4299      0.3827      0.3619      0.4973
0.401      0.4289      0.3815      0.3608      0.4965
0.402      0.4280      0.3802      0.3596      0.4958
0.403      0.4270      0.3790      0.3585      0.4950
0.404      0.4261      0.3777      0.3574      0.4942
0.405      0.4251      0.3765      0.3563      0.4934
0.406      0.4241      0.3752      0.3553      0.4926
0.407      0.4232      0.3740      0.3542      0.4918
0.408      0.4222      0.3727      0.3531      0.4910
0.409      0.4212      0.3714      0.3520      0.4901
0.410      0.4203      0.3701      0.3509      0.4892
0.411      0.4193      0.3688      0.3498      0.4885
0.412      0.4183      0.3676      0.3489      0.4876
0.413      0.4173      0.3663      0.3479      0.4866
0.414      0.4163      0.3650      0.3468      0.4856
0.415      0.4153      0.3637      0.3458      0.4847
0.416      0.4143      0.3624      0.3447      0.4840
0.417      0.4133      0.3610      0.3437      0.4833
0.418      0.4123      0.3597      0.3426      0.4825
0.419      0.4113      0.3584      0.3416      0.4816
0.420      0.4103      0.3571      0.3405      0.4806
0.421      0.4093      0.3558      0.3394      0.4796
0.422      0.4083      0.3544      0.3384      0.4786
0.423      0.4073      0.3531      0.3373      0.4776
0.424      0.4062      0.3517      0.3362      0.4767
0.425      0.4052      0.3504      0.3351      0.4760
0.426      0.4042      0.3490      0.3340      0.4753
0.427      0.4032      0.3477      0.3329      0.4745
0.428      0.4021      0.3463      0.3318      0.4737
0.429      0.4011      0.3449      0.3307      0.4728
0.430      0.4000      0.3436      0.3296      0.4720
0.431      0.3990      0.3422      0.3285      0.4711
0.432      0.3979      0.3408      0.3274      0.4702
0.433      0.3969      0.3394      0.3264      0.4693
0.434      0.3958      0.3380      0.3252      0.4684
0.435      0.3948      0.3366      0.3241      0.4674
0.436      0.3937      0.3352      0.3229      0.4664
0.437      0.3926      0.3338      0.3217      0.4655
0.438      0.3915      0.3324      0.3205      0.4645
0.439      0.3905      0.3310      0.3193      0.4635
0.440      0.3894      0.3296      0.3181      0.4625
0.441      0.3883      0.3282      0.3169      0.4615
0.442      0.3872      0.3267      0.3157      0.4605
0.443      0.3861      0.3253      0.3145      0.4593
0.444      0.3850      0.3239      0.3133      0.4581
0.445      0.3839      0.3224      0.3121      0.4570
0.446      0.3828      0.3210      0.3109      0.4558
0.447      0.3817      0.3195      0.3096      0.4546
0.448      0.3806      0.3180      0.3083      0.4534
0.449      0.3795      0.3166      0.3069      0.4522
0.450      0.3784      0.3151      0.3056      0.4512
0.451      0.3772      0.3136      0.3042      0.4503
0.452      0.3761      0.3121      0.3028      0.4493
0.453      0.3750      0.3106      0.3016      0.4484
0.454      0.3738      0.3092      0.3003      0.4475
0.455      0.3727      0.3077      0.2990      0.4464
0.456      0.3715      0.3061      0.2979      0.4451
0.457      0.3704      0.3046      0.2968      0.4442
0.458      0.3692      0.3031      0.2957      0.4432
0.459      0.3681      0.3016      0.2946      0.4423
0.460      0.3669      0.3001      0.2933      0.4413
0.461      0.3657      0.2985      0.2920      0.4404
0.462      0.3646      0.2970      0.2907      0.4394
0.463      0.3634      0.2954      0.2893      0.4384
0.464      0.3622      0.2939      0.2878      0.4375
0.465      0.3610      0.2923      0.2866      0.4364
0.466      0.3598      0.2908      0.2854      0.4353
0.467      0.3586      0.2892      0.2841      0.4342
0.468      0.3574      0.2876      0.2826      0.4331
0.469      0.3562      0.2861      0.2812      0.4320
0.470      0.3550      0.2845      0.2797      0.4309
0.471      0.3538      0.2829      0.2782      0.4298
0.472      0.3526      0.2813      0.2767      0.4289
0.473      0.3514      0.2797      0.2753      0.4279
0.474      0.3502      0.2781      0.2739      0.4269
0.475      0.3489      0.2764      0.2725      0.4259
0.476      0.3477      0.2748      0.2711      0.4247
0.477      0.3464      0.2732      0.2697      0.4236
0.478      0.3452      0.2716      0.2684      0.4226
0.479      0.3439      0.2699      0.2670      0.4216
0.480      0.3427      0.2683      0.2656      0.4206
0.481      0.3414      0.2666      0.2642      0.4194
0.482      0.3402      0.2650      0.2627      0.4182
0.483      0.3389      0.2633      0.2613      0.4171
0.484      0.3376      0.2616      0.2597      0.4159
0.485      0.3363      0.2599      0.2580      0.4146
0.486      0.3351      0.2582      0.2567      0.4135
0.487      0.3338      0.2566      0.2553      0.4124
0.488      0.3325      0.2549      0.2537      0.4113
0.489      0.3312      0.2531      0.2520      0.4103
0.490      0.3299      0.2514      0.2503      0.4092
0.491      0.3286      0.2497      0.2487      0.4081
0.492      0.3273      0.2480      0.2475      0.4071
0.493      0.3259      0.2463      0.2461      0.4059
0.494      0.3246      0.2445      0.2444      0.4048
0.495      0.3233      0.2428      0.2429      0.4037
0.496      0.3219      0.2410      0.2415      0.4026
0.497      0.3206      0.2393      0.2399      0.4015
0.498      0.3193      0.2375      0.2382      0.4003
0.499      0.3179      0.2357      0.2364      0.3992
0.500      0.3165      0.2339      0.2347      0.3981
0.501      0.3152      0.2321      0.2330      0.3970
0.502      0.3138      0.2303      0.2314      0.3958
0.503      0.3124      0.2285      0.2296      0.3947
0.504      0.3111      0.2267      0.2278      0.3935
0.505      0.3097      0.2249      0.2263      0.3924
0.506      0.3083      0.2231      0.2247      0.3913
0.507      0.3069      0.2213      0.2231      0.3903
0.508      0.3055      0.2194      0.2215      0.3891
0.509      0.3041      0.2176      0.2200      0.3877
0.510      0.3027      0.2157      0.2182      0.3866
0.511      0.3013      0.2138      0.2165      0.3857
0.512      0.2998      0.2120      0.2147      0.3848
0.513      0.2984      0.2101      0.2130      0.3839
0.514      0.2970      0.2082      0.2112      0.3830
0.515      0.2955      0.2063      0.2094      0.3819
0.516      0.2941      0.2044      0.2077      0.3806
0.517      0.2926      0.2025      0.2059      0.3796
0.518      0.2912      0.2006      0.2041      0.3786
0.519      0.2897      0.1987      0.2022      0.3775
0.520      0.2882      0.1967      0.2003      0.3762
0.521      0.2867      0.1948      0.1984      0.3748
0.522      0.2853      0.1928      0.1968      0.3735
0.523      0.2838      0.1909      0.1950      0.3723
0.524      0.2823      0.1889      0.1932      0.3711
0.525      0.2808      0.1869      0.1913      0.3700
0.526      0.2793      0.1850      0.1895      0.3687
0.527      0.2777      0.1830      0.1876      0.3673
0.528      0.2762      0.1810      0.1857      0.3661
0.529      0.2747      0.1790      0.1838      0.3650
0.530      0.2732      0.1769      0.1820      0.3636
0.531      0.2716      0.1749      0.1801      0.3623
0.532      0.2701      0.1729      0.1783      0.3610
0.533      0.2685      0.1708      0.1766      0.3597
0.534      0.2669      0.1688      0.1748      0.3583
0.535      0.2654      0.1667      0.1730      0.3570
0.536      0.2638      0.1647      0.1712      0.3557
0.537      0.2622      0.1626      0.1695      0.3543
0.538      0.2606      0.1605      0.1677      0.3530
0.539      0.2590      0.1584      0.1658      0.3516
0.540      0.2574      0.1563      0.1640      0.3504
0.541      0.2558      0.1542      0.1622      0.3491
0.542      0.2542      0.1521      0.1604      0.3479
0.543      0.2526      0.1499      0.1584      0.3469
0.544      0.2509      0.1478      0.1566      0.3458
0.545      0.2493      0.1456      0.1547      0.3446
0.546      0.2477      0.1435      0.1527      0.3435
0.547      0.2460      0.1413      0.1507      0.3423
0.548      0.2443      0.1391      0.1486      0.3408
0.549      0.2427      0.1369      0.1466      0.3393
0.550      0.2410      0.1347      0.1445      0.3378
0.551      0.2393      0.1325      0.1424      0.3365
0.552      0.2376      0.1303      0.1403      0.3351
0.553      0.2359      0.1281      0.1382      0.3336
0.554      0.2342      0.1258      0.1361      0.3323
0.555      0.2325      0.1236      0.1340      0.3310
0.556      0.2308      0.1213      0.1319      0.3295
0.557      0.2291      0.1190      0.1298      0.3281
0.558      0.2273      0.1168      0.1280      0.3266
0.559      0.2256      0.1145      0.1262      0.3251
0.560      0.2238      0.1122      0.1245      0.3237
0.561      0.2221      0.1099      0.1227      0.3223
0.562      0.2203      0.1075      0.1210      0.3210
0.563      0.2185      0.1052      0.1192      0.3196
0.564      0.2168      0.1029      0.1168      0.3182
0.565      0.2150      0.1005      0.1148      0.3168
0.566      0.2132      0.0981      0.1129      0.3151
0.567      0.2113      0.0958      0.1108      0.3137
0.568      0.2095      0.0934      0.1083      0.3124
0.569      0.2077      0.0910      0.1058      0.3110
0.570      0.2059      0.0886      0.1033      0.3096
0.571      0.2040      0.0862      0.1008      0.3082
0.572      0.2022      0.0837      0.0983      0.3067
0.573      0.2003      0.0813      0.0958      0.3049
0.574      0.1984      0.0788      0.0932      0.3035
0.575      0.1966      0.0764      0.0907      0.3021
0.576      0.1947      0.0739      0.0881      0.3005
0.577      0.1928      0.0714      0.0860      0.2990
0.578      0.1909      0.0689      0.0839      0.2974
0.579      0.1890      0.0664      0.0818      0.2958
0.580      0.1871      0.0639      0.0797      0.2943
0.581      0.1851      0.0613      0.0776      0.2927
0.582      0.1832      0.0588      0.0754      0.2911
0.583      0.1812      0.0562      0.0733      0.2895
0.584      0.1793      0.0536      0.0709      0.2879
0.585      0.1773      0.0511      0.0683      0.2864
0.586      0.1753      0.0485      0.0656      0.2850
0.587      0.1733      0.0458      0.0630      0.2834
0.588      0.1713      0.0432      0.0605      0.2818
0.589      0.1693      0.0406      0.0582      0.2802
0.590      0.1673      0.0379      0.0557      0.2786
0.591      0.1653      0.0353      0.0531      0.2769
0.592      0.1632      0.0326      0.0504      0.2751
0.593      0.1612      0.0299      0.0478      0.2732
0.594      0.1591      0.0272      0.0452      0.2715
0.595      0.1571      0.0245      0.0430      0.2698
0.596      0.1550      0.0218      0.0407      0.2680
0.597      0.1529      0.0190      0.0385      0.2661
0.598      0.1508      0.0163      0.0360      0.2643
0.599      0.1487      0.0135      0.0333      0.2627
0.600      0.1466      0.0107      0.0306      0.2611
0.601      0.1445      0.0079      0.0281      0.2595
0.602      0.1423      0.0051      0.0256      0.2577
0.603      0.1402      0.0023      0.0229      0.2559
0.604      0.1380     -0.0006      0.0202      0.2540
0.605      0.1358     -0.0034      0.0175      0.2522
0.606      0.1336     -0.0063      0.0147      0.2505
0.607      0.1314     -0.0092      0.0120      0.2488
0.608      0.1292     -0.0121      0.0092      0.2470
0.609      0.1270     -0.0150      0.0065      0.2452
0.610      0.1248     -0.0179      0.0037      0.2434
0.611      0.1226     -0.0208      0.0009      0.2416
0.612      0.1203     -0.0238     -0.0020      0.2397
0.613      0.1180     -0.0268     -0.0048      0.2379
0.614      0.1158     -0.0298     -0.0076      0.2360
0.615      0.1135     -0.0328     -0.0104      0.2342
0.616      0.1112     -0.0358     -0.0131      0.2327
0.617      0.1089     -0.0388     -0.0159      0.2309
0.618      0.1065     -0.0419     -0.0186      0.2290
0.619      0.1042     -0.0449     -0.0214      0.2272
0.620      0.1019     -0.0480     -0.0242      0.2253
0.621      0.0995     -0.0511     -0.0270      0.2234
0.622      0.0971     -0.0542     -0.0297      0.2216
0.623      0.0947     -0.0574     -0.0324      0.2198
0.624      0.0923     -0.0605     -0.0351      0.2179
0.625      0.0899     -0.0637     -0.0379      0.2160
0.626      0.0875     -0.0669     -0.0406      0.2140
0.627      0.0851     -0.0701     -0.0434      0.2120
0.628      0.0826     -0.0733     -0.0463      0.2101
0.629      0.0802     -0.0765     -0.0494      0.2081
0.630      0.0777     -0.0798     -0.0525      0.2062
0.631      0.0752     -0.0830     -0.0556      0.2042
0.632      0.0727     -0.0863     -0.0588      0.2022
0.633      0.0702     -0.0896     -0.0619      0.2001
0.634      0.0676     -0.0930     -0.0651      0.1980
0.635      0.0651     -0.0963     -0.0683      0.1959
0.636      0.0625     -0.0997     -0.0716      0.1941
0.637      0.0600     -0.1030     -0.0748      0.1920
0.638      0.0574     -0.1064     -0.0780      0.1899
0.639      0.0548     -0.1099     -0.0813      0.1878
0.640      0.0522     -0.1133     -0.0846      0.1856
0.641      0.0495     -0.1167     -0.0879      0.1836
0.642      0.0469     -0.1202     -0.0912      0.1817
0.643      0.0442     -0.1237     -0.0946      0.1796
0.644      0.0415     -0.1272     -0.0980      0.1775
0.645      0.0389     -0.1308     -0.1013      0.1754
0.646      0.0362     -0.1343     -0.1047      0.1732
0.647      0.0334     -0.1379     -0.1082      0.1711
0.648      0.0307     -0.1415     -0.1116      0.1689
0.649      0.0279     -0.1451     -0.1151      0.1667
0.650      0.0252     -0.1487     -0.1185      0.1645
0.651      0.0224     -0.1524     -0.1220      0.1623
0.652      0.0196     -0.1561     -0.1256      0.1601
0.653      0.0168     -0.1598     -0.1291      0.1579
0.654      0.0140     -0.1635     -0.1327      0.1556
0.655      0.0111     -0.1672     -0.1363      0.1534
0.656      0.0082     -0.1710     -0.1399      0.1511
0.657      0.0054     -0.1748     -0.1435      0.1491
0.658      0.0025     -0.1786     -0.1471      0.1473
0.659     -0.0005     -0.1824     -0.1508      0.1454
0.660     -0.0034     -0.1862     -0.1545      0.1430
0.661     -0.0063     -0.1901     -0.1582      0.1407
0.662     -0.0093     -0.1940     -0.1619      0.1383
0.663     -0.0123     -0.1979     -0.1657      0.1360
0.664     -0.0153     -0.2019     -0.1694      0.1336
0.665     -0.0183     -0.2058     -0.1730      0.1312
0.666     -0.0213     -0.2098     -0.1766      0.1287
0.667     -0.0244     -0.2138     -0.1802      0.1261
0.668     -0.0275     -0.2179     -0.1839      0.1239
0.669     -0.0306     -0.2219     -0.1875      0.1214
0.670     -0.0337     -0.2260     -0.1912      0.1190
0.671     -0.0368     -0.2301     -0.1949      0.1165
0.672     -0.0400     -0.2343     -0.1986      0.1140
0.673     -0.0431     -0.2384     -0.2024      0.1115
0.674     -0.0463     -0.2426     -0.2062      0.1089
0.675     -0.0495     -0.2468     -0.2100      0.1064
0.676     -0.0528     -0.2511     -0.2138      0.1038
0.677     -0.0560     -0.2553     -0.2176      0.1012
0.678     -0.0593     -0.2596     -0.2215      0.0986
0.679     -0.0626     -0.2640     -0.2253      0.0959
0.680     -0.0659     -0.2683     -0.2292      0.0933
0.681     -0.0692     -0.2727     -0.2330      0.0906
0.682     -0.0726     -0.2771     -0.2369      0.0878
0.683     -0.0759     -0.2815     -0.2408      0.0851
0.684     -0.0793     -0.2860     -0.2447      0.0823
0.685     -0.0827     -0.2904     -0.2487      0.0796
0.686     -0.0862     -0.2950     -0.2529      0.0768
0.687     -0.0896     -0.2995     -0.2573      0.0739
0.688     -0.0931     -0.3041     -0.2615      0.0711
0.689     -0.0966     -0.3087     -0.2657      0.0683
0.690     -0.1001     -0.3133     -0.2700      0.0654
0.691     -0.1037     -0.3180     -0.2745      0.0625
0.692     -0.1073     -0.3227     -0.2790      0.0596
0.693     -0.1109     -0.3274     -0.2836      0.0567
0.694     -0.1145     -0.3321     -0.2882      0.0538
0.695     -0.1181     -0.3369     -0.2928      0.0509
0.696     -0.1218     -0.3417     -0.2974      0.0480
0.697     -0.1255     -0.3466     -0.3023      0.0451
0.698     -0.1292     -0.3515     -0.3071      0.0423
0.699     -0.1329     -0.3564     -0.3118      0.0396
0.700     -0.1367     -0.3613     -0.3165      0.0369
0.701     -0.1405     -0.3663     -0.3213      0.0341
0.702     -0.1443     -0.3713     -0.3261      0.0311
0.703     -0.1481     -0.3763     -0.3309      0.0281
0.704     -0.1520     -0.3814     -0.3358      0.0250
0.705     -0.1559     -0.3865     -0.3407      0.0219
0.706     -0.1598     -0.3917     -0.3456      0.0188
0.707     -0.1638     -0.3969     -0.3506      0.0156
0.708     -0.1677     -0.4021     -0.3556      0.0125
0.709     -0.1717     -0.4073     -0.3606      0.0093
0.710     -0.1758     -0.4126     -0.3657      0.0061
0.711     -0.1798     -0.4179     -0.3709      0.0029
0.712     -0.1839     -0.4233     -0.3760     -0.0004
0.713     -0.1880     -0.4287     -0.3812     -0.0036
0.714     -0.1922     -0.4342     -0.3865     -0.0069
0.715     -0.1963     -0.4396     -0.3918     -0.0102
0.716     -0.2005     -0.4451     -0.3971     -0.0136
0.717     -0.2048     -0.4507     -0.4024     -0.0169
0.718     -0.2090     -0.4563     -0.4078     -0.0203
0.719     -0.2133     -0.4619     -0.4132     -0.0237
0.720     -0.2176     -0.4676     -0.4183     -0.0271
0.721     -0.2220     -0.4733     -0.4238     -0.0306
0.722     -0.2264     -0.4791     -0.4293     -0.0341
0.723     -0.2308     -0.4849     -0.4349     -0.0376
0.724     -0.2352     -0.4907     -0.4405     -0.0411
0.725     -0.2397     -0.4966     -0.4461     -0.0447
0.726     -0.2442     -0.5025     -0.4515     -0.0483
0.727     -0.2488     -0.5085     -0.4569     -0.0519
0.728     -0.2533     -0.5145     -0.4624     -0.0555
0.729     -0.2579     -0.5206     -0.4679     -0.0592
0.730     -0.2626     -0.5267     -0.4735     -0.0629
0.731     -0.2673     -0.5328     -0.4791     -0.0666
0.732     -0.2720     -0.5390     -0.4848     -0.0703
0.733     -0.2767     -0.5452     -0.4905     -0.0741
0.734     -0.2815     -0.5515     -0.4962     -0.0779
0.735     -0.2863     -0.5579     -0.5020     -0.0817
0.736     -0.2912     -0.5642     -0.5077     -0.0856
0.737     -0.2961     -0.5707     -0.5135     -0.0895
0.738     -0.3010     -0.5771     -0.5196     -0.0934
0.739     -0.3060     -0.5837     -0.5256     -0.0974
0.740     -0.3110     -0.5902     -0.5316     -0.1013
0.741     -0.3161     -0.5969     -0.5377     -0.1053
0.742     -0.3211     -0.6036     -0.5438     -0.1095
0.743     -0.3263     -0.6103     -0.5499     -0.1138
0.744     -0.3314     -0.6171     -0.5561     -0.1182
0.745     -0.3366     -0.6239     -0.5624     -0.1223
0.746     -0.3419     -0.6308     -0.5687     -0.1265
0.747     -0.3472     -0.6378     -0.5750     -0.1307
0.748     -0.3525     -0.6448     -0.5814     -0.1349
0.749     -0.3579     -0.6518     -0.5878     -0.1390
0.750     -0.3633     -0.6589     -0.5943     -0.1432
0.751     -0.3688     -0.6661     -0.6009     -0.1474
0.752     -0.3743     -0.6733     -0.6075     -0.1516
0.753     -0.3798     -0.6806     -0.6141     -0.1560
0.754     -0.3854     -0.6880     -0.6209     -0.1604
0.755     -0.3911     -0.6954     -0.6276     -0.1649
0.756     -0.3967     -0.7028     -0.6344     -0.1694
0.757     -0.4025     -0.7104     -0.6413     -0.1740
0.758     -0.4083     -0.7180     -0.6483     -0.1783
0.759     -0.4141     -0.7256     -0.6552     -0.1825
0.760     -0.4200     -0.7333     -0.6623     -0.1868
0.761     -0.4259     -0.7411     -0.6694     -0.1912
0.762     -0.4319     -0.7490     -0.6766     -0.1962
0.763     -0.4379     -0.7569     -0.6838     -0.2013
0.764     -0.4440     -0.7649     -0.6911     -0.2064
0.765     -0.4501     -0.7729     -0.6984     -0.2116
0.766     -0.4563     -0.7810     -0.7059     -0.2167
0.767     -0.4625     -0.7892     -0.7133     -0.2217
0.768     -0.4688     -0.7975     -0.7209     -0.2267
0.769     -0.4751     -0.8058     -0.7285     -0.2317
0.770     -0.4815     -0.8142     -0.7362     -0.2367
0.771     -0.4880     -0.8227     -0.7439     -0.2417
0.772     -0.4945     -0.8312     -0.7517     -0.2467
0.773     -0.5011     -0.8399     -0.7596     -0.2518
0.774     -0.5077     -0.8486     -0.7675     -0.2569
0.775     -0.5144     -0.8573     -0.7755     -0.2621
0.776     -0.5211     -0.8662     -0.7835     -0.2673
0.777     -0.5279     -0.8751     -0.7918     -0.2726
0.778     -0.5348     -0.8842     -0.8001     -0.2779
0.779     -0.5417     -0.8933     -0.8084     -0.2833
0.780     -0.5487     -0.9024     -0.8169     -0.2888
0.781     -0.5558     -0.9117     -0.8259     -0.2945
0.782     -0.5629     -0.9211     -0.8349     -0.3001
0.783     -0.5701     -0.9305     -0.8441     -0.3059
0.784     -0.5773     -0.9400     -0.8533     -0.3116
0.785     -0.5847     -0.9496     -0.8626     -0.3175
0.786     -0.5920     -0.9593     -0.8720     -0.3233
0.787     -0.5995     -0.9691     -0.8815     -0.3293
0.788     -0.6070     -0.9790     -0.8911     -0.3353
0.789     -0.6146     -0.9890     -0.9007     -0.3413
0.790     -0.6223     -0.9991     -0.9105     -0.3474
0.791     -0.6300     -1.0092     -0.9203     -0.3536
0.792     -0.6379     -1.0195     -0.9303     -0.3598
0.793     -0.6458     -1.0299     -0.9402     -0.3661
0.794     -0.6537     -1.0403     -0.9503     -0.3725
0.795     -0.6618     -1.0509     -0.9604     -0.3790
0.796     -0.6699     -1.0616     -0.9706     -0.3855
0.797     -0.6781     -1.0724     -0.9809     -0.3921
0.798     -0.6864     -1.0833     -0.9913     -0.3985
0.799     -0.6948     -1.0943     -1.0019     -0.4052
0.800     -0.7032     -1.1054     -1.0125     -0.4119
0.801     -0.7118     -1.1166     -1.0232     -0.4187
0.802     -0.7204     -1.1279     -1.0341     -0.4256
0.803     -0.7291     -1.1393     -1.0450     -0.4325
0.804     -0.7379     -1.1509     -1.0561     -0.4395
0.805     -0.7468     -1.1626     -1.0673     -0.4466
0.806     -0.7558     -1.1744     -1.0786     -0.4537
0.807     -0.7649     -1.1863     -1.0900     -0.4610
0.808     -0.7741     -1.1984     -1.1015     -0.4683
0.809     -0.7833     -1.2105     -1.1132     -0.4755
0.810     -0.7927     -1.2228     -1.1250     -0.4829
0.811     -0.8022     -1.2353     -1.1369     -0.4903
0.812     -0.8117     -1.2478     -1.1489     -0.4978
0.813     -0.8214     -1.2605     -1.1610     -0.5053
0.814     -0.8312     -1.2734     -1.1729     -0.5130
0.815     -0.8410     -1.2863     -1.1848     -0.5207
0.816     -0.8510     -1.2995     -1.1968     -0.5285
0.817     -0.8611     -1.3127     -1.2090     -0.5364
0.818     -0.8713     -1.3261     -1.2213     -0.5444
0.819     -0.8817     -1.3397     -1.2337     -0.5528
0.820     -0.8921     -1.3534     -1.2463     -0.5615
0.821     -0.9026     -1.3672     -1.2590     -0.5703
0.822     -0.9133     -1.3812     -1.2719     -0.5792
0.823     -0.9241     -1.3954     -1.2849     -0.5877
0.824     -0.9350     -1.4097     -1.2981     -0.5964
0.825     -0.9460     -1.4242     -1.3114     -0.6052
0.826     -0.9572     -1.4389     -1.3248     -0.6141
0.827     -0.9685     -1.4537     -1.3385     -0.6229
0.828     -0.9799     -1.4687     -1.3522     -0.6318
0.829     -0.9915     -1.4839     -1.3662     -0.6407
0.830     -1.0032     -1.4993     -1.3803     -0.6498
0.831     -1.0150     -1.5148     -1.3945     -0.6590
0.832     -1.0270     -1.5305     -1.4090     -0.6683
0.833     -1.0391     -1.5464     -1.4236     -0.6774
0.834     -1.0514     -1.5625     -1.4383     -0.6865
0.835     -1.0638     -1.5788     -1.4533     -0.6958
0.836     -1.0763     -1.5953     -1.4685     -0.7052
0.837     -1.0890     -1.6120     -1.4838     -0.7150
0.838     -1.1019     -1.6289     -1.4995     -0.7249
0.839     -1.1150     -1.6461     -1.5156     -0.7349
0.840     -1.1281     -1.6634     -1.5319     -0.7453
0.841     -1.1415     -1.6809     -1.5485     -0.7557
0.842     -1.1550     -1.6987     -1.5652     -0.7663
0.843     -1.1687     -1.7167     -1.5821     -0.7770
0.844     -1.1826     -1.7349     -1.5993     -0.7879
0.845     -1.1967     -1.7534     -1.6167     -0.7989
0.846     -1.2109     -1.7721     -1.6343     -0.8100
0.847     -1.2253     -1.7910     -1.6521     -0.8213
0.848     -1.2400     -1.8102     -1.6702     -0.8327
0.849     -1.2548     -1.8297     -1.6885     -0.8443
0.850     -1.2698     -1.8494     -1.7071     -0.8560
0.851     -1.2850     -1.8694     -1.7259     -0.8676
0.852     -1.3004     -1.8896     -1.7448     -0.8793
0.853     -1.3160     -1.9101     -1.7634     -0.8912
0.854     -1.3319     -1.9309     -1.7823     -0.9032
0.855     -1.3479     -1.9520     -1.8014     -0.9154
0.856     -1.3642     -1.9734     -1.8208     -0.9278
0.857     -1.3807     -1.9951     -1.8409     -0.9403
0.858     -1.3975     -2.0171     -1.8618     -0.9531
0.859     -1.4144     -2.0394     -1.8829     -0.9660
0.860     -1.4317     -2.0620     -1.9044     -0.9791
0.861     -1.4491     -2.0849     -1.9262     -0.9923
0.862     -1.4668     -2.1082     -1.9483     -1.0058
0.863     -1.4848     -2.1318     -1.9707     -1.0195
0.864     -1.5031     -2.1558     -1.9934     -1.0333
0.865     -1.5216     -2.1801     -2.0165     -1.0474
0.866     -1.5404     -2.2048     -2.0399     -1.0617
0.867     -1.5594     -2.2298     -2.0637     -1.0762
0.868     -1.5788     -2.2552     -2.0874     -1.0909
0.869     -1.5985     -2.2811     -2.1112     -1.1058
0.870     -1.6184     -2.3073     -2.1354     -1.1210
0.871     -1.6387     -2.3339     -2.1599     -1.1364
0.872     -1.6593     -2.3609     -2.1849     -1.1521
0.873     -1.6802     -2.3884     -2.2102     -1.1680
0.874     -1.7014     -2.4163     -2.2360     -1.1841
0.875     -1.7230     -2.4446     -2.2621     -1.2008
0.876     -1.7450     -2.4734     -2.2887     -1.2180
0.877     -1.7672     -2.5027     -2.3157     -1.2354
0.878     -1.7899     -2.5325     -2.3432     -1.2532
0.879     -1.8129     -2.5627     -2.3711     -1.2712
0.880     -1.8363     -2.5935     -2.3995     -1.2895
0.881     -1.8601     -2.6247     -2.4283     -1.3082
0.882     -1.8843     -2.6565     -2.4577     -1.3271
0.883     -1.9090     -2.6888     -2.4875     -1.3464
0.884     -1.9340     -2.7217     -2.5179     -1.3660
0.885     -1.9595     -2.7552     -2.5488     -1.3860
0.886     -1.9854     -2.7893     -2.5802     -1.4063
0.887     -2.0118     -2.8239     -2.6122     -1.4270
0.888     -2.0387     -2.8592     -2.6447     -1.4480
0.889     -2.0660     -2.8951     -2.6779     -1.4694
0.890     -2.0939     -2.9317     -2.7116     -1.4912
0.891     -2.1222     -2.9689     -2.7462     -1.5134
0.892     -2.1511     -3.0068     -2.7825     -1.5360
0.893     -2.1805     -3.0454     -2.8195     -1.5591
0.894     -2.2105     -3.0848     -2.8571     -1.5825
0.895     -2.2410     -3.1249     -2.8955     -1.6064
0.896     -2.2721     -3.1658     -2.9347     -1.6308
0.897     -2.3039     -3.2075     -2.9745     -1.6557
0.898     -2.3362     -3.2500     -3.0142     -1.6810
0.899     -2.3692     -3.2933     -3.0545     -1.7068
0.900     -2.4029     -3.3375     -3.0957     -1.7332
0.901     -2.4372     -3.3826     -3.1377     -1.7601
0.902     -2.4723     -3.4286     -3.1805     -1.7875
0.903     -2.5080     -3.4756     -3.2252     -1.8155
0.904     -2.5445     -3.5235     -3.2709     -1.8441
0.905     -2.5818     -3.5725     -3.3177     -1.8733
0.906     -2.6199     -3.6225     -3.3654     -1.9031
0.907     -2.6587     -3.6735     -3.4142     -1.9336
0.908     -2.6985     -3.7257     -3.4640     -1.9646
0.909     -2.7391     -3.7790     -3.5150     -1.9961
0.910     -2.7806     -3.8335     -3.5670     -2.0283
0.911     -2.8230     -3.8893     -3.6202     -2.0612
0.912     -2.8664     -3.9463     -3.6747     -2.0948
0.913     -2.9108     -4.0046     -3.7299     -2.1293
0.914     -2.9563     -4.0642     -3.7857     -2.1645
0.915     -3.0028     -4.1253     -3.8428     -2.2006
0.916     -3.0504     -4.1878     -3.9013     -2.2375
0.917     -3.0991     -4.2519     -3.9612     -2.2753
0.918     -3.1491     -4.3175     -4.0226     -2.3140
0.919     -3.2002     -4.3847     -4.0855     -2.3537
0.920     -3.2527     -4.4536     -4.1497     -2.3944
0.921     -3.3065     -4.5242     -4.2151     -2.4361
0.922     -3.3617     -4.5967     -4.2821     -2.4789
0.923     -3.4183     -4.6710     -4.3509     -2.5228
0.924     -3.4763     -4.7473     -4.4215     -2.5678
0.925     -3.5360     -4.8256     -4.4939     -2.6143
0.926     -3.5972     -4.9060     -4.5683     -2.6624
0.927     -3.6601     -4.9887     -4.6448     -2.7117
0.928     -3.7248     -5.0736     -4.7234     -2.7625
0.929     -3.7913     -5.1609     -4.8042     -2.8146
0.930     -3.8597     -5.2508     -4.8873     -2.8683
0.931     -3.9301     -5.3432     -4.9728     -2.9235
0.932     -4.0025     -5.4383     -5.0608     -2.9803
0.933     -4.0772     -5.5363     -5.1515     -3.0389
0.934     -4.1540     -5.6373     -5.2450     -3.0992
0.935     -4.2333     -5.7414     -5.3425     -3.1613
0.936     -4.3150     -5.8487     -5.4430     -3.2254
0.937     -4.3993     -5.9594     -5.5468     -3.2916
0.938     -4.4863     -6.0737     -5.6539     -3.3598
0.939     -4.5762     -6.1917     -5.7645     -3.4303
0.940     -4.6691     -6.3137     -5.8788     -3.5032
0.941     -4.7651     -6.4398     -5.9969     -3.5785
0.942     -4.8644     -6.5703     -6.1192     -3.6565
0.943     -4.9672     -6.7053     -6.2457     -3.7371
0.944     -5.0737     -6.8452     -6.3767     -3.8207
0.945     -5.1841     -6.9901     -6.5125     -3.9073
0.946     -5.2986     -7.1404     -6.6534     -3.9970
0.947     -5.4173     -7.2964     -6.7995     -4.0902
0.948     -5.5407     -7.4584     -6.9513     -4.1870
0.949     -5.6689     -7.6267     -7.1090     -4.2875
0.950     -5.8022     -7.8018     -7.2731     -4.3921
0.951     -5.9409     -7.9840     -7.4442     -4.5009
0.952     -6.0854     -8.1738     -7.6232     -4.6143
0.953     -6.2361     -8.3717     -7.8099     -4.7325
0.954     -6.3933     -8.5782     -8.0046     -4.8557
0.955     -6.5576     -8.7939     -8.2080     -4.9827
0.956     -6.7292     -9.0193     -8.4206     -5.1155
0.957     -6.9089     -9.2553     -8.6419     -5.2544
0.958     -7.0971     -9.5025     -8.8732     -5.4000
0.959     -7.2945     -9.7617     -9.1157     -5.5527
0.960     -7.5018    -10.0339     -9.3704     -5.7130
0.961     -7.7197    -10.3201     -9.6381     -5.8815
0.962     -7.9491    -10.6214     -9.9199     -6.0589
0.963     -8.1908    -10.9389    -10.2169     -6.2459
0.964     -8.4460    -11.2740    -10.5305     -6.4433
0.965     -8.7158    -11.6283    -10.8620     -6.6519
0.966     -9.0015    -12.0035    -11.2129     -6.8728
0.967     -9.3045    -12.4014    -11.5851     -7.1072
0.968     -9.6264    -12.8241    -11.9806     -7.3588
0.969     -9.9690    -13.2742    -12.4016     -7.6277
0.970    -10.3345    -13.7542    -12.8507     -7.9144
0.971    -10.7253    -14.2673    -13.3311     -8.2209
0.972    -11.1439    -14.8171    -13.8462     -8.5493
0.973    -11.5936    -15.4077    -14.3995     -8.9021
0.974    -12.0778    -16.0436    -14.9954     -9.2819
0.975    -12.6007    -16.7304    -15.6388     -9.6922
0.976    -13.1673    -17.4745    -16.3358    -10.1367
0.977    -13.7831    -18.2832    -17.0916    -10.6197
0.978    -14.4549    -19.1655    -17.9162    -11.1467
0.979    -15.1907    -20.1317    -18.8194    -11.7238
0.980    -16.0000    -21.1947    -19.8129    -12.3588
0.981    -16.8946    -22.3695    -20.9109    -13.0606
0.982    -17.8886    -23.6749    -22.1359    -13.8404
0.983    -18.9994    -25.1338    -23.4993    -14.7118
0.984    -20.2491    -26.7750    -25.0334    -15.6922
0.985    -21.6656    -28.6353    -26.7721    -16.7992
0.986    -23.2843    -30.7611    -28.7608    -18.0600
0.987    -25.1520    -33.2139    -31.0555    -19.5147
0.988    -27.3309    -36.0756    -33.7326    -21.2121
0.989    -29.9063    -39.4576    -36.8966    -23.2181
0.990    -32.9968    -43.5163    -40.6935    -25.6297
0.991    -36.7737    -48.4765    -45.3336    -28.5873
0.992    -41.4949    -54.6768    -51.1344    -32.2844
0.993    -47.5649    -62.6493    -58.5921    -37.0377
0.994    -55.6583    -73.2785    -68.5356    -43.3754
0.995    -66.9899    -88.1607    -82.4576    -52.2490
0.996    -83.9862   -110.4826   -103.3396    -65.5555
0.997   -112.3130   -147.6858   -138.1421    -87.7086
0.998   -168.9722   -222.0920   -207.7523   -132.0231
0.999   -338.9675   -445.3461   -416.6053   -264.9712
