0.001    -65.2497    -59.6872    -80.4119    -49.8344
0.002    -32.1147    -29.3442    -39.6894    -24.4222
0.003    -21.0697    -19.2299    -26.1152    -15.9514
0.004    -15.5472    -14.1727    -19.3282    -11.7161
0.005    -12.2337    -11.1384    -15.2559     -9.1748
0.006    -10.0247     -9.1156    -12.5411     -7.4807
0.007     -8.4468     -7.6706    -10.6019     -6.2706
0.008     -7.2634     -6.5870     -9.1475     -5.3630
0.009     -6.3430     -5.7441     -8.0149     -4.6571
0.010     -5.6067     -5.0698     -7.1086     -4.0914
0.011     -5.0042     -4.5181     -6.3685     -3.6278
0.012     -4.5022     -4.0584     -5.7517     -3.2412
0.013     -4.0774     -3.6694     -5.2299     -2.9141
0.014     -3.7133     -3.3359     -4.7826     -2.6338
0.015     -3.3977     -3.0470     -4.3949     -2.3908
0.016     -3.1216     -2.7941     -4.0557     -2.1782
0.017     -2.8779     -2.5710     -3.7564     -1.9906
0.018     -2.6614     -2.3727     -3.4904     -1.8239
0.019     -2.4676     -2.1952     -3.2523     -1.6747
0.020     -2.2932     -2.0355     -3.0381     -1.5404
0.021     -2.1354     -1.8910     -2.8443     -1.4189
0.022     -1.9920     -1.7597     -2.6680     -1.3084
0.023     -1.8610     -1.6397     -2.5068     -1.2076
0.024     -1.7409     -1.5298     -2.3590     -1.1152
0.025     -1.6305     -1.4287     -2.2229     -1.0301
0.026     -1.5285     -1.3353     -2.0973     -0.9516
0.027     -1.4341     -1.2488     -1.9810     -0.8789
0.028     -1.3465     -1.1686     -1.8731     -0.8115
0.029     -1.2649     -1.0938     -1.7725     -0.7486
0.030     -1.1887     -1.0241     -1.6791     -0.6900
0.031     -1.1174     -0.9588     -1.5918     -0.6351
0.032     -1.0506     -0.8977     -1.5100     -0.5837
0.033     -0.9879     -0.8402     -1.4332     -0.5353
0.034     -0.9288     -0.7861     -1.3609     -0.4899
0.035     -0.8731     -0.7351     -1.2927     -0.4470
0.036     -0.8205     -0.6869     -1.2283     -0.4065
0.037     -0.7708     -0.6414     -1.1674     -0.3682
0.038     -0.7236     -0.5982     -1.1097     -0.3319
0.039     -0.6789     -0.5573     -1.0549     -0.2975
0.040     -0.6364     -0.5184     -1.0029     -0.2648
0.041     -0.5960     -0.4814     -0.9532     -0.2336
0.042     -0.5575     -0.4461     -0.9059     -0.2041
0.043     -0.5209     -0.4125     -0.8609     -0.1761
0.044     -0.4858     -0.3804     -0.8174     -0.1494
0.045     -0.4524     -0.3498     -0.7759     -0.1238
0.046     -0.4203     -0.3205     -0.7361     -0.0994
0.047     -0.3897     -0.2924     -0.6981     -0.0760
0.048     -0.3603     -0.2655     -0.6616     -0.0536
0.049     -0.3321     -0.2397     -0.6268     -0.0321
0.050     -0.3051     -0.2149     -0.5937     -0.0115
0.051     -0.2791     -0.1911     -0.5620      0.0084
0.052     -0.2541     -0.1683     -0.5313      0.0274
0.053     -0.2301     -0.1462     -0.5018      0.0458
0.054     -0.2069     -0.1250     -0.4732      0.0635
0.055     -0.1846     -0.1046     -0.4456      0.0805
0.056     -0.1631     -0.0849     -0.4190      0.0969
0.057     -0.1423     -0.0659     -0.3934      0.1128
0.058     -0.1223     -0.0475     -0.3686      0.1280
0.059     -0.1029     -0.0298     -0.3446      0.1428
0.060     -0.0842     -0.0127     -0.3215      0.1571
0.061     -0.0661      0.0039     -0.2991      0.1709
0.062     -0.0486      0.0200     -0.2775      0.1843
0.063     -0.0316      0.0355     -0.2565      0.1972
0.064     -0.0152      0.0506     -0.2362      0.2098
0.065      0.0008      0.0652     -0.2165      0.2219
0.066      0.0162      0.0793     -0.1974      0.2337
0.067      0.0312      0.0930     -0.1789      0.2451
0.068      0.0458      0.1063     -0.1609      0.2564
0.069      0.0599      0.1193     -0.1434      0.2674
0.070      0.0736      0.1318     -0.1265      0.2780
0.071      0.0869      0.1440     -0.1100      0.2884
0.072      0.0999      0.1559     -0.0940      0.2984
0.073      0.1125      0.1675     -0.0784      0.3079
0.074      0.1248      0.1787     -0.0635      0.3171
0.075      0.1367      0.1896     -0.0490      0.3261
0.076      0.1483      0.2003     -0.0348      0.3352
0.077      0.1597      0.2107     -0.0207      0.3440
0.078      0.1707      0.2208     -0.0070      0.3525
0.079      0.1815      0.2306      0.0063      0.3609
0.080      0.1919      0.2402      0.0193      0.3690
0.081      0.2022      0.2496      0.0319      0.3769
0.082      0.2121      0.2587      0.0440      0.3847
0.083      0.2219      0.2676      0.0558      0.3922
0.084      0.2314      0.2763      0.0673      0.3996
0.085      0.2407      0.2848      0.0785      0.4068
0.086      0.2497      0.2931      0.0895      0.4139
0.087      0.2586      0.3012      0.1002      0.4207
0.088      0.2672      0.3092      0.1107      0.4274
0.089      0.2757      0.3169      0.1210      0.4340
0.090      0.2840      0.3245      0.1310      0.4404
0.091      0.2921      0.3319      0.1408      0.4467
0.092      0.3000      0.3392      0.1504      0.4529
0.093      0.3077      0.3462      0.1598      0.4589
0.094      0.3153      0.3532      0.1689      0.4647
0.095      0.3227      0.3600      0.1779      0.4705
0.096      0.3300      0.3666      0.1867      0.4761
0.097      0.3371      0.3732      0.1953      0.4817
0.098      0.3441      0.3795      0.2038      0.4871
0.099      0.3509      0.3858      0.2121      0.4924
0.100      0.3576      0.3919      0.2202      0.4976
0.101      0.3642      0.3979      0.2281      0.5027
0.102      0.3706      0.4038      0.2359      0.5077
0.103      0.3769      0.4096      0.2438      0.5126
0.104      0.3831      0.4153      0.2514      0.5174
0.105      0.3892      0.4208      0.2590      0.5221
0.106      0.3951      0.4263      0.2663      0.5267
0.107      0.4010      0.4316      0.2736      0.5312
0.108      0.4067      0.4369      0.2807      0.5357
0.109      0.4123      0.4420      0.2877      0.5400
0.110      0.4179      0.4471      0.2945      0.5443
0.111      0.4233      0.4521      0.3013      0.5484
0.112      0.4286      0.4569      0.3079      0.5525
0.113      0.4339      0.4617      0.3144      0.5565
0.114      0.4390      0.4664      0.3207      0.5604
0.115      0.4441      0.4711      0.3270      0.5643
0.116      0.4490      0.4756      0.3332      0.5681
0.117      0.4539      0.4801      0.3392      0.5718
0.118      0.4587      0.4845      0.3452      0.5754
0.119      0.4634      0.4888      0.3510      0.5790
0.120      0.4681      0.4931      0.3568      0.5826
0.121      0.4726      0.4972      0.3624      0.5861
0.122      0.4771      0.5014      0.3680      0.5895
0.123      0.4815      0.5054      0.3735      0.5928
0.124      0.4859      0.5094      0.3789      0.5962
0.125      0.4902      0.5133      0.3842      0.5996
0.126      0.4944      0.5171      0.3894      0.6028
0.127      0.4985      0.5209      0.3945      0.6059
0.128      0.5026      0.5247      0.3996      0.6090
0.129      0.5066      0.5283      0.4045      0.6120
0.130      0.5105      0.5320      0.4094      0.6150
0.131      0.5144      0.5355      0.4143      0.6179
0.132      0.5183      0.5390      0.4189      0.6209
0.133      0.5220      0.5425      0.4235      0.6237
0.134      0.5258      0.5459      0.4280      0.6266
0.135      0.5294      0.5493      0.4325      0.6294
0.136      0.5330      0.5526      0.4369      0.6321
0.137      0.5366      0.5558      0.4412      0.6348
0.138      0.5401      0.5590      0.4455      0.6375
0.139      0.5435      0.5622      0.4497      0.6401
0.140      0.5470      0.5653      0.4538      0.6428
0.141      0.5503      0.5684      0.4579      0.6454
0.142      0.5536      0.5714      0.4619      0.6481
0.143      0.5569      0.5744      0.4659      0.6506
0.144      0.5601      0.5774      0.4698      0.6532
0.145      0.5633      0.5803      0.4736      0.6557
0.146      0.5664      0.5831      0.4774      0.6581
0.147      0.5695      0.5860      0.4812      0.6606
0.148      0.5725      0.5887      0.4849      0.6630
0.149      0.5755      0.5915      0.4885      0.6653
0.150      0.5785      0.5942      0.4921      0.6677
0.151      0.5814      0.5969      0.4957      0.6700
0.152      0.5843      0.5995      0.4992      0.6723
0.153      0.5872      0.6021      0.5027      0.6745
0.154      0.5900      0.6047      0.5061      0.6767
0.155      0.5928      0.6073      0.5095      0.6789
0.156      0.5955      0.6098      0.5128      0.6809
0.157      0.5982      0.6122      0.5166      0.6830
0.158      0.6009      0.6147      0.5198      0.6836
0.159      0.6035      0.6171      0.5230      0.6857
0.160      0.6061      0.6195      0.5264      0.6874
0.161      0.6087      0.6219      0.5295      0.6884
0.162      0.6112      0.6242      0.5341      0.6889
0.163      0.6137      0.6265      0.5385      0.6897
0.164      0.6162      0.6287      0.5434      0.6909
0.165      0.6187      0.6310      0.5479      0.6922
0.166      0.6211      0.6332      0.5528      0.6916
0.167      0.6235      0.6354      0.5576      0.6923
0.168      0.6258      0.6376      0.5628      0.6928
0.169      0.6282      0.6397      0.5672      0.6921
0.170      0.6305      0.6418      0.5717      0.6924
0.171      0.6328      0.6439      0.5768      0.6918
0.172      0.6327      0.6458      0.5795      0.6890
0.173      0.6323      0.6454      0.5817      0.6867
0.174      0.6320      0.6449      0.5832      0.6841
0.175      0.6317      0.6445      0.5851      0.6813
0.176      0.6314      0.6440      0.5871      0.6797
0.177      0.6310      0.6436      0.5872      0.6790
0.178      0.6307      0.6432      0.5871      0.6770
0.179      0.6304      0.6427      0.5872      0.6763
0.180      0.6300      0.6423      0.5880      0.6760
0.181      0.6297      0.6418      0.5883      0.6749
0.182      0.6294      0.6414      0.5884      0.6738
0.183      0.6291      0.6409      0.5881      0.6729
0.184      0.6287      0.6405      0.5892      0.6723
0.185      0.6284      0.6400      0.5893      0.6719
0.186      0.6280      0.6396      0.5890      0.6711
0.187      0.6277      0.6391      0.5886      0.6706
0.188      0.6274      0.6387      0.5883      0.6702
0.189      0.6270      0.6382      0.5880      0.6699
0.190      0.6267      0.6378      0.5876      0.6695
0.191      0.6264      0.6373      0.5872      0.6692
0.192      0.6260      0.6369      0.5868      0.6689
0.193      0.6257      0.6364      0.5864      0.6686
0.194      0.6253      0.6360      0.5861      0.6683
0.195      0.6250      0.6355      0.5857      0.6680
0.196      0.6246      0.6350      0.5853      0.6677
0.197      0.6243      0.6346      0.5849      0.6674
0.198      0.6240      0.6341      0.5845      0.6671
0.199      0.6236      0.6337      0.5841      0.6667
0.200      0.6233      0.6332      0.5838      0.6664
0.201      0.6229      0.6327      0.5834      0.6661
0.202      0.6226      0.6323      0.5831      0.6658
0.203      0.6222      0.6318      0.5829      0.6654
0.204      0.6219      0.6313      0.5826      0.6650
0.205      0.6215      0.6308      0.5822      0.6646
0.206      0.6212      0.6304      0.5819      0.6642
0.207      0.6208      0.6299      0.5815      0.6639
0.208      0.6204      0.6294      0.5811      0.6636
0.209      0.6201      0.6289      0.5808      0.6633
0.210      0.6197      0.6285      0.5804      0.6628
0.211      0.6194      0.6280      0.5800      0.6624
0.212      0.6190      0.6275      0.5797      0.6619
0.213      0.6187      0.6270      0.5793      0.6614
0.214      0.6183      0.6265      0.5789      0.6610
0.215      0.6179      0.6261      0.5785      0.6605
0.216      0.6176      0.6256      0.5781      0.6600
0.217      0.6172      0.6251      0.5778      0.6596
0.218      0.6169      0.6246      0.5774      0.6592
0.219      0.6165      0.6241      0.5771      0.6588
0.220      0.6161      0.6236      0.5768      0.6585
0.221      0.6158      0.6231      0.5764      0.6581
0.222      0.6154      0.6226      0.5761      0.6578
0.223      0.6150      0.6222      0.5758      0.6574
0.224      0.6147      0.6217      0.5755      0.6569
0.225      0.6143      0.6212      0.5752      0.6566
0.226      0.6139      0.6207      0.5748      0.6563
0.227      0.6135      0.6202      0.5743      0.6559
0.228      0.6132      0.6197      0.5739      0.6554
0.229      0.6128      0.6192      0.5735      0.6551
0.230      0.6124      0.6187      0.5730      0.6547
0.231      0.6120      0.6182      0.5726      0.6544
0.232      0.6117      0.6177      0.5722      0.6541
0.233      0.6113      0.6172      0.5717      0.6537
0.234      0.6109      0.6166      0.5713      0.6533
0.235      0.6105      0.6161      0.5708      0.6530
0.236      0.6101      0.6156      0.5704      0.6526
0.237      0.6098      0.6151      0.5701      0.6523
0.238      0.6094      0.6146      0.5696      0.6520
0.239      0.6090      0.6141      0.5692      0.6516
0.240      0.6086      0.6136      0.5689      0.6512
0.241      0.6082      0.6131      0.5685      0.6508
0.242      0.6078      0.6125      0.5681      0.6505
0.243      0.6075      0.6120      0.5678      0.6501
0.244      0.6071      0.6115      0.5674      0.6497
0.245      0.6067      0.6110      0.5670      0.6492
0.246      0.6063      0.6105      0.5667      0.6488
0.247      0.6059      0.6099      0.5663      0.6484
0.248      0.6055      0.6094      0.5659      0.6480
0.249      0.6051      0.6089      0.5655      0.6476
0.250      0.6047      0.6083      0.5650      0.6472
0.251      0.6043      0.6078      0.5646      0.6468
0.252      0.6039      0.6073      0.5642      0.6464
0.253      0.6035      0.6067      0.5637      0.6460
0.254      0.6031      0.6062      0.5633      0.6456
0.255      0.6027      0.6057      0.5629      0.6453
0.256      0.6023      0.6051      0.5624      0.6449
0.257      0.6019      0.6046      0.5620      0.6445
0.258      0.6015      0.6041      0.5616      0.6441
0.259      0.6011      0.6035      0.5611      0.6437
0.260      0.6007      0.6030      0.5607      0.6433
0.261      0.6003      0.6024      0.5603      0.6428
0.262      0.5999      0.6019      0.5598      0.6424
0.263      0.5995      0.6013      0.5594      0.6421
0.264      0.5991      0.6008      0.5589      0.6416
0.265      0.5986      0.6002      0.5585      0.6412
0.266      0.5982      0.5997      0.5580      0.6408
0.267      0.5978      0.5991      0.5576      0.6404
0.268      0.5974      0.5986      0.5572      0.6400
0.269      0.5970      0.5980      0.5567      0.6396
0.270      0.5966      0.5975      0.5563      0.6392
0.271      0.5962      0.5969      0.5560      0.6388
0.272      0.5957      0.5963      0.5555      0.6384
0.273      0.5953      0.5958      0.5551      0.6380
0.274      0.5949      0.5952      0.5547      0.6375
0.275      0.5945      0.5946      0.5543      0.6371
0.276      0.5940      0.5941      0.5539      0.6366
0.277      0.5936      0.5935      0.5535      0.6361
0.278      0.5932      0.5929      0.5531      0.6356
0.279      0.5928      0.5924      0.5527      0.6351
0.280      0.5923      0.5918      0.5522      0.6346
0.281      0.5919      0.5912      0.5518      0.6341
0.282      0.5915      0.5906      0.5513      0.6337
0.283      0.5910      0.5900      0.5509      0.6332
0.284      0.5906      0.5895      0.5504      0.6328
0.285      0.5902      0.5889      0.5501      0.6324
0.286      0.5897      0.5883      0.5496      0.6319
0.287      0.5893      0.5877      0.5491      0.6315
0.288      0.5889      0.5871      0.5486      0.6311
0.289      0.5884      0.5865      0.5481      0.6306
0.290      0.5880      0.5859      0.5476      0.6302
0.291      0.5875      0.5854      0.5471      0.6297
0.292      0.5871      0.5848      0.5466      0.6293
0.293      0.5866      0.5842      0.5461      0.6289
0.294      0.5862      0.5836      0.5457      0.6284
0.295      0.5858      0.5830      0.5452      0.6280
0.296      0.5853      0.5824      0.5448      0.6274
0.297      0.5849      0.5818      0.5443      0.6268
0.298      0.5844      0.5812      0.5439      0.6263
0.299      0.5840      0.5806      0.5434      0.6259
0.300      0.5835      0.5799      0.5430      0.6255
0.301      0.5830      0.5793      0.5426      0.6251
0.302      0.5826      0.5787      0.5422      0.6247
0.303      0.5821      0.5781      0.5417      0.6243
0.304      0.5817      0.5775      0.5412      0.6238
0.305      0.5812      0.5769      0.5407      0.6234
0.306      0.5807      0.5763      0.5403      0.6230
0.307      0.5803      0.5756      0.5398      0.6225
0.308      0.5798      0.5750      0.5394      0.6220
0.309      0.5794      0.5744      0.5389      0.6214
0.310      0.5789      0.5738      0.5384      0.6209
0.311      0.5784      0.5731      0.5378      0.6204
0.312      0.5780      0.5725      0.5373      0.6199
0.313      0.5775      0.5719      0.5370      0.6195
0.314      0.5770      0.5713      0.5366      0.6191
0.315      0.5765      0.5706      0.5362      0.6187
0.316      0.5761      0.5700      0.5357      0.6182
0.317      0.5756      0.5693      0.5352      0.6178
0.318      0.5751      0.5687      0.5348      0.6174
0.319      0.5746      0.5681      0.5343      0.6169
0.320      0.5741      0.5674      0.5338      0.6164
0.321      0.5737      0.5668      0.5333      0.6160
0.322      0.5732      0.5661      0.5329      0.6156
0.323      0.5727      0.5655      0.5324      0.6152
0.324      0.5722      0.5648      0.5319      0.6147
0.325      0.5717      0.5642      0.5314      0.6141
0.326      0.5712      0.5635      0.5310      0.6136
0.327      0.5707      0.5629      0.5305      0.6130
0.328      0.5702      0.5622      0.5300      0.6126
0.329      0.5698      0.5615      0.5295      0.6121
0.330      0.5693      0.5609      0.5290      0.6117
0.331      0.5688      0.5602      0.5285      0.6113
0.332      0.5683      0.5595      0.5281      0.6109
0.333      0.5678      0.5589      0.5277      0.6106
0.334      0.5673      0.5582      0.5273      0.6102
0.335      0.5668      0.5575      0.5268      0.6098
0.336      0.5663      0.5569      0.5263      0.6093
0.337      0.5657      0.5562      0.5258      0.6089
0.338      0.5652      0.5555      0.5253      0.6085
0.339      0.5647      0.5548      0.5248      0.6080
0.340      0.5642      0.5541      0.5242      0.6076
0.341      0.5637      0.5534      0.5237      0.6071
0.342      0.5632      0.5528      0.5232      0.6066
0.343      0.5627      0.5521      0.5227      0.6062
0.344      0.5622      0.5514      0.5222      0.6057
0.345      0.5616      0.5507      0.5217      0.6052
0.346      0.5611      0.5500      0.5211      0.6048
0.347      0.5606      0.5493      0.5206      0.6043
0.348      0.5601      0.5486      0.5201      0.6038
0.349      0.5596      0.5479      0.5197      0.6034
0.350      0.5590      0.5472      0.5191      0.6029
0.351      0.5585      0.5465      0.5185      0.6024
0.352      0.5580      0.5458      0.5180      0.6019
0.353      0.5574      0.5451      0.5175      0.6014
0.354      0.5569      0.5443      0.5171      0.6008
0.355      0.5564      0.5436      0.5166      0.6002
0.356      0.5558      0.5429      0.5160      0.5997
0.357      0.5553      0.5422      0.5154      0.5991
0.358      0.5548      0.5415      0.5148      0.5985
0.359      0.5542      0.5407      0.5143      0.5979
0.360      0.5537      0.5400      0.5138      0.5973
0.361      0.5531      0.5393      0.5131      0.5967
0.362      0.5526      0.5386      0.5125      0.5961
0.363      0.5520      0.5378      0.5118      0.5955
0.364      0.5515      0.5371      0.5111      0.5952
0.365      0.5509      0.5363      0.5105      0.5948
0.366      0.5504      0.5356      0.5098      0.5945
0.367      0.5498      0.5349      0.5091      0.5941
0.368      0.5493      0.5341      0.5085      0.5937
0.369      0.5487      0.5334      0.5080      0.5933
0.370      0.5482      0.5326      0.5075      0.5928
0.371      0.5476      0.5319      0.5070      0.5923
0.372      0.5470      0.5311      0.5065      0.5917
0.373      0.5465      0.5304      0.5060      0.5913
0.374      0.5459      0.5296      0.5053      0.5909
0.375      0.5453      0.5288      0.5049      0.5904
0.376      0.5448      0.5281      0.5044      0.5900
0.377      0.5442      0.5273      0.5038      0.5896
0.378      0.5436      0.5265      0.5030      0.5891
0.379      0.5430      0.5258      0.5022      0.5887
0.380      0.5425      0.5250      0.5014      0.5883
0.381      0.5419      0.5242      0.5007      0.5878
0.382      0.5413      0.5234      0.5000      0.5873
0.383      0.5407      0.5227      0.4993      0.5867
0.384      0.5401      0.5219      0.4987      0.5862
0.385      0.5395      0.5211      0.4980      0.5856
0.386      0.5389      0.5203      0.4973      0.5851
0.387      0.5384      0.5195      0.4966      0.5847
0.388      0.5378      0.5187      0.4959      0.5843
0.389      0.5372      0.5179      0.4952      0.5837
0.390      0.5366      0.5171      0.4946      0.5832
0.391      0.5360      0.5163      0.4939      0.5826
0.392      0.5354      0.5155      0.4932      0.5819
0.393      0.5348      0.5147      0.4925      0.5814
0.394      0.5342      0.5139      0.4918      0.5809
0.395      0.5336      0.5131      0.4911      0.5803
0.396      0.5329      0.5123      0.4904      0.5798
0.397      0.5323      0.5114      0.4897      0.5794
0.398      0.5317      0.5106      0.4890      0.5788
0.399      0.5311      0.5098      0.4883      0.5782
0.400      0.5305      0.5090      0.4875      0.5777
0.401      0.5299      0.5081      0.4869      0.5771
0.402      0.5292      0.5073      0.4862      0.5766
0.403      0.5286      0.5065      0.4856      0.5760
0.404      0.5280      0.5056      0.4849      0.5755
0.405      0.5274      0.5048      0.4843      0.5750
0.406      0.5267      0.5039      0.4836      0.5746
0.407      0.5261      0.5031      0.4830      0.5741
0.408      0.5255      0.5022      0.4823      0.5737
0.409      0.5248      0.5014      0.4817      0.5731
0.410      0.5242      0.5005      0.4810      0.5725
0.411      0.5236      0.4997      0.4801      0.5719
0.412      0.5229      0.4988      0.4793      0.5713
0.413      0.5223      0.4980      0.4786      0.5707
0.414      0.5216      0.4971      0.4780      0.5701
0.415      0.5210      0.4962      0.4773      0.5695
0.416      0.5203      0.4953      0.4767      0.5689
0.417      0.5197      0.4945      0.4760      0.5683
0.418      0.5190      0.4936      0.4752      0.5678
0.419      0.5183      0.4927      0.4744      0.5673
0.420      0.5177      0.4918      0.4737      0.5668
0.421      0.5170      0.4909      0.4730      0.5663
0.422      0.5164      0.4900      0.4724      0.5658
0.423      0.5157      0.4892      0.4715      0.5650
0.424      0.5150      0.4883      0.4706      0.5643
0.425      0.5143      0.4874      0.4699      0.5637
0.426      0.5137      0.4865      0.4692      0.5632
0.427      0.5130      0.4855      0.4685      0.5627
0.428      0.5123      0.4846      0.4678      0.5622
0.429      0.5116      0.4837      0.4669      0.5617
0.430      0.5110      0.4828      0.4660      0.5612
0.431      0.5103      0.4819      0.4653      0.5606
0.432      0.5096      0.4810      0.4647      0.5599
0.433      0.5089      0.4800      0.4640      0.5591
0.434      0.5082      0.4791      0.4632      0.5585
0.435      0.5075      0.4782      0.4623      0.5579
0.436      0.5068      0.4772      0.4614      0.5573
0.437      0.5061      0.4763      0.4605      0.5568
0.438      0.5054      0.4754      0.4596      0.5561
0.439      0.5047      0.4744      0.4587      0.5556
0.440      0.5040      0.4735      0.4579      0.5550
0.441      0.5033      0.4725      0.4571      0.5543
0.442      0.5026      0.4716      0.4562      0.5536
0.443      0.5018      0.4706      0.4553      0.5530
0.444      0.5011      0.4696      0.4544      0.5523
0.445      0.5004      0.4687      0.4536      0.5517
0.446      0.4997      0.4677      0.4530      0.5511
0.447      0.4989      0.4667      0.4522      0.5504
0.448      0.4982      0.4658      0.4513      0.5497
0.449      0.4975      0.4648      0.4503      0.5492
0.450      0.4967      0.4638      0.4494      0.5486
0.451      0.4960      0.4628      0.4485      0.5480
0.452      0.4953      0.4618      0.4475      0.5474
0.453      0.4945      0.4608      0.4466      0.5468
0.454      0.4938      0.4598      0.4457      0.5460
0.455      0.4930      0.4588      0.4449      0.5453
0.456      0.4923      0.4578      0.4441      0.5447
0.457      0.4915      0.4568      0.4433      0.5442
0.458      0.4908      0.4558      0.4424      0.5434
0.459      0.4900      0.4548      0.4415      0.5425
0.460      0.4892      0.4537      0.4405      0.5417
0.461      0.4885      0.4527      0.4398      0.5411
0.462      0.4877      0.4517      0.4390      0.5405
0.463      0.4869      0.4507      0.4382      0.5400
0.464      0.4862      0.4496      0.4372      0.5394
0.465      0.4854      0.4486      0.4361      0.5389
0.466      0.4846      0.4475      0.4352      0.5384
0.467      0.4838      0.4465      0.4343      0.5378
0.468      0.4830      0.4454      0.4335      0.5373
0.469      0.4823      0.4444      0.4326      0.5367
0.470      0.4815      0.4433      0.4318      0.5362
0.471      0.4807      0.4423      0.4309      0.5355
0.472      0.4799      0.4412      0.4300      0.5349
0.473      0.4791      0.4401      0.4292      0.5341
0.474      0.4783      0.4391      0.4283      0.5334
0.475      0.4775      0.4380      0.4274      0.5327
0.476      0.4767      0.4369      0.4266      0.5321
0.477      0.4758      0.4358      0.4257      0.5315
0.478      0.4750      0.4347      0.4248      0.5309
0.479      0.4742      0.4336      0.4240      0.5303
0.480      0.4734      0.4325      0.4232      0.5296
0.481      0.4726      0.4314      0.4222      0.5289
0.482      0.4717      0.4303      0.4212      0.5283
0.483      0.4709      0.4292      0.4203      0.5275
0.484      0.4701      0.4281      0.4194      0.5268
0.485      0.4692      0.4269      0.4185      0.5264
0.486      0.4684      0.4258      0.4176      0.5257
0.487      0.4675      0.4247      0.4167      0.5249
0.488      0.4667      0.4236      0.4158      0.5240
0.489      0.4658      0.4224      0.4149      0.5233
0.490      0.4650      0.4213      0.4139      0.5226
0.491      0.4641      0.4201      0.4129      0.5219
0.492      0.4633      0.4190      0.4117      0.5212
0.493      0.4624      0.4178      0.4106      0.5205
0.494      0.4615      0.4167      0.4095      0.5198
0.495      0.4607      0.4155      0.4086      0.5190
0.496      0.4598      0.4143      0.4077      0.5183
0.497      0.4589      0.4131      0.4068      0.5176
0.498      0.4580      0.4120      0.4059      0.5168
0.499      0.4572      0.4108      0.4050      0.5161
0.500      0.4563      0.4096      0.4040      0.5154
0.501      0.4554      0.4084      0.4031      0.5146
0.502      0.4545      0.4072      0.4021      0.5140
0.503      0.4536      0.4060      0.4012      0.5134
0.504      0.4527      0.4048      0.4001      0.5128
0.505      0.4518      0.4036      0.3989      0.5120
0.506      0.4509      0.4023      0.3977      0.5112
0.507      0.4499      0.4011      0.3966      0.5102
0.508      0.4490      0.3999      0.3955      0.5094
0.509      0.4481      0.3986      0.3944      0.5086
0.510      0.4472      0.3974      0.3933      0.5078
0.511      0.4462      0.3962      0.3922      0.5070
0.512      0.4453      0.3949      0.3911      0.5063
0.513      0.4444      0.3937      0.3897      0.5055
0.514      0.4434      0.3924      0.3883      0.5047
0.515      0.4425      0.3911      0.3869      0.5039
0.516      0.4415      0.3899      0.3855      0.5031
0.517      0.4406      0.3886      0.3842      0.5024
0.518      0.4396      0.3873      0.3829      0.5016
0.519      0.4387      0.3860      0.3817      0.5008
0.520      0.4377      0.3847      0.3806      0.5001
0.521      0.4367      0.3834      0.3795      0.4995
0.522      0.4358      0.3821      0.3784      0.4988
0.523      0.4348      0.3808      0.3772      0.4981
0.524      0.4338      0.3795      0.3761      0.4974
0.525      0.4328      0.3782      0.3750      0.4967
0.526      0.4318      0.3769      0.3738      0.4961
0.527      0.4308      0.3755      0.3727      0.4953
0.528      0.4298      0.3742      0.3715      0.4945
0.529      0.4288      0.3729      0.3704      0.4938
0.530      0.4278      0.3715      0.3692      0.4930
0.531      0.4268      0.3702      0.3680      0.4922
0.532      0.4258      0.3688      0.3668      0.4914
0.533      0.4248      0.3674      0.3655      0.4905
0.534      0.4238      0.3661      0.3642      0.4897
0.535      0.4227      0.3647      0.3629      0.4889
0.536      0.4217      0.3633      0.3618      0.4883
0.537      0.4207      0.3619      0.3606      0.4876
0.538      0.4196      0.3605      0.3595      0.4868
0.539      0.4186      0.3591      0.3583      0.4861
0.540      0.4175      0.3577      0.3571      0.4855
0.541      0.4165      0.3563      0.3558      0.4848
0.542      0.4154      0.3549      0.3544      0.4842
0.543      0.4144      0.3535      0.3531      0.4835
0.544      0.4133      0.3520      0.3519      0.4828
0.545      0.4122      0.3506      0.3506      0.4821
0.546      0.4111      0.3492      0.3494      0.4814
0.547      0.4101      0.3477      0.3482      0.4807
0.548      0.4090      0.3463      0.3469      0.4800
0.549      0.4079      0.3448      0.3457      0.4793
0.550      0.4068      0.3433      0.3444      0.4784
0.551      0.4057      0.3419      0.3431      0.4775
0.552      0.4046      0.3404      0.3419      0.4767
0.553      0.4035      0.3389      0.3406      0.4758
0.554      0.4023      0.3374      0.3393      0.4749
0.555      0.4012      0.3359      0.3380      0.4740
0.556      0.4001      0.3344      0.3367      0.4730
0.557      0.3990      0.3329      0.3354      0.4720
0.558      0.3978      0.3313      0.3342      0.4713
0.559      0.3967      0.3298      0.3329      0.4705
0.560      0.3955      0.3283      0.3315      0.4697
0.561      0.3944      0.3267      0.3302      0.4689
0.562      0.3932      0.3252      0.3289      0.4681
0.563      0.3921      0.3236      0.3275      0.4671
0.564      0.3909      0.3221      0.3262      0.4662
0.565      0.3897      0.3205      0.3248      0.4652
0.566      0.3885      0.3189      0.3231      0.4643
0.567      0.3874      0.3173      0.3215      0.4632
0.568      0.3862      0.3157      0.3202      0.4623
0.569      0.3850      0.3141      0.3187      0.4614
0.570      0.3838      0.3125      0.3171      0.4604
0.571      0.3826      0.3109      0.3158      0.4594
0.572      0.3813      0.3093      0.3144      0.4584
0.573      0.3801      0.3076      0.3128      0.4574
0.574      0.3789      0.3060      0.3111      0.4564
0.575      0.3777      0.3044      0.3095      0.4554
0.576      0.3764      0.3027      0.3079      0.4544
0.577      0.3752      0.3010      0.3063      0.4534
0.578      0.3740      0.2994      0.3049      0.4523
0.579      0.3727      0.2977      0.3035      0.4513
0.580      0.3714      0.2960      0.3021      0.4503
0.581      0.3702      0.2943      0.3007      0.4494
0.582      0.3689      0.2926      0.2993      0.4484
0.583      0.3676      0.2909      0.2978      0.4475
0.584      0.3663      0.2892      0.2964      0.4465
0.585      0.3651      0.2874      0.2948      0.4456
0.586      0.3638      0.2857      0.2932      0.4446
0.587      0.3625      0.2840      0.2915      0.4436
0.588      0.3611      0.2822      0.2898      0.4427
0.589      0.3598      0.2805      0.2881      0.4417
0.590      0.3585      0.2787      0.2865      0.4407
0.591      0.3572      0.2769      0.2848      0.4397
0.592      0.3558      0.2751      0.2832      0.4388
0.593      0.3545      0.2733      0.2816      0.4377
0.594      0.3532      0.2715      0.2800      0.4367
0.595      0.3518      0.2697      0.2784      0.4356
0.596      0.3504      0.2679      0.2768      0.4347
0.597      0.3491      0.2661      0.2752      0.4337
0.598      0.3477      0.2642      0.2736      0.4327
0.599      0.3463      0.2624      0.2720      0.4317
0.600      0.3449      0.2605      0.2703      0.4308
0.601      0.3435      0.2586      0.2685      0.4300
0.602      0.3421      0.2568      0.2666      0.4290
0.603      0.3407      0.2549      0.2645      0.4280
0.604      0.3393      0.2530      0.2625      0.4270
0.605      0.3379      0.2511      0.2604      0.4260
0.606      0.3365      0.2492      0.2584      0.4250
0.607      0.3350      0.2472      0.2565      0.4239
0.608      0.3336      0.2453      0.2548      0.4227
0.609      0.3321      0.2434      0.2532      0.4216
0.610      0.3307      0.2414      0.2515      0.4204
0.611      0.3292      0.2394      0.2499      0.4193
0.612      0.3277      0.2375      0.2482      0.4181
0.613      0.3262      0.2355      0.2465      0.4169
0.614      0.3247      0.2335      0.2446      0.4158
0.615      0.3232      0.2315      0.2427      0.4146
0.616      0.3217      0.2295      0.2408      0.4136
0.617      0.3202      0.2274      0.2389      0.4125
0.618      0.3187      0.2254      0.2369      0.4115
0.619      0.3172      0.2233      0.2350      0.4104
0.620      0.3156      0.2213      0.2330      0.4094
0.621      0.3141      0.2192      0.2311      0.4083
0.622      0.3125      0.2171      0.2291      0.4073
0.623      0.3110      0.2150      0.2271      0.4062
0.624      0.3094      0.2129      0.2251      0.4050
0.625      0.3078      0.2108      0.2231      0.4037
0.626      0.3062      0.2087      0.2211      0.4023
0.627      0.3046      0.2066      0.2192      0.4010
0.628      0.3030      0.2044      0.2174      0.3996
0.629      0.3014      0.2022      0.2155      0.3983
0.630      0.2998      0.2001      0.2135      0.3971
0.631      0.2982      0.1979      0.2114      0.3959
0.632      0.2965      0.1957      0.2093      0.3946
0.633      0.2949      0.1935      0.2072      0.3934
0.634      0.2932      0.1913      0.2051      0.3922
0.635      0.2916      0.1890      0.2030      0.3910
0.636      0.2899      0.1868      0.2008      0.3900
0.637      0.2882      0.1845      0.1987      0.3889
0.638      0.2865      0.1823      0.1967      0.3876
0.639      0.2848      0.1800      0.1947      0.3863
0.640      0.2831      0.1777      0.1927      0.3850
0.641      0.2814      0.1754      0.1907      0.3837
0.642      0.2796      0.1731      0.1886      0.3824
0.643      0.2779      0.1707      0.1863      0.3811
0.644      0.2761      0.1684      0.1839      0.3798
0.645      0.2744      0.1660      0.1816      0.3784
0.646      0.2726      0.1637      0.1792      0.3771
0.647      0.2708      0.1613      0.1769      0.3757
0.648      0.2690      0.1589      0.1745      0.3744
0.649      0.2672      0.1565      0.1721      0.3730
0.650      0.2654      0.1540      0.1698      0.3716
0.651      0.2636      0.1516      0.1676      0.3702
0.652      0.2618      0.1491      0.1654      0.3688
0.653      0.2599      0.1467      0.1632      0.3674
0.654      0.2581      0.1442      0.1610      0.3660
0.655      0.2562      0.1417      0.1587      0.3645
0.656      0.2543      0.1392      0.1564      0.3632
0.657      0.2524      0.1366      0.1541      0.3617
0.658      0.2505      0.1341      0.1519      0.3603
0.659      0.2486      0.1315      0.1496      0.3589
0.660      0.2467      0.1290      0.1473      0.3574
0.661      0.2448      0.1264      0.1451      0.3559
0.662      0.2428      0.1238      0.1428      0.3545
0.663      0.2409      0.1212      0.1405      0.3530
0.664      0.2389      0.1185      0.1383      0.3516
0.665      0.2369      0.1159      0.1360      0.3502
0.666      0.2349      0.1132      0.1333      0.3488
0.667      0.2329      0.1105      0.1306      0.3474
0.668      0.2309      0.1078      0.1281      0.3459
0.669      0.2289      0.1051      0.1257      0.3444
0.670      0.2269      0.1024      0.1232      0.3429
0.671      0.2248      0.0997      0.1207      0.3413
0.672      0.2227      0.0969      0.1182      0.3398
0.673      0.2207      0.0941      0.1157      0.3381
0.674      0.2186      0.0913      0.1132      0.3364
0.675      0.2165      0.0885      0.1107      0.3347
0.676      0.2144      0.0857      0.1080      0.3332
0.677      0.2122      0.0828      0.1053      0.3318
0.678      0.2101      0.0800      0.1026      0.3304
0.679      0.2079      0.0771      0.0999      0.3288
0.680      0.2058      0.0742      0.0972      0.3272
0.681      0.2036      0.0712      0.0945      0.3256
0.682      0.2014      0.0683      0.0917      0.3239
0.683      0.1992      0.0654      0.0889      0.3223
0.684      0.1970      0.0624      0.0862      0.3206
0.685      0.1947      0.0594      0.0833      0.3190
0.686      0.1925      0.0564      0.0805      0.3173
0.687      0.1902      0.0533      0.0777      0.3156
0.688      0.1879      0.0503      0.0748      0.3139
0.689      0.1856      0.0472      0.0719      0.3122
0.690      0.1833      0.0441      0.0690      0.3105
0.691      0.1810      0.0410      0.0661      0.3088
0.692      0.1787      0.0379      0.0633      0.3070
0.693      0.1763      0.0347      0.0605      0.3053
0.694      0.1739      0.0315      0.0578      0.3035
0.695      0.1715      0.0283      0.0549      0.3018
0.696      0.1691      0.0251      0.0521      0.3000
0.697      0.1667      0.0219      0.0492      0.2982
0.698      0.1643      0.0186      0.0462      0.2964
0.699      0.1618      0.0154      0.0431      0.2946
0.700      0.1594      0.0121      0.0400      0.2927
0.701      0.1569      0.0087      0.0369      0.2909
0.702      0.1544      0.0054      0.0338      0.2890
0.703      0.1519      0.0020      0.0309      0.2871
0.704      0.1493     -0.0014      0.0281      0.2853
0.705      0.1468     -0.0048      0.0252      0.2837
0.706      0.1442     -0.0082      0.0223      0.2821
0.707      0.1416     -0.0117      0.0194      0.2805
0.708      0.1390     -0.0152      0.0164      0.2785
0.709      0.1364     -0.0187      0.0133      0.2765
0.710      0.1338     -0.0222      0.0100      0.2745
0.711      0.1311     -0.0258      0.0066      0.2725
0.712      0.1285     -0.0294      0.0032      0.2706
0.713      0.1258     -0.0330     -0.0003      0.2687
0.714      0.1230     -0.0366     -0.0037      0.2665
0.715      0.1203     -0.0402     -0.0072      0.2643
0.716      0.1176     -0.0439     -0.0107      0.2622
0.717      0.1148     -0.0476     -0.0142      0.2601
0.718      0.1120     -0.0514     -0.0178      0.2580
0.719      0.1092     -0.0551     -0.0213      0.2558
0.720      0.1064     -0.0589     -0.0249      0.2537
0.721      0.1035     -0.0627     -0.0285      0.2515
0.722      0.1006     -0.0666     -0.0319      0.2493
0.723      0.0977     -0.0705     -0.0353      0.2473
0.724      0.0948     -0.0744     -0.0387      0.2451
0.725      0.0919     -0.0783     -0.0424      0.2430
0.726      0.0889     -0.0822     -0.0462      0.2411
0.727      0.0860     -0.0862     -0.0500      0.2392
0.728      0.0830     -0.0902     -0.0539      0.2372
0.729      0.0800     -0.0943     -0.0577      0.2353
0.730      0.0769     -0.0984     -0.0616      0.2333
0.731      0.0738     -0.1025     -0.0655      0.2313
0.732      0.0708     -0.1066     -0.0693      0.2293
0.733      0.0676     -0.1108     -0.0730      0.2273
0.734      0.0645     -0.1150     -0.0768      0.2253
0.735      0.0613     -0.1192     -0.0806      0.2230
0.736      0.0582     -0.1235     -0.0845      0.2204
0.737      0.0550     -0.1278     -0.0885      0.2179
0.738      0.0517     -0.1321     -0.0927      0.2153
0.739      0.0485     -0.1364     -0.0969      0.2127
0.740      0.0452     -0.1408     -0.1011      0.2101
0.741      0.0419     -0.1453     -0.1054      0.2075
0.742      0.0386     -0.1497     -0.1098      0.2049
0.743      0.0352     -0.1542     -0.1142      0.2022
0.744      0.0318     -0.1588     -0.1186      0.1995
0.745      0.0284     -0.1633     -0.1230      0.1968
0.746      0.0250     -0.1679     -0.1275      0.1941
0.747      0.0215     -0.1726     -0.1320      0.1913
0.748      0.0180     -0.1772     -0.1366      0.1886
0.749      0.0145     -0.1820     -0.1411      0.1858
0.750      0.0109     -0.1867     -0.1458      0.1829
0.751      0.0074     -0.1915     -0.1504      0.1801
0.752      0.0038     -0.1963     -0.1551      0.1772
0.753      0.0001     -0.2012     -0.1599      0.1744
0.754     -0.0035     -0.2061     -0.1646      0.1716
0.755     -0.0072     -0.2110     -0.1694      0.1689
0.756     -0.0110     -0.2160     -0.1742      0.1661
0.757     -0.0147     -0.2211     -0.1789      0.1633
0.758     -0.0185     -0.2261     -0.1838      0.1606
0.759     -0.0223     -0.2312     -0.1886      0.1579
0.760     -0.0262     -0.2364     -0.1934      0.1552
0.761     -0.0301     -0.2416     -0.1983      0.1525
0.762     -0.0340     -0.2468     -0.2032      0.1497
0.763     -0.0379     -0.2521     -0.2082      0.1469
0.764     -0.0419     -0.2575     -0.2132      0.1440
0.765     -0.0459     -0.2628     -0.2184      0.1409
0.766     -0.0500     -0.2682     -0.2236      0.1378
0.767     -0.0540     -0.2737     -0.2285      0.1347
0.768     -0.0582     -0.2792     -0.2336      0.1315
0.769     -0.0623     -0.2848     -0.2389      0.1283
0.770     -0.0665     -0.2904     -0.2439      0.1251
0.771     -0.0707     -0.2961     -0.2490      0.1220
0.772     -0.0750     -0.3018     -0.2542      0.1191
0.773     -0.0793     -0.3075     -0.2594      0.1162
0.774     -0.0836     -0.3134     -0.2649      0.1133
0.775     -0.0880     -0.3192     -0.2705      0.1103
0.776     -0.0924     -0.3251     -0.2761      0.1074
0.777     -0.0969     -0.3311     -0.2818      0.1040
0.778     -0.1014     -0.3371     -0.2875      0.1004
0.779     -0.1059     -0.3432     -0.2933      0.0967
0.780     -0.1105     -0.3493     -0.2992      0.0930
0.781     -0.1151     -0.3555     -0.3050      0.0893
0.782     -0.1198     -0.3618     -0.3110      0.0855
0.783     -0.1245     -0.3681     -0.3170      0.0817
0.784     -0.1293     -0.3744     -0.3230      0.0782
0.785     -0.1341     -0.3808     -0.3291      0.0746
0.786     -0.1389     -0.3873     -0.3349      0.0710
0.787     -0.1438     -0.3939     -0.3408      0.0674
0.788     -0.1487     -0.4005     -0.3467      0.0637
0.789     -0.1537     -0.4071     -0.3527      0.0600
0.790     -0.1587     -0.4139     -0.3591      0.0563
0.791     -0.1638     -0.4207     -0.3657      0.0527
0.792     -0.1689     -0.4275     -0.3724      0.0492
0.793     -0.1741     -0.4344     -0.3791      0.0457
0.794     -0.1793     -0.4414     -0.3859      0.0421
0.795     -0.1846     -0.4485     -0.3927      0.0382
0.796     -0.1899     -0.4556     -0.3993      0.0347
0.797     -0.1953     -0.4628     -0.4061      0.0312
0.798     -0.2007     -0.4701     -0.4129      0.0272
0.799     -0.2062     -0.4774     -0.4198      0.0231
0.800     -0.2117     -0.4848     -0.4268      0.0189
0.801     -0.2173     -0.4923     -0.4338      0.0147
0.802     -0.2230     -0.4999     -0.4410      0.0104
0.803     -0.2287     -0.5075     -0.4482      0.0061
0.804     -0.2345     -0.5153     -0.4557      0.0018
0.805     -0.2403     -0.5231     -0.4631     -0.0024
0.806     -0.2462     -0.5310     -0.4707     -0.0068
0.807     -0.2521     -0.5389     -0.4783     -0.0111
0.808     -0.2581     -0.5470     -0.4860     -0.0153
0.809     -0.2642     -0.5551     -0.4938     -0.0196
0.810     -0.2703     -0.5633     -0.5017     -0.0240
0.811     -0.2765     -0.5716     -0.5097     -0.0284
0.812     -0.2828     -0.5800     -0.5178     -0.0328
0.813     -0.2891     -0.5885     -0.5259     -0.0373
0.814     -0.2955     -0.5971     -0.5341     -0.0419
0.815     -0.3020     -0.6057     -0.5424     -0.0465
0.816     -0.3085     -0.6145     -0.5508     -0.0511
0.817     -0.3152     -0.6233     -0.5593     -0.0558
0.818     -0.3218     -0.6323     -0.5679     -0.0606
0.819     -0.3286     -0.6413     -0.5766     -0.0653
0.820     -0.3354     -0.6505     -0.5854     -0.0701
0.821     -0.3423     -0.6597     -0.5940     -0.0750
0.822     -0.3493     -0.6691     -0.6027     -0.0800
0.823     -0.3564     -0.6786     -0.6119     -0.0850
0.824     -0.3635     -0.6881     -0.6213     -0.0901
0.825     -0.3708     -0.6978     -0.6307     -0.0953
0.826     -0.3781     -0.7076     -0.6402     -0.1005
0.827     -0.3855     -0.7175     -0.6496     -0.1057
0.828     -0.3930     -0.7275     -0.6591     -0.1111
0.829     -0.4005     -0.7377     -0.6688     -0.1165
0.830     -0.4082     -0.7479     -0.6786     -0.1219
0.831     -0.4159     -0.7583     -0.6884     -0.1274
0.832     -0.4238     -0.7688     -0.6984     -0.1330
0.833     -0.4317     -0.7794     -0.7085     -0.1387
0.834     -0.4398     -0.7902     -0.7188     -0.1444
0.835     -0.4479     -0.8011     -0.7291     -0.1508
0.836     -0.4561     -0.8121     -0.7396     -0.1573
0.837     -0.4644     -0.8232     -0.7502     -0.1639
0.838     -0.4729     -0.8345     -0.7606     -0.1698
0.839     -0.4814     -0.8460     -0.7712     -0.1758
0.840     -0.4901     -0.8575     -0.7819     -0.1819
0.841     -0.4988     -0.8692     -0.7928     -0.1881
0.842     -0.5077     -0.8811     -0.8038     -0.1943
0.843     -0.5167     -0.8931     -0.8149     -0.2006
0.844     -0.5257     -0.9053     -0.8265     -0.2070
0.845     -0.5350     -0.9176     -0.8384     -0.2135
0.846     -0.5443     -0.9301     -0.8504     -0.2201
0.847     -0.5537     -0.9428     -0.8625     -0.2267
0.848     -0.5633     -0.9556     -0.8748     -0.2334
0.849     -0.5730     -0.9686     -0.8868     -0.2403
0.850     -0.5828     -0.9818     -0.8989     -0.2473
0.851     -0.5928     -0.9951     -0.9117     -0.2546
0.852     -0.6029     -1.0086     -0.9246     -0.2621
0.853     -0.6131     -1.0223     -0.9377     -0.2693
0.854     -0.6235     -1.0362     -0.9510     -0.2765
0.855     -0.6340     -1.0503     -0.9645     -0.2838
0.856     -0.6447     -1.0646     -0.9782     -0.2913
0.857     -0.6555     -1.0791     -0.9920     -0.2988
0.858     -0.6665     -1.0937     -1.0061     -0.3065
0.859     -0.6776     -1.1086     -1.0203     -0.3142
0.860     -0.6889     -1.1237     -1.0347     -0.3221
0.861     -0.7003     -1.1390     -1.0494     -0.3301
0.862     -0.7119     -1.1546     -1.0643     -0.3382
0.863     -0.7237     -1.1704     -1.0794     -0.3466
0.864     -0.7356     -1.1864     -1.0947     -0.3551
0.865     -0.7478     -1.2026     -1.1102     -0.3638
0.866     -0.7601     -1.2191     -1.1260     -0.3725
0.867     -0.7726     -1.2358     -1.1420     -0.3814
0.868     -0.7853     -1.2528     -1.1582     -0.3905
0.869     -0.7981     -1.2700     -1.1747     -0.3997
0.870     -0.8112     -1.2875     -1.1914     -0.4090
0.871     -0.8245     -1.3053     -1.2082     -0.4184
0.872     -0.8380     -1.3234     -1.2252     -0.4280
0.873     -0.8517     -1.3417     -1.2424     -0.4378
0.874     -0.8656     -1.3603     -1.2600     -0.4477
0.875     -0.8797     -1.3793     -1.2778     -0.4578
0.876     -0.8941     -1.3985     -1.2959     -0.4680
0.877     -0.9087     -1.4181     -1.3143     -0.4784
0.878     -0.9235     -1.4379     -1.3329     -0.4890
0.879     -0.9386     -1.4581     -1.3520     -0.4997
0.880     -0.9539     -1.4787     -1.3717     -0.5106
0.881     -0.9695     -1.4995     -1.3918     -0.5217
0.882     -0.9854     -1.5208     -1.4123     -0.5330
0.883     -1.0015     -1.5424     -1.4332     -0.5445
0.884     -1.0179     -1.5643     -1.4544     -0.5564
0.885     -1.0346     -1.5867     -1.4760     -0.5687
0.886     -1.0516     -1.6094     -1.4978     -0.5811
0.887     -1.0689     -1.6326     -1.5198     -0.5938
0.888     -1.0865     -1.6561     -1.5422     -0.6067
0.889     -1.1044     -1.6801     -1.5650     -0.6198
0.890     -1.1226     -1.7045     -1.5882     -0.6332
0.891     -1.1412     -1.7294     -1.6118     -0.6468
0.892     -1.1601     -1.7547     -1.6358     -0.6607
0.893     -1.1794     -1.7805     -1.6604     -0.6748
0.894     -1.1990     -1.8068     -1.6853     -0.6892
0.895     -1.2190     -1.8336     -1.7106     -0.7039
0.896     -1.2394     -1.8609     -1.7364     -0.7188
0.897     -1.2602     -1.8887     -1.7626     -0.7341
0.898     -1.2814     -1.9171     -1.7895     -0.7496
0.899     -1.3030     -1.9460     -1.8168     -0.7654
0.900     -1.3250     -1.9756     -1.8447     -0.7816
0.901     -1.3475     -2.0057     -1.8731     -0.7981
0.902     -1.3705     -2.0364     -1.9021     -0.8149
0.903     -1.3939     -2.0678     -1.9318     -0.8321
0.904     -1.4178     -2.0998     -1.9620     -0.8496
0.905     -1.4422     -2.1325     -1.9929     -0.8675
0.906     -1.4672     -2.1659     -2.0244     -0.8858
0.907     -1.4926     -2.2000     -2.0567     -0.9045
0.908     -1.5187     -2.2348     -2.0896     -0.9236
0.909     -1.5453     -2.2704     -2.1232     -0.9429
0.910     -1.5725     -2.3068     -2.1576     -0.9623
0.911     -1.6003     -2.3441     -2.1928     -0.9816
0.912     -1.6287     -2.3821     -2.2287     -1.0014
0.913     -1.6578     -2.4211     -2.2655     -1.0216
0.914     -1.6875     -2.4609     -2.3031     -1.0424
0.915     -1.7180     -2.5017     -2.3417     -1.0635
0.916     -1.7492     -2.5435     -2.3811     -1.0852
0.917     -1.7811     -2.5862     -2.4215     -1.1075
0.918     -1.8138     -2.6300     -2.4629     -1.1302
0.919     -1.8473     -2.6749     -2.5053     -1.1535
0.920     -1.8817     -2.7209     -2.5487     -1.1774
0.921     -1.9169     -2.7681     -2.5933     -1.2019
0.922     -1.9531     -2.8165     -2.6390     -1.2271
0.923     -1.9902     -2.8661     -2.6859     -1.2529
0.924     -2.0282     -2.9171     -2.7345     -1.2793
0.925     -2.0673     -2.9694     -2.7843     -1.3065
0.926     -2.1074     -3.0231     -2.8356     -1.3344
0.927     -2.1486     -3.0783     -2.8882     -1.3631
0.928     -2.1910     -3.1350     -2.9422     -1.3926
0.929     -2.2345     -3.1933     -2.9978     -1.4229
0.930     -2.2793     -3.2533     -3.0550     -1.4546
0.931     -2.3254     -3.3150     -3.1138     -1.4874
0.932     -2.3729     -3.3786     -3.1741     -1.5212
0.933     -2.4218     -3.4440     -3.2352     -1.5560
0.934     -2.4721     -3.5114     -3.2981     -1.5919
0.935     -2.5240     -3.5810     -3.3638     -1.6289
0.936     -2.5775     -3.6526     -3.4323     -1.6670
0.937     -2.6328     -3.7266     -3.5030     -1.7063
0.938     -2.6898     -3.8029     -3.5759     -1.7469
0.939     -2.7486     -3.8817     -3.6511     -1.7889
0.940     -2.8095     -3.9632     -3.7278     -1.8322
0.941     -2.8724     -4.0474     -3.8070     -1.8770
0.942     -2.9374     -4.1345     -3.8890     -1.9233
0.943     -3.0048     -4.2247     -3.9738     -1.9713
0.944     -3.0746     -4.3181     -4.0617     -2.0210
0.945     -3.1468     -4.4149     -4.1527     -2.0726
0.946     -3.2218     -4.5153     -4.2471     -2.1274
0.947     -3.2996     -4.6195     -4.3451     -2.1843
0.948     -3.3804     -4.7277     -4.4469     -2.2433
0.949     -3.4644     -4.8401     -4.5527     -2.3047
0.950     -3.5517     -4.9570     -4.6626     -2.3685
0.951     -3.6426     -5.0787     -4.7771     -2.4350
0.952     -3.7372     -5.2054     -4.8964     -2.5042
0.953     -3.8359     -5.3376     -5.0207     -2.5763
0.954     -3.9389     -5.4755     -5.1507     -2.6516
0.955     -4.0465     -5.6195     -5.2868     -2.7303
0.956     -4.1590     -5.7701     -5.4290     -2.8109
0.957     -4.2766     -5.9277     -5.5778     -2.8941
0.958     -4.3999     -6.0928     -5.7338     -2.9813
0.959     -4.5292     -6.2659     -5.8973     -3.0727
0.960     -4.6650     -6.4477     -6.0691     -3.1686
0.961     -4.8077     -6.6388     -6.2496     -3.2695
0.962     -4.9580     -6.8400     -6.4396     -3.3757
0.963     -5.1164     -7.0521     -6.6399     -3.4876
0.964     -5.2835     -7.2759     -6.8514     -3.6059
0.965     -5.4602     -7.5125     -7.0748     -3.7336
0.966     -5.6474     -7.7630     -7.3115     -3.8689
0.967     -5.8458     -8.0288     -7.5625     -4.0123
0.968     -6.0567     -8.3111     -7.8292     -4.1647
0.969     -6.2811     -8.6117     -8.1131     -4.3269
0.970     -6.5206     -8.9322     -8.4159     -4.4999
0.971     -6.7765     -9.2750     -8.7397     -4.6849
0.972     -7.0507     -9.6421     -9.0865     -4.8831
0.973     -7.3452    -10.0365     -9.4590     -5.0960
0.974     -7.6624    -10.4612     -9.8602     -5.3252
0.975     -8.0050    -10.9199    -10.2934     -5.5727
0.976     -8.3761    -11.4168    -10.7629     -5.8410
0.977     -8.7795    -11.9569    -11.2730     -6.1325
0.978     -9.2195    -12.5461    -11.8296     -6.4505
0.979     -9.7015    -13.1914    -12.4392     -6.7989
0.980    -10.2316    -13.9013    -13.1097     -7.1820
0.981    -10.8176    -14.6859    -13.8508     -7.6055
0.982    -11.4687    -15.5577    -14.6744     -8.0761
0.983    -12.1963    -16.5320    -15.5946     -8.6003
0.984    -13.0149    -17.6281    -16.6299     -9.1889
0.985    -13.9428    -18.8705    -17.8036     -9.8559
0.986    -15.0031    -20.2902    -19.1446    -10.6182
0.987    -16.2264    -21.9283    -20.6918    -11.4977
0.988    -17.6538    -23.8395    -22.4973    -12.5239
0.989    -19.3406    -26.0981    -24.6307    -13.7366
0.990    -21.3649    -28.8087    -27.1910    -15.1920
0.991    -23.8391    -32.1214    -30.3211    -16.9706
0.992    -26.9315    -36.2623    -34.2316    -19.1939
0.993    -30.9075    -41.5862    -39.2608    -22.0524
0.994    -36.2092    -48.6848    -45.9665    -25.8643
0.995    -43.6318    -58.6238    -55.3545    -31.2000
0.996    -54.7647    -73.5312    -69.4356    -39.2039
0.997    -73.3212    -98.3769    -92.9058    -52.5455
0.998   -110.4309   -148.0682   -139.8372    -79.2216
0.999   -221.7731   -297.1682   -280.6697   -159.2617
